#                                                                                   --- full sequence --- -------------- this domain -------------   hmm coord   ali coord   env coord
# target name               accession   tlen query name           accession   qlen   E-value  score  bias   #  of  c-Evalue  i-Evalue  score  bias  from    to  from    to  from    to  acc description of target
#       ------------------- ---------- ----- -------------------- ---------- ----- --------- ------ ----- --- --- --------- --------- ------ ----- ----- ----- ----- ----- ----- ----- ---- ---------------------
190263/569/1.f:FCJLID_00635 -            474 AA4.hmm              -            522   1.8e-32  117.1   0.2   1   1   1.9e-31   8.2e-28  101.8   0.1    16   252    11   240     7   250 0.90 [190263/569/1]
190263/588/1.f:LGPOLK_00615 -            467 AA4.hmm              -            522   1.2e-31  114.4   0.5   1   1   6.8e-30   2.9e-26   96.6   0.1    16   250     9   236     5   272 0.81 [190263/588/1]
190263/588/1.f:LGPOLK_00870 -            466 AA4.hmm              -            522   1.6e-31  114.0   0.9   1   1   1.2e-30   5.2e-27   99.1   0.2    14   239     8   226     3   253 0.84 [190263/588/1]
190263/406/1.f:DKNBGD_13725 -            465 AA4.hmm              -            522   3.1e-31  113.1   0.9   1   1   2.5e-29   1.1e-25   94.8   0.2    15   262     7   246     3   276 0.81 [190263/406/1]
190263/473/1.f:MLHPCA_13925 -            463 AA4.hmm              -            522   3.3e-29  106.3   0.0   1   1   1.7e-29   7.3e-26   95.3   0.2    16   257     5   238     1   249 0.90 [190263/473/1]
190263/588/1.f:LGPOLK_08635 -            466 AA4.hmm              -            522   6.5e-29  105.4   1.5   1   1   5.8e-27   2.5e-23   86.9   0.3    15   239     9   226     2   241 0.83 [190263/588/1]
190263/588/1.f:LGPOLK_09150 -            468 AA4.hmm              -            522   2.8e-28  103.3   0.2   1   1   3.8e-27   1.7e-23   87.5   0.1    16   252    10   239     5   247 0.89 [190263/588/1]
190263/436/1.f:KEEIED_00685 -            475 AA4.hmm              -            522   3.2e-28  103.1   0.1   1   1   5.7e-27   2.5e-23   87.0   0.1    16   252    11   240     6   251 0.90 [190263/436/1]
190263/506/1.f:IKGMED_07555 -            458 AA4.hmm              -            522   9.3e-28  101.6   0.0   1   1   2.1e-25     9e-22   81.8   0.0    21   247     7   223     2   237 0.82 [190263/506/1]
190263/569/1.f:FCJLID_08305 -            466 AA4.hmm              -            522   1.1e-27  101.4   0.0   1   1   6.7e-28   2.9e-24   90.0   0.0    15   262     9   249     3   279 0.82 [190263/569/1]
190263/415/1.f:OLCEDN_09045 -            461 AA4.hmm              -            522     2e-26   97.2   0.0   1   1   5.1e-27   2.2e-23   87.1   0.0    14   257     3   238     1   261 0.88 [190263/415/1]
190263/588/1.f:LGPOLK_09830 -            469 AA4.hmm              -            522   2.7e-26   96.8   0.7   1   1   5.9e-26   2.6e-22   83.6   0.1    16   252    10   240     5   286 0.82 [190263/588/1]
190263/383/1.f:KCEMEB_04695 -            449 AA4.hmm              -            522   5.3e-26   95.8   0.2   1   1   1.8e-26   7.6e-23   85.4   0.1    52   261    28   230     8   266 0.86 [190263/383/1]
190263/588/1.f:LGPOLK_10140 -            470 AA4.hmm              -            522   7.8e-26   95.2   2.2   1   1   4.1e-26   1.8e-22   84.1   0.9    13   251     7   238     2   243 0.85 [190263/588/1]
190263/588/1.f:LGPOLK_06985 -            473 AA4.hmm              -            522   1.7e-25   94.1   5.3   1   1   1.5e-24   6.4e-21   79.0   1.8    16   248     9   234     3   252 0.81 [190263/588/1]
190263/588/1.f:LGPOLK_06455 -            467 AA4.hmm              -            522   8.9e-25   91.7   0.2   1   1   2.8e-25   1.2e-21   81.4   0.1    15   194     8   187     4   235 0.84 [190263/588/1]
190263/383/1.f:KCEMEB_09610 -            467 AA4.hmm              -            522     1e-24   91.5   0.4   1   1   2.3e-25   9.9e-22   81.7   0.2    21   269    14   254     5   272 0.82 [190263/383/1]
190263/567/1.f:NOEGFN_01790 -            466 AA4.hmm              -            522   1.3e-24   91.2   0.2   1   1   4.6e-26     2e-22   84.0   0.0    44   249    35   232    11   248 0.86 [190263/567/1]
190263/448/1.f:IBJDOL_05380 -            465 AA4.hmm              -            522   1.5e-24   91.0   1.3   1   1   9.9e-24   4.3e-20   76.3   0.7    18   262    11   246     4   271 0.80 [190263/448/1]
190263/383/1.f:KCEMEB_09645 -            475 AA4.hmm              -            522   6.5e-24   88.9   0.2   1   1   1.2e-23   5.2e-20   76.0   0.3    15   251    11   237     6   246 0.83 [190263/383/1]
190263/487/1.f:MPKEFC_13785 -            470 AA4.hmm              -            522   7.5e-24   88.7   0.1   1   1   2.5e-23   1.1e-19   74.9   0.3    16   260     8   238     2   272 0.80 [190263/487/1]
190263/484/1.f:NBHDLB_05915 -            468 AA4.hmm              -            522   8.8e-23   85.2   0.1   1   1     5e-21   2.2e-17   67.4   0.0    22   249    10   230     2   242 0.81 [190263/484/1]
190263/473/1.f:MLHPCA_01805 -            461 AA4.hmm              -            522   1.7e-22   84.2   0.1   1   1   2.4e-23     1e-19   75.0   0.1    16   257     5   238     1   263 0.87 [190263/473/1]
190263/473/1.f:MLHPCA_15250 -            461 AA4.hmm              -            522   1.7e-22   84.2   0.0   1   1   1.3e-25   5.8e-22   82.5   0.1    16   193     5   181     3   186 0.94 [190263/473/1]
190263/436/1.f:KEEIED_08820 -            466 AA4.hmm              -            522   2.4e-22   83.7   0.0   1   1     1e-21   4.4e-18   69.7   0.0    16   257    10   244     5   265 0.81 [190263/436/1]
190263/568/1.f:ABMLLK_08980 -            463 AA4.hmm              -            522   3.7e-22   83.1   0.1   1   1   8.1e-22   3.5e-18   70.0   0.1    21   260    13   239     3   267 0.79 [190263/568/1]
190263/384/1.f:CDKGIA_07920 -            464 AA4.hmm              -            522   9.9e-22   81.7   1.8   1   1   7.6e-23   3.3e-19   73.4   0.8    45   268    36   251     5   270 0.81 [190263/384/1]
190263/386/1.f:DBGIOG_09745 -            467 AA4.hmm              -            522     1e-21   81.7   0.1   1   1   5.1e-22   2.2e-18   70.6   0.1    18   249    11   233     4   268 0.81 [190263/386/1]
190263/380/1.f:GDCFAC_11750 -            473 AA4.hmm              -            522   1.1e-21   81.6   0.6   1   1   2.2e-19   9.7e-16   61.9   0.5    46   243    39   227     4   241 0.77 [190263/380/1]
190263/494/1.f:LHPBBO_05515 -            470 AA4.hmm              -            522   1.8e-20   77.5   0.2   1   1   8.8e-20   3.8e-16   63.3   0.2    13   247     7   232     3   251 0.83 [190263/494/1]
190263/363/1.f:CIHHOC_07400 -            485 AA4.hmm              -            522   4.8e-19   72.8   0.1   1   1   1.6e-20     7e-17   65.7   0.1    15   191     7   190     4   199 0.88 [190263/363/1]
190263/436/1.f:KEEIED_01270 -            471 AA4.hmm              -            522   2.2e-18   70.7   0.1   1   1   2.3e-19     1e-15   61.9   0.2    16   247    10   231     5   246 0.84 [190263/436/1]
190263/363/1.f:CIHHOC_15445 -            483 AA4.hmm              -            522   2.3e-18   70.6   0.5   1   1   7.3e-20   3.2e-16   63.5   0.5    13   189     3   186     1   192 0.86 [190263/363/1]
190263/549/1.f:CNBDFB_04125 -            485 AA4.hmm              -            522   2.4e-18   70.5   1.2   1   1   5.3e-20   2.3e-16   64.0   0.7    16   191     8   190     3   194 0.85 [190263/549/1]
190263/537/1.f:AHPNMI_01625 -            485 AA4.hmm              -            522   7.3e-18   68.9   0.5   1   1     7e-20     3e-16   63.6   0.4    15   191     7   190     3   194 0.86 [190263/537/1]
190263/549/1.f:CNBDFB_12300 -            489 AA4.hmm              -            522   5.2e-17   66.1   0.1   1   1   2.5e-18   1.1e-14   58.5   0.1    17   191     6   187     1   189 0.82 [190263/549/1]
190263/415/1.f:OLCEDN_10545 -           1188 AA4.hmm              -            522   1.3e-16   64.8   0.0   1   1   6.7e-19   2.9e-15   60.4   0.0    14   190   100   275    93   286 0.92 [190263/415/1]
190263/363/1.f:CIHHOC_02390 -            470 AA4.hmm              -            522   3.1e-16   63.5   0.5   1   1   2.7e-17   1.2e-13   55.1   0.4    50   256    49   247     1   263 0.78 [190263/363/1]
190263/487/1.f:MPKEFC_06190 -            475 AA4.hmm              -            522   6.9e-16   62.4   0.0   1   1   1.1e-16   4.9e-13   53.0   0.0    13   191     2   188     1   229 0.84 [190263/487/1]
190263/569/1.f:FCJLID_09890 -            473 AA4.hmm              -            522   1.6e-15   61.2   1.3   1   1     4e-19   1.7e-15   61.1   0.1    16   249    10   233     4   248 0.84 [190263/569/1]
190263/548/1.f:BMFKAM_01360 -           1057 AA4.hmm              -            522   1.8e-15   61.0   0.0   1   1   3.7e-16   1.6e-12   51.3   0.0    17   189     8   186     3   190 0.77 [190263/548/1]
#
# Program:         hmmsearch
# Version:         3.3.2 (Nov 2020)
# Pipeline mode:   SEARCH
# Query file:      /kb/module/work/tmp/output.1725388484971/AA4/AA4.hmm
# Target file:     /kb/module/work/tmp/output.1725388484971/hCom2_RAST.fasta
# Option settings: /kb/module/hmmer/bin/hmmsearch --domtblout /kb/module/work/tmp/output.1725388484971/AA4/AA4-hCom2_RAST.hitout.txt --noali --notextw --domE 1e-15 /kb/module/work/tmp/output.1725388484971/AA4/AA4.hmm /kb/module/work/tmp/output.1725388484971/hCom2_RAST.fasta 
# Current dir:     /kb/module/work/tmp/output.1725388484971
# Date:            Tue Sep  3 19:04:23 2024
# [ok]
