#                                                                                   --- full sequence --- -------------- this domain -------------   hmm coord   ali coord   env coord
# target name               accession   tlen query name           accession   qlen   E-value  score  bias   #  of  c-Evalue  i-Evalue  score  bias  from    to  from    to  from    to  acc description of target
#       ------------------- ---------- ----- -------------------- ---------- ----- --------- ------ ----- --- --- --------- --------- ------ ----- ----- ----- ----- ----- ----- ----- ---- ---------------------
190263/368/1.f:HPMDBE_00015 -            895 CBM20.hmm            -             90   7.5e-38  132.9   0.1   1   2   3.2e-23   1.2e-19   74.6   0.0     2    83     2    83     1    90 0.86 [190263/368/1]
190263/368/1.f:HPMDBE_00015 -            895 CBM20.hmm            -             90   7.5e-38  132.9   0.1   2   2   2.7e-17   9.8e-14   55.6   0.0    10    87   140   220   132   223 0.91 [190263/368/1]
190263/516/1.f:MGNFBC_00015 -            895 CBM20.hmm            -             90   2.5e-37  131.2   0.1   1   2   1.1e-22   3.9e-19   72.9   0.0     2    83     2    83     1    90 0.86 [190263/516/1]
190263/516/1.f:MGNFBC_00015 -            895 CBM20.hmm            -             90   2.5e-37  131.2   0.1   2   2   2.7e-17   9.8e-14   55.6   0.0    10    87   140   220   132   223 0.91 [190263/516/1]
190263/379/1.f:LOJHAC_00015 -            895 CBM20.hmm            -             90   6.1e-37  130.0   0.2   1   2   3.2e-23   1.2e-19   74.6   0.0     2    83     2    83     1    90 0.86 [190263/379/1]
190263/379/1.f:LOJHAC_00015 -            895 CBM20.hmm            -             90   6.1e-37  130.0   0.2   2   2   2.1e-16   7.8e-13   52.7   0.0    10    87   140   220   132   223 0.91 [190263/379/1]
190263/365/1.f:JJMMAK_00015 -            894 CBM20.hmm            -             90   1.9e-36  128.4   0.4   1   2   2.2e-21   8.1e-18   68.7   0.3     2    81     2    81     1    89 0.87 [190263/365/1]
190263/365/1.f:JJMMAK_00015 -            894 CBM20.hmm            -             90   1.9e-36  128.4   0.4   2   2   9.3e-18   3.4e-14   57.1   0.0     9    87   139   218   131   221 0.91 [190263/365/1]
190263/497/1.f:HENFFC_00015 -            894 CBM20.hmm            -             90   3.9e-36  127.4   0.4   1   2   2.9e-21   1.1e-17   68.3   0.2     2    81     2    81     1    89 0.87 [190263/497/1]
190263/497/1.f:HENFFC_00015 -            894 CBM20.hmm            -             90   3.9e-36  127.4   0.4   2   2   1.4e-17     5e-14   56.6   0.0     9    86   139   217   131   221 0.90 [190263/497/1]
190263/417/1.f:MHBJAE_00020 -            900 CBM20.hmm            -             90   2.1e-34  121.8   0.8   1   2   4.8e-19   1.7e-15   61.2   0.0     3    81     3    84     1    92 0.83 [190263/417/1]
190263/417/1.f:MHBJAE_00020 -            900 CBM20.hmm            -             90   2.1e-34  121.8   0.8   2   2   3.7e-18   1.4e-14   58.4   0.2    12    85   144   219   137   224 0.91 [190263/417/1]
190263/488/1.f:DNPFAC_00020 -            900 CBM20.hmm            -             90   4.8e-34  120.7   0.7   1   2   1.5e-19   5.5e-16   62.8   0.0     3    84     3    86     1    92 0.84 [190263/488/1]
190263/488/1.f:DNPFAC_00020 -            900 CBM20.hmm            -             90   4.8e-34  120.7   0.7   2   2   3.1e-17   1.1e-13   55.4   0.3    14    85   146   219   138   224 0.91 [190263/488/1]
190263/369/1.f:JCDIFE_00020 -            897 CBM20.hmm            -             90   4.6e-33  117.6   0.1   1   2   1.7e-18   6.2e-15   59.5   0.0     4    75     4    78     1    92 0.82 [190263/369/1]
190263/369/1.f:JCDIFE_00020 -            897 CBM20.hmm            -             90   4.6e-33  117.6   0.1   2   2   3.6e-17   1.3e-13   55.2   0.0    14    85   146   219   140   223 0.91 [190263/369/1]
190263/461/1.f:DHPHOK_00020 -            897 CBM20.hmm            -             90   9.4e-33  116.6   0.0   1   2     2e-18   7.4e-15   59.2   0.0     4    75     4    78     1    91 0.84 [190263/461/1]
190263/461/1.f:DHPHOK_00020 -            897 CBM20.hmm            -             90   9.4e-33  116.6   0.0   2   2   6.8e-17   2.5e-13   54.3   0.0    13    85   145   219   140   223 0.91 [190263/461/1]
190263/502/1.f:NONHGB_00020 -            899 CBM20.hmm            -             90     3e-32  115.0   0.1   1   2   8.9e-18   3.2e-14   57.2   0.0     4    78     4    81     2    92 0.82 [190263/502/1]
190263/502/1.f:NONHGB_00020 -            899 CBM20.hmm            -             90     3e-32  115.0   0.1   2   2     5e-17   1.8e-13   54.7   0.0    14    86   146   220   140   224 0.90 [190263/502/1]
190263/405/1.f:EHKDKA_00020 -            899 CBM20.hmm            -             90   9.4e-31  110.2   0.1   1   2   1.4e-16     5e-13   53.4   0.0     4    78     4    81     2    92 0.82 [190263/405/1]
190263/405/1.f:EHKDKA_00020 -            899 CBM20.hmm            -             90   9.4e-31  110.2   0.1   2   2   9.3e-17   3.4e-13   53.9   0.0    14    86   146   220   141   224 0.90 [190263/405/1]
190263/466/1.f:PGJOII_00020 -            896 CBM20.hmm            -             90   5.4e-30  107.7   0.0   1   2   4.6e-16   1.7e-12   51.7   0.0     5    79     5    82     2    93 0.85 [190263/466/1]
190263/466/1.f:PGJOII_00020 -            896 CBM20.hmm            -             90   5.4e-30  107.7   0.0   2   2   1.6e-16   5.8e-13   53.1   0.0    14    88   146   222   140   224 0.91 [190263/466/1]
190263/456/1.f:LKAJBD_00025 -            896 CBM20.hmm            -             90   2.7e-29  105.5   0.0   1   1   1.1e-16     4e-13   53.6   0.0    14    88   146   222   140   224 0.91 [190263/456/1]
190263/401/1.f:DMFJNH_00020 -            893 CBM20.hmm            -             90   9.2e-26   94.2   0.2   1   1   4.3e-18   1.6e-14   58.2   0.0    12    87   137   214   129   217 0.90 [190263/401/1]
190263/504/1.f:DOAHDM_00020 -            893 CBM20.hmm            -             90   9.2e-26   94.2   0.2   1   1   4.3e-18   1.6e-14   58.2   0.0    12    87   137   214   129   217 0.90 [190263/504/1]
190263/475/1.f:MCKEEP_00020 -            893 CBM20.hmm            -             90   1.3e-23   87.3   0.3   1   1   5.1e-17   1.9e-13   54.7   0.1    12    87   137   214   129   217 0.90 [190263/475/1]
190263/404/1.f:BGJBIG_00020 -            893 CBM20.hmm            -             90   1.3e-23   87.3   0.7   1   1   8.3e-18   3.1e-14   57.2   0.0    12    87   137   214   129   217 0.90 [190263/404/1]
190263/562/1.f:KJGNCK_00020 -            893 CBM20.hmm            -             90   1.3e-23   87.3   0.3   1   1   5.1e-17   1.9e-13   54.7   0.1    12    87   137   214   129   217 0.90 [190263/562/1]
190263/573/1.f:LIDFCI_23080 -            904 CBM20.hmm            -             90   1.3e-23   87.3   0.3   1   1   5.2e-17   1.9e-13   54.7   0.1    12    87   148   225   140   228 0.90 [190263/573/1]
190263/552/1.f:EMALNL_00020 -            904 CBM20.hmm            -             90   1.3e-23   87.3   0.3   1   1   5.2e-17   1.9e-13   54.7   0.1    12    87   148   225   140   228 0.90 [190263/552/1]
190263/448/1.f:IBJDOL_06410 -            542 CBM20.hmm            -             90   3.5e-23   85.9   9.2   1   1   6.3e-19   2.3e-15   60.8   2.7     1    88   449   536   449   538 0.94 [190263/448/1]
190263/585/1.f:DLBDDB_00020 -            893 CBM20.hmm            -             90   2.8e-22   83.0   0.7   1   1   2.3e-17   8.5e-14   55.8   0.0    12    87   137   214   130   217 0.89 [190263/585/1]
190263/460/1.f:IHFGKI_05390 -            469 CBM20.hmm            -             90   3.3e-22   82.8   0.0   1   1   1.6e-19     6e-16   62.7   0.0     3    82   134   216   133   224 0.91 [190263/460/1]
190263/545/1.f:NCJBIN_08330 -            892 CBM20.hmm            -             90   6.2e-20   75.5   0.0   1   1   6.3e-17   2.3e-13   54.4   0.0     3    86   128   215   127   219 0.90 [190263/545/1]
190263/388/1.f:FDDJJK_07200 -            892 CBM20.hmm            -             90   1.6e-19   74.2   0.0   1   1   1.5e-16   5.6e-13   53.2   0.0    12    86   139   215   127   219 0.89 [190263/388/1]
190263/534/1.f:OHCFJE_04755 -            892 CBM20.hmm            -             90   1.6e-19   74.2   0.0   1   1   1.6e-16   5.8e-13   53.1   0.0    12    86   139   215   127   219 0.89 [190263/534/1]
190263/391/1.f:NONBJF_08215 -            892 CBM20.hmm            -             90   1.6e-19   74.1   0.0   1   1   1.6e-16   5.8e-13   53.1   0.0    12    86   139   215   127   219 0.89 [190263/391/1]
190263/583/1.f:BCCKNC_06575 -            892 CBM20.hmm            -             90   1.1e-18   71.5   0.1   1   1   4.5e-16   1.7e-12   51.7   0.0     3    82   128   211   127   217 0.90 [190263/583/1]
190263/437/1.f:LBKKEJ_06320 -            901 CBM20.hmm            -             90   2.9e-18   70.2   0.0   1   1   9.2e-17   3.4e-13   53.9   0.0     8    84   135   213   127   219 0.88 [190263/437/1]
#
# Program:         hmmsearch
# Version:         3.3.2 (Nov 2020)
# Pipeline mode:   SEARCH
# Query file:      /kb/module/work/tmp/output.1725388484971/CBM20/CBM20.hmm
# Target file:     /kb/module/work/tmp/output.1725388484971/hCom2_RAST.fasta
# Option settings: /kb/module/hmmer/bin/hmmsearch --domtblout /kb/module/work/tmp/output.1725388484971/CBM20/CBM20-hCom2_RAST.hitout.txt --noali --notextw --domE 1e-15 /kb/module/work/tmp/output.1725388484971/CBM20/CBM20.hmm /kb/module/work/tmp/output.1725388484971/hCom2_RAST.fasta 
# Current dir:     /kb/module/work/tmp/output.1725388484971
# Date:            Tue Sep  3 19:00:25 2024
# [ok]
