#                                                                                   --- full sequence --- -------------- this domain -------------   hmm coord   ali coord   env coord
# target name               accession   tlen query name           accession   qlen   E-value  score  bias   #  of  c-Evalue  i-Evalue  score  bias  from    to  from    to  from    to  acc description of target
#       ------------------- ---------- ----- -------------------- ---------- ----- --------- ------ ----- --- --- --------- --------- ------ ----- ----- ----- ----- ----- ----- ----- ---- ---------------------
190263/425/1.f:HPANHD_10080 -            587 CBM34.hmm            -            120   1.2e-28  104.4   1.9   1   1   5.8e-32   2.8e-28  103.1   1.9     2   119     7   131     6   132 0.96 [190263/425/1]
190263/423/1.f:PDNKFB_13510 -            572 CBM34.hmm            -            120   2.2e-26   97.0   3.5   1   1   1.1e-29   5.3e-26   95.8   3.5     1   114     6   119     6   132 0.94 [190263/423/1]
190263/520/1.f:GGDGDE_20340 -            572 CBM34.hmm            -            120   7.5e-26   95.3   3.4   1   1   1.5e-29   7.5e-26   95.3   3.4     1   114     6   119     6   132 0.92 [190263/520/1]
190263/495/1.f:ANKNCD_04135 -            572 CBM34.hmm            -            120   3.6e-25   93.1   4.3   1   1   7.5e-29   3.6e-25   93.1   4.3     1   114     6   119     6   132 0.92 [190263/495/1]
190263/423/1.f:PDNKFB_06345 -            588 CBM34.hmm            -            120   3.2e-24   90.0   0.7   1   1   3.6e-27   1.7e-23   87.7   0.1     1   120     6   123     6   123 0.91 [190263/423/1]
190263/580/1.f:JCPJNN_00815 -            582 CBM34.hmm            -            120   4.6e-23   86.3   0.1   1   1   2.1e-26     1e-22   85.2   0.1     2   115     7   128     6   133 0.89 [190263/580/1]
190263/514/1.f:MMHOAN_10920 -            617 CBM34.hmm            -            120   3.2e-21   80.4   0.9   1   1   6.7e-25   3.2e-21   80.4   0.9     2   119     7   139     6   140 0.93 [190263/514/1]
190263/478/1.f:BOCJFA_13060 -            705 CBM34.hmm            -            120   3.6e-19   73.7   1.4   1   1   2.4e-22   1.2e-18   72.1   1.4    10   114    39   130    33   136 0.89 [190263/478/1]
190263/425/1.f:HPANHD_10050 -            607 CBM34.hmm            -            120   2.3e-17   67.9   0.0   1   1   9.8e-21   4.7e-17   66.9   0.0     1   116     6   129     6   132 0.90 [190263/425/1]
190263/541/1.f:IDEEIE_03905 -            587 CBM34.hmm            -            120   3.3e-17   67.4   1.5   1   1     2e-20   9.8e-17   65.9   1.5     1   120     6   131     6   131 0.90 [190263/541/1]
190263/436/1.f:KEEIED_02150 -           1120 CBM34.hmm            -            120   3.8e-17   67.2   0.0   1   1   2.5e-20   1.2e-16   65.6   0.0     2   118     6   138     5   140 0.92 [190263/436/1]
190263/472/1.f:NMGHJI_18160 -            584 CBM34.hmm            -            120   7.1e-17   66.3   1.8   1   1   3.8e-20   1.8e-16   65.0   1.8     1   120     6   131     6   131 0.89 [190263/472/1]
190263/363/1.f:CIHHOC_04795 -            585 CBM34.hmm            -            120   7.1e-17   66.3   1.2   1   1   1.5e-20   7.1e-17   66.3   1.2     1   120     6   131     6   131 0.90 [190263/363/1]
190263/514/1.f:MMHOAN_12715 -            584 CBM34.hmm            -            120   7.7e-17   66.2   2.5   1   1   1.9e-20     9e-17   66.0   0.8     1   120     6   131     6   131 0.94 [190263/514/1]
190263/588/1.f:LGPOLK_03735 -           1132 CBM34.hmm            -            120   1.4e-16   65.4   1.6   1   1   1.5e-18     7e-15   59.9   0.1     2   114     6   124     5   130 0.89 [190263/588/1]
190263/537/1.f:AHPNMI_00555 -            680 CBM34.hmm            -            120     3e-16   64.3   0.4   1   1   2.3e-19   1.1e-15   62.5   0.1    12   120    20   115    12   115 0.88 [190263/537/1]
190263/520/1.f:GGDGDE_17165 -            734 CBM34.hmm            -            120   3.9e-16   64.0   1.4   1   1   1.9e-19     9e-16   62.8   1.4    10   117    41   135    35   138 0.88 [190263/520/1]
190263/447/1.f:OLODHC_15070 -            694 CBM34.hmm            -            120     4e-16   63.9   0.3   1   1   2.5e-19   1.2e-15   62.4   0.3    14    97    22   112    17   126 0.91 [190263/447/1]
190263/363/1.f:CIHHOC_04065 -            700 CBM34.hmm            -            120   4.1e-16   63.9   0.3   1   1     2e-19   9.5e-16   62.7   0.3    12   120    41   136    34   136 0.90 [190263/363/1]
190263/375/1.f:CNGHJF_20490 -            687 CBM34.hmm            -            120     6e-16   63.4   0.0   1   1   2.7e-19   1.3e-15   62.2   0.0    15   120    30   124    19   124 0.94 [190263/375/1]
190263/580/1.f:JCPJNN_26940 -            585 CBM34.hmm            -            120   8.8e-16   62.8   1.4   1   1   4.2e-19     2e-15   61.6   1.4     1   120     6   131     6   131 0.88 [190263/580/1]
190263/546/1.f:GEHMID_03350 -            698 CBM34.hmm            -            120   1.4e-15   62.2   0.2   1   1   7.4e-19   3.6e-15   60.8   0.2    12   119    42   136    37   137 0.87 [190263/546/1]
190263/514/1.f:MMHOAN_14475 -            693 CBM34.hmm            -            120   1.7e-15   61.9   0.1   1   1   2.8e-17   1.4e-13   55.7   0.0    15   118    23   113    16   115 0.90 [190263/514/1]
190263/447/1.f:OLODHC_11555 -            584 CBM34.hmm            -            120   2.4e-15   61.4   2.1   1   1   4.9e-19   2.4e-15   61.4   2.1     1   120     6   131     6   131 0.88 [190263/447/1]
190263/472/1.f:NMGHJI_04590 -            701 CBM34.hmm            -            120   3.6e-15   60.8   1.5   1   1   2.7e-18   1.3e-14   59.1   1.5     9   100    38   123    33   138 0.84 [190263/472/1]
190263/531/1.f:KJIPPC_00425 -            689 CBM34.hmm            -            120   8.5e-15   59.6   2.2   1   1   1.1e-17   5.4e-14   57.1   1.0    12   120    20   115    14   115 0.90 [190263/531/1]
190263/452/1.f:PEIHBN_14170 -            683 CBM34.hmm            -            120   8.9e-15   59.6   4.3   1   1   6.3e-18     3e-14   57.9   0.7    10    99    18   101    12   115 0.86 [190263/452/1]
190263/532/1.f:BGDBBA_00800 -            701 CBM34.hmm            -            120   1.5e-14   58.8   0.6   1   1   1.1e-17   5.2e-14   57.1   0.1    15   120    44   136    37   136 0.93 [190263/532/1]
190263/433/1.f:ADFNDI_12270 -            702 CBM34.hmm            -            120   1.6e-14   58.8   4.1   1   1   3.2e-18   1.6e-14   58.8   4.1     9   120    38   136    32   136 0.92 [190263/433/1]
190263/386/1.f:DBGIOG_11970 -            701 CBM34.hmm            -            120   2.1e-14   58.3   0.8   1   1   9.7e-18   4.7e-14   57.3   0.2    12   114    42   131    28   137 0.85 [190263/386/1]
190263/513/1.f:MKNBNH_01175 -            697 CBM34.hmm            -            120     3e-14   57.9   2.4   1   1   6.8e-18   3.3e-14   57.7   0.1    12   115    41   131    35   136 0.86 [190263/513/1]
190263/409/1.f:AJJCMD_29540 -            688 CBM34.hmm            -            120   3.1e-14   57.8   0.3   1   1   1.5e-17     7e-14   56.7   0.3    12   119    27   124    19   125 0.85 [190263/409/1]
190263/541/1.f:IDEEIE_16565 -            676 CBM34.hmm            -            120   4.2e-14   57.4   3.1   1   1   1.4e-17   6.6e-14   56.8   0.3    13    95    21    97    17   115 0.90 [190263/541/1]
190263/557/1.f:DOLMEB_12030 -            684 CBM34.hmm            -            120   4.4e-14   57.3   0.9   1   1   2.1e-17     1e-13   56.1   0.9    11    99    19   101    15   115 0.84 [190263/557/1]
190263/490/1.f:OIBLLI_08280 -            704 CBM34.hmm            -            120   5.6e-14   57.0   0.7   1   1   3.1e-17   1.5e-13   55.6   0.7     8   118    42   139    35   141 0.89 [190263/490/1]
190263/512/1.f:JBCLGH_11560 -            688 CBM34.hmm            -            120   7.4e-14   56.6   0.3   1   1   5.1e-17   2.5e-13   54.9   0.1    11   117    19   112    14   115 0.87 [190263/512/1]
190263/382/1.f:JACGKO_09355 -           1151 CBM34.hmm            -            120     8e-14   56.5   0.0   1   1   7.9e-17   3.8e-13   54.3   0.0     1   113     7   130     7   137 0.87 [190263/382/1]
190263/586/1.f:KBDCAC_01405 -            732 CBM34.hmm            -            120   9.7e-14   56.2   0.0   1   1   5.2e-17   2.5e-13   54.9   0.0    11   118    24   120    16   122 0.86 [190263/586/1]
190263/578/1.f:HIHCLH_03535 -            574 CBM34.hmm            -            120   1.7e-13   55.5   0.3   1   1   3.5e-17   1.7e-13   55.5   0.3     2   100     7   113     6   129 0.89 [190263/578/1]
190263/455/1.f:GDGJDA_01855 -            680 CBM34.hmm            -            120   2.7e-13   54.8   0.5   1   1   1.7e-16   8.1e-13   53.2   0.2    10   120    18   115    12   115 0.86 [190263/455/1]
190263/495/1.f:ANKNCD_06835 -            701 CBM34.hmm            -            120   2.9e-13   54.7   0.8   1   1   1.4e-16   6.7e-13   53.5   0.8     9   117    40   135    34   138 0.86 [190263/495/1]
190263/547/1.f:KJCAKO_00600 -            555 CBM34.hmm            -            120   3.7e-13   54.3   0.6   1   1   7.7e-17   3.7e-13   54.3   0.6    13   118    21   128     6   130 0.87 [190263/547/1]
190263/384/1.f:CDKGIA_01450 -            707 CBM34.hmm            -            120   4.5e-13   54.1   0.4   1   1   2.1e-16     1e-12   53.0   0.4    12   100    28   110    20   123 0.84 [190263/384/1]
190263/580/1.f:JCPJNN_12915 -            718 CBM34.hmm            -            120   8.3e-13   53.2   0.2   1   1     4e-16   1.9e-12   52.0   0.2    16   116    45   132    37   136 0.89 [190263/580/1]
190263/382/1.f:JACGKO_00555 -           1160 CBM34.hmm            -            120   8.7e-13   53.1   4.3   1   1   7.7e-16   3.7e-12   51.1   0.2     1   115   469   602   469   607 0.86 [190263/382/1]
190263/549/1.f:CNBDFB_00790 -            682 CBM34.hmm            -            120   9.1e-13   53.1   0.1   1   1   1.9e-16   9.1e-13   53.1   0.1    12   117    20   112    13   115 0.85 [190263/549/1]
#
# Program:         hmmsearch
# Version:         3.3.2 (Nov 2020)
# Pipeline mode:   SEARCH
# Query file:      /kb/module/work/tmp/output.1725388484971/CBM34/CBM34.hmm
# Target file:     /kb/module/work/tmp/output.1725388484971/hCom2_RAST.fasta
# Option settings: /kb/module/hmmer/bin/hmmsearch --domtblout /kb/module/work/tmp/output.1725388484971/CBM34/CBM34-hCom2_RAST.hitout.txt --noali --notextw --domE 1e-15 /kb/module/work/tmp/output.1725388484971/CBM34/CBM34.hmm /kb/module/work/tmp/output.1725388484971/hCom2_RAST.fasta 
# Current dir:     /kb/module/work/tmp/output.1725388484971
# Date:            Tue Sep  3 19:00:37 2024
# [ok]
