#                                                                                   --- full sequence --- -------------- this domain -------------   hmm coord   ali coord   env coord
# target name               accession   tlen query name           accession   qlen   E-value  score  bias   #  of  c-Evalue  i-Evalue  score  bias  from    to  from    to  from    to  acc description of target
#       ------------------- ---------- ----- -------------------- ---------- ----- --------- ------ ----- --- --- --------- --------- ------ ----- ----- ----- ----- ----- ----- ----- ---- ---------------------
190263/439/1.f:KGLJGB_01380 -           1720 CBM32.hmm            -            124  8.6e-129  427.8  83.5   1   5   4.1e-28   1.7e-25   94.2   5.4    10   123    54   166    48   167 0.82 [190263/439/1]
190263/439/1.f:KGLJGB_01380 -           1720 CBM32.hmm            -            124  8.6e-129  427.8  83.5   2   5   1.1e-23   4.7e-21   79.8   2.2    19   123   215   319   207   320 0.80 [190263/439/1]
190263/439/1.f:KGLJGB_01380 -           1720 CBM32.hmm            -            124  8.6e-129  427.8  83.5   3   5     2e-26   8.5e-24   88.7   4.3     9   122  1230  1341  1224  1343 0.83 [190263/439/1]
190263/439/1.f:KGLJGB_01380 -           1720 CBM32.hmm            -            124  8.6e-129  427.8  83.5   4   5   5.4e-30   2.3e-27  100.2   6.6     6   123  1454  1569  1448  1570 0.85 [190263/439/1]
190263/439/1.f:KGLJGB_01380 -           1720 CBM32.hmm            -            124  8.6e-129  427.8  83.5   5   5     6e-32   2.5e-29  106.5   5.5     4   123  1598  1716  1595  1717 0.83 [190263/439/1]
190263/458/1.f:AMPCAI_10230 -           1872 CBM32.hmm            -            124   4.8e-96  322.1  64.5   1   4   3.3e-23   1.4e-20   78.3   2.3    10   123   853   972   846   973 0.80 [190263/458/1]
190263/458/1.f:AMPCAI_10230 -           1872 CBM32.hmm            -            124   4.8e-96  322.1  64.5   2   4   1.8e-19   7.6e-17   66.2   6.8     4   122   990  1113   987  1115 0.80 [190263/458/1]
190263/458/1.f:AMPCAI_10230 -           1872 CBM32.hmm            -            124   4.8e-96  322.1  64.5   3   4   1.2e-23   4.9e-21   79.8   2.3     7   123  1136  1265  1130  1266 0.75 [190263/458/1]
190263/458/1.f:AMPCAI_10230 -           1872 CBM32.hmm            -            124   4.8e-96  322.1  64.5   4   4   1.4e-23   5.7e-21   79.6   6.3     5   123  1284  1413  1280  1414 0.75 [190263/458/1]
190263/458/1.f:AMPCAI_03950 -           1736 CBM32.hmm            -            124   1.1e-87  295.0  22.4   1   4     4e-25   1.7e-22   84.5   0.1     7   123    40   171    34   172 0.79 [190263/458/1]
190263/458/1.f:AMPCAI_03950 -           1736 CBM32.hmm            -            124   1.1e-87  295.0  22.4   2   4   2.6e-21   1.1e-18   72.2   2.1    14   111   199   300   190   322 0.78 [190263/458/1]
190263/458/1.f:AMPCAI_03950 -           1736 CBM32.hmm            -            124   1.1e-87  295.0  22.4   3   4     6e-20   2.5e-17   67.8   3.5     5   122   336   461   329   463 0.74 [190263/458/1]
190263/458/1.f:AMPCAI_03950 -           1736 CBM32.hmm            -            124   1.1e-87  295.0  22.4   4   4   9.1e-24   3.8e-21   80.1   0.3     4   123  1388  1510  1383  1511 0.78 [190263/458/1]
190263/439/1.f:KGLJGB_05630 -           2451 CBM32.hmm            -            124     3e-82  277.5  87.4   1   3     6e-18   2.5e-15   61.3   6.7    15    89    51   129    46   165 0.80 [190263/439/1]
190263/439/1.f:KGLJGB_05630 -           2451 CBM32.hmm            -            124     3e-82  277.5  87.4   2   3   8.9e-21   3.8e-18   70.4   2.7    14   122   356   465   348   472 0.74 [190263/439/1]
190263/439/1.f:KGLJGB_05630 -           2451 CBM32.hmm            -            124     3e-82  277.5  87.4   3   3   2.5e-29   1.1e-26   98.1   6.7     6   123  1413  1528  1408  1529 0.81 [190263/439/1]
190263/438/1.f:IKAFOJ_04175 -           1847 CBM32.hmm            -            124   3.9e-81  273.9  33.1   1   4   2.2e-23   9.4e-21   78.9   0.4     5   123    47   176    42   177 0.77 [190263/438/1]
190263/438/1.f:IKAFOJ_04175 -           1847 CBM32.hmm            -            124   3.9e-81  273.9  33.1   2   4   3.2e-21   1.3e-18   71.9   2.8     7   114   197   303   191   317 0.76 [190263/438/1]
190263/438/1.f:IKAFOJ_04175 -           1847 CBM32.hmm            -            124   3.9e-81  273.9  33.1   3   4   5.7e-22   2.4e-19   74.3   2.4     5   122   336   468   332   470 0.75 [190263/438/1]
190263/438/1.f:IKAFOJ_04175 -           1847 CBM32.hmm            -            124   3.9e-81  273.9  33.1   4   4   9.9e-20   4.2e-17   67.1   1.9     7   122  1391  1512  1386  1514 0.78 [190263/438/1]
190263/438/1.f:IKAFOJ_00955 -           1762 CBM32.hmm            -            124   3.1e-70  238.7  34.5   1   3   3.8e-21   1.6e-18   71.6   1.5     8   123   182   304   176   305 0.79 [190263/438/1]
190263/438/1.f:IKAFOJ_00955 -           1762 CBM32.hmm            -            124   3.1e-70  238.7  34.5   2   3   1.1e-17   4.5e-15   60.5   0.4     8   122   323   451   316   453 0.73 [190263/438/1]
190263/438/1.f:IKAFOJ_00955 -           1762 CBM32.hmm            -            124   3.1e-70  238.7  34.5   3   3   1.3e-18   5.5e-16   63.5   1.2    10   120  1374  1496  1366  1506 0.77 [190263/438/1]
190263/541/1.f:IDEEIE_06900 -           1943 CBM32.hmm            -            124   2.1e-69  236.0  40.5   1   3   2.2e-17   9.4e-15   59.5   1.0    16   122   935  1049   923  1058 0.78 [190263/541/1]
190263/541/1.f:IDEEIE_06900 -           1943 CBM32.hmm            -            124   2.1e-69  236.0  40.5   2   3   2.9e-20   1.2e-17   68.8   3.0    12   123  1207  1333  1199  1334 0.76 [190263/541/1]
190263/541/1.f:IDEEIE_06900 -           1943 CBM32.hmm            -            124   2.1e-69  236.0  40.5   3   3   3.4e-21   1.4e-18   71.8   1.8    12   121  1428  1556  1421  1559 0.76 [190263/541/1]
190263/557/1.f:DOLMEB_02945 -           1931 CBM32.hmm            -            124   3.9e-66  225.4  44.7   1   2   7.4e-16   3.1e-13   54.6   2.2     9   122  1206  1335  1198  1340 0.69 [190263/557/1]
190263/557/1.f:DOLMEB_02945 -           1931 CBM32.hmm            -            124   3.9e-66  225.4  44.7   2   2   3.6e-21   1.5e-18   71.7   3.8    12   122  1525  1650  1518  1652 0.74 [190263/557/1]
190263/512/1.f:JBCLGH_02310 -           1669 CBM32.hmm            -            124   3.7e-65  222.3  30.7   1   3   5.9e-26   2.5e-23   87.2   0.6     7   123    49   179    44   180 0.79 [190263/512/1]
190263/512/1.f:JBCLGH_02310 -           1669 CBM32.hmm            -            124   3.7e-65  222.3  30.7   2   3     4e-20   1.7e-17   68.4   3.2     5   122   202   338   198   340 0.73 [190263/512/1]
190263/512/1.f:JBCLGH_02310 -           1669 CBM32.hmm            -            124   3.7e-65  222.3  30.7   3   3   9.8e-25   4.1e-22   83.2   3.1     6   121  1259  1380  1255  1384 0.80 [190263/512/1]
190263/438/1.f:IKAFOJ_00950 -           1582 CBM32.hmm            -            124   3.4e-59  203.0  32.1   1   3   7.5e-21   3.2e-18   70.7   7.9     7   123    58   200    53   201 0.72 [190263/438/1]
190263/438/1.f:IKAFOJ_00950 -           1582 CBM32.hmm            -            124   3.4e-59  203.0  32.1   2   3   3.7e-21   1.6e-18   71.7   7.9     6   123   222   350   217   351 0.80 [190263/438/1]
190263/438/1.f:IKAFOJ_00950 -           1582 CBM32.hmm            -            124   3.4e-59  203.0  32.1   3   3   8.8e-21   3.7e-18   70.5   1.2     6   123  1185  1316  1180  1317 0.79 [190263/438/1]
190263/438/1.f:IKAFOJ_02120 -           1551 CBM32.hmm            -            124   2.2e-57  197.2  23.8   1   2   8.4e-21   3.5e-18   70.5   0.7    10   123    50   176    42   177 0.77 [190263/438/1]
190263/438/1.f:IKAFOJ_02120 -           1551 CBM32.hmm            -            124   2.2e-57  197.2  23.8   2   2   1.6e-25   6.8e-23   85.8   1.6     6   122  1091  1212  1085  1216 0.79 [190263/438/1]
190263/541/1.f:IDEEIE_02645 -           1629 CBM32.hmm            -            124   1.4e-56  194.6  25.6   1   3   3.7e-19   1.6e-16   65.2   4.4     6   123    51   187    46   188 0.75 [190263/541/1]
190263/541/1.f:IDEEIE_02645 -           1629 CBM32.hmm            -            124   1.4e-56  194.6  25.6   2   3   8.9e-23   3.8e-20   76.9   1.7    15   123   211   332   199   333 0.78 [190263/541/1]
190263/541/1.f:IDEEIE_02645 -           1629 CBM32.hmm            -            124   1.4e-56  194.6  25.6   3   3   1.9e-18     8e-16   62.9   4.3    11   123  1149  1270  1141  1271 0.81 [190263/541/1]
190263/557/1.f:DOLMEB_00875 -           1601 CBM32.hmm            -            124   3.7e-56  193.2  39.1   1   2   4.1e-25   1.7e-22   84.5   7.6     3   123   192   325   190   326 0.77 [190263/557/1]
190263/557/1.f:DOLMEB_00875 -           1601 CBM32.hmm            -            124   3.7e-56  193.2  39.1   2   2   8.6e-20   3.6e-17   67.3   2.1    10   122  1133  1254  1128  1256 0.82 [190263/557/1]
190263/507/1.f:KPMKPI_04875 -           1823 CBM32.hmm            -            124   1.2e-55  191.5  26.4   1   2   7.9e-21   3.3e-18   70.6   1.0    15   114  1093  1207  1084  1236 0.75 [190263/507/1]
190263/507/1.f:KPMKPI_04875 -           1823 CBM32.hmm            -            124   1.2e-55  191.5  26.4   2   2   3.5e-21   1.5e-18   71.7   2.3    13   122  1346  1476  1336  1478 0.73 [190263/507/1]
190263/434/1.f:NCAOKI_03925 -           1631 CBM32.hmm            -            124   1.9e-55  190.9  20.1   1   3   2.1e-20   8.9e-18   69.2   1.5     8   122    44   163    38   165 0.78 [190263/434/1]
190263/434/1.f:NCAOKI_03925 -           1631 CBM32.hmm            -            124   1.9e-55  190.9  20.1   2   3   5.1e-20   2.1e-17   68.0   2.9     8   123   189   314   182   315 0.77 [190263/434/1]
190263/434/1.f:NCAOKI_03925 -           1631 CBM32.hmm            -            124   1.9e-55  190.9  20.1   3   3   1.4e-18     6e-16   63.3   0.2     9   122  1268  1389  1262  1391 0.76 [190263/434/1]
190263/439/1.f:KGLJGB_09445 -           1698 CBM32.hmm            -            124   4.4e-55  189.7  47.4   1   3   4.9e-19   2.1e-16   64.8   6.7    11   122    49   196    43   198 0.71 [190263/439/1]
190263/439/1.f:KGLJGB_09445 -           1698 CBM32.hmm            -            124   4.4e-55  189.7  47.4   2   3   2.2e-21   9.1e-19   72.4   0.8    10   123   230   348   221   349 0.75 [190263/439/1]
190263/439/1.f:KGLJGB_09445 -           1698 CBM32.hmm            -            124   4.4e-55  189.7  47.4   3   3   3.2e-22   1.4e-19   75.1   2.7    11   122  1379  1501  1373  1503 0.81 [190263/439/1]
190263/512/1.f:JBCLGH_05925 -           1592 CBM32.hmm            -            124   4.4e-53  183.3  29.0   1   1   1.6e-17   6.9e-15   59.9   0.1    17   109  1224  1329  1213  1352 0.77 [190263/512/1]
190263/477/1.f:PCLDCI_12025 -           1383 CBM32.hmm            -            124   1.4e-51  178.4   9.1   1   2   6.9e-26   2.9e-23   87.0   0.5     9   123   867   984   860   985 0.78 [190263/477/1]
190263/477/1.f:PCLDCI_12025 -           1383 CBM32.hmm            -            124   1.4e-51  178.4   9.1   2   2   1.4e-28   5.9e-26   95.7   0.8    10   123  1001  1113   996  1114 0.82 [190263/477/1]
190263/537/1.f:AHPNMI_06075 -           1022 CBM32.hmm            -            124   4.2e-51  176.9  34.3   1   2   1.2e-20   5.1e-18   70.0   6.5     8   123   178   298   171   299 0.79 [190263/537/1]
190263/537/1.f:AHPNMI_06075 -           1022 CBM32.hmm            -            124   4.2e-51  176.9  34.3   2   2   5.3e-16   2.2e-13   55.0   4.7     9   109   472   570   466   582 0.76 [190263/537/1]
190263/560/1.f:OAGBLH_06955 -           1670 CBM32.hmm            -            124   1.6e-48  168.6  32.3   1   3   2.4e-17     1e-14   59.4   0.2    13   115    76   178    67   194 0.77 [190263/560/1]
190263/560/1.f:OAGBLH_06955 -           1670 CBM32.hmm            -            124   1.6e-48  168.6  32.3   2   3   1.8e-18   7.5e-16   63.0   5.3     7   122   210   342   204   344 0.72 [190263/560/1]
190263/560/1.f:OAGBLH_06955 -           1670 CBM32.hmm            -            124   1.6e-48  168.6  32.3   3   3   4.1e-18   1.7e-15   61.8   4.0     5   120  1267  1396  1263  1405 0.71 [190263/560/1]
190263/406/1.f:DKNBGD_01415 -           2562 CBM32.hmm            -            124   6.4e-48  166.6  26.7   1   2   5.3e-21   2.2e-18   71.2   2.3     7   123  1560  1700  1553  1701 0.75 [190263/406/1]
190263/406/1.f:DKNBGD_01415 -           2562 CBM32.hmm            -            124   6.4e-48  166.6  26.7   2   2   4.8e-21     2e-18   71.3   2.0     6   123  1962  2088  1958  2089 0.82 [190263/406/1]
190263/438/1.f:IKAFOJ_09085 -           2024 CBM32.hmm            -            124   1.3e-47  165.6  50.3   1   2   1.8e-27   7.4e-25   92.1   4.6     4   121  1257  1371  1254  1379 0.81 [190263/438/1]
190263/438/1.f:IKAFOJ_09085 -           2024 CBM32.hmm            -            124   1.3e-47  165.6  50.3   2   2   8.9e-25   3.8e-22   83.4   2.9    13   123  1406  1518  1396  1519 0.82 [190263/438/1]
190263/461/1.f:DHPHOK_03950 -            894 CBM32.hmm            -            124   8.4e-47  163.0  11.9   1   3   2.4e-16   9.9e-14   56.2   1.2     5   111    51   154    47   175 0.74 [190263/461/1]
190263/461/1.f:DHPHOK_03950 -            894 CBM32.hmm            -            124   8.4e-47  163.0  11.9   2   3   2.8e-16   1.2e-13   55.9   0.0    14   119   187   292   179   297 0.79 [190263/461/1]
190263/461/1.f:DHPHOK_03950 -            894 CBM32.hmm            -            124   8.4e-47  163.0  11.9   3   3   3.2e-16   1.3e-13   55.8   0.4     8   111   322   426   316   456 0.78 [190263/461/1]
190263/477/1.f:PCLDCI_04965 -           1564 CBM32.hmm            -            124   2.1e-46  161.7  17.8   1   1   2.1e-21     9e-19   72.5   0.1     9   111  1100  1217  1093  1235 0.76 [190263/477/1]
190263/560/1.f:OAGBLH_10760 -           2150 CBM32.hmm            -            124   2.3e-45  158.4  36.2   1   1   3.9e-16   1.6e-13   55.5   1.9     9   122    37   169    30   171 0.74 [190263/560/1]
190263/512/1.f:JBCLGH_04905 -           1863 CBM32.hmm            -            124   6.9e-45  156.8  37.0   1   1   1.2e-17   4.9e-15   60.4   3.2     3   122  1241  1371  1238  1373 0.76 [190263/512/1]
190263/461/1.f:DHPHOK_05115 -           1378 CBM32.hmm            -            124   3.7e-44  154.5   4.4   1   2   9.3e-24   3.9e-21   80.1   1.0     8   122  1110  1234  1103  1236 0.80 [190263/461/1]
190263/461/1.f:DHPHOK_05115 -           1378 CBM32.hmm            -            124   3.7e-44  154.5   4.4   2   2     7e-22   2.9e-19   74.0   0.1    14   122  1252  1372  1243  1374 0.81 [190263/461/1]
190263/512/1.f:JBCLGH_10820 -           1647 CBM32.hmm            -            124     3e-43  151.5  42.0   1   2   1.9e-18   7.9e-16   62.9   6.7     8   122    49   187    42   189 0.70 [190263/512/1]
190263/512/1.f:JBCLGH_10820 -           1647 CBM32.hmm            -            124     3e-43  151.5  42.0   2   2   1.8e-18   7.5e-16   63.0   3.0     5   122   213   345   209   347 0.78 [190263/512/1]
190263/541/1.f:IDEEIE_12810 -           1575 CBM32.hmm            -            124   4.3e-42  147.8  28.6   1   2     6e-17   2.5e-14   58.1   1.1    10   122    62   198    53   200 0.71 [190263/541/1]
190263/541/1.f:IDEEIE_12810 -           1575 CBM32.hmm            -            124   4.3e-42  147.8  28.6   2   2   1.5e-16   6.4e-14   56.8   0.6    18   122  1240  1347  1213  1351 0.77 [190263/541/1]
190263/537/1.f:AHPNMI_06065 -           1425 CBM32.hmm            -            124   4.8e-42  147.6  22.6   1   2   1.4e-17   5.9e-15   60.1   3.0     9   122   910  1037   904  1039 0.74 [190263/537/1]
190263/537/1.f:AHPNMI_06065 -           1425 CBM32.hmm            -            124   4.8e-42  147.6  22.6   2   2   1.3e-17   5.4e-15   60.2   4.4     7   122  1132  1263  1126  1265 0.74 [190263/537/1]
190263/438/1.f:IKAFOJ_08225 -           1712 CBM32.hmm            -            124   1.2e-41  146.3  32.7   1   1   2.2e-17   9.2e-15   59.5   4.4    12   122   805   922   796   924 0.77 [190263/438/1]
190263/504/1.f:DOAHDM_06035 -           1421 CBM32.hmm            -            124   3.9e-41  144.7  14.2   1   2   7.8e-23   3.3e-20   77.1   0.2    11   122  1149  1270  1144  1272 0.79 [190263/504/1]
190263/504/1.f:DOAHDM_06035 -           1421 CBM32.hmm            -            124   3.9e-41  144.7  14.2   2   2   2.5e-22     1e-19   75.5   0.1    13   122  1293  1415  1284  1417 0.78 [190263/504/1]
190263/401/1.f:DMFJNH_05365 -           1421 CBM32.hmm            -            124   5.4e-41  144.2  14.6   1   2   7.8e-23   3.3e-20   77.1   0.2    11   122  1149  1270  1144  1272 0.79 [190263/401/1]
190263/401/1.f:DMFJNH_05365 -           1421 CBM32.hmm            -            124   5.4e-41  144.2  14.6   2   2   2.6e-22   1.1e-19   75.4   0.1    15   122  1295  1415  1286  1417 0.79 [190263/401/1]
190263/541/1.f:IDEEIE_15670 -           2113 CBM32.hmm            -            124   5.2e-40  141.1  43.9   1   2   1.3e-16   5.4e-14   57.0   3.8     5   122  1314  1453  1310  1455 0.71 [190263/541/1]
190263/541/1.f:IDEEIE_15670 -           2113 CBM32.hmm            -            124   5.2e-40  141.1  43.9   2   2   1.3e-22   5.6e-20   76.4   2.3     6   122  1480  1619  1476  1621 0.76 [190263/541/1]
190263/541/1.f:IDEEIE_02650 -           1656 CBM32.hmm            -            124     6e-40  140.9  21.5   1   1     2e-16   8.4e-14   56.4   3.9     3   122  1249  1378  1246  1380 0.75 [190263/541/1]
190263/560/1.f:OAGBLH_01930 -           2314 CBM32.hmm            -            124     1e-39  140.1  32.9   1   1   7.4e-19   3.1e-16   64.2   0.1    12   122  1761  1891  1752  1893 0.73 [190263/560/1]
190263/541/1.f:IDEEIE_15675 -           1975 CBM32.hmm            -            124   5.7e-39  137.7  47.1   1   2   2.6e-17   1.1e-14   59.2   2.4    13   109  1336  1445  1326  1463 0.78 [190263/541/1]
190263/541/1.f:IDEEIE_15675 -           1975 CBM32.hmm            -            124   5.7e-39  137.7  47.1   2   2   2.9e-24   1.2e-21   81.7   4.9    11   122  1495  1628  1490  1630 0.76 [190263/541/1]
190263/557/1.f:DOLMEB_12020 -           1655 CBM32.hmm            -            124     2e-38  135.9  29.8   1   1   1.9e-17   7.9e-15   59.7   3.4     3   122  1250  1379  1247  1381 0.75 [190263/557/1]
190263/438/1.f:IKAFOJ_10230 -           1922 CBM32.hmm            -            124   3.7e-38  135.1  31.7   1   1   6.4e-18   2.7e-15   61.2   2.3    10   121  1407  1530  1399  1533 0.77 [190263/438/1]
190263/438/1.f:IKAFOJ_00515 -           2169 CBM32.hmm            -            124   7.7e-38  134.0  25.1   1   2   8.4e-17   3.5e-14   57.6   2.3    11   122   994  1120   988  1136 0.74 [190263/438/1]
190263/438/1.f:IKAFOJ_00515 -           2169 CBM32.hmm            -            124   7.7e-38  134.0  25.1   2   2   7.1e-25     3e-22   83.7   0.7     8   123  1699  1832  1693  1833 0.79 [190263/438/1]
190263/439/1.f:KGLJGB_01520 -           1818 CBM32.hmm            -            124   1.6e-37  133.0  19.9   1   2   8.4e-21   3.5e-18   70.5   5.4    13   123   618   739   608   740 0.78 [190263/439/1]
190263/439/1.f:KGLJGB_01520 -           1818 CBM32.hmm            -            124   1.6e-37  133.0  19.9   2   2   3.2e-23   1.3e-20   78.4   6.6     5   123   756   885   751   886 0.81 [190263/439/1]
190263/439/1.f:KGLJGB_10875 -           1249 CBM32.hmm            -            124   1.6e-36  129.8  25.5   1   1   2.2e-20   9.4e-18   69.2   3.0    10   107  1116  1228  1111  1244 0.77 [190263/439/1]
190263/439/1.f:KGLJGB_01045 -           1870 CBM32.hmm            -            124   1.7e-36  129.7  63.9   1   1   4.1e-16   1.7e-13   55.4   3.0    11   109   879  1002   872  1022 0.68 [190263/439/1]
190263/512/1.f:JBCLGH_11790 -           2210 CBM32.hmm            -            124   5.8e-35  124.8  39.9   1   2   4.9e-17   2.1e-14   58.4   1.5     2   122   117   261   116   263 0.79 [190263/512/1]
190263/512/1.f:JBCLGH_11790 -           2210 CBM32.hmm            -            124   5.8e-35  124.8  39.9   2   2   2.6e-17   1.1e-14   59.3   6.7    12   110  1211  1342  1204  1359 0.73 [190263/512/1]
190263/477/1.f:PCLDCI_10230 -           1366 CBM32.hmm            -            124   6.8e-35  124.5  12.1   1   2   2.8e-20   1.2e-17   68.9   2.0     5   122   206   321   202   323 0.81 [190263/477/1]
190263/477/1.f:PCLDCI_10230 -           1366 CBM32.hmm            -            124   6.8e-35  124.5  12.1   2   2   1.9e-17     8e-15   59.7   2.8     7   123   775   892   769   893 0.79 [190263/477/1]
190263/541/1.f:IDEEIE_12800 -           2151 CBM32.hmm            -            124   7.4e-35  124.4  44.7   1   2   2.4e-16     1e-13   56.1   1.8     2   122   115   262   114   264 0.81 [190263/541/1]
190263/541/1.f:IDEEIE_12800 -           2151 CBM32.hmm            -            124   7.4e-35  124.4  44.7   2   2   4.3e-18   1.8e-15   61.8   7.1    13   111  1211  1338  1202  1356 0.74 [190263/541/1]
190263/439/1.f:KGLJGB_10675 -            850 CBM32.hmm            -            124   1.4e-34  123.5  12.2   1   2   3.6e-19   1.5e-16   65.3   1.8     8   121    43   165    37   170 0.75 [190263/439/1]
190263/439/1.f:KGLJGB_10675 -            850 CBM32.hmm            -            124   1.4e-34  123.5  12.2   2   2   2.2e-21   9.4e-19   72.4   3.0     6   122   187   312   182   314 0.78 [190263/439/1]
190263/562/1.f:KJGNCK_15980 -            395 CBM32.hmm            -            124   4.8e-34  121.8  16.6   1   2   1.2e-19     5e-17   66.8   5.3    10   122   140   256   133   258 0.82 [190263/562/1]
190263/562/1.f:KJGNCK_15980 -            395 CBM32.hmm            -            124   4.8e-34  121.8  16.6   2   2   1.2e-17     5e-15   60.3   3.4    11   123   274   390   267   391 0.82 [190263/562/1]
190263/477/1.f:PCLDCI_04230 -           1708 CBM32.hmm            -            124   5.3e-34  121.6   8.6   1   2   1.1e-18   4.7e-16   63.7   0.8    13   122   204   331   192   333 0.79 [190263/477/1]
190263/477/1.f:PCLDCI_04230 -           1708 CBM32.hmm            -            124   5.3e-34  121.6   8.6   2   2   1.4e-17     6e-15   60.1   1.7     9   121  1185  1313  1178  1323 0.74 [190263/477/1]
190263/396/1.f:KAAOMA_13520 -            860 CBM32.hmm            -            124     7e-34  121.3   7.5   1   2   5.8e-18   2.5e-15   61.4   1.6     8   122   521   645   514   647 0.75 [190263/396/1]
190263/396/1.f:KAAOMA_13520 -            860 CBM32.hmm            -            124     7e-34  121.3   7.5   2   2   3.2e-18   1.3e-15   62.2   0.4     8   122   669   794   662   796 0.77 [190263/396/1]
190263/438/1.f:IKAFOJ_02305 -           1669 CBM32.hmm            -            124   1.4e-33  120.3  17.5   1   2     8e-18   3.4e-15   60.9   1.6     6   122   111   251   106   253 0.81 [190263/438/1]
190263/438/1.f:IKAFOJ_02305 -           1669 CBM32.hmm            -            124   1.4e-33  120.3  17.5   2   2   4.5e-22   1.9e-19   74.6   8.5     7   122  1202  1338  1197  1340 0.75 [190263/438/1]
190263/506/1.f:IKGMED_02060 -            709 CBM32.hmm            -            124     3e-33  119.2   1.8   1   1   9.4e-23   3.9e-20   76.8   0.6    13   122   581   700   573   702 0.78 [190263/506/1]
190263/458/1.f:AMPCAI_10265 -           1691 CBM32.hmm            -            124     1e-32  117.5  41.6   1   1   3.1e-19   1.3e-16   65.5   4.2     9   122    43   165    37   167 0.77 [190263/458/1]
190263/552/1.f:EMALNL_01550 -            704 CBM32.hmm            -            124   4.9e-32  115.3   2.6   1   1   5.1e-20   2.1e-17   68.0   0.4    17   122   583   699   572   701 0.78 [190263/552/1]
190263/477/1.f:PCLDCI_04950 -           1589 CBM32.hmm            -            124   9.2e-32  114.4   9.0   1   1   3.9e-25   1.6e-22   84.5   0.2     3   123  1110  1251  1105  1252 0.76 [190263/477/1]
190263/552/1.f:EMALNL_01800 -            694 CBM32.hmm            -            124   1.1e-31  114.2   0.4   1   1   1.5e-17   6.3e-15   60.0   0.1    19   120   576   687   571   691 0.78 [190263/552/1]
190263/477/1.f:PCLDCI_05455 -           1456 CBM32.hmm            -            124   1.4e-31  113.9   6.0   1   2   2.2e-16   9.2e-14   56.3   1.6     6   123   204   326   201   327 0.79 [190263/477/1]
190263/477/1.f:PCLDCI_05455 -           1456 CBM32.hmm            -            124   1.4e-31  113.9   6.0   2   2   4.5e-17   1.9e-14   58.5   0.2     7   122   350   464   347   466 0.81 [190263/477/1]
190263/541/1.f:IDEEIE_17420 -           1707 CBM32.hmm            -            124   3.4e-31  112.6  40.3   1   1   3.3e-19   1.4e-16   65.4   6.0     3   122    42   168    40   170 0.76 [190263/541/1]
190263/506/1.f:IKGMED_04385 -            704 CBM32.hmm            -            124     5e-31  112.0   0.0   1   1   3.5e-21   1.5e-18   71.8   0.0    17   121   580   698   570   701 0.79 [190263/506/1]
190263/438/1.f:IKAFOJ_10005 -           1500 CBM32.hmm            -            124   5.6e-31  111.9  18.9   1   1   2.7e-18   1.1e-15   62.4   3.0     6   122   960  1089   955  1091 0.73 [190263/438/1]
190263/477/1.f:PCLDCI_04920 -           1482 CBM32.hmm            -            124   5.8e-31  111.8   6.8   1   2   6.6e-16   2.8e-13   54.7   1.4     4   122   213   337   210   339 0.79 [190263/477/1]
190263/477/1.f:PCLDCI_04920 -           1482 CBM32.hmm            -            124   5.8e-31  111.8   6.8   2   2   5.5e-17   2.3e-14   58.2   0.1     5   122  1004  1143  1000  1145 0.75 [190263/477/1]
190263/560/1.f:OAGBLH_01940 -           2026 CBM32.hmm            -            124   9.2e-31  111.2   8.5   1   2   2.6e-16   1.1e-13   56.0   1.0    14   110  1034  1158  1023  1185 0.73 [190263/560/1]
190263/560/1.f:OAGBLH_01940 -           2026 CBM32.hmm            -            124   9.2e-31  111.2   8.5   2   2   1.7e-20   7.3e-18   69.5   1.3    14   123  1755  1884  1746  1885 0.73 [190263/560/1]
190263/557/1.f:DOLMEB_07140 -           1347 CBM32.hmm            -            124     3e-30  109.5  23.6   1   1   1.3e-19   5.4e-17   66.7   5.1     2   112    42   161    41   180 0.80 [190263/557/1]
190263/477/1.f:PCLDCI_08545 -           1658 CBM32.hmm            -            124   1.3e-29  107.5  16.7   1   1   4.9e-19   2.1e-16   64.8   0.1     8   123  1257  1395  1251  1396 0.74 [190263/477/1]
190263/438/1.f:IKAFOJ_01380 -            598 CBM32.hmm            -            124   1.4e-29  107.4  10.3   1   1   9.7e-20   4.1e-17   67.1   5.3    14   123    59   176    50   177 0.79 [190263/438/1]
190263/404/1.f:BGJBIG_06950 -           1342 CBM32.hmm            -            124   1.9e-27  100.5   0.6   1   1   4.5e-30   1.9e-27  100.5   0.6     9   123  1212  1338  1205  1339 0.83 [190263/404/1]
190263/477/1.f:PCLDCI_04930 -           1290 CBM32.hmm            -            124   6.5e-27   98.7  11.4   1   1   2.9e-17   1.2e-14   59.1   2.0    11   122   771   883   762   886 0.76 [190263/477/1]
190263/583/1.f:BCCKNC_11450 -           1337 CBM32.hmm            -            124   1.9e-26   97.2   1.0   1   1   4.5e-29   1.9e-26   97.2   1.0     9   119  1208  1330  1203  1335 0.79 [190263/583/1]
190263/526/1.f:GBBCGM_14405 -           1349 CBM32.hmm            -            124   2.2e-26   97.1   0.8   1   1   5.1e-29   2.2e-26   97.1   0.8     9   123  1219  1345  1212  1346 0.83 [190263/526/1]
190263/504/1.f:DOAHDM_09960 -           1342 CBM32.hmm            -            124   4.7e-26   96.0   7.2   1   1   2.4e-28     1e-25   94.9   0.4     9   123  1212  1338  1205  1339 0.82 [190263/504/1]
190263/438/1.f:IKAFOJ_10950 -           1273 CBM32.hmm            -            124   7.1e-26   95.4  14.4   1   1   4.1e-18   1.7e-15   61.9   3.5     2   122   763   887   762   889 0.79 [190263/438/1]
190263/583/1.f:BCCKNC_09390 -            750 CBM32.hmm            -            124   9.2e-26   95.0   5.8   1   1   3.8e-19   1.6e-16   65.2   1.7     8   122   625   747   619   749 0.78 [190263/583/1]
190263/401/1.f:DMFJNH_09610 -           1342 CBM32.hmm            -            124     1e-25   94.9   0.4   1   1   2.4e-28     1e-25   94.9   0.4     9   123  1212  1338  1205  1339 0.82 [190263/401/1]
190263/557/1.f:DOLMEB_03650 -           1768 CBM32.hmm            -            124   1.6e-25   94.3  18.2   1   1   1.2e-23   5.2e-21   79.7   5.9     3   121  1341  1480  1339  1483 0.74 [190263/557/1]
190263/583/1.f:BCCKNC_01980 -           1348 CBM32.hmm            -            124     2e-25   93.9   0.2   1   1   4.8e-28     2e-25   93.9   0.2     9   122  1217  1343  1212  1345 0.81 [190263/583/1]
190263/583/1.f:BCCKNC_17965 -            719 CBM32.hmm            -            124   3.2e-25   93.3   0.0   1   1   1.7e-18   7.1e-16   63.1   0.0    13   121   590   713   585   716 0.76 [190263/583/1]
190263/556/1.f:EMIPPF_09215 -            960 CBM32.hmm            -            124   1.1e-24   91.6   0.2   1   1   5.7e-27   2.4e-24   90.4   0.2     9   123   707   820   701   821 0.83 [190263/556/1]
190263/506/1.f:IKGMED_04255 -           1264 CBM32.hmm            -            124   1.4e-24   91.2   0.2   1   1   1.2e-26     5e-24   89.4   0.2     6   122  1131  1257  1125  1259 0.81 [190263/506/1]
190263/475/1.f:MCKEEP_09595 -            648 CBM32.hmm            -            124   1.7e-24   90.9   2.4   1   1   4.9e-27   2.1e-24   90.7   0.6     7   123   384   498   378   499 0.84 [190263/475/1]
190263/365/1.f:JJMMAK_08880 -           1340 CBM32.hmm            -            124   2.5e-24   90.4   1.4   1   1   1.3e-26   5.4e-24   89.3   0.2     8   122  1209  1335  1202  1337 0.81 [190263/365/1]
190263/439/1.f:KGLJGB_10120 -            652 CBM32.hmm            -            124     3e-24   90.1   4.7   1   1   7.1e-27     3e-24   90.1   4.7    11   122   328   440   320   442 0.87 [190263/439/1]
190263/417/1.f:MHBJAE_19670 -           1341 CBM32.hmm            -            124   4.2e-24   89.7   3.5   1   1   1.1e-26   4.8e-24   89.5   0.2     8   122  1211  1336  1204  1338 0.79 [190263/417/1]
190263/497/1.f:HENFFC_02345 -           1343 CBM32.hmm            -            124     5e-24   89.4   0.1   1   1   1.2e-26     5e-24   89.4   0.1     8   123  1212  1339  1205  1340 0.80 [190263/497/1]
190263/552/1.f:EMALNL_10590 -           1029 CBM32.hmm            -            124     7e-24   89.0   1.6   1   1   3.7e-26   1.6e-23   87.8   0.4     7   123   765   879   759   880 0.84 [190263/552/1]
190263/488/1.f:DNPFAC_21410 -           1341 CBM32.hmm            -            124   9.6e-24   88.5   0.2   1   1   2.3e-26   9.6e-24   88.5   0.2     8   122  1211  1336  1204  1338 0.79 [190263/488/1]
190263/506/1.f:IKGMED_01545 -            986 CBM32.hmm            -            124     1e-23   88.4   7.4   1   1   1.3e-25   5.3e-23   86.1   2.7     8   123    62   178    57   179 0.78 [190263/506/1]
190263/573/1.f:LIDFCI_13640 -           1029 CBM32.hmm            -            124   1.9e-23   87.5   2.0   1   1   8.7e-26   3.7e-23   86.6   0.6     7   123   765   879   759   880 0.84 [190263/573/1]
190263/401/1.f:DMFJNH_09735 -           1027 CBM32.hmm            -            124   2.2e-23   87.3   2.2   1   1   5.3e-26   2.2e-23   87.3   2.2    10   123   767   878   761   879 0.85 [190263/401/1]
190263/504/1.f:DOAHDM_10085 -           1027 CBM32.hmm            -            124   2.2e-23   87.3   2.2   1   1   5.3e-26   2.2e-23   87.3   2.2    10   123   767   878   761   879 0.85 [190263/504/1]
190263/391/1.f:NONBJF_03825 -            980 CBM32.hmm            -            124     3e-23   86.9   2.5   1   1   2.6e-25   1.1e-22   85.1   2.5    11   122   727   836   719   838 0.80 [190263/391/1]
190263/545/1.f:NCJBIN_04505 -            980 CBM32.hmm            -            124   3.3e-23   86.8   3.2   1   1   2.9e-25   1.2e-22   85.0   3.2    11   122   727   836   719   838 0.80 [190263/545/1]
190263/504/1.f:DOAHDM_03740 -            987 CBM32.hmm            -            124   4.1e-23   86.5   5.9   1   1   1.1e-24   4.8e-22   83.0   3.0    12   122   736   844   729   846 0.82 [190263/504/1]
190263/401/1.f:DMFJNH_03280 -            987 CBM32.hmm            -            124   4.3e-23   86.4   5.9   1   1   1.1e-24   4.8e-22   83.0   3.0    12   122   736   844   729   846 0.82 [190263/401/1]
190263/388/1.f:FDDJJK_03860 -            980 CBM32.hmm            -            124   4.7e-23   86.3   2.6   1   1   4.1e-25   1.7e-22   84.4   2.6    11   122   727   836   719   838 0.80 [190263/388/1]
190263/506/1.f:IKGMED_04150 -            712 CBM32.hmm            -            124   5.2e-23   86.2   0.0   1   1   2.6e-25   1.1e-22   85.1   0.0     8   122    54   176    48   178 0.77 [190263/506/1]
190263/541/1.f:IDEEIE_14175 -           1251 CBM32.hmm            -            124   5.6e-23   86.0  24.3   1   1     5e-16   2.1e-13   55.1   1.5     9   111   431   536   423   558 0.74 [190263/541/1]
190263/455/1.f:GDGJDA_15565 -           1777 CBM32.hmm            -            124   5.7e-23   86.0  13.6   1   1   5.7e-19   2.4e-16   64.6   0.7     5   122  1344  1476  1339  1478 0.74 [190263/455/1]
190263/556/1.f:EMIPPF_05945 -            979 CBM32.hmm            -            124     7e-23   85.7   0.8   1   1   5.9e-25   2.5e-22   84.0   0.8     6   121   723   837   719   840 0.81 [190263/556/1]
190263/534/1.f:OHCFJE_08365 -            980 CBM32.hmm            -            124   7.6e-23   85.6   2.6   1   1   6.6e-25   2.8e-22   83.8   2.6    11   122   727   836   719   838 0.80 [190263/534/1]
190263/557/1.f:DOLMEB_06915 -           1491 CBM32.hmm            -            124   9.9e-23   85.2  22.9   1   1   4.1e-20   1.7e-17   68.3   4.0    19   123  1110  1233  1068  1234 0.75 [190263/557/1]
190263/434/1.f:NCAOKI_03805 -           1687 CBM32.hmm            -            124     1e-22   85.2  29.9   1   1   3.4e-21   1.4e-18   71.8   1.5     8   122  1366  1493  1359  1495 0.79 [190263/434/1]
190263/520/1.f:GGDGDE_01185 -            944 CBM32.hmm            -            124   3.3e-22   83.6   5.3   1   1   2.4e-24     1e-21   82.0   1.4     9   122   818   938   811   940 0.81 [190263/520/1]
190263/466/1.f:PGJOII_04390 -            926 CBM32.hmm            -            124   4.4e-22   83.2   0.5   1   1     4e-17   1.7e-14   58.7   0.0    17   107   504   603   497   620 0.80 [190263/466/1]
190263/502/1.f:NONHGB_03250 -            623 CBM32.hmm            -            124   4.5e-22   83.1   0.1   1   1     3e-18   1.3e-15   62.3   0.0    16   122   503   618   497   620 0.82 [190263/502/1]
190263/504/1.f:DOAHDM_01520 -            977 CBM32.hmm            -            124   6.3e-22   82.6   1.2   1   1   3.1e-24   1.3e-21   81.6   0.2     8   123   724   837   718   838 0.80 [190263/504/1]
190263/541/1.f:IDEEIE_07975 -            890 CBM32.hmm            -            124   1.8e-21   81.2   3.5   1   1   4.3e-24   1.8e-21   81.2   3.5    11   122   759   884   749   886 0.78 [190263/541/1]
190263/401/1.f:DMFJNH_01125 -            977 CBM32.hmm            -            124   2.6e-21   80.6   0.8   1   1   1.7e-23   7.1e-21   79.3   0.1     8   123   724   837   718   838 0.80 [190263/401/1]
190263/546/1.f:GEHMID_09415 -            265 CBM32.hmm            -            124   2.7e-21   80.6   0.4   1   1   1.4e-23   5.8e-21   79.5   0.4     8   122   128   249   121   251 0.81 [190263/546/1]
190263/365/1.f:JJMMAK_18385 -            323 CBM32.hmm            -            124   4.7e-21   79.8   0.7   1   1     2e-23   8.6e-21   79.0   0.7    10   109   101   213    94   244 0.82 [190263/365/1]
190263/541/1.f:IDEEIE_14900 -            653 CBM32.hmm            -            124   8.8e-21   78.9   1.6   1   1   6.5e-23   2.7e-20   77.4   1.6     3   121   529   646   526   649 0.80 [190263/541/1]
190263/466/1.f:PGJOII_07720 -            925 CBM32.hmm            -            124   2.2e-20   77.7   0.3   1   1   1.2e-17   5.3e-15   60.3   0.0    16   122   502   617   493   619 0.82 [190263/466/1]
190263/438/1.f:IKAFOJ_01415 -           1123 CBM32.hmm            -            124   3.3e-20   77.1   2.5   1   1   1.1e-22   4.5e-20   76.6   0.6     6   122   722   847   717   849 0.76 [190263/438/1]
190263/456/1.f:LKAJBD_15315 -            570 CBM32.hmm            -            124   3.9e-20   76.8   4.3   1   1   9.3e-23   3.9e-20   76.8   4.3     5   107   344   459   340   475 0.81 [190263/456/1]
190263/502/1.f:NONHGB_02340 -            568 CBM32.hmm            -            124   4.3e-20   76.7   1.1   1   1   1.8e-22   7.6e-20   75.9   0.2     5   110   351   469   347   520 0.80 [190263/502/1]
190263/437/1.f:LBKKEJ_04550 -            611 CBM32.hmm            -            124   6.3e-20   76.2   1.1   1   1   5.5e-17   2.3e-14   58.2   0.2    19   111   481   590   471   602 0.75 [190263/437/1]
190263/507/1.f:KPMKPI_13160 -           1786 CBM32.hmm            -            124   6.3e-20   76.2   9.0   1   1   6.7e-17   2.8e-14   57.9   0.7    10   122  1343  1477  1335  1479 0.74 [190263/507/1]
190263/405/1.f:EHKDKA_02560 -            572 CBM32.hmm            -            124   7.3e-20   76.0   0.2   1   1   6.3e-22   2.7e-19   74.2   0.1     6   109   353   469   349   485 0.79 [190263/405/1]
190263/438/1.f:IKAFOJ_02880 -           1574 CBM32.hmm            -            124   8.3e-20   75.8   4.8   1   1     2e-22   8.3e-20   75.8   4.8     5   122   986  1115   981  1117 0.78 [190263/438/1]
190263/506/1.f:IKGMED_08570 -           1289 CBM32.hmm            -            124     1e-19   75.5   0.0   1   1   1.4e-21   5.9e-19   73.0   0.0     9   122  1154  1284  1150  1286 0.76 [190263/506/1]
190263/405/1.f:EHKDKA_03455 -            623 CBM32.hmm            -            124   1.2e-19   75.3   0.2   1   1   8.7e-17   3.7e-14   57.6   0.0    16   107   503   603   498   619 0.80 [190263/405/1]
190263/573/1.f:LIDFCI_23365 -            600 CBM32.hmm            -            124   1.4e-19   75.1   1.0   1   1   1.1e-21   4.5e-19   73.4   0.1     5   107   373   488   369   512 0.80 [190263/573/1]
190263/404/1.f:BGJBIG_16495 -            605 CBM32.hmm            -            124   1.6e-19   74.9   0.9   1   1   6.3e-16   2.6e-13   54.8   0.2    27   121   495   598   472   601 0.78 [190263/404/1]
190263/461/1.f:DHPHOK_03515 -            577 CBM32.hmm            -            124     2e-19   74.6   0.1   1   1   1.2e-21   5.2e-19   73.2   0.1    10   109   355   468   348   496 0.78 [190263/461/1]
190263/488/1.f:DNPFAC_02720 -            573 CBM32.hmm            -            124     2e-19   74.5   0.1   1   1   1.4e-21   5.9e-19   73.0   0.1    10   121   353   475   346   478 0.76 [190263/488/1]
190263/388/1.f:FDDJJK_02810 -            619 CBM32.hmm            -            124   2.2e-19   74.4   4.7   1   1   1.3e-17   5.3e-15   60.3   0.1    15   107   499   599   489   615 0.81 [190263/388/1]
190263/417/1.f:MHBJAE_02445 -            573 CBM32.hmm            -            124   3.5e-19   73.8   0.1   1   1   2.2e-21   9.3e-19   72.4   0.1    10   121   352   475   346   478 0.77 [190263/417/1]
190263/456/1.f:LKAJBD_02805 -            600 CBM32.hmm            -            124   3.6e-19   73.7   2.7   1   1   1.3e-21   5.6e-19   73.1   0.4     6   107   374   488   369   510 0.80 [190263/456/1]
190263/541/1.f:IDEEIE_07965 -           1519 CBM32.hmm            -            124   3.7e-19   73.7   1.1   1   1   8.7e-22   3.7e-19   73.7   1.1     5   122  1041  1171  1036  1173 0.77 [190263/541/1]
190263/562/1.f:KJGNCK_05710 -            702 CBM32.hmm            -            124   3.8e-19   73.7   0.3   1   1   2.6e-21   1.1e-18   72.2   0.3    11   109   482   594   475   643 0.82 [190263/562/1]
190263/434/1.f:NCAOKI_06330 -            983 CBM32.hmm            -            124   3.9e-19   73.6  10.1   1   1   1.7e-21   7.3e-19   72.7   6.5     6   123    63   195    58   196 0.72 [190263/434/1]
190263/502/1.f:NONHGB_06145 -            601 CBM32.hmm            -            124   3.9e-19   73.6   0.4   1   1   5.6e-21   2.4e-18   71.1   0.1    10   109   379   491   371   535 0.79 [190263/502/1]
190263/401/1.f:DMFJNH_23050 -            606 CBM32.hmm            -            124   4.5e-19   73.4   1.1   1   1   9.9e-16   4.2e-13   54.1   0.1    30   121   499   599   479   602 0.72 [190263/401/1]
190263/504/1.f:DOAHDM_22330 -            606 CBM32.hmm            -            124   4.7e-19   73.4   1.2   1   1     1e-15   4.2e-13   54.1   0.1    30   121   499   599   479   602 0.72 [190263/504/1]
190263/502/1.f:NONHGB_01690 -            800 CBM32.hmm            -            124     5e-19   73.3   0.4   1   1   1.2e-21     5e-19   73.3   0.4     7   122   334   451   328   453 0.81 [190263/502/1]
190263/368/1.f:HPMDBE_17840 -            597 CBM32.hmm            -            124   5.2e-19   73.2   0.5   1   1   3.1e-21   1.3e-18   72.0   0.5    11   109   378   489   368   541 0.80 [190263/368/1]
190263/405/1.f:EHKDKA_01815 -            800 CBM32.hmm            -            124   6.2e-19   73.0   0.2   1   1   1.5e-21   6.2e-19   73.0   0.2     7   122   334   451   328   453 0.81 [190263/405/1]
190263/512/1.f:JBCLGH_11140 -           2021 CBM32.hmm            -            124   6.3e-19   73.0  16.3   1   1   2.3e-18   9.9e-16   62.6   6.2     8   122  1364  1497  1358  1499 0.76 [190263/512/1]
190263/461/1.f:DHPHOK_02960 -            699 CBM32.hmm            -            124   9.3e-19   72.4   0.3   1   1   7.5e-21   3.1e-18   70.7   0.1    11   107   479   589   474   606 0.80 [190263/461/1]
190263/502/1.f:NONHGB_05095 -            577 CBM32.hmm            -            124   1.2e-18   72.0   0.4   1   1   1.4e-20     6e-18   69.8   0.0     4   107   350   466   347   494 0.83 [190263/502/1]
190263/399/1.f:CDLIDF_06485 -            815 CBM32.hmm            -            124   1.4e-18   71.8   3.3   1   1   1.4e-20   5.7e-18   69.9   3.3     9   121   349   463   342   467 0.80 [190263/399/1]
190263/391/1.f:NONBJF_02705 -            619 CBM32.hmm            -            124   1.4e-18   71.8   5.2   1   1   5.1e-17   2.1e-14   58.3   0.1    15   107   499   599   489   615 0.81 [190263/391/1]
190263/534/1.f:OHCFJE_09510 -            619 CBM32.hmm            -            124   1.4e-18   71.8   5.2   1   1   5.1e-17   2.1e-14   58.3   0.1    15   107   499   599   489   615 0.81 [190263/534/1]
190263/545/1.f:NCJBIN_03085 -            619 CBM32.hmm            -            124   1.4e-18   71.8   5.2   1   1   5.1e-17   2.1e-14   58.3   0.1    15   107   499   599   489   615 0.81 [190263/545/1]
190263/562/1.f:KJGNCK_25270 -            565 CBM32.hmm            -            124   1.6e-18   71.7   0.0   1   1   9.5e-21     4e-18   70.4   0.0     8   107   353   465   347   495 0.82 [190263/562/1]
190263/438/1.f:IKAFOJ_10015 -           1515 CBM32.hmm            -            124   1.6e-18   71.6   9.8   1   1   3.3e-16   1.4e-13   55.7   0.2     9   123  1133  1257  1128  1258 0.80 [190263/438/1]
190263/545/1.f:NCJBIN_06345 -            802 CBM32.hmm            -            124   1.7e-18   71.6   2.3   1   1   8.5e-21   3.6e-18   70.5   0.4    10   122   337   451   331   453 0.81 [190263/545/1]
190263/391/1.f:NONBJF_06480 -            802 CBM32.hmm            -            124   1.7e-18   71.6   2.3   1   1   8.5e-21   3.6e-18   70.5   0.4    10   122   337   451   331   453 0.81 [190263/391/1]
190263/534/1.f:OHCFJE_06600 -            800 CBM32.hmm            -            124   1.8e-18   71.5   3.0   1   1   4.5e-21   1.9e-18   71.4   0.2     9   122   336   451   329   454 0.80 [190263/534/1]
190263/585/1.f:DLBDDB_19500 -            572 CBM32.hmm            -            124   2.2e-18   71.2   0.0   1   1   1.4e-20   6.1e-18   69.8   0.0    10   110   355   468   350   495 0.80 [190263/585/1]
190263/477/1.f:PCLDCI_04215 -           1796 CBM32.hmm            -            124   2.5e-18   71.0   0.7   1   1     6e-21   2.5e-18   71.0   0.7     6   122    38   171    33   173 0.78 [190263/477/1]
190263/541/1.f:IDEEIE_12805 -           2178 CBM32.hmm            -            124   2.8e-18   70.9   3.2   1   1   6.6e-21   2.8e-18   70.9   3.2     4   122  1755  1887  1752  1901 0.77 [190263/541/1]
190263/388/1.f:FDDJJK_05830 -            800 CBM32.hmm            -            124   3.4e-18   70.6   2.4   1   1   1.1e-20   4.7e-18   70.1   0.1     9   122   336   451   329   454 0.80 [190263/388/1]
190263/379/1.f:LOJHAC_19880 -            597 CBM32.hmm            -            124   3.5e-18   70.6   0.3   1   1   2.1e-20   8.6e-18   69.3   0.3    11   109   378   489   368   541 0.80 [190263/379/1]
190263/516/1.f:MGNFBC_15810 -            597 CBM32.hmm            -            124   3.5e-18   70.6   0.3   1   1   2.1e-20   8.6e-18   69.3   0.3    11   109   378   489   368   541 0.80 [190263/516/1]
190263/405/1.f:EHKDKA_05095 -            568 CBM32.hmm            -            124   4.4e-18   70.2   1.4   1   1   1.8e-20   7.5e-18   69.5   0.1     9   120   346   470   339   477 0.75 [190263/405/1]
190263/421/1.f:PBKEAC_03470 -            330 CBM32.hmm            -            124   4.5e-18   70.2   1.4   1   1   1.1e-20   4.5e-18   70.2   1.4     4   122   192   327   189   329 0.80 [190263/421/1]
190263/512/1.f:JBCLGH_03945 -           1500 CBM32.hmm            -            124   4.6e-18   70.2   0.6   1   1   1.1e-20   4.6e-18   70.2   0.6     6   122  1033  1162  1027  1164 0.77 [190263/512/1]
190263/369/1.f:JCDIFE_02550 -            699 CBM32.hmm            -            124   5.4e-18   69.9   0.1   1   1   4.7e-20     2e-17   68.1   0.1    11   107   479   589   474   647 0.81 [190263/369/1]
190263/369/1.f:JCDIFE_05015 -            323 CBM32.hmm            -            124   5.7e-18   69.9   0.9   1   1   6.4e-20   2.7e-17   67.7   0.4     5   123   187   317   179   318 0.76 [190263/369/1]
190263/417/1.f:MHBJAE_06615 -            317 CBM32.hmm            -            124   7.8e-18   69.4   0.0   1   1   3.6e-20   1.5e-17   68.5   0.0     5   122   187   314   182   316 0.73 [190263/417/1]
190263/439/1.f:KGLJGB_05625 -            800 CBM32.hmm            -            124   8.4e-18   69.3   2.1   1   1     2e-20   8.4e-18   69.3   2.1    11   122   321   433   312   435 0.82 [190263/439/1]
190263/437/1.f:LBKKEJ_05985 -            577 CBM32.hmm            -            124   9.5e-18   69.1   0.2   1   1   7.2e-20     3e-17   67.5   0.2    15   110   361   468   351   487 0.79 [190263/437/1]
190263/475/1.f:MCKEEP_04660 -            702 CBM32.hmm            -            124     1e-17   69.1   1.7   1   1   3.1e-20   1.3e-17   68.7   0.5    11   109   482   594   475   650 0.81 [190263/475/1]
190263/488/1.f:DNPFAC_07730 -            317 CBM32.hmm            -            124   1.7e-17   68.3   0.1   1   1   9.6e-20     4e-17   67.1   0.0     5   122   187   314   182   316 0.72 [190263/488/1]
190263/401/1.f:DMFJNH_00260 -            316 CBM32.hmm            -            124     2e-17   68.1   0.7   1   1   1.7e-19   7.1e-17   66.3   0.2     5   123   180   310   175   311 0.76 [190263/401/1]
190263/595/1.f:HGDLEC_06255 -            812 CBM32.hmm            -            124   2.6e-17   67.7   1.6   1   1   2.3e-19   9.7e-17   65.9   1.6     9   116   338   447   332   481 0.79 [190263/595/1]
190263/405/1.f:EHKDKA_07790 -            574 CBM32.hmm            -            124   2.9e-17   67.6   0.1   1   1   1.6e-19   6.7e-17   66.4   0.1    11   121   354   476   348   479 0.76 [190263/405/1]
190263/461/1.f:DHPHOK_03510 -            578 CBM32.hmm            -            124   3.6e-17   67.3   0.6   1   1   2.2e-19   9.3e-17   66.0   0.1     9   106   356   467   351   482 0.79 [190263/461/1]
190263/502/1.f:NONHGB_07050 -            574 CBM32.hmm            -            124   5.4e-17   66.7   0.1   1   1   3.1e-19   1.3e-16   65.5   0.1    11   121   354   476   348   479 0.76 [190263/502/1]
190263/504/1.f:DOAHDM_00265 -            316 CBM32.hmm            -            124   6.9e-17   66.4   0.7   1   1   6.1e-19   2.6e-16   64.5   0.2     5   122   180   309   175   311 0.76 [190263/504/1]
190263/404/1.f:BGJBIG_10010 -            441 CBM32.hmm            -            124   9.3e-17   65.9   0.2   1   1   4.9e-19   2.1e-16   64.8   0.2    10   123   309   437   302   438 0.76 [190263/404/1]
190263/405/1.f:EHKDKA_02290 -            574 CBM32.hmm            -            124   9.3e-17   65.9   3.0   1   1   2.2e-19   9.3e-17   65.9   3.0     7   107   350   463   345   497 0.81 [190263/405/1]
190263/504/1.f:DOAHDM_10395 -            392 CBM32.hmm            -            124   1.2e-16   65.6   0.0   1   1   1.6e-18   6.8e-16   63.1   0.0     7   123   258   386   252   387 0.79 [190263/504/1]
190263/443/1.f:LNLACP_00135 -            604 CBM32.hmm            -            124   1.2e-16   65.6   0.1   1   1   1.9e-18   7.8e-16   63.0   0.1     7   109   371   497   366   522 0.75 [190263/443/1]
190263/368/1.f:HPMDBE_17820 -            764 CBM32.hmm            -            124   2.2e-16   64.7   0.8   1   1     8e-18   3.4e-15   60.9   0.0    12   109   545   656   540   710 0.81 [190263/368/1]
190263/379/1.f:LOJHAC_19900 -            764 CBM32.hmm            -            124   2.2e-16   64.7   0.7   1   1     8e-18   3.4e-15   60.9   0.0    12   109   545   656   540   710 0.81 [190263/379/1]
190263/405/1.f:EHKDKA_25380 -           1121 CBM32.hmm            -            124   2.3e-16   64.7   3.2   1   1   1.4e-18     6e-16   63.3   3.2    13   123   917  1030   911  1031 0.78 [190263/405/1]
190263/516/1.f:MGNFBC_15790 -            764 CBM32.hmm            -            124   2.5e-16   64.6   0.9   1   1     8e-18   3.4e-15   60.9   0.0    12   109   545   656   540   710 0.81 [190263/516/1]
190263/401/1.f:DMFJNH_18785 -            440 CBM32.hmm            -            124   2.9e-16   64.4   0.0   1   1   1.4e-18   5.9e-16   63.4   0.0     6   122   306   432   302   434 0.75 [190263/401/1]
190263/504/1.f:DOAHDM_18300 -            440 CBM32.hmm            -            124   2.9e-16   64.3   0.0   1   1   1.4e-18   5.9e-16   63.4   0.0     6   122   306   432   302   434 0.75 [190263/504/1]
190263/541/1.f:IDEEIE_14815 -           1077 CBM32.hmm            -            124   3.5e-16   64.1  12.7   1   1   8.3e-19   3.5e-16   64.1  12.7     7   109   706   823   701   867 0.78 [190263/541/1]
190263/546/1.f:GEHMID_04485 -            601 CBM32.hmm            -            124   9.1e-16   62.8   0.5   1   1   4.3e-18   1.8e-15   61.8   0.0     7   110   369   498   363   527 0.72 [190263/546/1]
190263/401/1.f:DMFJNH_13530 -            444 CBM32.hmm            -            124   9.7e-16   62.7   0.1   1   1   4.6e-18   1.9e-15   61.7   0.1    10   123   309   436   303   437 0.77 [190263/401/1]
190263/504/1.f:DOAHDM_12960 -            444 CBM32.hmm            -            124   9.7e-16   62.7   0.1   1   1   4.6e-18   1.9e-15   61.7   0.1    10   123   309   436   303   437 0.77 [190263/504/1]
190263/399/1.f:CDLIDF_02665 -            452 CBM32.hmm            -            124     1e-15   62.6   0.9   1   1   7.2e-18     3e-15   61.1   0.6     3   122   318   447   315   449 0.74 [190263/399/1]
190263/417/1.f:MHBJAE_21730 -            440 CBM32.hmm            -            124   1.2e-15   62.4   0.0   1   1   5.2e-18   2.2e-15   61.5   0.0     6   119   306   429   301   434 0.71 [190263/417/1]
190263/556/1.f:EMIPPF_04465 -           1196 CBM32.hmm            -            124   1.4e-15   62.1   1.3   1   1   9.4e-18   3.9e-15   60.7   0.2    11   123  1074  1194  1068  1195 0.78 [190263/556/1]
190263/556/1.f:EMIPPF_08990 -           1197 CBM32.hmm            -            124   1.5e-15   62.1   1.3   1   1   9.4e-18   3.9e-15   60.7   0.2    11   123  1075  1195  1069  1196 0.78 [190263/556/1]
190263/434/1.f:NCAOKI_03665 -           1987 CBM32.hmm            -            124   1.5e-15   62.0  23.1   1   1   2.1e-17   8.8e-15   59.6   0.1    14   122  1071  1192  1062  1197 0.74 [190263/434/1]
190263/365/1.f:JJMMAK_17665 -            442 CBM32.hmm            -            124   1.8e-15   61.8   0.6   1   1   8.9e-18   3.7e-15   60.8   0.1     4   123   309   437   306   438 0.78 [190263/365/1]
190263/488/1.f:DNPFAC_23580 -            440 CBM32.hmm            -            124   1.9e-15   61.7   0.0   1   1     9e-18   3.8e-15   60.7   0.0     9   122   309   432   302   434 0.71 [190263/488/1]
190263/396/1.f:KAAOMA_13375 -            858 CBM32.hmm            -            124     2e-15   61.7   3.6   1   1   4.7e-18     2e-15   61.7   3.6     7   114   444   567   438   578 0.70 [190263/396/1]
190263/562/1.f:KJGNCK_22380 -            865 CBM32.hmm            -            124     3e-15   61.1   0.3   1   1   1.7e-17   7.3e-15   59.8   0.3    13   122   745   857   737   859 0.80 [190263/562/1]
190263/502/1.f:NONHGB_04640 -           1209 CBM32.hmm            -            124   3.5e-15   60.8   1.0   1   1   4.3e-17   1.8e-14   58.5   0.2    11   123  1087  1207  1081  1208 0.80 [190263/502/1]
190263/488/1.f:DNPFAC_12625 -            774 CBM32.hmm            -            124   4.6e-15   60.5   0.3   1   1   6.7e-17   2.8e-14   57.9   0.5    17   110   637   750   624   765 0.75 [190263/488/1]
190263/404/1.f:BGJBIG_07605 -            958 CBM32.hmm            -            124   5.2e-15   60.3   0.4   1   1     5e-17   2.1e-14   58.3   0.1    10   122   234   359   228   361 0.77 [190263/404/1]
190263/417/1.f:MHBJAE_10855 -            774 CBM32.hmm            -            124   7.5e-15   59.8   0.3   1   1     1e-16   4.4e-14   57.3   0.4    17   110   637   750   624   765 0.75 [190263/417/1]
190263/437/1.f:LBKKEJ_16645 -            693 CBM32.hmm            -            124   1.2e-14   59.2   0.8   1   1   5.4e-17   2.3e-14   58.2   0.8    17   120   572   684   562   688 0.73 [190263/437/1]
190263/504/1.f:DOAHDM_04585 -            968 CBM32.hmm            -            124   1.3e-14   59.1   0.6   1   1     3e-17   1.3e-14   59.1   0.6     8   122   236   362   230   364 0.77 [190263/504/1]
190263/477/1.f:PCLDCI_05190 -           1756 CBM32.hmm            -            124   1.5e-14   58.8   0.3   1   1   3.5e-17   1.5e-14   58.8   0.3     6   122  1252  1396  1249  1398 0.70 [190263/477/1]
190263/401/1.f:DMFJNH_08030 -           1199 CBM32.hmm            -            124   2.2e-14   58.3   0.5   1   1   5.3e-17   2.2e-14   58.3   0.5    12   122  1078  1196  1070  1198 0.79 [190263/401/1]
190263/504/1.f:DOAHDM_08525 -           1199 CBM32.hmm            -            124   2.2e-14   58.3   0.5   1   1   5.3e-17   2.2e-14   58.3   0.5    12   122  1078  1196  1070  1198 0.79 [190263/504/1]
190263/390/1.f:OLPOLE_00780 -            604 CBM32.hmm            -            124   2.4e-14   58.2   0.0   1   1   1.4e-16   6.1e-14   56.8   0.0     8   109   372   497   366   529 0.72 [190263/390/1]
190263/417/1.f:MHBJAE_04965 -            997 CBM32.hmm            -            124   2.6e-14   58.0   0.4   1   1   4.3e-16   1.8e-13   55.3   0.0    19   123   718   852   713   853 0.73 [190263/417/1]
190263/404/1.f:BGJBIG_07640 -            956 CBM32.hmm            -            124   3.3e-14   57.7   0.4   1   1   7.9e-17   3.3e-14   57.7   0.4    11   122   241   365   233   367 0.77 [190263/404/1]
190263/461/1.f:DHPHOK_05130 -           1209 CBM32.hmm            -            124   3.8e-14   57.5   0.2   1   1   5.5e-16   2.3e-13   55.0   0.0    10   122  1085  1205  1080  1207 0.75 [190263/461/1]
190263/401/1.f:DMFJNH_04095 -            968 CBM32.hmm            -            124   7.9e-14   56.5   0.4   1   1   1.9e-16   7.9e-14   56.5   0.4     8   122   236   362   230   364 0.77 [190263/401/1]
190263/477/1.f:PCLDCI_07035 -           1850 CBM32.hmm            -            124   2.7e-13   54.7   0.4   1   1   6.5e-16   2.7e-13   54.7   0.4    10   122  1438  1578  1429  1580 0.68 [190263/477/1]
190263/475/1.f:MCKEEP_09850 -            785 CBM32.hmm            -            124   3.6e-13   54.4   0.2   1   1   8.4e-16   3.6e-13   54.4   0.2     9   121   670   784   664   785 0.76 [190263/475/1]
190263/573/1.f:LIDFCI_13350 -            785 CBM32.hmm            -            124   3.6e-13   54.4   0.2   1   1   8.4e-16   3.6e-13   54.4   0.2     9   121   670   784   664   785 0.76 [190263/573/1]
#
# Program:         hmmsearch
# Version:         3.3.2 (Nov 2020)
# Pipeline mode:   SEARCH
# Query file:      /kb/module/work/tmp/output.1725388484971/CBM32/CBM32.hmm
# Target file:     /kb/module/work/tmp/output.1725388484971/hCom2_RAST.fasta
# Option settings: /kb/module/hmmer/bin/hmmsearch --domtblout /kb/module/work/tmp/output.1725388484971/CBM32/CBM32-hCom2_RAST.hitout.txt --noali --notextw --domE 1e-15 /kb/module/work/tmp/output.1725388484971/CBM32/CBM32.hmm /kb/module/work/tmp/output.1725388484971/hCom2_RAST.fasta 
# Current dir:     /kb/module/work/tmp/output.1725388484971
# Date:            Tue Sep  3 19:00:36 2024
# [ok]
