#                                                                                   --- full sequence --- -------------- this domain -------------   hmm coord   ali coord   env coord
# target name               accession   tlen query name           accession   qlen   E-value  score  bias   #  of  c-Evalue  i-Evalue  score  bias  from    to  from    to  from    to  acc description of target
#       ------------------- ---------- ----- -------------------- ---------- ----- --------- ------ ----- --- --- --------- --------- ------ ----- ----- ----- ----- ----- ----- ----- ---- ---------------------
190263/412/1.f:OOIBGL_11880 -            605 CBM37.hmm            -             62   1.5e-48  167.0   9.2   1   2   1.3e-22   1.9e-19   73.8   0.3     1    60   362   421   362   423 0.97 [190263/412/1]
190263/412/1.f:OOIBGL_11880 -            605 CBM37.hmm            -             62   1.5e-48  167.0   9.2   2   2   7.6e-30   1.1e-26   97.0   1.9     1    62   453   517   453   517 0.99 [190263/412/1]
190263/412/1.f:OOIBGL_16725 -            858 CBM37.hmm            -             62     1e-46  161.1  13.2   1   2   2.6e-23   3.9e-20   76.0   0.7     3    61   689   747   687   748 0.96 [190263/412/1]
190263/412/1.f:OOIBGL_16725 -            858 CBM37.hmm            -             62     1e-46  161.1  13.2   2   2   9.3e-28   1.4e-24   90.3   0.3     1    62   778   839   778   839 0.99 [190263/412/1]
190263/412/1.f:OOIBGL_07975 -            976 CBM37.hmm            -             62   2.2e-46  160.1  25.9   1   2   6.3e-20   9.4e-17   65.2   8.3     6    60   807   861   803   863 0.95 [190263/412/1]
190263/412/1.f:OOIBGL_07975 -            976 CBM37.hmm            -             62   2.2e-46  160.1  25.9   2   2   2.7e-32     4e-29  104.8   2.3     1    62   894   957   894   957 0.98 [190263/412/1]
190263/412/1.f:OOIBGL_15685 -            682 CBM37.hmm            -             62   1.5e-45  157.4  28.1   1   2   2.7e-21     4e-18   69.6   8.4     1    61   505   565   505   566 0.98 [190263/412/1]
190263/412/1.f:OOIBGL_15685 -            682 CBM37.hmm            -             62   1.5e-45  157.4  28.1   2   2   3.3e-30     5e-27   98.1   5.9     2    62   599   663   598   663 0.98 [190263/412/1]
190263/412/1.f:OOIBGL_11885 -            464 CBM37.hmm            -             62   2.1e-45  157.0  12.2   1   2   4.9e-23   7.4e-20   75.1   1.2     2    61   293   352   292   353 0.97 [190263/412/1]
190263/412/1.f:OOIBGL_11885 -            464 CBM37.hmm            -             62   2.1e-45  157.0  12.2   2   2   6.3e-27   9.4e-24   87.6   1.9     1    62   384   445   384   445 0.99 [190263/412/1]
190263/412/1.f:OOIBGL_17885 -            583 CBM37.hmm            -             62   2.3e-45  156.8  13.4   1   2   1.8e-24   2.6e-21   79.8   0.3     4    62   418   476   415   476 0.95 [190263/412/1]
190263/412/1.f:OOIBGL_17885 -            583 CBM37.hmm            -             62   2.3e-45  156.8  13.4   2   2   5.4e-26   8.1e-23   84.6   0.1     2    60   504   562   503   564 0.98 [190263/412/1]
190263/412/1.f:OOIBGL_17085 -            540 CBM37.hmm            -             62   5.8e-37  129.9  20.9   1   1   5.1e-31   7.6e-28  100.7   3.4     2    62   457   521   456   521 0.97 [190263/412/1]
190263/412/1.f:OOIBGL_05500 -            909 CBM37.hmm            -             62   1.9e-34  121.9  14.0   1   2   8.9e-22   1.3e-18   71.1   1.4     1    62   743   804   743   804 0.96 [190263/412/1]
190263/412/1.f:OOIBGL_05500 -            909 CBM37.hmm            -             62   1.9e-34  121.9  14.0   2   2   6.2e-18   9.3e-15   58.8   0.3     5    62   832   890   828   890 0.95 [190263/412/1]
190263/412/1.f:OOIBGL_09095 -           1571 CBM37.hmm            -             62   5.9e-34  120.3  23.9   1   2   1.5e-19   2.3e-16   63.9   1.3     2    60  1402  1460  1401  1462 0.96 [190263/412/1]
190263/412/1.f:OOIBGL_09095 -           1571 CBM37.hmm            -             62   5.9e-34  120.3  23.9   2   2   7.8e-20   1.2e-16   64.9   4.8     5    62  1494  1552  1490  1552 0.93 [190263/412/1]
190263/412/1.f:OOIBGL_17855 -            839 CBM37.hmm            -             62   2.3e-33  118.4  13.5   1   1   1.7e-23   2.5e-20   76.7   0.6     1    61   497   560   497   561 0.97 [190263/412/1]
190263/412/1.f:OOIBGL_18160 -            398 CBM37.hmm            -             62   2.4e-30  108.7   2.8   1   1   1.6e-33   2.4e-30  108.7   2.8     1    62   316   379   316   379 0.98 [190263/412/1]
190263/412/1.f:OOIBGL_18155 -            390 CBM37.hmm            -             62   2.8e-30  108.5  12.0   1   1   1.2e-32   1.8e-29  106.0   2.5     1    62   308   371   308   371 0.98 [190263/412/1]
190263/412/1.f:OOIBGL_08420 -            819 CBM37.hmm            -             62   3.4e-30  108.3   2.2   1   1     1e-32   1.5e-29  106.1   2.2     2    62   738   800   737   800 0.98 [190263/412/1]
190263/412/1.f:OOIBGL_00250 -            498 CBM37.hmm            -             62   3.4e-30  108.2   4.0   1   1   2.3e-33   3.4e-30  108.2   2.5     2    62   415   479   414   479 0.99 [190263/412/1]
190263/412/1.f:OOIBGL_06540 -           1025 CBM37.hmm            -             62   4.4e-30  107.9  14.6   1   1   2.1e-31   3.1e-28  102.0   3.0     1    62   941  1006   941  1006 0.99 [190263/412/1]
190263/412/1.f:OOIBGL_08415 -           1008 CBM37.hmm            -             62   2.4e-29  105.5   3.8   1   1   1.6e-32   2.4e-29  105.5   3.8     1    62   925   988   925   988 0.98 [190263/412/1]
190263/412/1.f:OOIBGL_06940 -            879 CBM37.hmm            -             62   5.7e-29  104.3   3.4   1   1   3.8e-32   5.7e-29  104.3   3.4     2    62   797   859   796   859 0.98 [190263/412/1]
190263/412/1.f:OOIBGL_04295 -            557 CBM37.hmm            -             62   6.9e-29  104.1   3.4   1   1   1.5e-31   2.2e-28  102.5   3.4     2    62   476   538   475   538 0.98 [190263/412/1]
190263/412/1.f:OOIBGL_10905 -            921 CBM37.hmm            -             62   7.2e-29  104.0   4.5   1   1   3.3e-31     5e-28  101.3   4.5     2    62   838   902   837   902 0.98 [190263/412/1]
190263/412/1.f:OOIBGL_08410 -            384 CBM37.hmm            -             62   1.1e-28  103.4  15.7   1   1   5.7e-31   8.5e-28  100.6   5.6     1    62   300   365   300   365 0.98 [190263/412/1]
190263/412/1.f:OOIBGL_08205 -            832 CBM37.hmm            -             62   2.5e-28  102.3   1.9   1   1   6.7e-31     1e-27  100.3   1.9     1    62   748   813   748   813 0.98 [190263/412/1]
190263/412/1.f:OOIBGL_11140 -            650 CBM37.hmm            -             62   3.4e-28  101.8   5.4   1   1   2.3e-31   3.4e-28  101.8   5.4     2    62   567   631   566   631 0.98 [190263/412/1]
190263/412/1.f:OOIBGL_01015 -            830 CBM37.hmm            -             62   3.5e-28  101.8   8.2   1   1   3.5e-31   5.3e-28  101.2   5.7     2    62   747   811   746   811 0.98 [190263/412/1]
190263/412/1.f:OOIBGL_09745 -            999 CBM37.hmm            -             62   4.4e-28  101.5   2.8   1   1   2.9e-31   4.4e-28  101.5   2.8     2    62   918   980   917   980 0.98 [190263/412/1]
190263/412/1.f:OOIBGL_17870 -            653 CBM37.hmm            -             62   6.1e-28  101.0   3.9   1   1   2.1e-30   3.2e-27   98.7   3.9     1    62   569   634   569   634 0.99 [190263/412/1]
190263/412/1.f:OOIBGL_05485 -           1413 CBM37.hmm            -             62     9e-28  100.5   4.6   1   1     6e-31     9e-28  100.5   4.6     1    62  1329  1394  1329  1394 0.98 [190263/412/1]
190263/412/1.f:OOIBGL_10915 -            915 CBM37.hmm            -             62   9.5e-28  100.4   4.6   1   1   6.4e-31   9.5e-28  100.4   4.6     1    62   831   896   831   896 0.99 [190263/412/1]
190263/412/1.f:OOIBGL_17850 -            559 CBM37.hmm            -             62   6.7e-27   97.7   3.5   1   1   4.5e-30   6.7e-27   97.7   3.5     1    62   477   540   477   540 0.98 [190263/412/1]
190263/412/1.f:OOIBGL_15385 -            545 CBM37.hmm            -             62     6e-25   91.5  11.3   1   1   6.2e-24   9.2e-21   78.0   1.6     2    59   319   376   318   379 0.96 [190263/412/1]
190263/412/1.f:OOIBGL_09860 -            975 CBM37.hmm            -             62   8.7e-25   90.9   0.8   1   1     2e-27     3e-24   89.2   0.8     1    62   529   592   529   592 0.98 [190263/412/1]
190263/412/1.f:OOIBGL_15390 -            445 CBM37.hmm            -             62   1.1e-24   90.6   0.3   1   1   7.6e-28   1.1e-24   90.6   0.3     2    62   366   426   365   426 0.98 [190263/412/1]
190263/412/1.f:OOIBGL_12685 -            935 CBM37.hmm            -             62   1.5e-24   90.1   3.4   1   1     1e-27   1.5e-24   90.1   3.4     2    62   853   916   852   916 0.97 [190263/412/1]
190263/412/1.f:OOIBGL_07980 -            425 CBM37.hmm            -             62   9.4e-24   87.6   1.0   1   1   1.9e-26   2.9e-23   86.0   0.6     1    62   341   406   341   406 0.97 [190263/412/1]
190263/412/1.f:OOIBGL_18195 -            757 CBM37.hmm            -             62   5.4e-23   85.2   0.3   1   1   3.6e-26   5.4e-23   85.2   0.3     1    61   440   502   440   503 0.97 [190263/412/1]
#
# Program:         hmmsearch
# Version:         3.3.2 (Nov 2020)
# Pipeline mode:   SEARCH
# Query file:      /kb/module/work/tmp/output.1725388484971/CBM37/CBM37.hmm
# Target file:     /kb/module/work/tmp/output.1725388484971/hCom2_RAST.fasta
# Option settings: /kb/module/hmmer/bin/hmmsearch --domtblout /kb/module/work/tmp/output.1725388484971/CBM37/CBM37-hCom2_RAST.hitout.txt --noali --notextw --domE 1e-15 /kb/module/work/tmp/output.1725388484971/CBM37/CBM37.hmm /kb/module/work/tmp/output.1725388484971/hCom2_RAST.fasta 
# Current dir:     /kb/module/work/tmp/output.1725388484971
# Date:            Tue Sep  3 19:00:41 2024
# [ok]
