#                                                                                   --- full sequence --- -------------- this domain -------------   hmm coord   ali coord   env coord
# target name               accession   tlen query name           accession   qlen   E-value  score  bias   #  of  c-Evalue  i-Evalue  score  bias  from    to  from    to  from    to  acc description of target
#       ------------------- ---------- ----- -------------------- ---------- ----- --------- ------ ----- --- --- --------- --------- ------ ----- ----- ----- ----- ----- ----- ----- ---- ---------------------
190263/580/1.f:JCPJNN_03145 -            808 CBM48.hmm            -             76   3.2e-25   92.8   0.1   1   1   3.8e-19   5.2e-16   63.3   0.0     3    71   128   213   126   218 0.88 [190263/580/1]
190263/507/1.f:KPMKPI_08900 -            763 CBM48.hmm            -             76   3.9e-25   92.5   0.0   1   1   2.4e-20   3.3e-17   67.1   0.0     2    71   127   213   126   218 0.88 [190263/507/1]
190263/433/1.f:ADFNDI_10815 -            761 CBM48.hmm            -             76   1.3e-24   90.8   0.0   1   1     4e-20   5.5e-17   66.4   0.0     2    71   124   210   123   215 0.83 [190263/433/1]
190263/370/1.f:MFKGBO_25905 -           1011 CBM48.hmm            -             76     4e-24   89.3   0.0   1   1   3.4e-20   4.7e-17   66.6   0.0     2    70   127   212   126   218 0.90 [190263/370/1]
190263/586/1.f:KBDCAC_15535 -            919 CBM48.hmm            -             76   6.5e-24   88.6   0.1   1   1   4.9e-19   6.7e-16   62.9   0.0     2    70   127   212   126   218 0.88 [190263/586/1]
190263/384/1.f:CDKGIA_28380 -           1035 CBM48.hmm            -             76   1.3e-23   87.7   0.0   1   1   7.6e-19     1e-15   62.3   0.0     2    70   127   214   126   220 0.89 [190263/384/1]
190263/532/1.f:BGDBBA_05875 -            823 CBM48.hmm            -             76   1.5e-23   87.5   0.5   1   1   3.2e-18   4.5e-15   60.3   0.1     2    71   129   215   128   221 0.84 [190263/532/1]
190263/386/1.f:DBGIOG_18135 -            733 CBM48.hmm            -             76   2.9e-23   86.5   0.0   1   1   3.4e-19   4.7e-16   63.4   0.0     2    71   126   212   125   217 0.87 [190263/386/1]
190263/546/1.f:GEHMID_20235 -            835 CBM48.hmm            -             76   4.6e-23   85.9   0.0   1   1   2.4e-19   3.4e-16   63.9   0.0     2    71   128   214   127   219 0.88 [190263/546/1]
190263/375/1.f:CNGHJF_19620 -            773 CBM48.hmm            -             76   9.3e-23   84.9   0.0   1   1   1.2e-17   1.6e-14   58.5   0.0     2    68   127   210   126   220 0.87 [190263/375/1]
190263/474/1.f:AMDJJA_03535 -            750 CBM48.hmm            -             76   1.4e-22   84.4   0.5   1   1   4.9e-16   6.7e-13   53.3   0.1     7    70   160   238   140   244 0.76 [190263/474/1]
190263/472/1.f:NMGHJI_11660 -            766 CBM48.hmm            -             76     3e-22   83.3   0.0   1   1   1.2e-17   1.6e-14   58.5   0.0     2    68   124   210   123   217 0.82 [190263/472/1]
190263/409/1.f:AJJCMD_28105 -            962 CBM48.hmm            -             76   4.3e-22   82.8   0.0   1   1   2.5e-17   3.5e-14   57.4   0.0     2    67   127   209   126   221 0.89 [190263/409/1]
190263/487/1.f:MPKEFC_08615 -            634 CBM48.hmm            -             76   6.2e-22   82.3   0.0   1   1     8e-18   1.1e-14   59.0   0.0     2    71   126   212   125   217 0.82 [190263/487/1]
190263/513/1.f:MKNBNH_04415 -            839 CBM48.hmm            -             76     8e-22   81.9   1.1   1   1   1.4e-18   1.9e-15   61.4   0.0     2    70   129   214   128   224 0.85 [190263/513/1]
190263/527/1.f:HGADJN_03860 -            751 CBM48.hmm            -             76   2.7e-21   80.2   1.0   1   1   4.9e-16   6.8e-13   53.3   0.0     7    70   157   238   140   244 0.77 [190263/527/1]
190263/478/1.f:BOCJFA_05710 -            757 CBM48.hmm            -             76   1.1e-19   75.1   0.0   1   1   1.6e-18   2.2e-15   61.3   0.0     2    68   124   207   123   216 0.83 [190263/478/1]
190263/420/1.f:GMHOLO_03600 -            751 CBM48.hmm            -             76   1.4e-19   74.7   0.9   1   1   5.1e-16     7e-13   53.3   0.0     7    70   157   238   140   244 0.77 [190263/420/1]
190263/363/1.f:CIHHOC_09370 -            749 CBM48.hmm            -             76   1.5e-19   74.6   0.0   1   1   4.2e-18   5.9e-15   59.9   0.0     2    71   127   213   126   220 0.81 [190263/363/1]
190263/382/1.f:JACGKO_09365 -            762 CBM48.hmm            -             76   2.1e-19   74.2   0.6   1   1   3.9e-22   5.3e-19   72.9   0.1     3    70    26   114    24   120 0.87 [190263/382/1]
190263/576/1.f:FNMBCG_04305 -            647 CBM48.hmm            -             76   7.2e-19   72.4   0.2   1   1   1.8e-21   2.5e-18   70.7   0.2     3    70    22   105    20   110 0.89 [190263/576/1]
190263/576/1.f:FNMBCG_01070 -            753 CBM48.hmm            -             76   1.2e-18   71.7   0.4   1   1   2.7e-21   3.7e-18   70.2   0.4     3    71    32   117    30   122 0.87 [190263/576/1]
190263/413/1.f:NMLDCG_10435 -            640 CBM48.hmm            -             76   1.4e-18   71.5   2.3   1   1     4e-21   5.5e-18   69.6   1.4     3    68    22   102    20   113 0.85 [190263/413/1]
190263/363/1.f:CIHHOC_14890 -            628 CBM48.hmm            -             76   1.4e-18   71.5   0.3   1   1     6e-21   8.3e-18   69.0   0.0     2    70    26   111    25   116 0.88 [190263/363/1]
190263/443/1.f:LNLACP_12750 -            672 CBM48.hmm            -             76   1.9e-18   71.1   0.3   1   1   3.7e-21   5.2e-18   69.7   0.3     3    71    30   114    28   119 0.90 [190263/443/1]
190263/472/1.f:NMGHJI_00720 -            628 CBM48.hmm            -             76   2.2e-18   70.9   0.2   1   1   7.6e-21   1.1e-17   68.7   0.1     2    71    26   112    25   116 0.89 [190263/472/1]
190263/478/1.f:BOCJFA_01295 -            628 CBM48.hmm            -             76   3.2e-18   70.4   1.9   1   1     4e-21   5.5e-18   69.6   0.1     2    71    26   112    25   116 0.88 [190263/478/1]
190263/452/1.f:PEIHBN_14525 -            635 CBM48.hmm            -             76   6.5e-18   69.4   0.2   1   1   3.1e-20   4.3e-17   66.7   0.1     2    70    29   114    28   119 0.89 [190263/452/1]
190263/586/1.f:KBDCAC_00150 -            657 CBM48.hmm            -             76   8.1e-18   69.1   0.1   1   1   2.5e-20   3.4e-17   67.1   0.1     2    71    53   139    52   143 0.88 [190263/586/1]
190263/596/1.f:GDHELL_04955 -            761 CBM48.hmm            -             76   1.1e-17   68.6   0.2   1   1   2.1e-20   2.9e-17   67.3   0.2     3    71    27   112    25   117 0.86 [190263/596/1]
190263/406/1.f:DKNBGD_04045 -            655 CBM48.hmm            -             76   1.3e-17   68.4   0.9   1   1   2.9e-20     4e-17   66.9   0.1     3    70    22   106    20   112 0.86 [190263/406/1]
190263/370/1.f:MFKGBO_01020 -            690 CBM48.hmm            -             76   2.1e-17   67.8   0.4   1   1   6.5e-20     9e-17   65.7   0.1     2    71    87   173    86   177 0.86 [190263/370/1]
190263/541/1.f:IDEEIE_16725 -            637 CBM48.hmm            -             76   3.9e-17   66.9   0.7   1   1   9.5e-20   1.3e-16   65.2   0.1     2    69    31   115    30   121 0.87 [190263/541/1]
190263/433/1.f:ADFNDI_16145 -            628 CBM48.hmm            -             76   4.3e-17   66.8   0.1   1   1   2.3e-19   3.1e-16   64.0   0.1     2    70    26   111    25   118 0.87 [190263/433/1]
190263/436/1.f:KEEIED_02140 -            663 CBM48.hmm            -             76   4.4e-17   66.7   0.6   1   1   1.2e-19   1.7e-16   64.8   0.2     3    68    26   111    24   119 0.86 [190263/436/1]
190263/409/1.f:AJJCMD_01555 -            636 CBM48.hmm            -             76   5.2e-17   66.5   0.8   1   1   1.5e-19   2.1e-16   64.5   0.1     2    72    32   119    31   122 0.88 [190263/409/1]
190263/531/1.f:KJIPPC_13215 -            636 CBM48.hmm            -             76   5.2e-17   66.5   0.4   1   1   2.9e-19     4e-16   63.7   0.0     2    70    30   115    29   120 0.86 [190263/531/1]
190263/422/1.f:HJBCNJ_02670 -            673 CBM48.hmm            -             76   5.4e-17   66.4   0.8   1   1   1.3e-19   1.8e-16   64.8   0.6     3    71    25   109    23   113 0.86 [190263/422/1]
190263/423/1.f:PDNKFB_11650 -            652 CBM48.hmm            -             76   5.5e-17   66.4   0.8   1   1   4.4e-19     6e-16   63.1   0.1     2    70    23   110    22   115 0.89 [190263/423/1]
190263/439/1.f:KGLJGB_01840 -            645 CBM48.hmm            -             76   6.6e-17   66.2   0.2   1   1   1.8e-19   2.5e-16   64.3   0.2     2    68    26   112    25   121 0.85 [190263/439/1]
190263/495/1.f:ANKNCD_04975 -            632 CBM48.hmm            -             76   7.1e-17   66.1   0.1   1   1   8.1e-19   1.1e-15   62.2   0.0     2    70    23   110    22   115 0.88 [190263/495/1]
190263/560/1.f:OAGBLH_00725 -            616 CBM48.hmm            -             76   7.6e-17   66.0   0.4   1   1   2.9e-19   3.9e-16   63.7   0.0     3    69    21   104    19   111 0.88 [190263/560/1]
190263/477/1.f:PCLDCI_09550 -            756 CBM48.hmm            -             76   8.4e-17   65.8   0.0   1   1   1.5e-19     2e-16   64.6   0.0     3    71    27   112    25   117 0.83 [190263/477/1]
190263/588/1.f:LGPOLK_03725 -            684 CBM48.hmm            -             76   9.1e-17   65.7   0.1   1   1   2.1e-19   2.9e-16   64.1   0.1     3    69    26   110    24   117 0.86 [190263/588/1]
190263/474/1.f:AMDJJA_03625 -            703 CBM48.hmm            -             76   9.2e-17   65.7   0.0   1   1   1.9e-19   2.6e-16   64.2   0.0     2    71     3    92     2    96 0.88 [190263/474/1]
190263/380/1.f:GDCFAC_13255 -            699 CBM48.hmm            -             76     1e-16   65.5   0.5   1   1   2.4e-19   3.3e-16   63.9   0.3     3    71    33   117    31   121 0.84 [190263/380/1]
190263/565/1.f:PAEINE_06695 -            748 CBM48.hmm            -             76   1.2e-16   65.4   0.1   1   1   2.3e-19   3.1e-16   64.0   0.1     2    71    44   130    43   134 0.85 [190263/565/1]
190263/458/1.f:AMPCAI_12070 -            634 CBM48.hmm            -             76   1.4e-16   65.1   0.3   1   1     1e-19   1.4e-16   65.1   0.3     3    69    22   101    20   107 0.90 [190263/458/1]
190263/457/1.f:IIKDLL_01575 -            683 CBM48.hmm            -             76   1.7e-16   64.8   0.7   1   1   1.6e-18   2.2e-15   61.3   0.3     2    72    69   156    68   160 0.88 [190263/457/1]
190263/386/1.f:DBGIOG_09515 -            633 CBM48.hmm            -             76   1.7e-16   64.8   0.3   1   1   4.7e-19   6.5e-16   63.0   0.1     2    69    25   109    24   115 0.88 [190263/386/1]
190263/527/1.f:HGADJN_03955 -            714 CBM48.hmm            -             76   1.9e-16   64.7   0.0   1   1   4.1e-19   5.6e-16   63.2   0.0     2    71    10    99     9   135 0.92 [190263/527/1]
190263/375/1.f:CNGHJF_00690 -            636 CBM48.hmm            -             76   1.9e-16   64.7   0.1   1   1   8.6e-19   1.2e-15   62.1   0.0     2    72    32   119    31   123 0.86 [190263/375/1]
190263/420/1.f:GMHOLO_03690 -            714 CBM48.hmm            -             76   2.1e-16   64.6   0.0   1   1   4.4e-19   6.1e-16   63.1   0.0     2    71    10    99     9   104 0.89 [190263/420/1]
190263/384/1.f:CDKGIA_01540 -            642 CBM48.hmm            -             76   2.1e-16   64.6   0.0   1   1   9.3e-19   1.3e-15   62.0   0.0     2    72    40   127    39   131 0.89 [190263/384/1]
190263/547/1.f:KJCAKO_10240 -            608 CBM48.hmm            -             76   2.3e-16   64.4   0.8   1   1   5.5e-19   7.6e-16   62.8   0.0     3    69    21    99    19   106 0.87 [190263/547/1]
190263/425/1.f:HPANHD_08490 -            673 CBM48.hmm            -             76   2.6e-16   64.2   0.1   1   1   5.7e-19   7.8e-16   62.7   0.1     3    70    27   105    25   111 0.89 [190263/425/1]
190263/567/1.f:NOEGFN_14265 -            672 CBM48.hmm            -             76   3.6e-16   63.8   1.2   1   1   4.4e-19     6e-16   63.1   0.1     3    72    29   117    27   121 0.83 [190263/567/1]
190263/549/1.f:CNBDFB_17415 -            636 CBM48.hmm            -             76   4.5e-16   63.5   0.3   1   1   1.1e-18   1.6e-15   61.7   0.0     2    70    30   115    29   120 0.86 [190263/549/1]
190263/520/1.f:GGDGDE_19510 -            632 CBM48.hmm            -             76   5.2e-16   63.3   0.2   1   1   6.2e-18   8.5e-15   59.4   0.0     2    70    23   110    22   115 0.86 [190263/520/1]
190263/557/1.f:DOLMEB_00910 -            640 CBM48.hmm            -             76   5.2e-16   63.3   0.2   1   1   2.1e-18   2.9e-15   60.9   0.1     2    69    35   118    34   124 0.88 [190263/557/1]
190263/578/1.f:HIHCLH_00160 -            639 CBM48.hmm            -             76   5.8e-16   63.1   0.1   1   1   2.1e-18   2.9e-15   60.9   0.1     2    70    27   112    26   118 0.89 [190263/578/1]
190263/537/1.f:AHPNMI_17455 -            636 CBM48.hmm            -             76   6.7e-16   62.9   0.6   1   1   2.6e-18   3.6e-15   60.6   0.3     2    70    30   115    29   120 0.85 [190263/537/1]
190263/530/1.f:LBOGMJ_11810 -            639 CBM48.hmm            -             76   7.1e-16   62.8   0.1   1   1   1.4e-18     2e-15   61.4   0.1     3    69    28   108    26   114 0.88 [190263/530/1]
190263/487/1.f:MPKEFC_08050 -            634 CBM48.hmm            -             76   7.5e-16   62.8   0.1   1   1   2.1e-18   2.8e-15   60.9   0.0     2    68    26   109    25   120 0.85 [190263/487/1]
190263/496/1.f:JJBAFO_04420 -            699 CBM48.hmm            -             76   8.1e-16   62.7   0.5   1   1   1.3e-18   1.8e-15   61.5   0.5     2    70    30   115    29   120 0.85 [190263/496/1]
190263/438/1.f:IKAFOJ_09095 -            627 CBM48.hmm            -             76   9.1e-16   62.5   2.1   1   1   1.2e-18   1.7e-15   61.6   0.2     3    69    22   105    20   111 0.88 [190263/438/1]
190263/396/1.f:KAAOMA_20510 -            657 CBM48.hmm            -             76   1.1e-15   62.2   0.0   1   1   1.9e-18   2.6e-15   61.1   0.0     3    68    28   109    26   122 0.84 [190263/396/1]
190263/390/1.f:OLPOLE_04195 -            671 CBM48.hmm            -             76   2.1e-15   61.3   0.1   1   1     4e-18   5.6e-15   60.0   0.1     3    71    27   113    25   118 0.84 [190263/390/1]
190263/596/1.f:GDHELL_04090 -            638 CBM48.hmm            -             76   2.1e-15   61.3   0.4   1   1   3.4e-18   4.7e-15   60.2   0.4     3    71    27   111    25   116 0.83 [190263/596/1]
190263/490/1.f:OIBLLI_07415 -            643 CBM48.hmm            -             76   2.5e-15   61.1   0.1   1   1   1.2e-17   1.6e-14   58.5   0.1     2    71    31   117    30   122 0.88 [190263/490/1]
190263/429/1.f:OMPHBF_11125 -            675 CBM48.hmm            -             76   2.9e-15   60.9   0.2   1   1   7.5e-18     1e-14   59.1   0.2     3    70    29   114    27   120 0.84 [190263/429/1]
190263/584/1.f:DDCNLE_10110 -            634 CBM48.hmm            -             76   3.3e-15   60.7   0.1   1   1   1.6e-17   2.2e-14   58.1   0.0     7    71    34   115    28   120 0.80 [190263/584/1]
190263/549/1.f:CNBDFB_01560 -            595 CBM48.hmm            -             76   3.4e-15   60.7   0.0   1   1   6.9e-18   9.5e-15   59.2   0.0     3    67    18    93    16   105 0.88 [190263/549/1]
190263/507/1.f:KPMKPI_14600 -            634 CBM48.hmm            -             76   4.3e-15   60.3   0.0   1   1   1.8e-17   2.4e-14   57.9   0.0     3    70    27   111    25   116 0.85 [190263/507/1]
190263/433/1.f:ADFNDI_03875 -            594 CBM48.hmm            -             76   4.3e-15   60.3   0.0   1   1   8.5e-18   1.2e-14   59.0   0.0     3    67    18    93    16   104 0.89 [190263/433/1]
190263/383/1.f:KCEMEB_11120 -            766 CBM48.hmm            -             76   4.7e-15   60.2   1.3   1   1   9.7e-18   1.3e-14   58.8   0.0     3    69    25   105    23   113 0.87 [190263/383/1]
190263/580/1.f:JCPJNN_13540 -            640 CBM48.hmm            -             76   5.3e-15   60.0   0.1   1   1   8.9e-17   1.2e-13   55.7   0.0     2    70    34   119    33   124 0.88 [190263/580/1]
190263/580/1.f:JCPJNN_31365 -            594 CBM48.hmm            -             76   8.7e-15   59.4   0.0   1   1   1.5e-17     2e-14   58.2   0.0     3    69    18    95    16   101 0.86 [190263/580/1]
190263/458/1.f:AMPCAI_01310 -            591 CBM48.hmm            -             76     1e-14   59.1   0.4   1   1   8.5e-17   1.2e-13   55.7   0.1     3    70    18    95    16   102 0.86 [190263/458/1]
190263/455/1.f:GDGJDA_15855 -            681 CBM48.hmm            -             76   1.1e-14   59.0   2.3   1   1   8.2e-18   1.1e-14   59.0   0.1     2    71    75   161    74   165 0.85 [190263/455/1]
190263/412/1.f:OOIBGL_02975 -            663 CBM48.hmm            -             76   1.4e-14   58.7   0.1   1   1   3.4e-17   4.7e-14   57.0   0.1     3    69    27   110    25   117 0.88 [190263/412/1]
190263/400/1.f:EIBLKL_02855 -            696 CBM48.hmm            -             76   1.7e-14   58.4   0.0   1   1   3.1e-17   4.2e-14   57.2   0.0     3    68    28   111    26   120 0.83 [190263/400/1]
190263/447/1.f:OLODHC_15300 -            637 CBM48.hmm            -             76   2.5e-14   57.9   0.1   1   1   1.2e-16   1.7e-13   55.2   0.0     2    70    31   116    30   121 0.85 [190263/447/1]
190263/487/1.f:MPKEFC_03400 -            636 CBM48.hmm            -             76   2.6e-14   57.8   0.0   1   1   6.7e-17   9.3e-14   56.1   0.0     3    69    18    97    16   105 0.86 [190263/487/1]
190263/512/1.f:JBCLGH_11775 -            692 CBM48.hmm            -             76   3.4e-14   57.5   0.1   1   1   1.2e-16   1.7e-13   55.3   0.0     2    69    86   170    85   176 0.88 [190263/512/1]
190263/443/1.f:LNLACP_02815 -            592 CBM48.hmm            -             76     4e-14   57.2   0.9   1   1   9.5e-17   1.3e-13   55.6   0.9     3    68    18    92    16    98 0.80 [190263/443/1]
190263/468/1.f:DIOFOH_11010 -            608 CBM48.hmm            -             76   4.3e-14   57.1   0.3   1   1   3.1e-17   4.3e-14   57.1   0.3     3    69    22   101    20   108 0.86 [190263/468/1]
190263/495/1.f:ANKNCD_06830 -            644 CBM48.hmm            -             76   5.5e-14   56.8   1.1   1   1   9.1e-17   1.3e-13   55.7   0.2     2    71    20   105    19   109 0.84 [190263/495/1]
190263/514/1.f:MMHOAN_00550 -            641 CBM48.hmm            -             76   8.9e-14   56.1   0.1   1   1     2e-16   2.8e-13   54.6   0.1     2    70    35   120    34   125 0.85 [190263/514/1]
190263/531/1.f:KJIPPC_08760 -            594 CBM48.hmm            -             76   9.4e-14   56.0   0.3   1   1   2.9e-16     4e-13   54.0   0.0     3    67    18    93    16   103 0.89 [190263/531/1]
190263/409/1.f:AJJCMD_25835 -            628 CBM48.hmm            -             76   9.8e-14   56.0   0.1   1   1   2.2e-16   3.1e-13   54.4   0.0     3    67    18    93    16   104 0.88 [190263/409/1]
190263/396/1.f:KAAOMA_06255 -            611 CBM48.hmm            -             76   1.1e-13   55.8   0.0   1   1   2.5e-16   3.5e-13   54.2   0.0     3    67    18    93    16   102 0.86 [190263/396/1]
190263/494/1.f:LHPBBO_03355 -            654 CBM48.hmm            -             76   1.2e-13   55.8   0.0   1   1   2.1e-16   2.8e-13   54.5   0.0    10    71    46   118    30   126 0.84 [190263/494/1]
190263/527/1.f:HGADJN_04155 -           1752 CBM48.hmm            -             76   1.8e-13   55.2   0.9   1   1   1.3e-16   1.8e-13   55.2   0.9     2    73   982  1069   981  1072 0.82 [190263/527/1]
190263/363/1.f:CIHHOC_14300 -            606 CBM48.hmm            -             76     2e-13   55.0   0.6   1   1   4.4e-16   6.1e-13   53.5   0.1     3    67    19    93    17   104 0.85 [190263/363/1]
190263/537/1.f:AHPNMI_10720 -            595 CBM48.hmm            -             76   3.9e-13   54.1   0.0   1   1   7.9e-16   1.1e-12   52.6   0.0     3    67    18    93    16   103 0.88 [190263/537/1]
190263/443/1.f:LNLACP_03565 -            642 CBM48.hmm            -             76   5.1e-13   53.7   1.3   1   1     7e-16   9.6e-13   52.8   0.6     2    71    16   104    15   109 0.81 [190263/443/1]
#
# Program:         hmmsearch
# Version:         3.3.2 (Nov 2020)
# Pipeline mode:   SEARCH
# Query file:      /kb/module/work/tmp/output.1725388484971/CBM48/CBM48.hmm
# Target file:     /kb/module/work/tmp/output.1725388484971/hCom2_RAST.fasta
# Option settings: /kb/module/hmmer/bin/hmmsearch --domtblout /kb/module/work/tmp/output.1725388484971/CBM48/CBM48-hCom2_RAST.hitout.txt --noali --notextw --domE 1e-15 /kb/module/work/tmp/output.1725388484971/CBM48/CBM48.hmm /kb/module/work/tmp/output.1725388484971/hCom2_RAST.fasta 
# Current dir:     /kb/module/work/tmp/output.1725388484971
# Date:            Tue Sep  3 19:00:49 2024
# [ok]
