#                                                                                   --- full sequence --- -------------- this domain -------------   hmm coord   ali coord   env coord
# target name               accession   tlen query name           accession   qlen   E-value  score  bias   #  of  c-Evalue  i-Evalue  score  bias  from    to  from    to  from    to  acc description of target
#       ------------------- ---------- ----- -------------------- ---------- ----- --------- ------ ----- --- --- --------- --------- ------ ----- ----- ----- ----- ----- ----- ----- ---- ---------------------
190263/438/1.f:IKAFOJ_09995 -           1984 CBM6.hmm             -            138   3.1e-64  220.0  22.0   1   3   1.2e-20   3.2e-17   67.7   0.0    35   137  1126  1245  1099  1246 0.83 [190263/438/1]
190263/438/1.f:IKAFOJ_09995 -           1984 CBM6.hmm             -            138   3.1e-64  220.0  22.0   2   3   3.8e-24     1e-20   79.0   0.5    19   136  1257  1382  1249  1384 0.87 [190263/438/1]
190263/438/1.f:IKAFOJ_09995 -           1984 CBM6.hmm             -            138   3.1e-64  220.0  22.0   3   3   7.7e-25     2e-21   81.3   4.7    18   136  1391  1521  1385  1523 0.84 [190263/438/1]
190263/562/1.f:KJGNCK_25205 -            836 CBM6.hmm             -            138   3.4e-47  164.8  21.7   1   3   8.6e-18   2.2e-14   58.5   3.3     1   138    93   229    93   229 0.86 [190263/562/1]
190263/562/1.f:KJGNCK_25205 -            836 CBM6.hmm             -            138   3.4e-47  164.8  21.7   2   3   7.1e-17   1.9e-13   55.5   0.5     1   136   572   695   572   697 0.83 [190263/562/1]
190263/562/1.f:KJGNCK_25205 -            836 CBM6.hmm             -            138   3.4e-47  164.8  21.7   3   3   1.8e-18   4.8e-15   60.6   3.9     1   136   708   835   708   836 0.85 [190263/562/1]
190263/585/1.f:DLBDDB_19440 -            836 CBM6.hmm             -            138   2.5e-44  155.5  17.0   1   2   1.2e-18   3.1e-15   61.3   4.8     1   137    93   228    93   229 0.84 [190263/585/1]
190263/585/1.f:DLBDDB_19440 -            836 CBM6.hmm             -            138   2.5e-44  155.5  17.0   2   2   1.1e-16     3e-13   54.8   0.1     1   136   572   695   572   697 0.85 [190263/585/1]
190263/439/1.f:KGLJGB_09065 -           1384 CBM6.hmm             -            138   7.6e-39  137.7  12.0   1   2     8e-29   2.1e-25   94.2   3.4    15   138   537   668   526   668 0.89 [190263/439/1]
190263/439/1.f:KGLJGB_09065 -           1384 CBM6.hmm             -            138   7.6e-39  137.7  12.0   2   2   9.9e-18   2.6e-14   58.3   1.4    26   137   843   958   818   959 0.79 [190263/439/1]
190263/438/1.f:IKAFOJ_03010 -           1602 CBM6.hmm             -            138   3.6e-35  125.8  23.7   1   2   8.5e-18   2.2e-14   58.5   3.2    26   138   835   967   815   967 0.86 [190263/438/1]
190263/438/1.f:IKAFOJ_03010 -           1602 CBM6.hmm             -            138   3.6e-35  125.8  23.7   2   2   6.3e-17   1.7e-13   55.7   3.9    10   138  1110  1255  1105  1255 0.82 [190263/438/1]
190263/396/1.f:KAAOMA_17065 -           1003 CBM6.hmm             -            138   2.1e-34  123.4   0.5   1   1   7.9e-38   2.1e-34  123.4   0.5    16   138   336   458   331   458 0.95 [190263/396/1]
190263/396/1.f:KAAOMA_11710 -            952 CBM6.hmm             -            138   3.7e-33  119.3   2.1   1   1   1.4e-36   3.7e-33  119.3   2.1     8   135   752   880   749   883 0.93 [190263/396/1]
190263/405/1.f:EHKDKA_02300 -            456 CBM6.hmm             -            138   7.1e-33  118.4   1.1   1   1     6e-36   1.6e-32  117.3   1.1    12   137   323   451   312   452 0.89 [190263/405/1]
190263/573/1.f:LIDFCI_15940 -            462 CBM6.hmm             -            138     2e-32  116.9   0.9   1   1   6.3e-35   1.7e-31  114.0   0.0    16   138   336   462   328   462 0.92 [190263/573/1]
190263/552/1.f:EMALNL_07595 -            462 CBM6.hmm             -            138   5.8e-32  115.4   1.3   1   1   1.4e-34   3.6e-31  112.9   0.0    16   138   336   462   328   462 0.92 [190263/552/1]
190263/475/1.f:MCKEEP_08390 -            461 CBM6.hmm             -            138   6.5e-32  115.3   1.5   1   1   1.4e-34   3.6e-31  112.9   0.0    16   138   335   461   327   461 0.92 [190263/475/1]
190263/460/1.f:IHFGKI_00025 -            986 CBM6.hmm             -            138   8.5e-32  114.9   2.6   1   1   3.2e-34   8.3e-31  111.7   0.3    16   138   350   476   343   476 0.94 [190263/460/1]
190263/502/1.f:NONHGB_05225 -            461 CBM6.hmm             -            138   2.6e-31  113.3   0.7   1   1   9.8e-35   2.6e-31  113.3   0.7    16   137   340   461   332   461 0.94 [190263/502/1]
190263/405/1.f:EHKDKA_05940 -            894 CBM6.hmm             -            138   3.2e-31  113.1   0.5   1   1   3.8e-34   9.9e-31  111.5   0.1    17   136   773   892   759   894 0.93 [190263/405/1]
190263/456/1.f:LKAJBD_15320 -            449 CBM6.hmm             -            138   8.4e-31  111.7   1.3   1   1   6.7e-34   1.8e-30  110.6   1.3    14   137   323   449   311   449 0.89 [190263/456/1]
190263/388/1.f:FDDJJK_00180 -            835 CBM6.hmm             -            138   2.2e-29  107.1   0.5   1   1   4.1e-32   1.1e-28  104.9   0.0    14   137   337   464   329   465 0.92 [190263/388/1]
190263/552/1.f:EMALNL_07535 -            443 CBM6.hmm             -            138   3.1e-29  106.6   0.1   1   1   1.1e-31     3e-28  103.4   0.0    18   137   321   443   314   443 0.93 [190263/552/1]
190263/562/1.f:KJGNCK_02445 -            464 CBM6.hmm             -            138   1.8e-28  104.1   0.1   1   1     7e-32   1.8e-28  104.1   0.1    17   137   341   463   335   464 0.92 [190263/562/1]
190263/475/1.f:MCKEEP_08335 -            443 CBM6.hmm             -            138   2.9e-28  103.5   0.1   1   1   1.1e-30   2.8e-27  100.3   0.0    18   137   321   443   314   443 0.93 [190263/475/1]
190263/456/1.f:LKAJBD_13210 -            507 CBM6.hmm             -            138   4.1e-28  103.0   0.0   1   1   5.6e-31   1.5e-27  101.2   0.0    15   138   380   507   372   507 0.91 [190263/456/1]
190263/573/1.f:LIDFCI_16005 -            475 CBM6.hmm             -            138   1.1e-26   98.3   0.1   1   1   2.9e-29   7.6e-26   95.6   0.0    18   135   320   440   313   441 0.93 [190263/573/1]
190263/541/1.f:IDEEIE_12540 -           1769 CBM6.hmm             -            138   1.2e-26   98.2   0.5   1   1   4.6e-30   1.2e-26   98.2   0.5    18   137  1415  1543  1407  1544 0.89 [190263/541/1]
190263/405/1.f:EHKDKA_02295 -            470 CBM6.hmm             -            138   5.9e-26   96.0   0.1   1   1   4.2e-29   1.1e-25   95.1   0.1    15   137   341   469   334   470 0.91 [190263/405/1]
190263/456/1.f:LKAJBD_15325 -            452 CBM6.hmm             -            138   2.3e-25   94.1   5.8   1   1   1.5e-28     4e-25   93.3   0.8    15   138   325   452   312   452 0.90 [190263/456/1]
190263/552/1.f:EMALNL_01805 -            472 CBM6.hmm             -            138   3.2e-25   93.6   0.3   1   1   1.2e-28   3.2e-25   93.6   0.3    16   128   340   452   331   459 0.90 [190263/552/1]
190263/417/1.f:MHBJAE_04965 -            997 CBM6.hmm             -            138   3.7e-24   90.1   3.7   1   1   2.7e-27   7.1e-24   89.2   0.1    18   138   867   993   860   993 0.91 [190263/417/1]
190263/552/1.f:EMALNL_01635 -            458 CBM6.hmm             -            138   7.9e-23   85.9   0.3   1   1   9.8e-26   2.6e-22   84.2   0.0    18   138   332   458   327   458 0.91 [190263/552/1]
190263/405/1.f:EHKDKA_12390 -            948 CBM6.hmm             -            138   9.7e-23   85.6   2.7   1   1   1.1e-25   2.8e-22   84.1   0.3    15   137   823   948   812   948 0.90 [190263/405/1]
190263/488/1.f:DNPFAC_08260 -           1072 CBM6.hmm             -            138   1.3e-22   85.2   0.0   1   1     1e-25   2.6e-22   84.2   0.0    18   123   564   669   555   678 0.88 [190263/488/1]
190263/456/1.f:LKAJBD_17190 -            448 CBM6.hmm             -            138   7.1e-22   82.8   2.4   1   1   3.2e-25   8.5e-22   82.5   0.1    18   137   322   448   316   448 0.87 [190263/456/1]
190263/417/1.f:MHBJAE_07120 -           1071 CBM6.hmm             -            138     9e-22   82.4   0.0   1   1   7.4e-25   1.9e-21   81.4   0.0    19   124   565   669   552   677 0.87 [190263/417/1]
190263/460/1.f:IHFGKI_00020 -            443 CBM6.hmm             -            138   1.4e-21   81.8   0.5   1   1   5.5e-25   1.4e-21   81.8   0.5    17   136   314   441   309   443 0.86 [190263/460/1]
190263/405/1.f:EHKDKA_05920 -            453 CBM6.hmm             -            138   1.5e-21   81.7   8.4   1   1   6.6e-25   1.7e-21   81.5   0.5    16   138   327   453   313   453 0.89 [190263/405/1]
190263/552/1.f:EMALNL_01505 -            461 CBM6.hmm             -            138   3.1e-21   80.7   0.7   1   1   2.3e-24   6.1e-21   79.7   0.0    18   137   338   461   333   461 0.92 [190263/552/1]
190263/502/1.f:NONHGB_01825 -           1070 CBM6.hmm             -            138   4.7e-21   80.1   0.0   1   1   5.4e-24   1.4e-20   78.6   0.0    19   123   564   668   544   680 0.89 [190263/502/1]
190263/502/1.f:NONHGB_05240 -            453 CBM6.hmm             -            138   6.2e-21   79.7   7.5   1   1   4.6e-24   1.2e-20   78.8   0.3    16   138   327   453   317   453 0.90 [190263/502/1]
190263/399/1.f:CDLIDF_16920 -            441 CBM6.hmm             -            138   8.1e-21   79.3   0.5   1   1   3.4e-23   8.9e-20   76.0   0.0    17   136   320   441   313   441 0.91 [190263/399/1]
190263/477/1.f:PCLDCI_04215 -           1796 CBM6.hmm             -            138     1e-20   79.0  13.8   1   1   7.9e-24   2.1e-20   78.0   0.1    11   137   980  1108   972  1109 0.89 [190263/477/1]
190263/405/1.f:EHKDKA_06255 -            443 CBM6.hmm             -            138   1.1e-20   78.9   0.5   1   1   9.5e-24   2.5e-20   77.8   0.5    45   136   352   442   316   443 0.88 [190263/405/1]
190263/502/1.f:NONHGB_05445 -            443 CBM6.hmm             -            138   2.1e-20   78.0   0.9   1   1     2e-23   5.4e-20   76.7   0.9    43   136   350   442   310   443 0.85 [190263/502/1]
190263/399/1.f:CDLIDF_16915 -            467 CBM6.hmm             -            138   6.4e-20   76.4   0.0   1   1     6e-23   1.6e-19   75.2   0.0    16   137   341   466   335   467 0.90 [190263/399/1]
190263/477/1.f:PCLDCI_04970 -           1238 CBM6.hmm             -            138   1.9e-17   68.4   0.3   1   1   7.4e-21   1.9e-17   68.4   0.3    35   137    65   173    29   174 0.75 [190263/477/1]
190263/438/1.f:IKAFOJ_10055 -           1859 CBM6.hmm             -            138   1.6e-16   65.4   1.9   1   1   6.2e-20   1.6e-16   65.4   1.9    27   136  1402  1530  1388  1532 0.80 [190263/438/1]
190263/369/1.f:JCDIFE_02360 -            952 CBM6.hmm             -            138   2.2e-15   61.7   0.1   1   1   9.7e-18   2.5e-14   58.3   0.0    16   138   837   952   832   952 0.92 [190263/369/1]
190263/522/1.f:NPJBCH_12035 -           1325 CBM6.hmm             -            138   2.8e-15   61.4   3.7   1   1   1.8e-18   4.8e-15   60.6   0.0    20   136   546   665   539   667 0.85 [190263/522/1]
190263/520/1.f:GGDGDE_19915 -            549 CBM6.hmm             -            138   3.1e-15   61.2   0.4   1   1   5.5e-18   1.4e-14   59.1   0.1    18   137   425   549   416   549 0.86 [190263/520/1]
190263/456/1.f:LKAJBD_03940 -            442 CBM6.hmm             -            138   3.7e-15   61.0   0.4   1   1   3.4e-18   8.8e-15   59.8   0.4    36   137   342   442   309   442 0.87 [190263/456/1]
190263/461/1.f:DHPHOK_02915 -            946 CBM6.hmm             -            138   6.1e-15   60.3   0.0   1   1   2.7e-17   7.1e-14   56.8   0.0    16   138   831   946   826   946 0.91 [190263/461/1]
190263/540/1.f:BCGFLB_08615 -            439 CBM6.hmm             -            138   4.4e-14   57.5   0.0   1   1   2.9e-17   7.6e-14   56.7   0.0    30   138   328   437   302   437 0.86 [190263/540/1]
190263/502/1.f:NONHGB_02285 -            549 CBM6.hmm             -            138   1.9e-13   55.4   1.2   1   1   1.3e-16   3.3e-13   54.7   0.2     1   137    85   223    85   224 0.85 [190263/502/1]
#
# Program:         hmmsearch
# Version:         3.3.2 (Nov 2020)
# Pipeline mode:   SEARCH
# Query file:      /kb/module/work/tmp/output.1725388484971/CBM6/CBM6.hmm
# Target file:     /kb/module/work/tmp/output.1725388484971/hCom2_RAST.fasta
# Option settings: /kb/module/hmmer/bin/hmmsearch --domtblout /kb/module/work/tmp/output.1725388484971/CBM6/CBM6-hCom2_RAST.hitout.txt --noali --notextw --domE 1e-15 /kb/module/work/tmp/output.1725388484971/CBM6/CBM6.hmm /kb/module/work/tmp/output.1725388484971/hCom2_RAST.fasta 
# Current dir:     /kb/module/work/tmp/output.1725388484971
# Date:            Tue Sep  3 19:00:15 2024
# [ok]
