#                                                                                   --- full sequence --- -------------- this domain -------------   hmm coord   ali coord   env coord
# target name               accession   tlen query name           accession   qlen   E-value  score  bias   #  of  c-Evalue  i-Evalue  score  bias  from    to  from    to  from    to  acc description of target
#       ------------------- ---------- ----- -------------------- ---------- ----- --------- ------ ----- --- --- --------- --------- ------ ----- ----- ----- ----- ----- ----- ----- ---- ---------------------
190263/484/1.f:NBHDLB_01520 -            305 CE11.hmm             -            271  9.6e-110  370.5   0.0   1   1  1.4e-113  1.1e-109  370.3   0.0     1   270     4   275     4   276 0.99 [190263/484/1]
190263/473/1.f:MLHPCA_04790 -            305 CE11.hmm             -            271  4.5e-102  345.4   0.0   1   1  7.3e-106  5.7e-102  345.1   0.0     1   268     3   269     3   271 0.99 [190263/473/1]
190263/591/1.f:NBPJEL_06955 -            279 CE11.hmm             -            271   2.2e-98  333.3   0.0   1   1  3.2e-102   2.5e-98  333.1   0.0     1   270     5   271     5   272 0.99 [190263/591/1]
190263/588/1.f:LGPOLK_00215 -            277 CE11.hmm             -            271   2.1e-95  323.5   0.1   1   1   3.1e-99   2.4e-95  323.3   0.1     1   270     6   273     6   274 0.99 [190263/588/1]
190263/540/1.f:BCGFLB_09830 -            464 CE11.hmm             -            271   7.1e-93  315.2   0.0   1   2   6.3e-76   4.9e-72  246.9   0.0     1   222     5   227     5   236 0.96 [190263/540/1]
190263/540/1.f:BCGFLB_09830 -            464 CE11.hmm             -            271   7.1e-93  315.2   0.0   2   2   6.5e-21     5e-17   66.5   0.0   213   270   241   298   233   299 0.93 [190263/540/1]
190263/417/1.f:MHBJAE_07425 -            461 CE11.hmm             -            271   1.4e-92  314.3   0.0   1   1     3e-94   2.3e-90  307.0   0.0     1   269     4   297     4   299 0.99 [190263/417/1]
190263/437/1.f:LBKKEJ_17460 -            461 CE11.hmm             -            271   1.4e-92  314.3   0.1   1   2   1.9e-76   1.4e-72  248.6   0.0     1   220     4   224     4   232 0.98 [190263/437/1]
190263/437/1.f:LBKKEJ_17460 -            461 CE11.hmm             -            271   1.4e-92  314.3   0.1   2   2   4.9e-20   3.8e-16   63.6   0.0   215   270   243   298   237   299 0.94 [190263/437/1]
190263/583/1.f:BCCKNC_08135 -            461 CE11.hmm             -            271   1.7e-92  314.0   0.1   1   2   1.2e-76   9.3e-73  249.3   0.0     1   220     4   224     4   231 0.98 [190263/583/1]
190263/583/1.f:BCCKNC_08135 -            461 CE11.hmm             -            271   1.7e-92  314.0   0.1   2   2   9.5e-20   7.3e-16   62.7   0.0   216   270   244   298   238   299 0.94 [190263/583/1]
190263/564/1.f:KIHMBJ_10400 -            463 CE11.hmm             -            271   2.8e-92  313.3   0.1   1   1   1.1e-93   8.4e-90  305.1   0.1     1   269     5   297     5   299 0.97 [190263/564/1]
190263/506/1.f:IKGMED_09885 -            438 CE11.hmm             -            271     3e-92  313.2   0.0   1   1     5e-96   3.9e-92  312.8   0.0     1   270     6   275     6   276 0.98 [190263/506/1]
190263/460/1.f:IHFGKI_07950 -            460 CE11.hmm             -            271   3.8e-92  312.8   0.2   1   2   5.6e-77   4.3e-73  250.3   0.0     1   220     4   223     4   233 0.97 [190263/460/1]
190263/460/1.f:IHFGKI_07950 -            460 CE11.hmm             -            271   3.8e-92  312.8   0.2   2   2   4.1e-19   3.2e-15   60.6   0.0   216   269   243   296   235   298 0.92 [190263/460/1]
190263/488/1.f:DNPFAC_08580 -            461 CE11.hmm             -            271   3.9e-92  312.8   0.0   1   2   6.6e-76   5.1e-72  246.8   0.0     1   221     4   225     4   232 0.98 [190263/488/1]
190263/488/1.f:DNPFAC_08580 -            461 CE11.hmm             -            271   3.9e-92  312.8   0.0   2   2   3.8e-20   2.9e-16   64.0   0.0   216   269   244   297   239   299 0.95 [190263/488/1]
190263/382/1.f:JACGKO_00985 -            278 CE11.hmm             -            271   1.5e-91  310.9   0.2   1   1   2.1e-95   1.7e-91  310.7   0.2     1   270     4   272     4   273 0.99 [190263/382/1]
190263/399/1.f:CDLIDF_08460 -            461 CE11.hmm             -            271   1.8e-91  310.6   0.1   1   2   2.2e-75   1.7e-71  245.1   0.0     1   220     4   224     4   232 0.98 [190263/399/1]
190263/399/1.f:CDLIDF_08460 -            461 CE11.hmm             -            271   1.8e-91  310.6   0.1   2   2   5.4e-20   4.2e-16   63.5   0.0   216   270   244   298   237   299 0.94 [190263/399/1]
190263/401/1.f:DMFJNH_10400 -            461 CE11.hmm             -            271   2.3e-91  310.3   0.1   1   2     8e-75   6.2e-71  243.3   0.0     1   220     4   224     4   233 0.98 [190263/401/1]
190263/401/1.f:DMFJNH_10400 -            461 CE11.hmm             -            271   2.3e-91  310.3   0.1   2   2   1.7e-20   1.3e-16   65.1   0.0   213   269   241   297   237   299 0.94 [190263/401/1]
190263/504/1.f:DOAHDM_10765 -            461 CE11.hmm             -            271   2.3e-91  310.3   0.1   1   2     8e-75   6.2e-71  243.3   0.0     1   220     4   224     4   233 0.98 [190263/504/1]
190263/504/1.f:DOAHDM_10765 -            461 CE11.hmm             -            271   2.3e-91  310.3   0.1   2   2   1.7e-20   1.3e-16   65.1   0.0   213   269   241   297   237   299 0.94 [190263/504/1]
190263/497/1.f:HENFFC_01770 -            461 CE11.hmm             -            271   2.5e-91  310.2   0.3   1   2   7.1e-75   5.5e-71  243.4   0.1     1   220     4   224     4   233 0.98 [190263/497/1]
190263/497/1.f:HENFFC_01770 -            461 CE11.hmm             -            271   2.5e-91  310.2   0.3   2   2   1.8e-20   1.4e-16   65.0   0.0   213   270   241   298   237   299 0.94 [190263/497/1]
190263/595/1.f:HGDLEC_01980 -            465 CE11.hmm             -            271   2.7e-91  310.0   0.1   1   1   1.2e-92   9.4e-89  301.7   0.1     1   269     8   301     8   303 0.98 [190263/595/1]
190263/404/1.f:BGJBIG_07390 -            461 CE11.hmm             -            271   2.9e-91  310.0   0.1   1   2     1e-74   7.8e-71  243.0   0.0     1   220     4   224     4   233 0.98 [190263/404/1]
190263/404/1.f:BGJBIG_07390 -            461 CE11.hmm             -            271   2.9e-91  310.0   0.1   2   2   1.7e-20   1.3e-16   65.1   0.0   213   269   241   297   237   299 0.94 [190263/404/1]
190263/366/1.f:DBJPFP_11625 -            463 CE11.hmm             -            271   3.2e-91  309.8   0.1   1   2   2.3e-77   1.8e-73  251.6   0.0     1   220     5   225     5   232 0.95 [190263/366/1]
190263/366/1.f:DBJPFP_11625 -            463 CE11.hmm             -            271   3.2e-91  309.8   0.1   2   2   8.4e-18   6.5e-14   56.3   0.1   215   270   243   298   239   299 0.95 [190263/366/1]
190263/446/1.f:LHJMMB_00420 -            463 CE11.hmm             -            271   3.6e-91  309.6   0.2   1   2   2.5e-77     2e-73  251.5   0.0     1   220     5   225     5   234 0.95 [190263/446/1]
190263/446/1.f:LHJMMB_00420 -            463 CE11.hmm             -            271   3.6e-91  309.6   0.2   2   2   8.1e-18   6.3e-14   56.3   0.1   215   270   243   298   239   299 0.95 [190263/446/1]
190263/475/1.f:MCKEEP_10315 -            461 CE11.hmm             -            271   3.8e-91  309.6   0.1   1   2   1.4e-74   1.1e-70  242.5   0.0     1   220     4   224     4   231 0.98 [190263/475/1]
190263/475/1.f:MCKEEP_10315 -            461 CE11.hmm             -            271   3.8e-91  309.6   0.1   2   2   1.7e-20   1.3e-16   65.1   0.0   213   269   241   297   237   299 0.94 [190263/475/1]
190263/552/1.f:EMALNL_11385 -            461 CE11.hmm             -            271   3.8e-91  309.6   0.1   1   2   1.4e-74   1.1e-70  242.5   0.0     1   220     4   224     4   231 0.98 [190263/552/1]
190263/552/1.f:EMALNL_11385 -            461 CE11.hmm             -            271   3.8e-91  309.6   0.1   2   2   1.7e-20   1.3e-16   65.1   0.0   213   269   241   297   237   299 0.94 [190263/552/1]
190263/573/1.f:LIDFCI_00980 -            461 CE11.hmm             -            271   3.8e-91  309.6   0.1   1   2   1.4e-74   1.1e-70  242.5   0.0     1   220     4   224     4   231 0.98 [190263/573/1]
190263/573/1.f:LIDFCI_00980 -            461 CE11.hmm             -            271   3.8e-91  309.6   0.1   2   2   1.7e-20   1.3e-16   65.1   0.0   213   269   241   297   237   299 0.94 [190263/573/1]
190263/379/1.f:LOJHAC_13585 -            461 CE11.hmm             -            271   4.7e-91  309.2   0.1   1   2   4.4e-75   3.4e-71  244.1   0.0     1   220     4   224     4   234 0.98 [190263/379/1]
190263/379/1.f:LOJHAC_13585 -            461 CE11.hmm             -            271   4.7e-91  309.2   0.1   2   2     6e-20   4.7e-16   63.3   0.0   213   270   241   298   235   299 0.94 [190263/379/1]
190263/523/1.f:MDNHKG_05255 -            463 CE11.hmm             -            271   4.8e-91  309.2   0.0   1   2   6.6e-77   5.1e-73  250.1   0.0     1   218     5   223     5   239 0.95 [190263/523/1]
190263/523/1.f:MDNHKG_05255 -            463 CE11.hmm             -            271   4.8e-91  309.2   0.0   2   2   4.1e-18   3.2e-14   57.3   0.0   216   269   244   297   235   299 0.95 [190263/523/1]
190263/585/1.f:DLBDDB_08705 -            461 CE11.hmm             -            271     5e-91  309.2   0.1   1   2   1.4e-74   1.1e-70  242.5   0.0     1   220     4   224     4   231 0.98 [190263/585/1]
190263/585/1.f:DLBDDB_08705 -            461 CE11.hmm             -            271     5e-91  309.2   0.1   2   2   2.1e-20   1.7e-16   64.8   0.0   215   269   243   297   237   299 0.94 [190263/585/1]
190263/562/1.f:KJGNCK_11425 -            461 CE11.hmm             -            271   5.7e-91  309.0   0.1   1   2   9.1e-75     7e-71  243.1   0.0     1   220     4   224     4   234 0.98 [190263/562/1]
190263/562/1.f:KJGNCK_11425 -            461 CE11.hmm             -            271   5.7e-91  309.0   0.1   2   2   3.6e-20   2.8e-16   64.1   0.0   215   269   243   297   236   299 0.94 [190263/562/1]
190263/368/1.f:HPMDBE_12250 -            461 CE11.hmm             -            271     6e-91  308.9   0.1   1   2   5.6e-75   4.4e-71  243.8   0.0     1   220     4   224     4   234 0.98 [190263/368/1]
190263/368/1.f:HPMDBE_12250 -            461 CE11.hmm             -            271     6e-91  308.9   0.1   2   2     6e-20   4.7e-16   63.3   0.0   213   270   241   298   235   299 0.94 [190263/368/1]
190263/516/1.f:MGNFBC_10980 -            461 CE11.hmm             -            271     6e-91  308.9   0.1   1   2   5.6e-75   4.4e-71  243.8   0.0     1   220     4   224     4   234 0.98 [190263/516/1]
190263/516/1.f:MGNFBC_10980 -            461 CE11.hmm             -            271     6e-91  308.9   0.1   2   2     6e-20   4.7e-16   63.3   0.0   213   270   241   298   235   299 0.94 [190263/516/1]
190263/365/1.f:JJMMAK_09685 -            461 CE11.hmm             -            271   7.7e-91  308.5   0.4   1   2   2.1e-74   1.6e-70  241.9   0.1     1   220     4   224     4   233 0.98 [190263/365/1]
190263/365/1.f:JJMMAK_09685 -            461 CE11.hmm             -            271   7.7e-91  308.5   0.4   2   2   1.8e-20   1.4e-16   65.0   0.0   213   270   241   298   237   299 0.94 [190263/365/1]
190263/522/1.f:NPJBCH_03795 -            463 CE11.hmm             -            271   9.9e-91  308.2   0.0   1   1   3.9e-92   3.1e-88  300.0   0.0     1   268     6   298     6   301 0.98 [190263/522/1]
190263/388/1.f:FDDJJK_00510 -            461 CE11.hmm             -            271     1e-90  308.1   0.2   1   2   1.3e-74     1e-70  242.6   0.0     1   221     4   225     4   233 0.98 [190263/388/1]
190263/388/1.f:FDDJJK_00510 -            461 CE11.hmm             -            271     1e-90  308.1   0.2   2   2   4.6e-20   3.5e-16   63.7   0.0   216   270   244   298   237   299 0.94 [190263/388/1]
190263/556/1.f:EMIPPF_11780 -            465 CE11.hmm             -            271   1.3e-90  307.8   0.2   1   2   7.3e-77   5.6e-73  250.0   0.0     1   217     5   222     5   232 0.96 [190263/556/1]
190263/556/1.f:EMIPPF_11780 -            465 CE11.hmm             -            271   1.3e-90  307.8   0.2   2   2   1.1e-17   8.5e-14   55.9   0.1   215   270   243   298   239   299 0.95 [190263/556/1]
190263/421/1.f:PBKEAC_12880 -            463 CE11.hmm             -            271   1.6e-90  307.5   0.1   1   2   1.1e-76   8.6e-73  249.4   0.0     1   219     5   224     5   234 0.96 [190263/421/1]
190263/421/1.f:PBKEAC_12880 -            463 CE11.hmm             -            271   1.6e-90  307.5   0.1   2   2   8.8e-18   6.8e-14   56.2   0.0   215   270   243   298   239   299 0.95 [190263/421/1]
190263/502/1.f:NONHGB_10285 -            461 CE11.hmm             -            271   2.1e-90  307.1   0.2   1   2   3.5e-74   2.7e-70  241.2   0.0     1   220     4   224     4   232 0.98 [190263/502/1]
190263/502/1.f:NONHGB_10285 -            461 CE11.hmm             -            271   2.1e-90  307.1   0.2   2   2   3.4e-20   2.7e-16   64.1   0.0   215   269   243   297   237   299 0.94 [190263/502/1]
190263/466/1.f:PGJOII_06710 -            461 CE11.hmm             -            271   2.2e-90  307.1   0.0   1   2   6.3e-74   4.9e-70  240.3   0.0     1   219     4   223     4   231 0.97 [190263/466/1]
190263/466/1.f:PGJOII_06710 -            461 CE11.hmm             -            271   2.2e-90  307.1   0.0   2   2   2.1e-20   1.6e-16   64.8   0.0   215   269   243   297   237   299 0.94 [190263/466/1]
190263/456/1.f:LKAJBD_06385 -            461 CE11.hmm             -            271   2.3e-90  307.0   0.0   1   2   6.6e-74   5.1e-70  240.3   0.0     1   217     4   221     4   231 0.98 [190263/456/1]
190263/456/1.f:LKAJBD_06385 -            461 CE11.hmm             -            271   2.3e-90  307.0   0.0   2   2   2.1e-20   1.6e-16   64.8   0.0   215   269   243   297   237   299 0.94 [190263/456/1]
190263/461/1.f:DHPHOK_08575 -            461 CE11.hmm             -            271   2.8e-90  306.7   0.1   1   2   7.9e-74   6.1e-70  240.0   0.0     1   221     4   225     4   233 0.97 [190263/461/1]
190263/461/1.f:DHPHOK_08575 -            461 CE11.hmm             -            271   2.8e-90  306.7   0.1   2   2   2.1e-20   1.6e-16   64.8   0.0   215   269   243   297   237   299 0.94 [190263/461/1]
190263/391/1.f:NONBJF_00490 -            461 CE11.hmm             -            271   2.9e-90  306.7   0.2   1   2   2.8e-74   2.2e-70  241.5   0.0     1   221     4   225     4   233 0.98 [190263/391/1]
190263/391/1.f:NONBJF_00490 -            461 CE11.hmm             -            271   2.9e-90  306.7   0.2   2   2   5.9e-20   4.6e-16   63.3   0.0   216   270   244   298   237   299 0.94 [190263/391/1]
190263/534/1.f:OHCFJE_00515 -            461 CE11.hmm             -            271   2.9e-90  306.7   0.2   1   2   2.8e-74   2.2e-70  241.5   0.0     1   221     4   225     4   233 0.98 [190263/534/1]
190263/534/1.f:OHCFJE_00515 -            461 CE11.hmm             -            271   2.9e-90  306.7   0.2   2   2   5.9e-20   4.6e-16   63.3   0.0   216   270   244   298   237   299 0.94 [190263/534/1]
190263/545/1.f:NCJBIN_00585 -            461 CE11.hmm             -            271   2.9e-90  306.7   0.2   1   2   2.8e-74   2.2e-70  241.5   0.0     1   221     4   225     4   233 0.98 [190263/545/1]
190263/545/1.f:NCJBIN_00585 -            461 CE11.hmm             -            271   2.9e-90  306.7   0.2   2   2   5.9e-20   4.6e-16   63.3   0.0   216   270   244   298   237   299 0.94 [190263/545/1]
190263/369/1.f:JCDIFE_09390 -            461 CE11.hmm             -            271   3.8e-90  306.3   0.1   1   2   1.1e-73   8.4e-70  239.6   0.0     1   221     4   225     4   233 0.97 [190263/369/1]
190263/369/1.f:JCDIFE_09390 -            461 CE11.hmm             -            271   3.8e-90  306.3   0.1   2   2   2.1e-20   1.6e-16   64.8   0.0   215   269   243   297   237   299 0.94 [190263/369/1]
190263/405/1.f:EHKDKA_11840 -            461 CE11.hmm             -            271   4.1e-90  306.2   0.1   1   2   6.8e-74   5.3e-70  240.2   0.0     1   220     4   224     4   232 0.98 [190263/405/1]
190263/405/1.f:EHKDKA_11840 -            461 CE11.hmm             -            271   4.1e-90  306.2   0.1   2   2   3.4e-20   2.7e-16   64.1   0.0   215   269   243   297   237   299 0.94 [190263/405/1]
190263/436/1.f:KEEIED_08605 -            445 CE11.hmm             -            271   2.2e-89  303.8   0.1   1   1   3.5e-93   2.7e-89  303.5   0.1     1   269     6   271     6   273 0.99 [190263/436/1]
190263/364/1.f:DKBBKL_09125 -            466 CE11.hmm             -            271   8.8e-89  301.8   0.0   1   2   7.9e-73   6.1e-69  236.7   0.0     1   225     5   231     5   240 0.96 [190263/364/1]
190263/364/1.f:DKBBKL_09125 -            466 CE11.hmm             -            271   8.8e-89  301.8   0.0   2   2   6.9e-20   5.3e-16   63.1   0.0   214   270   243   299   235   300 0.95 [190263/364/1]
190263/526/1.f:GBBCGM_09725 -            467 CE11.hmm             -            271   1.3e-88  301.2   0.0   1   2   5.9e-73   4.6e-69  237.1   0.0     1   221     5   227     5   234 0.96 [190263/526/1]
190263/526/1.f:GBBCGM_09725 -            467 CE11.hmm             -            271   1.3e-88  301.2   0.0   2   2   1.4e-19   1.1e-15   62.1   0.0   214   270   243   299   239   300 0.95 [190263/526/1]
190263/569/1.f:FCJLID_08080 -            282 CE11.hmm             -            271   2.8e-87  296.9   0.0   1   1     4e-91   3.1e-87  296.7   0.0     1   269     6   272     6   274 0.99 [190263/569/1]
#
# Program:         hmmsearch
# Version:         3.3.2 (Nov 2020)
# Pipeline mode:   SEARCH
# Query file:      /kb/module/work/tmp/output.1725388484971/CE11/CE11.hmm
# Target file:     /kb/module/work/tmp/output.1725388484971/hCom2_RAST.fasta
# Option settings: /kb/module/hmmer/bin/hmmsearch --domtblout /kb/module/work/tmp/output.1725388484971/CE11/CE11-hCom2_RAST.hitout.txt --noali --notextw --domE 1e-15 /kb/module/work/tmp/output.1725388484971/CE11/CE11.hmm /kb/module/work/tmp/output.1725388484971/hCom2_RAST.fasta 
# Current dir:     /kb/module/work/tmp/output.1725388484971
# Date:            Tue Sep  3 19:01:43 2024
# [ok]
