#                                                                                   --- full sequence --- -------------- this domain -------------   hmm coord   ali coord   env coord
# target name               accession   tlen query name           accession   qlen   E-value  score  bias   #  of  c-Evalue  i-Evalue  score  bias  from    to  from    to  from    to  acc description of target
#       ------------------- ---------- ----- -------------------- ---------- ----- --------- ------ ----- --- --- --------- --------- ------ ----- ----- ----- ----- ----- ----- ----- ---- ---------------------
190263/399/1.f:CDLIDF_08510 -            543 CE12.hmm             -            210  2.8e-117  394.5   0.9   1   2     6e-56   6.1e-53  184.3   0.1     2   210    61   280    60   280 0.89 [190263/399/1]
190263/399/1.f:CDLIDF_08510 -            543 CE12.hmm             -            210  2.8e-117  394.5   0.9   2   2   1.4e-63   1.5e-60  209.1   0.1     2   210   312   531   311   531 0.91 [190263/399/1]
190263/405/1.f:EHKDKA_09795 -            545 CE12.hmm             -            210  3.7e-115  387.5   1.7   1   2   1.1e-52   1.1e-49  173.6   0.1     2   210    67   286    66   286 0.88 [190263/405/1]
190263/405/1.f:EHKDKA_09795 -            545 CE12.hmm             -            210  3.7e-115  387.5   1.7   2   2   6.6e-65   6.7e-62  213.5   0.2     2   210   318   533   317   533 0.92 [190263/405/1]
190263/502/1.f:NONHGB_08495 -            545 CE12.hmm             -            210  3.7e-115  387.5   3.2   1   2   9.9e-53     1e-49  173.7   0.2     2   210    67   286    66   286 0.89 [190263/502/1]
190263/502/1.f:NONHGB_08495 -            545 CE12.hmm             -            210  3.7e-115  387.5   3.2   2   2     3e-65   3.1e-62  214.6   0.3     2   210   318   533   317   533 0.92 [190263/502/1]
190263/552/1.f:EMALNL_04465 -            555 CE12.hmm             -            210  8.2e-114  383.1   0.0   1   2   1.6e-54   1.6e-51  179.6   0.0     2   210    73   294    72   294 0.88 [190263/552/1]
190263/552/1.f:EMALNL_04465 -            555 CE12.hmm             -            210  8.2e-114  383.1   0.0   2   2   2.6e-61   2.7e-58  201.8   0.0     2   210   326   541   325   541 0.92 [190263/552/1]
190263/401/1.f:DMFJNH_10240 -            514 CE12.hmm             -            210  1.1e-113  382.8   2.4   1   2   1.5e-53   1.5e-50  176.4   0.1     2   210    36   255    35   255 0.88 [190263/401/1]
190263/401/1.f:DMFJNH_10240 -            514 CE12.hmm             -            210  1.1e-113  382.8   2.4   2   2   9.1e-63   9.3e-60  206.5   0.3     2   210   287   502   286   502 0.92 [190263/401/1]
190263/504/1.f:DOAHDM_10605 -            514 CE12.hmm             -            210  1.1e-113  382.8   2.4   1   2   1.5e-53   1.5e-50  176.4   0.1     2   210    36   255    35   255 0.88 [190263/504/1]
190263/504/1.f:DOAHDM_10605 -            514 CE12.hmm             -            210  1.1e-113  382.8   2.4   2   2   9.1e-63   9.3e-60  206.5   0.3     2   210   287   502   286   502 0.92 [190263/504/1]
190263/552/1.f:EMALNL_11040 -            514 CE12.hmm             -            210  1.2e-113  382.7   1.5   1   2     1e-53     1e-50  177.0   0.0     2   210    36   255    35   255 0.88 [190263/552/1]
190263/552/1.f:EMALNL_11040 -            514 CE12.hmm             -            210  1.2e-113  382.7   1.5   2   2   2.7e-62   2.8e-59  205.0   0.4     2   210   287   502   286   502 0.92 [190263/552/1]
190263/573/1.f:LIDFCI_00075 -            514 CE12.hmm             -            210  1.2e-113  382.6   2.3   1   2   1.2e-53   1.3e-50  176.7   0.0     2   210    36   255    35   255 0.88 [190263/573/1]
190263/573/1.f:LIDFCI_00075 -            514 CE12.hmm             -            210  1.2e-113  382.6   2.3   2   2   1.5e-62   1.6e-59  205.8   0.5     2   210   287   502   286   502 0.93 [190263/573/1]
190263/475/1.f:MCKEEP_09935 -            514 CE12.hmm             -            210  1.2e-113  382.6   2.3   1   2   1.2e-53   1.3e-50  176.7   0.0     2   210    36   255    35   255 0.88 [190263/475/1]
190263/475/1.f:MCKEEP_09935 -            514 CE12.hmm             -            210  1.2e-113  382.6   2.3   2   2   1.5e-62   1.6e-59  205.8   0.5     2   210   287   502   286   502 0.93 [190263/475/1]
190263/388/1.f:FDDJJK_00840 -            547 CE12.hmm             -            210  5.1e-113  380.5   1.5   1   2     5e-53     5e-50  174.7   0.0     2   210    65   284    64   284 0.88 [190263/388/1]
190263/388/1.f:FDDJJK_00840 -            547 CE12.hmm             -            210  5.1e-113  380.5   1.5   2   2   2.4e-62   2.4e-59  205.2   0.3     2   210   316   535   315   535 0.91 [190263/388/1]
190263/562/1.f:KJGNCK_11105 -            514 CE12.hmm             -            210  5.6e-113  380.4   2.3   1   2     2e-53     2e-50  176.0   0.1     2   210    36   255    35   255 0.88 [190263/562/1]
190263/562/1.f:KJGNCK_11105 -            514 CE12.hmm             -            210  5.6e-113  380.4   2.3   2   2   3.9e-62     4e-59  204.5   0.5     2   210   287   502   286   502 0.92 [190263/562/1]
190263/391/1.f:NONBJF_00835 -            547 CE12.hmm             -            210  7.8e-113  379.9   1.7   1   2   1.2e-52   1.2e-49  173.5   0.0     2   210    65   284    64   284 0.88 [190263/391/1]
190263/391/1.f:NONBJF_00835 -            547 CE12.hmm             -            210  7.8e-113  379.9   1.7   2   2   1.5e-62   1.5e-59  205.9   0.4     2   210   316   535   315   535 0.91 [190263/391/1]
190263/545/1.f:NCJBIN_00945 -            547 CE12.hmm             -            210  7.8e-113  379.9   1.7   1   2   1.2e-52   1.2e-49  173.5   0.0     2   210    65   284    64   284 0.88 [190263/545/1]
190263/545/1.f:NCJBIN_00945 -            547 CE12.hmm             -            210  7.8e-113  379.9   1.7   2   2   1.5e-62   1.5e-59  205.9   0.4     2   210   316   535   315   535 0.91 [190263/545/1]
190263/534/1.f:OHCFJE_01600 -            547 CE12.hmm             -            210    8e-113  379.9   1.7   1   2   1.2e-52   1.2e-49  173.5   0.0     2   210    65   284    64   284 0.88 [190263/534/1]
190263/534/1.f:OHCFJE_01600 -            547 CE12.hmm             -            210    8e-113  379.9   1.7   2   2   1.5e-62   1.5e-59  205.9   0.4     2   210   316   535   315   535 0.91 [190263/534/1]
190263/585/1.f:DLBDDB_07750 -            545 CE12.hmm             -            210  2.4e-112  378.4   1.0   1   2   1.3e-51   1.4e-48  170.1   0.0     2   210    66   285    65   285 0.88 [190263/585/1]
190263/585/1.f:DLBDDB_07750 -            545 CE12.hmm             -            210  2.4e-112  378.4   1.0   2   2   6.6e-63   6.7e-60  207.0   0.5     2   210   317   532   316   532 0.93 [190263/585/1]
190263/595/1.f:HGDLEC_07035 -            538 CE12.hmm             -            210  3.9e-106  358.0   0.0   1   2     3e-47     3e-44  155.8   0.0     2   210    59   275    58   275 0.88 [190263/595/1]
190263/595/1.f:HGDLEC_07035 -            538 CE12.hmm             -            210  3.9e-106  358.0   0.0   2   2   6.9e-61   7.1e-58  200.4   0.0     2   210   309   526   308   526 0.88 [190263/595/1]
190263/396/1.f:KAAOMA_04905 -           1056 CE12.hmm             -            210  7.1e-105  353.9   3.3   1   2   3.2e-43   3.3e-40  142.7   0.1     1   208   187   372   187   374 0.96 [190263/396/1]
190263/396/1.f:KAAOMA_04905 -           1056 CE12.hmm             -            210  7.1e-105  353.9   3.3   2   2   2.9e-64   2.9e-61  211.4   0.5     1   210   841  1050   841  1050 0.95 [190263/396/1]
190263/396/1.f:KAAOMA_06280 -           1056 CE12.hmm             -            210   2.1e-96  326.3   8.6   1   2   1.8e-36   1.8e-33  120.6   2.2     1   206   183   374   183   377 0.94 [190263/396/1]
190263/396/1.f:KAAOMA_06280 -           1056 CE12.hmm             -            210   2.1e-96  326.3   8.6   2   2   1.3e-63   1.3e-60  209.3   0.5     1   209   833  1042   833  1043 0.95 [190263/396/1]
190263/412/1.f:OOIBGL_17860 -           1028 CE12.hmm             -            210     2e-83  283.8   7.5   1   2   7.4e-35   7.5e-32  115.4   0.7     1   206   187   375   187   378 0.94 [190263/412/1]
190263/412/1.f:OOIBGL_17860 -           1028 CE12.hmm             -            210     2e-83  283.8   7.5   2   2   3.8e-51   3.9e-48  168.6   0.3     1   210   800  1015   800  1015 0.93 [190263/412/1]
190263/369/1.f:JCDIFE_08855 -            589 CE12.hmm             -            210   9.4e-78  265.3   0.0   1   1   1.5e-80   1.5e-77  264.7   0.0     1   210    26   271    26   271 0.97 [190263/369/1]
190263/466/1.f:PGJOII_00300 -            588 CE12.hmm             -            210   2.9e-77  263.7   0.0   1   1   5.2e-80   5.3e-77  262.9   0.0     1   210    26   270    26   270 0.95 [190263/466/1]
190263/475/1.f:MCKEEP_09730 -            582 CE12.hmm             -            210   3.8e-77  263.3   0.0   1   1   9.4e-80   9.6e-77  262.0   0.0     1   210    33   264    33   264 0.95 [190263/475/1]
190263/573/1.f:LIDFCI_13475 -            582 CE12.hmm             -            210   4.1e-77  263.2   0.0   1   1     1e-79     1e-76  262.0   0.0     1   210    33   264    33   264 0.93 [190263/573/1]
190263/388/1.f:FDDJJK_09425 -            574 CE12.hmm             -            210     6e-77  262.7   0.0   1   1   9.5e-80   9.7e-77  262.0   0.0     1   210    24   255    24   255 0.91 [190263/388/1]
190263/399/1.f:CDLIDF_11940 -            582 CE12.hmm             -            210   8.5e-77  262.2   0.1   1   1   1.5e-79   1.5e-76  261.4   0.1     1   209    26   263    26   264 0.94 [190263/399/1]
190263/391/1.f:NONBJF_09910 -            575 CE12.hmm             -            210   1.3e-76  261.7   0.0   1   1     2e-79     2e-76  261.0   0.0     1   210    25   256    25   256 0.91 [190263/391/1]
190263/534/1.f:OHCFJE_02900 -            575 CE12.hmm             -            210   1.3e-76  261.7   0.0   1   1     2e-79     2e-76  261.0   0.0     1   210    25   256    25   256 0.91 [190263/534/1]
190263/545/1.f:NCJBIN_10750 -            575 CE12.hmm             -            210   1.3e-76  261.7   0.0   1   1     2e-79     2e-76  261.0   0.0     1   210    25   256    25   256 0.91 [190263/545/1]
190263/562/1.f:KJGNCK_10815 -            579 CE12.hmm             -            210   1.3e-76  261.6   0.0   1   1   3.8e-79   3.9e-76  260.0   0.0     1   210    30   261    30   261 0.95 [190263/562/1]
190263/456/1.f:LKAJBD_06200 -            588 CE12.hmm             -            210   1.4e-76  261.5   0.0   1   1   2.5e-79   2.5e-76  260.7   0.0     1   210    26   270    26   270 0.96 [190263/456/1]
190263/585/1.f:DLBDDB_07610 -            580 CE12.hmm             -            210   1.6e-76  261.3   0.0   1   1   3.4e-79   3.5e-76  260.2   0.0     1   210    30   262    30   262 0.95 [190263/585/1]
190263/552/1.f:EMALNL_10740 -            582 CE12.hmm             -            210   3.3e-76  260.3   0.0   1   1     8e-79   8.2e-76  259.0   0.0     1   210    33   264    33   264 0.95 [190263/552/1]
190263/437/1.f:LBKKEJ_02715 -            574 CE12.hmm             -            210   6.4e-76  259.3   0.0   1   1   1.3e-78   1.3e-75  258.4   0.0     1   209    26   254    26   255 0.95 [190263/437/1]
190263/404/1.f:BGJBIG_07125 -            579 CE12.hmm             -            210   1.6e-75  258.1   0.0   1   1   3.7e-78   3.7e-75  256.8   0.0     1   210    30   261    30   261 0.94 [190263/404/1]
190263/405/1.f:EHKDKA_11505 -            588 CE12.hmm             -            210   2.2e-75  257.6   0.0   1   1   4.5e-78   4.6e-75  256.5   0.0     1   210    26   270    26   270 0.97 [190263/405/1]
190263/401/1.f:DMFJNH_09930 -            577 CE12.hmm             -            210   2.4e-75  257.5   0.0   1   1   5.4e-78   5.5e-75  256.3   0.0     1   210    33   264    33   264 0.96 [190263/401/1]
190263/502/1.f:NONHGB_09975 -            588 CE12.hmm             -            210   6.1e-75  256.1   0.0   1   1     1e-77   1.1e-74  255.4   0.0     1   210    26   270    26   270 0.96 [190263/502/1]
190263/421/1.f:PBKEAC_00950 -            561 CE12.hmm             -            210   1.1e-74  255.3   0.0   1   1   1.4e-77   1.5e-74  254.9   0.0     1   210    23   231    23   231 0.98 [190263/421/1]
190263/552/1.f:EMALNL_02620 -            540 CE12.hmm             -            210   1.5e-74  254.9   0.0   1   1   2.4e-77   2.4e-74  254.2   0.0     1   210     4   226     4   226 0.95 [190263/552/1]
190263/504/1.f:DOAHDM_10275 -            577 CE12.hmm             -            210   2.4e-74  254.2   0.0   1   1   5.5e-77   5.6e-74  253.0   0.0     1   210    33   264    33   264 0.95 [190263/504/1]
190263/405/1.f:EHKDKA_00160 -            282 CE12.hmm             -            210   2.6e-74  254.1   0.0   1   1     3e-77     3e-74  253.9   0.0     1   209    30   251    30   252 0.93 [190263/405/1]
190263/391/1.f:NONBJF_11010 -            630 CE12.hmm             -            210   4.5e-74  253.3   0.0   1   1   7.5e-77   7.6e-74  252.6   0.0     1   210    27   249    27   249 0.94 [190263/391/1]
190263/545/1.f:NCJBIN_11870 -            630 CE12.hmm             -            210   4.5e-74  253.3   0.0   1   1   7.5e-77   7.6e-74  252.6   0.0     1   210    27   249    27   249 0.94 [190263/545/1]
190263/534/1.f:OHCFJE_11220 -            630 CE12.hmm             -            210   5.6e-74  253.0   0.0   1   1   9.3e-77   9.5e-74  252.3   0.0     1   210    27   249    27   249 0.94 [190263/534/1]
190263/502/1.f:NONHGB_00185 -            709 CE12.hmm             -            210   1.4e-73  251.7   0.0   1   1     2e-76   2.1e-73  251.2   0.0     1   209    30   251    30   252 0.94 [190263/502/1]
190263/461/1.f:DHPHOK_17615 -            547 CE12.hmm             -            210   1.5e-73  251.6   0.1   1   1   4.3e-76   4.4e-73  250.1   0.0     1   209    30   251    30   252 0.94 [190263/461/1]
190263/388/1.f:FDDJJK_11105 -            566 CE12.hmm             -            210   1.7e-73  251.5   0.1   1   1   4.7e-76   4.8e-73  250.0   0.0     1   209    30   251    30   252 0.94 [190263/388/1]
190263/399/1.f:CDLIDF_02560 -            234 CE12.hmm             -            210   7.7e-73  249.3   0.0   1   1   8.6e-76   8.7e-73  249.1   0.0     4   210     1   220     1   220 0.96 [190263/399/1]
190263/391/1.f:NONBJF_16765 -            567 CE12.hmm             -            210   2.7e-72  247.5   0.0   1   1   4.7e-75   4.8e-72  246.7   0.0     1   209    28   251    28   252 0.94 [190263/391/1]
190263/562/1.f:KJGNCK_11015 -            352 CE12.hmm             -            210   7.8e-72  246.0   0.0   1   1     1e-74     1e-71  245.6   0.0     1   209   103   307   103   308 0.98 [190263/562/1]
190263/366/1.f:DBJPFP_00740 -            540 CE12.hmm             -            210   8.6e-72  245.8   0.0   1   1   1.3e-74   1.3e-71  245.3   0.0     1   210    23   231    23   231 0.98 [190263/366/1]
190263/552/1.f:EMALNL_10940 -            412 CE12.hmm             -            210   1.1e-71  245.5   0.0   1   1   1.5e-74   1.5e-71  245.0   0.0     1   209   163   367   163   368 0.98 [190263/552/1]
190263/585/1.f:DLBDDB_07700 -            412 CE12.hmm             -            210   1.5e-71  245.1   0.0   1   1   2.1e-74   2.1e-71  244.6   0.0     1   209   163   367   163   368 0.97 [190263/585/1]
190263/573/1.f:LIDFCI_13360 -            412 CE12.hmm             -            210   4.2e-71  243.6   0.0   1   1   5.7e-74   5.8e-71  243.1   0.0     1   209   163   367   163   368 0.98 [190263/573/1]
190263/475/1.f:MCKEEP_09840 -            412 CE12.hmm             -            210   5.8e-71  243.2   0.0   1   1   7.8e-74     8e-71  242.7   0.0     1   209   163   367   163   368 0.98 [190263/475/1]
190263/490/1.f:OIBLLI_05160 -            317 CE12.hmm             -            210   6.9e-71  242.9   0.0   1   1   8.7e-74   8.9e-71  242.5   0.0     1   208     2   295     2   297 0.93 [190263/490/1]
190263/457/1.f:IIKDLL_11785 -            241 CE12.hmm             -            210   8.1e-71  242.7   0.0   1   1     9e-74   9.2e-71  242.5   0.0     1   209     4   214     4   215 0.97 [190263/457/1]
190263/504/1.f:DOAHDM_10480 -            412 CE12.hmm             -            210   8.5e-71  242.6   0.0   1   1   1.1e-73   1.1e-70  242.2   0.0     1   209   163   367   163   368 0.98 [190263/504/1]
190263/401/1.f:DMFJNH_10100 -            415 CE12.hmm             -            210   9.3e-71  242.5   0.0   1   1   1.3e-73   1.3e-70  242.0   0.0     1   209   166   370   166   371 0.98 [190263/401/1]
190263/460/1.f:IHFGKI_05645 -            330 CE12.hmm             -            210   1.7e-70  241.6   0.0   1   1   2.2e-73   2.3e-70  241.2   0.0     1   209    25   256    25   257 0.94 [190263/460/1]
190263/388/1.f:FDDJJK_00950 -            424 CE12.hmm             -            210   7.7e-70  239.5   0.0   1   1   1.1e-72   1.1e-69  239.0   0.0     1   210   174   379   174   379 0.98 [190263/388/1]
190263/391/1.f:NONBJF_00970 -            424 CE12.hmm             -            210   7.8e-70  239.5   0.0   1   1   1.1e-72   1.1e-69  239.0   0.0     1   210   174   379   174   379 0.98 [190263/391/1]
190263/534/1.f:OHCFJE_01735 -            424 CE12.hmm             -            210   7.8e-70  239.5   0.0   1   1   1.1e-72   1.1e-69  239.0   0.0     1   210   174   379   174   379 0.98 [190263/534/1]
190263/545/1.f:NCJBIN_01085 -            424 CE12.hmm             -            210   7.8e-70  239.5   0.0   1   1   1.1e-72   1.1e-69  239.0   0.0     1   210   174   379   174   379 0.98 [190263/545/1]
190263/562/1.f:KJGNCK_06900 -            311 CE12.hmm             -            210   1.3e-69  238.8   0.0   1   1   1.5e-72   1.5e-69  238.5   0.0     1   209    25   233    25   234 0.94 [190263/562/1]
190263/562/1.f:KJGNCK_06870 -            412 CE12.hmm             -            210   1.8e-69  238.3   0.0   1   1   2.3e-72   2.3e-69  237.9   0.0     1   209   163   367   163   368 0.97 [190263/562/1]
190263/552/1.f:EMALNL_11095 -            427 CE12.hmm             -            210   3.5e-69  237.3   0.0   1   1   5.8e-72   5.9e-69  236.6   0.0     1   209   177   381   177   382 0.98 [190263/552/1]
190263/502/1.f:NONHGB_10805 -            425 CE12.hmm             -            210   3.1e-68  234.3   0.0   1   1   4.2e-71   4.2e-68  233.8   0.0     1   209   175   379   175   380 0.97 [190263/502/1]
190263/405/1.f:EHKDKA_12465 -            425 CE12.hmm             -            210   3.4e-68  234.1   0.0   1   1   4.5e-71   4.6e-68  233.7   0.0     1   209   175   379   175   380 0.97 [190263/405/1]
190263/562/1.f:KJGNCK_11155 -            427 CE12.hmm             -            210   5.4e-68  233.4   0.0   1   1   8.9e-71   9.1e-68  232.7   0.0     1   209   177   381   177   419 0.98 [190263/562/1]
190263/595/1.f:HGDLEC_02380 -            334 CE12.hmm             -            210   6.5e-68  233.2   0.0   1   1     9e-71   9.2e-68  232.7   0.0     1   210    29   261    29   261 0.95 [190263/595/1]
190263/520/1.f:GGDGDE_09235 -            228 CE12.hmm             -            210   7.5e-68  233.0   0.0   1   1   8.3e-71   8.5e-68  232.8   0.0     1   210     3   213     3   213 0.98 [190263/520/1]
190263/399/1.f:CDLIDF_08505 -            427 CE12.hmm             -            210   3.4e-67  230.8   0.0   1   1   4.4e-70   4.5e-67  230.4   0.0     1   210   177   382   177   382 0.98 [190263/399/1]
190263/585/1.f:DLBDDB_07785 -            426 CE12.hmm             -            210     5e-65  223.7   0.0   1   1   7.9e-68   8.1e-65  223.1   0.0     1   209   176   380   176   381 0.98 [190263/585/1]
190263/405/1.f:EHKDKA_19950 -            504 CE12.hmm             -            210   5.1e-63  217.2   0.1   1   1   6.5e-66   6.6e-63  216.8   0.1     1   210    24   237    24   237 0.95 [190263/405/1]
190263/437/1.f:LBKKEJ_10140 -            506 CE12.hmm             -            210   3.7e-62  214.4   0.0   1   1   8.1e-65   8.3e-62  213.2   0.1     2   210    26   238    25   238 0.94 [190263/437/1]
190263/595/1.f:HGDLEC_07045 -            411 CE12.hmm             -            210   1.7e-61  212.2   0.0   1   1   2.4e-64   2.4e-61  211.7   0.0     1   208   160   364   160   366 0.96 [190263/595/1]
190263/396/1.f:KAAOMA_03815 -           1226 CE12.hmm             -            210   5.7e-60  207.2   0.1   1   1   8.6e-63   8.7e-60  206.6   0.1     1   209  1011  1219  1011  1220 0.93 [190263/396/1]
190263/399/1.f:CDLIDF_05065 -            716 CE12.hmm             -            210   3.5e-52  181.8   0.2   1   1   5.6e-55   5.7e-52  181.1   0.2     3   210   489   703   487   703 0.91 [190263/399/1]
190263/409/1.f:AJJCMD_21110 -            416 CE12.hmm             -            210   7.7e-51  177.4   0.0   1   1     1e-53     1e-50  177.0   0.0     1   210   151   348   151   348 0.97 [190263/409/1]
190263/595/1.f:HGDLEC_01065 -            320 CE12.hmm             -            210   9.2e-51  177.2   0.6   1   1   1.3e-53   1.3e-50  176.6   0.6     2   208    25   267    24   269 0.81 [190263/595/1]
190263/412/1.f:OOIBGL_17855 -            839 CE12.hmm             -            210   1.4e-50  176.6   0.0   1   1   2.1e-53   2.1e-50  176.0   0.0     1   209   600   824   600   825 0.86 [190263/412/1]
190263/490/1.f:OIBLLI_00375 -            476 CE12.hmm             -            210   6.8e-50  174.3   0.0   1   1   9.1e-53   9.3e-50  173.9   0.0     1   210     3   223     3   223 0.89 [190263/490/1]
190263/580/1.f:JCPJNN_16085 -            592 CE12.hmm             -            210   2.9e-44  155.9   0.0   1   1     4e-47     4e-44  155.4   0.0     1   210   183   377   183   377 0.94 [190263/580/1]
190263/383/1.f:KCEMEB_05365 -            333 CE12.hmm             -            210   6.2e-41  145.0   0.6   1   1   2.7e-43   2.8e-40  142.9   0.0     1   207    34   244    34   247 0.94 [190263/383/1]
190263/369/1.f:JCDIFE_07440 -            201 CE12.hmm             -            210   7.9e-37  131.6   0.0   1   1     1e-39     1e-36  131.3   0.0    43   210     3   175     2   175 0.90 [190263/369/1]
190263/388/1.f:FDDJJK_10455 -            208 CE12.hmm             -            210   1.5e-20   78.4   0.0   1   1   2.8e-23   2.8e-20   77.5   0.0   121   210     8    97     1    97 0.91 [190263/388/1]
#
# Program:         hmmsearch
# Version:         3.3.2 (Nov 2020)
# Pipeline mode:   SEARCH
# Query file:      /kb/module/work/tmp/output.1725388484971/CE12/CE12.hmm
# Target file:     /kb/module/work/tmp/output.1725388484971/hCom2_RAST.fasta
# Option settings: /kb/module/hmmer/bin/hmmsearch --domtblout /kb/module/work/tmp/output.1725388484971/CE12/CE12-hCom2_RAST.hitout.txt --noali --notextw --domE 1e-15 /kb/module/work/tmp/output.1725388484971/CE12/CE12.hmm /kb/module/work/tmp/output.1725388484971/hCom2_RAST.fasta 
# Current dir:     /kb/module/work/tmp/output.1725388484971
# Date:            Tue Sep  3 19:01:44 2024
# [ok]
