#                                                                                   --- full sequence --- -------------- this domain -------------   hmm coord   ali coord   env coord
# target name               accession   tlen query name           accession   qlen   E-value  score  bias   #  of  c-Evalue  i-Evalue  score  bias  from    to  from    to  from    to  acc description of target
#       ------------------- ---------- ----- -------------------- ---------- ----- --------- ------ ----- --- --- --------- --------- ------ ----- ----- ----- ----- ----- ----- ----- ---- ---------------------
190263/475/1.f:MCKEEP_17305 -            654 CE19.hmm             -            332  1.5e-141  475.8   0.0   1   1  4.1e-144  2.8e-141  474.9   0.0     2   331   118   449   117   450 0.98 [190263/475/1]
190263/585/1.f:DLBDDB_14290 -            654 CE19.hmm             -            332  1.3e-140  472.7   0.0   1   1  3.6e-143  2.5e-140  471.8   0.0     2   331   118   449   117   450 0.98 [190263/585/1]
190263/573/1.f:LIDFCI_06995 -            654 CE19.hmm             -            332  1.3e-140  472.7   0.0   1   1  3.6e-143  2.5e-140  471.8   0.0     2   331   118   449   117   450 0.98 [190263/573/1]
190263/552/1.f:EMALNL_16950 -            654 CE19.hmm             -            332  1.4e-140  472.7   0.0   1   1  3.6e-143  2.5e-140  471.8   0.0     2   331   118   449   117   450 0.98 [190263/552/1]
190263/504/1.f:DOAHDM_19155 -            653 CE19.hmm             -            332  6.7e-139  467.1   0.0   1   1  1.7e-141  1.2e-138  466.3   0.0     2   331   118   449   117   450 0.98 [190263/504/1]
190263/405/1.f:EHKDKA_15885 -            653 CE19.hmm             -            332  1.2e-138  466.3   0.0   1   1  3.3e-141  2.2e-138  465.4   0.0     2   331   118   449   117   450 0.98 [190263/405/1]
190263/401/1.f:DMFJNH_18100 -            653 CE19.hmm             -            332  2.2e-138  465.4   0.0   1   1  5.7e-141  3.8e-138  464.6   0.0     2   331   118   449   117   450 0.98 [190263/401/1]
190263/562/1.f:KJGNCK_17910 -            654 CE19.hmm             -            332  7.9e-138  463.6   0.0   1   1  2.2e-140  1.5e-137  462.7   0.0     2   331   118   449   117   450 0.98 [190263/562/1]
190263/391/1.f:NONBJF_15340 -            446 CE19.hmm             -            332  1.7e-132  446.0   0.0   1   1    3e-135    2e-132  445.8   0.0     2   327   117   445   116   446 0.97 [190263/391/1]
190263/545/1.f:NCJBIN_15870 -            446 CE19.hmm             -            332    2e-132  445.8   0.0   1   1  3.4e-135  2.3e-132  445.6   0.0     2   327   117   445   116   446 0.97 [190263/545/1]
190263/534/1.f:OHCFJE_15255 -            446 CE19.hmm             -            332  3.2e-132  445.1   0.0   1   1  5.6e-135  3.8e-132  444.9   0.0     2   327   117   445   116   446 0.97 [190263/534/1]
190263/388/1.f:FDDJJK_14090 -            446 CE19.hmm             -            332  7.1e-132  444.0   0.0   1   1  1.2e-134  8.3e-132  443.8   0.0     2   327   117   445   116   446 0.97 [190263/388/1]
190263/456/1.f:LKAJBD_05220 -            439 CE19.hmm             -            332  7.7e-121  407.7   0.0   1   1  1.4e-123  9.4e-121  407.4   0.0     2   312   123   434   122   438 0.97 [190263/456/1]
190263/366/1.f:DBJPFP_03505 -            475 CE19.hmm             -            332  4.3e-117  395.4   0.0   1   1  8.4e-120  5.7e-117  395.0   0.0     2   327   118   461   117   466 0.97 [190263/366/1]
190263/388/1.f:FDDJJK_09405 -            666 CE19.hmm             -            332   1.1e-53  186.9   0.0   1   1   7.9e-56   5.4e-53  184.7   0.0    16   304    77   383    63   405 0.82 [190263/388/1]
190263/391/1.f:NONBJF_09890 -            666 CE19.hmm             -            332   2.7e-53  185.7   0.0   1   1   5.5e-55   3.7e-52  181.9   0.0    16   303    77   382    63   405 0.82 [190263/391/1]
190263/534/1.f:OHCFJE_02920 -            666 CE19.hmm             -            332   2.7e-53  185.7   0.0   1   1   5.6e-55   3.8e-52  181.9   0.0    16   303    77   382    63   405 0.82 [190263/534/1]
190263/405/1.f:EHKDKA_10425 -            664 CE19.hmm             -            332   3.3e-53  185.4   0.0   1   1   7.3e-55   4.9e-52  181.6   0.0     8   306    69   386    62   419 0.80 [190263/405/1]
190263/545/1.f:NCJBIN_10730 -            666 CE19.hmm             -            332   3.4e-53  185.4   0.0   1   1   6.9e-55   4.6e-52  181.6   0.0    16   303    77   382    63   405 0.82 [190263/545/1]
190263/595/1.f:HGDLEC_09145 -            656 CE19.hmm             -            332   1.7e-42  150.2   0.0   1   1   4.2e-45   2.8e-42  149.5   0.0     3   294    57   368    55   406 0.82 [190263/595/1]
190263/457/1.f:IIKDLL_05975 -            355 CE19.hmm             -            332   4.4e-30  109.4   0.0   1   1   8.8e-33     6e-30  109.0   0.0     5   273    35   344    32   350 0.86 [190263/457/1]
190263/437/1.f:LBKKEJ_02720 -            732 CE19.hmm             -            332   3.4e-27   99.9   0.1   1   1   8.6e-30   5.8e-27   99.1   0.1     7   292   402   730   398   732 0.86 [190263/437/1]
190263/460/1.f:IHFGKI_12630 -            402 CE19.hmm             -            332     1e-26   98.3   0.0   1   1   2.2e-29   1.5e-26   97.8   0.0     7   290    64   402    61   402 0.86 [190263/460/1]
190263/405/1.f:EHKDKA_11525 -            381 CE19.hmm             -            332   3.9e-26   96.4   0.0   1   1   7.2e-29   4.9e-26   96.1   0.0     7   289    57   381    53   381 0.87 [190263/405/1]
190263/409/1.f:AJJCMD_21765 -            366 CE19.hmm             -            332   6.1e-26   95.8   0.0   1   1   1.2e-28   8.4e-26   95.3   0.0    16   271    38   347    25   352 0.78 [190263/409/1]
190263/466/1.f:PGJOII_00280 -            380 CE19.hmm             -            332   9.3e-26   95.2   0.0   1   1   1.7e-28   1.2e-25   94.9   0.0     7   289    56   380    52   380 0.87 [190263/466/1]
190263/502/1.f:NONHGB_09985 -            380 CE19.hmm             -            332   5.4e-25   92.7   0.0   1   1     1e-27   6.8e-25   92.4   0.0     7   288    56   379    52   380 0.86 [190263/502/1]
190263/502/1.f:NONHGB_19020 -            435 CE19.hmm             -            332   9.9e-24   88.5   0.0   1   1     2e-26   1.3e-23   88.1   0.0    12   277    60   336    55   360 0.86 [190263/502/1]
190263/466/1.f:PGJOII_00270 -            385 CE19.hmm             -            332   1.2e-23   88.2   0.0   1   1   2.4e-26   1.6e-23   87.8   0.0    16   290    67   385    54   385 0.80 [190263/466/1]
190263/545/1.f:NCJBIN_10745 -            386 CE19.hmm             -            332   2.5e-23   87.2   0.0   1   1     5e-26   3.4e-23   86.8   0.0     7   290    60   386    56   386 0.83 [190263/545/1]
190263/391/1.f:NONBJF_09905 -            386 CE19.hmm             -            332   3.5e-23   86.7   0.0   1   1   6.9e-26   4.7e-23   86.3   0.0     7   290    60   386    56   386 0.83 [190263/391/1]
190263/369/1.f:JCDIFE_08865 -            384 CE19.hmm             -            332   1.5e-22   84.6   0.0   1   1     3e-25   2.1e-22   84.2   0.0     9   290    59   384    53   384 0.82 [190263/369/1]
190263/388/1.f:FDDJJK_09420 -            386 CE19.hmm             -            332   2.9e-22   83.7   0.0   1   1     6e-25   4.1e-22   83.2   0.0     7   290    60   386    56   386 0.83 [190263/388/1]
190263/534/1.f:OHCFJE_02905 -            386 CE19.hmm             -            332   3.2e-22   83.5   0.0   1   1   6.5e-25   4.4e-22   83.1   0.0     7   290    60   386    56   386 0.83 [190263/534/1]
190263/565/1.f:PAEINE_02765 -            729 CE19.hmm             -            332   1.1e-21   81.8   0.0   1   1   2.3e-24   1.5e-21   81.3   0.0    79   271   463   698   385   716 0.82 [190263/565/1]
190263/502/1.f:NONHGB_09990 -            384 CE19.hmm             -            332   4.7e-21   79.7   0.0   1   1     9e-24   6.1e-21   79.4   0.0    16   289    66   383    55   384 0.81 [190263/502/1]
190263/580/1.f:JCPJNN_20225 -            311 CE19.hmm             -            332     2e-19   74.4   0.0   1   1   3.7e-22   2.5e-19   74.1   0.0    37   277    23   291     4   304 0.78 [190263/580/1]
190263/583/1.f:BCCKNC_02580 -            415 CE19.hmm             -            332   1.5e-17   68.2   0.0   1   1   4.8e-20   3.2e-17   67.1   0.0    17   268    79   364    68   367 0.80 [190263/583/1]
190263/437/1.f:LBKKEJ_02795 -            437 CE19.hmm             -            332   1.7e-16   64.8   0.0   1   1   3.7e-19   2.5e-16   64.2   0.0    42   189   174   327   151   375 0.82 [190263/437/1]
190263/366/1.f:DBJPFP_15705 -            554 CE19.hmm             -            332   3.4e-16   63.7   0.2   1   1   8.6e-19   5.8e-16   63.0   0.2    42   192   245   388   222   419 0.88 [190263/366/1]
190263/399/1.f:CDLIDF_11935 -            426 CE19.hmm             -            332   3.6e-15   60.4   0.0   1   1   1.9e-17   1.3e-14   58.6   0.0    59   188   173   316   150   329 0.83 [190263/399/1]
190263/580/1.f:JCPJNN_02350 -            134 CE19.hmm             -            332   4.9e-15   60.0   0.0   1   1   8.4e-18   5.7e-15   59.7   0.0   141   236     2   102     1   112 0.86 [190263/580/1]
190263/545/1.f:NCJBIN_21855 -            563 CE19.hmm             -            332   5.8e-15   59.7   0.1   1   1   1.5e-17     1e-14   58.9   0.1    44   188   256   393   242   402 0.88 [190263/545/1]
190263/506/1.f:IKGMED_09290 -            359 CE19.hmm             -            332   1.2e-14   58.6   0.0   1   1   2.8e-17   1.9e-14   58.0   0.0    43   192    52   192    31   202 0.87 [190263/506/1]
190263/461/1.f:DHPHOK_17735 -            369 CE19.hmm             -            332     2e-14   57.9   0.0   1   1   4.8e-17   3.2e-14   57.3   0.0    45   192    65   203    46   220 0.88 [190263/461/1]
190263/415/1.f:OLCEDN_09735 -            319 CE19.hmm             -            332   2.5e-14   57.6   0.1   1   1   5.4e-17   3.7e-14   57.1   0.1    45   192    15   153    10   182 0.89 [190263/415/1]
190263/409/1.f:AJJCMD_09880 -            397 CE19.hmm             -            332   2.9e-14   57.4   0.0   1   1   1.4e-16   9.2e-14   55.7   0.0    45   192    92   230    77   238 0.89 [190263/409/1]
190263/475/1.f:MCKEEP_02445 -            436 CE19.hmm             -            332   3.9e-14   57.0   0.0   1   1   8.8e-17   5.9e-14   56.4   0.0    59   189   184   326   144   352 0.79 [190263/475/1]
190263/475/1.f:MCKEEP_21025 -            343 CE19.hmm             -            332   5.3e-14   56.6   0.0   1   1   2.7e-16   1.8e-13   54.8   0.0    41   192    29   173     6   203 0.86 [190263/475/1]
190263/573/1.f:LIDFCI_10595 -            343 CE19.hmm             -            332     6e-14   56.4   0.0   1   1   1.9e-16   1.3e-13   55.3   0.0    41   192    29   173     6   203 0.86 [190263/573/1]
190263/573/1.f:LIDFCI_21165 -            436 CE19.hmm             -            332     6e-14   56.4   0.0   1   1   1.3e-16   8.9e-14   55.8   0.0    59   189   184   326   144   351 0.79 [190263/573/1]
190263/497/1.f:HENFFC_04280 -            322 CE19.hmm             -            332   6.2e-14   56.3   0.1   1   1   1.6e-16   1.1e-13   55.5   0.1    45   192    18   156    10   177 0.88 [190263/497/1]
190263/473/1.f:MLHPCA_20265 -            348 CE19.hmm             -            332   8.8e-14   55.8   0.0   1   1   3.9e-16   2.6e-13   54.3   0.0    35   192    29   179     8   207 0.82 [190263/473/1]
190263/443/1.f:LNLACP_15100 -            330 CE19.hmm             -            332   1.1e-13   55.5   0.0   1   1   2.4e-16   1.6e-13   54.9   0.0    50   192    24   158    12   177 0.89 [190263/443/1]
190263/562/1.f:KJGNCK_08755 -            436 CE19.hmm             -            332   1.4e-13   55.2   0.0   1   1     3e-16     2e-13   54.6   0.0    59   189   184   326   144   352 0.78 [190263/562/1]
190263/484/1.f:NBHDLB_08735 -            368 CE19.hmm             -            332   1.5e-13   55.1   0.0   1   1     6e-16   4.1e-13   53.6   0.0    47   192    66   202    44   222 0.89 [190263/484/1]
190263/516/1.f:MGNFBC_05105 -            357 CE19.hmm             -            332   1.9e-13   54.8   0.0   1   1   4.3e-16   2.9e-13   54.1   0.0    44   192    52   191    31   201 0.88 [190263/516/1]
190263/368/1.f:HPMDBE_05730 -            357 CE19.hmm             -            332   1.9e-13   54.7   0.0   1   1   4.3e-16   2.9e-13   54.1   0.0    44   192    52   191    28   201 0.88 [190263/368/1]
190263/379/1.f:LOJHAC_03525 -            357 CE19.hmm             -            332   1.9e-13   54.7   0.0   1   1   4.3e-16   2.9e-13   54.1   0.0    44   192    52   191    28   201 0.88 [190263/379/1]
190263/364/1.f:DKBBKL_06030 -            355 CE19.hmm             -            332   1.9e-13   54.7   0.0   1   1   4.2e-16   2.9e-13   54.1   0.0    48   192    53   188    25   198 0.88 [190263/364/1]
190263/573/1.f:LIDFCI_04895 -            316 CE19.hmm             -            332   2.1e-13   54.6   0.0   1   1   4.3e-16   2.9e-13   54.1   0.0    43   192    53   193    27   205 0.87 [190263/573/1]
190263/455/1.f:GDGJDA_02280 -            326 CE19.hmm             -            332   2.1e-13   54.6   0.0   1   1   4.8e-16   3.2e-13   54.0   0.0    49   191    19   152     9   186 0.87 [190263/455/1]
190263/552/1.f:EMALNL_02310 -            436 CE19.hmm             -            332   2.2e-13   54.5   0.0   1   1   4.7e-16   3.2e-13   54.0   0.0    61   189   186   326   147   352 0.82 [190263/552/1]
190263/366/1.f:DBJPFP_15190 -            352 CE19.hmm             -            332   2.2e-13   54.5   0.0   1   1   4.8e-16   3.2e-13   54.0   0.0    45   192    48   186    20   196 0.85 [190263/366/1]
190263/396/1.f:KAAOMA_04570 -            332 CE19.hmm             -            332   2.2e-13   54.5   0.0   1   1   8.5e-16   5.8e-13   53.1   0.0    44   192    19   158     9   162 0.88 [190263/396/1]
190263/564/1.f:KIHMBJ_06105 -            430 CE19.hmm             -            332   2.4e-13   54.4   0.0   1   1   5.9e-16     4e-13   53.7   0.0    31   187   155   318   147   327 0.78 [190263/564/1]
190263/585/1.f:DLBDDB_10365 -            358 CE19.hmm             -            332   2.7e-13   54.2   0.0   1   1   6.2e-16   4.2e-13   53.6   0.0    44   192    53   192    33   204 0.88 [190263/585/1]
190263/487/1.f:MPKEFC_07750 -            332 CE19.hmm             -            332   3.2e-13   54.0   0.0   1   1     7e-16   4.7e-13   53.4   0.0    49   192    25   159    13   186 0.86 [190263/487/1]
190263/552/1.f:EMALNL_21225 -            357 CE19.hmm             -            332   4.1e-13   53.6   0.0   1   1   8.4e-16   5.7e-13   53.2   0.0    44   192    52   191    29   221 0.86 [190263/552/1]
190263/504/1.f:DOAHDM_01965 -            452 CE19.hmm             -            332   4.4e-13   53.5   0.0   1   1   9.3e-16   6.3e-13   53.0   0.0    59   189   200   342   161   370 0.78 [190263/504/1]
190263/375/1.f:CNGHJF_05820 -            324 CE19.hmm             -            332   4.6e-13   53.4   0.0   1   1   9.7e-16   6.5e-13   53.0   0.0    45   192    19   157    11   191 0.88 [190263/375/1]
#
# Program:         hmmsearch
# Version:         3.3.2 (Nov 2020)
# Pipeline mode:   SEARCH
# Query file:      /kb/module/work/tmp/output.1725388484971/CE19/CE19.hmm
# Target file:     /kb/module/work/tmp/output.1725388484971/hCom2_RAST.fasta
# Option settings: /kb/module/hmmer/bin/hmmsearch --domtblout /kb/module/work/tmp/output.1725388484971/CE19/CE19-hCom2_RAST.hitout.txt --noali --notextw --domE 1e-15 /kb/module/work/tmp/output.1725388484971/CE19/CE19.hmm /kb/module/work/tmp/output.1725388484971/hCom2_RAST.fasta 
# Current dir:     /kb/module/work/tmp/output.1725388484971
# Date:            Tue Sep  3 19:01:53 2024
# [ok]
