#                                                                                   --- full sequence --- -------------- this domain -------------   hmm coord   ali coord   env coord
# target name               accession   tlen query name           accession   qlen   E-value  score  bias   #  of  c-Evalue  i-Evalue  score  bias  from    to  from    to  from    to  acc description of target
#       ------------------- ---------- ----- -------------------- ---------- ----- --------- ------ ----- --- --- --------- --------- ------ ----- ----- ----- ----- ----- ----- ----- ---- ---------------------
190263/382/1.f:JACGKO_02620 -            288 CE4.hmm              -            130   8.9e-37  130.5   0.1   1   1   4.4e-39   3.4e-36  128.6   0.1     4   127   111   240   108   243 0.95 [190263/382/1]
190263/568/1.f:ABMLLK_06450 -            236 CE4.hmm              -            130   6.2e-36  127.8   0.0   1   1   2.9e-38   2.2e-35  126.0   0.0     5   125    41   164    37   168 0.94 [190263/568/1]
190263/375/1.f:CNGHJF_12835 -            285 CE4.hmm              -            130   1.3e-34  123.6   0.1   1   1   2.9e-37   2.3e-34  122.7   0.1     1   124    87   214    87   220 0.95 [190263/375/1]
190263/568/1.f:ABMLLK_11720 -            250 CE4.hmm              -            130   1.5e-34  123.3   0.0   1   1   2.9e-37   2.2e-34  122.8   0.0     2   126    43   169    42   172 0.94 [190263/568/1]
190263/584/1.f:DDCNLE_10580 -            361 CE4.hmm              -            130   2.6e-34  122.5   0.0   1   1   6.2e-37   4.8e-34  121.7   0.0     4   124   197   322   194   326 0.94 [190263/584/1]
190263/382/1.f:JACGKO_04170 -            281 CE4.hmm              -            130   4.5e-34  121.8   0.0   1   1   1.3e-36     1e-33  120.7   0.0     4   127    85   215    82   218 0.95 [190263/382/1]
190263/557/1.f:DOLMEB_08655 -            341 CE4.hmm              -            130     1e-33  120.6   0.1   1   1   2.1e-36   1.6e-33  119.9   0.1     1   124   143   270   143   275 0.95 [190263/557/1]
190263/568/1.f:ABMLLK_09255 -            246 CE4.hmm              -            130   1.6e-33  120.0   0.0   1   1   4.8e-36   3.7e-33  118.8   0.0     3   122    45   166    43   173 0.92 [190263/568/1]
190263/448/1.f:IBJDOL_00470 -            289 CE4.hmm              -            130     2e-33  119.7   0.1   1   1   5.7e-36   4.4e-33  118.6   0.1     5   127   120   248   116   250 0.93 [190263/448/1]
190263/541/1.f:IDEEIE_13135 -            268 CE4.hmm              -            130   2.2e-33  119.6   0.0   1   1   4.7e-36   3.6e-33  118.8   0.0     1   124    72   199    72   204 0.94 [190263/541/1]
190263/531/1.f:KJIPPC_04815 -            298 CE4.hmm              -            130   2.2e-33  119.5   0.2   1   1   4.7e-36   3.6e-33  118.9   0.2     2   124    99   225    98   230 0.95 [190263/531/1]
190263/409/1.f:AJJCMD_20845 -            271 CE4.hmm              -            130   2.5e-33  119.4   0.2   1   1   5.7e-36   4.4e-33  118.6   0.2     1   124    73   200    73   205 0.95 [190263/409/1]
190263/549/1.f:CNBDFB_12705 -            272 CE4.hmm              -            130   7.1e-33  117.9   0.0   1   1   1.5e-35   1.2e-32  117.2   0.0     2   124    74   200    73   206 0.93 [190263/549/1]
190263/447/1.f:OLODHC_06325 -            231 CE4.hmm              -            130   7.5e-33  117.8   0.0   1   1   2.7e-35   2.1e-32  116.4   0.0     3   115    43   157    41   163 0.94 [190263/447/1]
190263/429/1.f:OMPHBF_06300 -            270 CE4.hmm              -            130   8.3e-33  117.7   0.0   1   1   1.6e-35   1.2e-32  117.1   0.0     3   125    75   201    73   206 0.94 [190263/429/1]
190263/448/1.f:IBJDOL_16215 -            250 CE4.hmm              -            130   1.2e-32  117.2   0.0   1   1   2.8e-35   2.2e-32  116.3   0.0     3   122    45   166    43   173 0.94 [190263/448/1]
190263/588/1.f:LGPOLK_03000 -            283 CE4.hmm              -            130   1.8e-32  116.6   0.0   1   1   3.9e-35     3e-32  115.9   0.0     5   126    90   216    86   220 0.94 [190263/588/1]
190263/512/1.f:JBCLGH_03540 -            261 CE4.hmm              -            130   2.7e-32  116.0   0.1   1   1   5.8e-35   4.5e-32  115.3   0.1     1   124    65   192    65   198 0.94 [190263/512/1]
190263/588/1.f:LGPOLK_11855 -            271 CE4.hmm              -            130   2.8e-32  115.9   0.0   1   1     6e-35   4.6e-32  115.3   0.0     6   126   104   229    99   232 0.94 [190263/588/1]
190263/384/1.f:CDKGIA_05920 -            278 CE4.hmm              -            130   2.9e-32  115.9   0.3   1   1   6.1e-35   4.7e-32  115.2   0.3     1   124    77   204    77   210 0.95 [190263/384/1]
190263/560/1.f:OAGBLH_02700 -            436 CE4.hmm              -            130   3.5e-32  115.6   0.0   1   1   1.2e-34   9.1e-32  114.3   0.0     6   123   245   364   241   370 0.94 [190263/560/1]
190263/541/1.f:IDEEIE_05410 -            249 CE4.hmm              -            130   3.6e-32  115.6   0.0   1   1   7.2e-35   5.5e-32  115.0   0.0     3   126    41   166    39   169 0.95 [190263/541/1]
190263/520/1.f:GGDGDE_14665 -            293 CE4.hmm              -            130     4e-32  115.5   0.0   1   1     1e-34   7.7e-32  114.5   0.0     2   124    95   221    94   226 0.93 [190263/520/1]
190263/493/1.f:HBFGKM_11360 -            264 CE4.hmm              -            130   4.3e-32  115.4   0.1   1   1     8e-35   6.2e-32  114.9   0.1     1   124    68   194    68   200 0.96 [190263/493/1]
190263/386/1.f:DBGIOG_04590 -            274 CE4.hmm              -            130   5.9e-32  114.9   0.1   1   1   1.3e-34     1e-31  114.1   0.1     1   124    77   204    77   210 0.95 [190263/386/1]
190263/495/1.f:ANKNCD_12045 -            281 CE4.hmm              -            130   6.3e-32  114.8   0.0   1   1   1.3e-34     1e-31  114.2   0.0     2   124    80   206    79   211 0.93 [190263/495/1]
190263/439/1.f:KGLJGB_06550 -            213 CE4.hmm              -            130   6.4e-32  114.8   0.0   1   1   2.1e-34   1.6e-31  113.5   0.0    10   125    29   143    22   147 0.94 [190263/439/1]
190263/473/1.f:MLHPCA_14370 -            319 CE4.hmm              -            130   8.3e-32  114.4   0.0   1   1     2e-34   1.5e-31  113.6   0.0     6   124    45   163    40   168 0.94 [190263/473/1]
190263/383/1.f:KCEMEB_06175 -            260 CE4.hmm              -            130   9.7e-32  114.2   0.0   1   1   2.1e-34   1.6e-31  113.5   0.0     4   126    54   178    51   181 0.93 [190263/383/1]
190263/506/1.f:IKGMED_07720 -            320 CE4.hmm              -            130   1.1e-31  114.0   0.0   1   1   2.1e-34   1.7e-31  113.5   0.0     5   119    85   201    81   210 0.91 [190263/506/1]
190263/370/1.f:MFKGBO_22280 -            273 CE4.hmm              -            130   1.1e-31  114.0   0.2   1   1   2.4e-34   1.9e-31  113.3   0.2     1   124    72   199    72   205 0.94 [190263/370/1]
190263/569/1.f:FCJLID_07390 -            545 CE4.hmm              -            130   1.4e-31  113.7   0.0   1   1   1.1e-23   8.1e-21   78.9   0.0     4   125   315   456   312   460 0.84 [190263/569/1]
190263/363/1.f:CIHHOC_13125 -            227 CE4.hmm              -            130   1.6e-31  113.6   0.0   1   1   3.4e-34   2.6e-31  112.8   0.0     5   112    41   150    37   159 0.93 [190263/363/1]
190263/390/1.f:OLPOLE_10490 -            278 CE4.hmm              -            130   1.6e-31  113.6   0.0   1   1   3.1e-34   2.4e-31  113.0   0.0     4   124    78   201    75   207 0.94 [190263/390/1]
190263/447/1.f:OLODHC_09085 -            276 CE4.hmm              -            130   1.6e-31  113.5   0.0   1   1   3.4e-34   2.6e-31  112.8   0.0     2   123    77   202    76   208 0.92 [190263/447/1]
190263/415/1.f:OLCEDN_11010 -            441 CE4.hmm              -            130   1.8e-31  113.3   0.4   1   1   3.7e-34   2.8e-31  112.7   0.0     5   125    93   213    89   217 0.94 [190263/415/1]
190263/433/1.f:ADFNDI_07150 -            274 CE4.hmm              -            130   2.6e-31  112.8   0.0   1   1   5.7e-34   4.4e-31  112.1   0.0     1   124    76   203    76   208 0.94 [190263/433/1]
190263/596/1.f:GDHELL_07430 -            261 CE4.hmm              -            130     3e-31  112.6   0.0   1   1   7.2e-34   5.6e-31  111.8   0.0     4   122    50   170    47   177 0.93 [190263/596/1]
190263/452/1.f:PEIHBN_06425 -            256 CE4.hmm              -            130   3.3e-31  112.5   0.0   1   1   1.4e-33   1.1e-30  110.9   0.0     9   116    75   183    67   189 0.93 [190263/452/1]
190263/546/1.f:GEHMID_06835 -            271 CE4.hmm              -            130   4.2e-31  112.2   0.0   1   1   1.9e-33   1.4e-30  110.4   0.0     5   112    85   194    81   206 0.93 [190263/546/1]
190263/514/1.f:MMHOAN_05720 -            227 CE4.hmm              -            130   4.6e-31  112.0   0.0   1   1   1.9e-33   1.4e-30  110.4   0.0     8   109    42   147    35   158 0.94 [190263/514/1]
190263/549/1.f:CNBDFB_10485 -            251 CE4.hmm              -            130   4.7e-31  112.0   0.0   1   1   3.3e-33   2.5e-30  109.6   0.0     7   112    67   174    62   182 0.93 [190263/549/1]
190263/382/1.f:JACGKO_10905 -            266 CE4.hmm              -            130     5e-31  111.9   0.0   1   1   1.7e-33   1.3e-30  110.6   0.0     4   125    85   211    82   215 0.92 [190263/382/1]
190263/537/1.f:AHPNMI_02295 -            256 CE4.hmm              -            130   5.9e-31  111.7   0.0   1   1   1.1e-33   8.7e-31  111.1   0.0     3   122    49   170    47   176 0.94 [190263/537/1]
190263/532/1.f:BGDBBA_01310 -            311 CE4.hmm              -            130     6e-31  111.7   0.0   1   1   1.8e-33   1.4e-30  110.4   0.0     5   125   118   241   114   246 0.94 [190263/532/1]
190263/455/1.f:GDGJDA_03835 -            274 CE4.hmm              -            130   6.6e-31  111.5   0.1   1   1   1.5e-33   1.1e-30  110.8   0.1     2   124    74   200    73   206 0.94 [190263/455/1]
190263/549/1.f:CNBDFB_14080 -            256 CE4.hmm              -            130   8.5e-31  111.2   0.1   1   1   1.6e-33   1.3e-30  110.6   0.1     3   124    49   172    47   177 0.95 [190263/549/1]
190263/556/1.f:EMIPPF_06325 -            228 CE4.hmm              -            130   8.8e-31  111.1   0.0   1   1   2.4e-33   1.9e-30  110.1   0.0     8   119    37   151    31   161 0.90 [190263/556/1]
190263/578/1.f:HIHCLH_07930 -            223 CE4.hmm              -            130     1e-30  110.9   0.1   1   1   2.9e-33   2.3e-30  109.8   0.0     6   112    38   146    33   153 0.94 [190263/578/1]
190263/591/1.f:NBPJEL_01845 -            267 CE4.hmm              -            130     1e-30  110.9   0.0   1   1     2e-33   1.6e-30  110.3   0.0     5   127   100   226    96   229 0.93 [190263/591/1]
190263/452/1.f:PEIHBN_04000 -            274 CE4.hmm              -            130   1.1e-30  110.8   0.0   1   1   2.5e-33   1.9e-30  110.0   0.0     3   122    65   186    63   191 0.94 [190263/452/1]
190263/552/1.f:EMALNL_09295 -            225 CE4.hmm              -            130     2e-30  110.0   0.0   1   1   2.1e-32   1.6e-29  107.1   0.0     4   123    36   158    33   164 0.93 [190263/552/1]
190263/562/1.f:KJGNCK_10130 -            226 CE4.hmm              -            130     2e-30  109.9   0.0   1   1   5.1e-32   3.9e-29  105.8   0.0     4   123    36   158    33   164 0.93 [190263/562/1]
190263/537/1.f:AHPNMI_10855 -            246 CE4.hmm              -            130   2.3e-30  109.7   0.0   1   1   2.2e-32   1.7e-29  106.9   0.0     8   112    63   169    57   177 0.93 [190263/537/1]
190263/384/1.f:CDKGIA_26935 -            242 CE4.hmm              -            130   2.4e-30  109.7   0.0   1   1   5.1e-33   3.9e-30  109.0   0.0     5   112    56   165    52   177 0.93 [190263/384/1]
190263/457/1.f:IIKDLL_05385 -            247 CE4.hmm              -            130   2.5e-30  109.7   0.0   1   1   1.3e-32   9.8e-30  107.7   0.0     8   112    65   170    59   181 0.92 [190263/457/1]
190263/472/1.f:NMGHJI_06230 -            275 CE4.hmm              -            130   3.3e-30  109.3   0.0   1   1   7.3e-33   5.6e-30  108.5   0.0     3   124    82   207    80   213 0.94 [190263/472/1]
190263/422/1.f:HJBCNJ_06370 -            262 CE4.hmm              -            130   3.3e-30  109.3   0.0   1   1   6.6e-33   5.1e-30  108.7   0.0     4   123    47   168    44   173 0.94 [190263/422/1]
190263/514/1.f:MMHOAN_04510 -            279 CE4.hmm              -            130   3.4e-30  109.2   0.0   1   1   7.3e-33   5.6e-30  108.5   0.0     1   124    80   207    80   212 0.95 [190263/514/1]
190263/580/1.f:JCPJNN_23375 -            236 CE4.hmm              -            130   4.2e-30  108.9   0.0   1   1   5.9e-32   4.5e-29  105.6   0.0     6   113    51   160    46   167 0.92 [190263/580/1]
190263/405/1.f:EHKDKA_10800 -            222 CE4.hmm              -            130   4.8e-30  108.7   0.0   1   1   1.5e-32   1.2e-29  107.5   0.0     3   123    32   155    30   162 0.92 [190263/405/1]
190263/546/1.f:GEHMID_03825 -            263 CE4.hmm              -            130   6.4e-30  108.3   0.0   1   1   1.4e-32   1.1e-29  107.6   0.0     3   122    54   175    52   182 0.95 [190263/546/1]
190263/413/1.f:NMLDCG_10710 -            236 CE4.hmm              -            130   6.7e-30  108.3   0.0   1   1   1.7e-32   1.3e-29  107.4   0.0     7   117    36   148    31   154 0.94 [190263/413/1]
190263/537/1.f:AHPNMI_11925 -            270 CE4.hmm              -            130     7e-30  108.2   0.1   1   1   1.5e-32   1.2e-29  107.5   0.1     1   124    72   199    72   204 0.92 [190263/537/1]
190263/375/1.f:CNGHJF_02195 -            239 CE4.hmm              -            130   7.7e-30  108.1   0.0   1   1     2e-32   1.5e-29  107.1   0.0     6   112    54   162    49   172 0.92 [190263/375/1]
190263/363/1.f:CIHHOC_07985 -            275 CE4.hmm              -            130   8.1e-30  108.0   0.0   1   1   1.7e-32   1.3e-29  107.3   0.0     2   124    77   203    76   208 0.94 [190263/363/1]
190263/541/1.f:IDEEIE_13000 -            223 CE4.hmm              -            130   8.5e-30  107.9   0.0   1   1   7.4e-32   5.7e-29  105.3   0.0     6   114    39   148    34   156 0.92 [190263/541/1]
190263/513/1.f:MKNBNH_00490 -            322 CE4.hmm              -            130   9.3e-30  107.8   0.0   1   1   2.9e-32   2.3e-29  106.6   0.0     4   125   128   252   125   257 0.95 [190263/513/1]
190263/564/1.f:KIHMBJ_04395 -            259 CE4.hmm              -            130     1e-29  107.7   0.0   1   1   2.6e-32     2e-29  106.7   0.0     7   126    44   170    39   173 0.90 [190263/564/1]
190263/512/1.f:JBCLGH_07530 -            231 CE4.hmm              -            130     1e-29  107.6   0.0   1   1   8.2e-32   6.4e-29  105.1   0.0     5   109    44   152    41   167 0.91 [190263/512/1]
190263/552/1.f:EMALNL_02620 -            540 CE4.hmm              -            130   1.1e-29  107.6   0.0   1   1   1.1e-31   8.7e-29  104.7   0.0     5   124   251   381   247   386 0.90 [190263/552/1]
190263/477/1.f:PCLDCI_12070 -            295 CE4.hmm              -            130   1.2e-29  107.5   0.0   1   1   2.3e-32   1.8e-29  106.9   0.0     4   124   107   229   104   234 0.95 [190263/477/1]
190263/396/1.f:KAAOMA_14850 -            245 CE4.hmm              -            130   1.2e-29  107.5   0.0   1   1   2.3e-32   1.8e-29  106.9   0.0     4   124    61   183    58   188 0.95 [190263/396/1]
190263/409/1.f:AJJCMD_03590 -            239 CE4.hmm              -            130   1.3e-29  107.4   0.0   1   1   4.8e-32   3.7e-29  105.9   0.0     6   113    54   163    49   177 0.93 [190263/409/1]
190263/549/1.f:CNBDFB_11495 -            428 CE4.hmm              -            130   1.3e-29  107.3   0.1   1   1   5.1e-32   3.9e-29  105.8   0.0     5   115   229   340   225   346 0.94 [190263/549/1]
190263/478/1.f:BOCJFA_15235 -            254 CE4.hmm              -            130   1.8e-29  106.9   0.0   1   1   4.3e-32   3.3e-29  106.0   0.0     4   109    67   174    64   185 0.93 [190263/478/1]
190263/531/1.f:KJIPPC_05365 -            243 CE4.hmm              -            130   2.1e-29  106.6   0.0   1   1   1.4e-31   1.1e-28  104.4   0.0     7   111    59   165    54   175 0.94 [190263/531/1]
190263/391/1.f:NONBJF_05555 -            230 CE4.hmm              -            130   2.5e-29  106.4   0.0   1   1   5.5e-32   4.3e-29  105.7   0.0     4   122    36   157    33   159 0.93 [190263/391/1]
190263/413/1.f:NMLDCG_14425 -            273 CE4.hmm              -            130   2.7e-29  106.3   0.1   1   1   5.3e-32     4e-29  105.7   0.1     2   125    75   202    74   207 0.94 [190263/413/1]
190263/580/1.f:JCPJNN_09600 -            278 CE4.hmm              -            130   2.8e-29  106.3   0.0   1   1   5.7e-32   4.4e-29  105.6   0.0     3   122    70   191    68   196 0.94 [190263/580/1]
190263/541/1.f:IDEEIE_10410 -            475 CE4.hmm              -            130   2.9e-29  106.2   0.0   1   1   6.7e-32   5.2e-29  105.4   0.0     5   117   273   386   269   391 0.95 [190263/541/1]
190263/502/1.f:NONHGB_09535 -            222 CE4.hmm              -            130   3.3e-29  106.0   0.0   1   1     1e-31   7.9e-29  104.8   0.0     3   123    32   155    30   162 0.92 [190263/502/1]
190263/567/1.f:NOEGFN_11275 -            251 CE4.hmm              -            130   4.2e-29  105.7   0.0   1   1   8.2e-32   6.4e-29  105.1   0.0     5   125    47   169    43   173 0.90 [190263/567/1]
190263/557/1.f:DOLMEB_04385 -            234 CE4.hmm              -            130   4.6e-29  105.6   0.0   1   1   1.1e-31   8.3e-29  104.7   0.0     7   109    48   154    43   164 0.93 [190263/557/1]
190263/510/1.f:DELAEA_06720 -            533 CE4.hmm              -            130     5e-29  105.5   0.0   1   1     2e-31   1.5e-28  103.9   0.0     3   120   325   442   323   451 0.90 [190263/510/1]
190263/391/1.f:NONBJF_16765 -            567 CE4.hmm              -            130   5.9e-29  105.2   0.0   1   1   2.7e-31   2.1e-28  103.5   0.0     6   119   278   402   273   411 0.90 [190263/391/1]
190263/446/1.f:LHJMMB_07625 -            228 CE4.hmm              -            130   6.6e-29  105.1   0.0   1   1   1.9e-31   1.5e-28  103.9   0.0     7   120    36   152    30   160 0.91 [190263/446/1]
190263/375/1.f:CNGHJF_17075 -            318 CE4.hmm              -            130   6.9e-29  105.0   0.0   1   1   1.8e-31   1.4e-28  104.0   0.0     6   120   118   231   114   239 0.88 [190263/375/1]
190263/531/1.f:KJIPPC_06260 -            485 CE4.hmm              -            130   8.4e-29  104.7   0.0   1   1   2.1e-31   1.6e-28  103.8   0.0     5   114   284   394   280   399 0.95 [190263/531/1]
190263/584/1.f:DDCNLE_07025 -            272 CE4.hmm              -            130     9e-29  104.6   0.0   1   1   1.9e-31   1.4e-28  104.0   0.0     4   123    50   171    47   177 0.94 [190263/584/1]
190263/412/1.f:OOIBGL_08940 -            279 CE4.hmm              -            130   9.1e-29  104.6   0.2   1   1   2.8e-31   2.2e-28  103.4   0.1     5   125    96   218    92   224 0.96 [190263/412/1]
190263/496/1.f:JJBAFO_00380 -            490 CE4.hmm              -            130   9.2e-29  104.6   0.0   1   1   2.2e-31   1.7e-28  103.7   0.0     5   112   271   379   267   391 0.91 [190263/496/1]
190263/545/1.f:NCJBIN_05750 -            230 CE4.hmm              -            130   1.1e-28  104.3   0.0   1   1   2.5e-31   1.9e-28  103.6   0.0     4   122    36   157    33   159 0.93 [190263/545/1]
190263/472/1.f:NMGHJI_11260 -            414 CE4.hmm              -            130   1.2e-28  104.2   0.0   1   1   2.5e-31   1.9e-28  103.5   0.0     5   116   211   323   207   326 0.94 [190263/472/1]
190263/439/1.f:KGLJGB_00630 -            264 CE4.hmm              -            130   1.2e-28  104.2   0.0   1   1   2.7e-31   2.1e-28  103.5   0.0     3   124    55   178    53   183 0.94 [190263/439/1]
190263/429/1.f:OMPHBF_11935 -            255 CE4.hmm              -            130   1.3e-28  104.1   0.0   1   1   2.5e-31     2e-28  103.5   0.0     3   123    49   171    47   177 0.94 [190263/429/1]
190263/388/1.f:FDDJJK_05300 -            230 CE4.hmm              -            130   1.4e-28  104.0   0.0   1   1   3.1e-31   2.4e-28  103.2   0.0     4   122    36   157    33   160 0.93 [190263/388/1]
190263/534/1.f:OHCFJE_07180 -            230 CE4.hmm              -            130   1.5e-28  103.9   0.0   1   1   3.3e-31   2.5e-28  103.2   0.0     4   122    36   157    33   159 0.93 [190263/534/1]
190263/507/1.f:KPMKPI_02275 -            253 CE4.hmm              -            130   1.5e-28  103.9   0.1   1   1   4.4e-31   3.4e-28  102.8   0.1     4   122    46   166    43   172 0.94 [190263/507/1]
190263/455/1.f:GDGJDA_05480 -            239 CE4.hmm              -            130   1.8e-28  103.6   0.0   1   1   5.3e-31   4.1e-28  102.5   0.0     6   114    54   164    49   174 0.91 [190263/455/1]
190263/386/1.f:DBGIOG_06420 -            255 CE4.hmm              -            130     2e-28  103.5   0.0   1   1   6.4e-31   4.9e-28  102.2   0.0     5   122    50   169    46   174 0.93 [190263/386/1]
190263/433/1.f:ADFNDI_13875 -            244 CE4.hmm              -            130     2e-28  103.5   0.0   1   1   5.8e-31   4.5e-28  102.4   0.0     5   112    58   167    54   176 0.92 [190263/433/1]
190263/520/1.f:GGDGDE_15970 -            242 CE4.hmm              -            130   2.1e-28  103.4   0.0   1   1   4.8e-31   3.7e-28  102.6   0.0     7   110    58   163    53   178 0.92 [190263/520/1]
190263/507/1.f:KPMKPI_13615 -            383 CE4.hmm              -            130   2.2e-28  103.4   0.0   1   1   6.7e-31   5.1e-28  102.2   0.0     4   117   175   289   172   293 0.93 [190263/507/1]
190263/586/1.f:KBDCAC_05190 -            335 CE4.hmm              -            130   2.7e-28  103.1   0.0   1   1   5.8e-31   4.5e-28  102.4   0.0     6   115   134   245   130   250 0.93 [190263/586/1]
190263/495/1.f:ANKNCD_19100 -            252 CE4.hmm              -            130   4.7e-28  102.3   0.0   1   1   9.6e-31   7.4e-28  101.7   0.0     5   110    66   173    62   187 0.91 [190263/495/1]
190263/546/1.f:GEHMID_08275 -            447 CE4.hmm              -            130   4.9e-28  102.2   0.0   1   1   3.2e-30   2.5e-27  100.0   0.0     5   122   243   360   239   365 0.92 [190263/546/1]
190263/477/1.f:PCLDCI_12975 -            494 CE4.hmm              -            130   5.2e-28  102.2   0.1   1   1   3.5e-30   2.7e-27   99.8   0.0     6   118   293   407   290   409 0.96 [190263/477/1]
190263/568/1.f:ABMLLK_07960 -            276 CE4.hmm              -            130   6.1e-28  101.9   0.0   1   1   1.3e-30   9.8e-28  101.3   0.0     1   124    75   202    75   207 0.94 [190263/568/1]
190263/487/1.f:MPKEFC_09495 -            303 CE4.hmm              -            130   8.5e-28  101.5   0.1   1   1   2.7e-30   2.1e-27  100.2   0.0     6   125   111   233   106   238 0.94 [190263/487/1]
190263/384/1.f:CDKGIA_14580 -            416 CE4.hmm              -            130   1.2e-27  100.9   0.0   1   1   4.3e-30   3.3e-27   99.6   0.0     7   112   215   322   211   333 0.91 [190263/384/1]
190263/386/1.f:DBGIOG_03945 -            227 CE4.hmm              -            130   1.2e-27  100.9   0.0   1   1   4.2e-30   3.3e-27   99.6   0.0     7   112    43   150    38   158 0.95 [190263/386/1]
190263/413/1.f:NMLDCG_00920 -            306 CE4.hmm              -            130   1.3e-27  100.9   0.0   1   1   2.5e-30   1.9e-27  100.3   0.0     5   112    86   195    82   207 0.93 [190263/413/1]
190263/530/1.f:LBOGMJ_12755 -            280 CE4.hmm              -            130   1.5e-27  100.7   0.0   1   1   3.1e-30   2.4e-27  100.0   0.0    21   126    51   157    21   160 0.94 [190263/530/1]
190263/591/1.f:NBPJEL_07265 -            286 CE4.hmm              -            130   1.6e-27  100.6   0.0   1   1   4.5e-30   3.5e-27   99.5   0.0     4   126    93   220    90   223 0.88 [190263/591/1]
190263/438/1.f:IKAFOJ_00545 -            425 CE4.hmm              -            130   1.6e-27  100.6   0.0   1   1   4.7e-30   3.6e-27   99.4   0.0     5   125   228   350   225   354 0.95 [190263/438/1]
190263/383/1.f:KCEMEB_17350 -            266 CE4.hmm              -            130   1.6e-27  100.6   0.0   1   1   7.9e-30   6.1e-27   98.7   0.0     4   125    72   196    69   201 0.95 [190263/383/1]
190263/584/1.f:DDCNLE_10640 -            368 CE4.hmm              -            130   1.6e-27  100.6   0.0   1   1   3.7e-30   2.9e-27   99.8   0.0     4   127   174   327   170   330 0.88 [190263/584/1]
190263/438/1.f:IKAFOJ_00115 -            431 CE4.hmm              -            130   1.7e-27  100.5   0.0   1   1   4.8e-30   3.7e-27   99.4   0.0     5   125   234   356   231   360 0.94 [190263/438/1]
190263/433/1.f:ADFNDI_16150 -            490 CE4.hmm              -            130     3e-27   99.7   0.0   1   1   9.4e-30   7.3e-27   98.5   0.0     6   119   172   286   167   293 0.94 [190263/433/1]
190263/370/1.f:MFKGBO_02980 -            269 CE4.hmm              -            130     3e-27   99.7   0.0   1   1     6e-30   4.6e-27   99.1   0.0     8   112    86   192    80   203 0.94 [190263/370/1]
190263/472/1.f:NMGHJI_16715 -            250 CE4.hmm              -            130   3.4e-27   99.5   0.0   1   1     2e-29   1.5e-26   97.4   0.0     7   109    66   170    63   181 0.93 [190263/472/1]
190263/530/1.f:LBOGMJ_07895 -            289 CE4.hmm              -            130   3.4e-27   99.5   0.0   1   1   7.4e-30   5.7e-27   98.8   0.0     7   124   105   224   100   229 0.96 [190263/530/1]
190263/578/1.f:HIHCLH_04370 -            255 CE4.hmm              -            130   3.4e-27   99.5   0.0   1   1   7.6e-30   5.8e-27   98.8   0.0     3   124    48   171    46   176 0.95 [190263/578/1]
190263/532/1.f:BGDBBA_10580 -            276 CE4.hmm              -            130   3.5e-27   99.5   0.0   1   1   8.1e-30   6.2e-27   98.7   0.0     5   124    69   196    65   202 0.88 [190263/532/1]
190263/382/1.f:JACGKO_07100 -            314 CE4.hmm              -            130   3.5e-27   99.5   0.2   1   1   1.1e-29   8.3e-27   98.3   0.1     7   122   112   233   108   240 0.87 [190263/382/1]
190263/458/1.f:AMPCAI_00820 -            231 CE4.hmm              -            130   4.5e-27   99.1   0.2   1   1   1.4e-29   1.1e-26   97.9   0.1     8   125    26   154    20   159 0.87 [190263/458/1]
190263/461/1.f:DHPHOK_17615 -            547 CE4.hmm              -            130   4.7e-27   99.1   0.0   1   1   1.5e-29   1.1e-26   97.8   0.0     7   122   279   405   273   412 0.93 [190263/461/1]
190263/401/1.f:DMFJNH_10125 -            322 CE4.hmm              -            130   4.8e-27   99.0   0.0   1   1     1e-29     8e-27   98.3   0.0     6   120    33   159    28   170 0.88 [190263/401/1]
190263/504/1.f:DOAHDM_10505 -            322 CE4.hmm              -            130   4.9e-27   99.0   0.0   1   1     1e-29     8e-27   98.3   0.0     6   120    33   159    28   170 0.88 [190263/504/1]
190263/388/1.f:FDDJJK_11105 -            566 CE4.hmm              -            130     5e-27   99.0   0.0   1   1   1.6e-29   1.2e-26   97.7   0.0     7   122   279   405   273   412 0.93 [190263/388/1]
190263/447/1.f:OLODHC_03400 -            476 CE4.hmm              -            130   7.6e-27   98.4   0.1   1   1   2.5e-29   1.9e-26   97.1   0.1     7   113   268   375   263   401 0.83 [190263/447/1]
190263/552/1.f:EMALNL_11070 -            322 CE4.hmm              -            130   8.7e-27   98.2   0.0   1   1   1.9e-29   1.5e-26   97.5   0.0     7   122    37   162    31   169 0.91 [190263/552/1]
190263/530/1.f:LBOGMJ_14045 -            238 CE4.hmm              -            130     1e-26   97.9   0.0   1   1   3.2e-29   2.4e-26   96.8   0.0     5   125    40   161    36   166 0.93 [190263/530/1]
190263/532/1.f:BGDBBA_06450 -            520 CE4.hmm              -            130   1.1e-26   97.9   0.0   1   1   3.2e-29   2.4e-26   96.8   0.0     6   115   321   431   316   435 0.93 [190263/532/1]
190263/409/1.f:AJJCMD_18905 -            496 CE4.hmm              -            130   1.1e-26   97.8   0.0   1   1   3.8e-29     3e-26   96.5   0.0     7   119   295   410   291   423 0.87 [190263/409/1]
190263/586/1.f:KBDCAC_03570 -            243 CE4.hmm              -            130   1.2e-26   97.8   0.0   1   1   7.1e-29   5.5e-26   95.6   0.0     6   115    58   169    54   174 0.93 [190263/586/1]
190263/370/1.f:MFKGBO_25855 -            467 CE4.hmm              -            130   1.3e-26   97.7   0.0   1   1     3e-29   2.3e-26   96.8   0.0     6   125   264   385   260   389 0.93 [190263/370/1]
190263/363/1.f:CIHHOC_14900 -            411 CE4.hmm              -            130   1.3e-26   97.7   0.0   1   1   3.3e-29   2.6e-26   96.7   0.0     7   114   156   263   151   273 0.90 [190263/363/1]
190263/380/1.f:GDCFAC_14335 -            188 CE4.hmm              -            130   1.4e-26   97.6   0.0   1   1   3.6e-29   2.8e-26   96.6   0.0    27   123     3   100     2   106 0.97 [190263/380/1]
190263/457/1.f:IIKDLL_10690 -            284 CE4.hmm              -            130   1.5e-26   97.5   0.0   1   1   3.2e-29   2.5e-26   96.7   0.0     5   117    79   193    75   202 0.90 [190263/457/1]
190263/530/1.f:LBOGMJ_12760 -            283 CE4.hmm              -            130   1.5e-26   97.5   0.0   1   1   3.8e-29   2.9e-26   96.5   0.0     9   127    11   158     6   160 0.79 [190263/530/1]
190263/382/1.f:JACGKO_09245 -            613 CE4.hmm              -            130   1.5e-26   97.4   0.1   1   1   5.8e-23   4.5e-20   76.5   0.0     4   126   368   512   365   515 0.85 [190263/382/1]
190263/400/1.f:EIBLKL_01335 -            285 CE4.hmm              -            130   1.8e-26   97.2   0.0   1   1     5e-29   3.8e-26   96.1   0.0     6   125    94   245    90   249 0.88 [190263/400/1]
190263/383/1.f:KCEMEB_16620 -            281 CE4.hmm              -            130   1.8e-26   97.2   0.0   1   1   1.6e-28   1.2e-25   94.5   0.0     5   118    73   188    69   191 0.92 [190263/383/1]
190263/448/1.f:IBJDOL_01950 -            269 CE4.hmm              -            130   1.9e-26   97.1   0.0   1   1   2.2e-28   1.7e-25   94.0   0.0     5   122    74   198    70   205 0.86 [190263/448/1]
190263/477/1.f:PCLDCI_11820 -            254 CE4.hmm              -            130   2.5e-26   96.7   0.0   1   1   5.1e-29   3.9e-26   96.1   0.0     3   120    47   166    45   172 0.92 [190263/477/1]
190263/562/1.f:KJGNCK_11130 -            330 CE4.hmm              -            130   2.7e-26   96.6   0.0   1   1   5.9e-29   4.6e-26   95.9   0.0     7   121    37   161    31   169 0.91 [190263/562/1]
190263/448/1.f:IBJDOL_01255 -            241 CE4.hmm              -            130   3.3e-26   96.3   0.0   1   1   6.2e-29   4.8e-26   95.8   0.0     4   123    35   159    32   165 0.84 [190263/448/1]
190263/406/1.f:DKNBGD_00315 -            530 CE4.hmm              -            130   3.8e-26   96.1   0.0   1   1   1.1e-28   8.4e-26   95.0   0.0     6   117   315   430   311   432 0.93 [190263/406/1]
190263/406/1.f:DKNBGD_13145 -            283 CE4.hmm              -            130   5.5e-26   95.6   0.0   1   1   1.2e-28   9.2e-26   94.9   0.0     6   125    95   216    91   221 0.96 [190263/406/1]
190263/547/1.f:KJCAKO_09275 -            457 CE4.hmm              -            130   7.4e-26   95.2   0.0   1   1   1.9e-28   1.5e-25   94.2   0.0     5   115   247   369   243   383 0.82 [190263/547/1]
190263/400/1.f:EIBLKL_09280 -            278 CE4.hmm              -            130   8.3e-26   95.0   0.0   1   1     2e-28   1.5e-25   94.2   0.0     6   125    90   212    86   216 0.95 [190263/400/1]
190263/487/1.f:MPKEFC_03250 -            281 CE4.hmm              -            130   8.9e-26   94.9   0.0   1   1   2.5e-28     2e-25   93.8   0.0     8   127    11   159     6   161 0.84 [190263/487/1]
190263/439/1.f:KGLJGB_07865 -            393 CE4.hmm              -            130   9.9e-26   94.8   0.0   1   1   3.9e-28     3e-25   93.2   0.0     6   116   192   303   187   307 0.92 [190263/439/1]
190263/447/1.f:OLODHC_04025 -            262 CE4.hmm              -            130   1.1e-25   94.6   0.0   1   1   2.7e-28   2.1e-25   93.7   0.0     5   125    56   177    52   181 0.94 [190263/447/1]
190263/507/1.f:KPMKPI_04745 -            219 CE4.hmm              -            130   1.1e-25   94.6   0.0   1   1   4.8e-28   3.7e-25   92.9   0.0     5   111    33   141    29   150 0.93 [190263/507/1]
190263/380/1.f:GDCFAC_13335 -            259 CE4.hmm              -            130   1.2e-25   94.5   0.0   1   1   6.1e-28   4.7e-25   92.6   0.0     5   114    57   168    54   172 0.91 [190263/380/1]
190263/452/1.f:PEIHBN_07445 -            652 CE4.hmm              -            130   1.4e-25   94.3   0.0   1   1   3.8e-28   2.9e-25   93.3   0.0     7   114   392   500   387   504 0.94 [190263/452/1]
190263/448/1.f:IBJDOL_14050 -            243 CE4.hmm              -            130   1.5e-25   94.2   0.0   1   1   2.7e-28   2.1e-25   93.8   0.0     6   125    38   163    33   168 0.89 [190263/448/1]
190263/400/1.f:EIBLKL_07625 -            292 CE4.hmm              -            130   2.1e-25   93.7   0.1   1   1   6.4e-28   4.9e-25   92.5   0.0     5   112    84   194    80   207 0.90 [190263/400/1]
190263/549/1.f:CNBDFB_06960 -            477 CE4.hmm              -            130   2.1e-25   93.7   0.0   1   1     5e-28   3.9e-25   92.9   0.0     6   112   279   386   274   395 0.93 [190263/549/1]
190263/487/1.f:MPKEFC_03735 -            384 CE4.hmm              -            130   2.4e-25   93.5   0.0   1   1   5.3e-28   4.1e-25   92.8   0.0     6   117   156   269   151   276 0.94 [190263/487/1]
190263/490/1.f:OIBLLI_05220 -            335 CE4.hmm              -            130   2.4e-25   93.5   0.0   1   1   5.5e-28   4.3e-25   92.7   0.0     5   117   130   244   126   251 0.93 [190263/490/1]
190263/448/1.f:IBJDOL_15815 -            328 CE4.hmm              -            130   2.6e-25   93.5   0.1   1   1   1.1e-27   8.2e-25   91.8   0.0     3   124   130   257   128   262 0.94 [190263/448/1]
190263/493/1.f:HBFGKM_07160 -            474 CE4.hmm              -            130   2.8e-25   93.3   0.2   1   1   8.7e-28   6.7e-25   92.1   0.1     4   118   263   376   260   388 0.83 [190263/493/1]
190263/396/1.f:KAAOMA_03580 -            416 CE4.hmm              -            130   2.9e-25   93.3   0.0   1   1   7.8e-28     6e-25   92.2   0.0     5   110    30   138    26   149 0.90 [190263/396/1]
190263/363/1.f:CIHHOC_06535 -            435 CE4.hmm              -            130   3.2e-25   93.2   0.0   1   1   7.4e-28   5.7e-25   92.3   0.0     6   114   236   345   231   350 0.92 [190263/363/1]
190263/564/1.f:KIHMBJ_07565 -            202 CE4.hmm              -            130   3.4e-25   93.1   0.0   1   1   7.8e-28     6e-25   92.3   0.0     6   119    21   130    17   137 0.90 [190263/564/1]
190263/476/1.f:JACNIE_03225 -            549 CE4.hmm              -            130   3.7e-25   92.9   0.1   1   1     4e-27   3.1e-24   89.9   0.0     2   112   327   450   326   463 0.92 [190263/476/1]
190263/504/1.f:DOAHDM_10635 -            592 CE4.hmm              -            130   3.8e-25   92.9   0.0   1   1     1e-27     8e-25   91.9   0.0    10   119   312   431   303   441 0.90 [190263/504/1]
190263/557/1.f:DOLMEB_04365 -            489 CE4.hmm              -            130   4.1e-25   92.8   0.1   1   1   9.7e-28   7.5e-25   91.9   0.1     6   118   280   393   275   414 0.80 [190263/557/1]
190263/391/1.f:NONBJF_00865 -            325 CE4.hmm              -            130   4.7e-25   92.6   0.0   1   1     1e-27   7.9e-25   91.9   0.0     9   115    37   152    31   164 0.90 [190263/391/1]
190263/534/1.f:OHCFJE_01630 -            325 CE4.hmm              -            130   4.7e-25   92.6   0.0   1   1     1e-27   7.9e-25   91.9   0.0     9   115    37   152    31   164 0.90 [190263/534/1]
190263/545/1.f:NCJBIN_00975 -            325 CE4.hmm              -            130   4.7e-25   92.6   0.0   1   1     1e-27   7.9e-25   91.9   0.0     9   115    37   152    31   164 0.90 [190263/545/1]
190263/588/1.f:LGPOLK_07870 -            295 CE4.hmm              -            130   4.8e-25   92.6   0.0   1   1   1.6e-27   1.2e-24   91.2   0.0     8   121    93   212    88   217 0.84 [190263/588/1]
190263/534/1.f:OHCFJE_11220 -            630 CE4.hmm              -            130   5.5e-25   92.4   0.0   1   1   3.9e-27     3e-24   90.0   0.0    10   120   346   467   339   475 0.90 [190263/534/1]
190263/391/1.f:NONBJF_11010 -            630 CE4.hmm              -            130   5.6e-25   92.4   0.0   1   1   3.9e-27     3e-24   90.0   0.0    10   120   346   467   339   475 0.90 [190263/391/1]
190263/477/1.f:PCLDCI_02755 -            292 CE4.hmm              -            130   5.7e-25   92.3   0.0   1   1   1.4e-27   1.1e-24   91.5   0.0     4   125   101   251    98   255 0.87 [190263/477/1]
190263/567/1.f:NOEGFN_05035 -            289 CE4.hmm              -            130   5.9e-25   92.3   0.0   1   1   1.4e-27     1e-24   91.5   0.0     4   125    97   248    94   253 0.83 [190263/567/1]
190263/423/1.f:PDNKFB_00355 -            276 CE4.hmm              -            130   6.2e-25   92.2   0.0   1   1   1.4e-27   1.1e-24   91.5   0.0     3   117    69   185    67   193 0.92 [190263/423/1]
190263/545/1.f:NCJBIN_11870 -            630 CE4.hmm              -            130   6.3e-25   92.2   0.0   1   1   3.9e-27     3e-24   90.0   0.0    10   120   346   467   339   475 0.90 [190263/545/1]
190263/596/1.f:GDHELL_09515 -            287 CE4.hmm              -            130   6.5e-25   92.1   0.0   1   1   1.5e-27   1.1e-24   91.4   0.0     3   125    94   245    92   250 0.82 [190263/596/1]
190263/478/1.f:BOCJFA_01290 -            468 CE4.hmm              -            130   6.6e-25   92.1   0.0   1   1   1.8e-27   1.4e-24   91.1   0.0     5   117   181   296   177   302 0.89 [190263/478/1]
190263/497/1.f:HENFFC_16430 -            202 CE4.hmm              -            130   6.8e-25   92.1   0.0   1   1   3.4e-27   2.7e-24   90.2   0.0     5   107    22   126    18   139 0.88 [190263/497/1]
190263/586/1.f:KBDCAC_14250 -            188 CE4.hmm              -            130   6.8e-25   92.1   0.0   1   1   1.4e-27   1.1e-24   91.4   0.0    27   122     1    97     1   103 0.97 [190263/586/1]
190263/365/1.f:JJMMAK_15315 -            202 CE4.hmm              -            130   6.8e-25   92.1   0.0   1   1   3.6e-27   2.8e-24   90.1   0.0     5   106    22   125    18   138 0.88 [190263/365/1]
190263/400/1.f:EIBLKL_01700 -            207 CE4.hmm              -            130   7.8e-25   91.9   0.0   1   1   8.4e-27   6.5e-24   88.9   0.0     8   107     3   105     1   117 0.93 [190263/400/1]
190263/412/1.f:OOIBGL_16210 -            257 CE4.hmm              -            130   8.5e-25   91.8   0.0   1   1   2.4e-27   1.9e-24   90.7   0.0     7   116    49   161    43   165 0.91 [190263/412/1]
190263/362/1.f:KJODLM_03005 -            292 CE4.hmm              -            130   8.8e-25   91.7   0.0   1   1   2.3e-27   1.8e-24   90.7   0.0     7   119   128   247   122   253 0.88 [190263/362/1]
190263/537/1.f:AHPNMI_08210 -            480 CE4.hmm              -            130   9.7e-25   91.6   0.0   1   1   2.4e-27   1.8e-24   90.7   0.0     6   112   282   389   277   396 0.93 [190263/537/1]
190263/384/1.f:CDKGIA_22510 -            511 CE4.hmm              -            130     1e-24   91.5   0.1   1   1   4.3e-27   3.3e-24   89.9   0.0     7   120   303   419   300   433 0.86 [190263/384/1]
190263/401/1.f:DMFJNH_20210 -            236 CE4.hmm              -            130   1.1e-24   91.4   0.0   1   1   2.6e-27     2e-24   90.5   0.0     4   125    83   211    80   215 0.89 [190263/401/1]
190263/520/1.f:GGDGDE_13515 -            212 CE4.hmm              -            130   1.3e-24   91.2   0.0   1   1   4.2e-27   3.3e-24   89.9   0.0     7   116     3   115     1   129 0.94 [190263/520/1]
190263/384/1.f:CDKGIA_28320 -            463 CE4.hmm              -            130   1.4e-24   91.1   0.0   1   1   3.1e-27   2.4e-24   90.3   0.0     6   124   260   380   256   385 0.93 [190263/384/1]
190263/520/1.f:GGDGDE_13385 -            524 CE4.hmm              -            130   1.5e-24   90.9   0.0   1   1   5.3e-27   4.1e-24   89.6   0.0     8   124   339   459   335   464 0.90 [190263/520/1]
190263/429/1.f:OMPHBF_10245 -            293 CE4.hmm              -            130   1.6e-24   90.8   0.1   1   1   6.2e-27   4.8e-24   89.3   0.0     5   126   103   254    99   258 0.79 [190263/429/1]
190263/409/1.f:AJJCMD_27525 -            430 CE4.hmm              -            130     2e-24   90.6   0.0   1   1     5e-27   3.8e-24   89.7   0.0     6   125   227   348   223   352 0.92 [190263/409/1]
190263/560/1.f:OAGBLH_02195 -            466 CE4.hmm              -            130   2.2e-24   90.4   0.0   1   1   5.1e-27     4e-24   89.6   0.0     4   113   255   369   252   391 0.83 [190263/560/1]
190263/448/1.f:IBJDOL_13900 -            297 CE4.hmm              -            130   2.7e-24   90.2   0.1   1   1   1.4e-26   1.1e-23   88.2   0.0     8   112    89   192    82   217 0.85 [190263/448/1]
190263/400/1.f:EIBLKL_10465 -            351 CE4.hmm              -            130     3e-24   90.0   0.0   1   1   8.7e-27   6.7e-24   88.9   0.0     3   124    49   172    47   177 0.93 [190263/400/1]
190263/438/1.f:IKAFOJ_01470 -            475 CE4.hmm              -            130   3.1e-24   89.9   0.1   1   1   1.1e-26   8.3e-24   88.6   0.0     4   112   264   371   261   389 0.87 [190263/438/1]
190263/383/1.f:KCEMEB_06190 -            256 CE4.hmm              -            130   4.2e-24   89.5   0.0   1   1   1.2e-26   9.2e-24   88.4   0.0     6   124    48   174    43   179 0.82 [190263/383/1]
190263/585/1.f:DLBDDB_07765 -            318 CE4.hmm              -            130   4.5e-24   89.4   0.2   1   1   1.1e-26   8.7e-24   88.5   0.0     8   120    34   158    27   169 0.87 [190263/585/1]
190263/456/1.f:LKAJBD_02715 -            204 CE4.hmm              -            130   4.6e-24   89.4   0.0   1   1   2.3e-26   1.8e-23   87.5   0.0     5   116    22   129    18   139 0.80 [190263/456/1]
190263/493/1.f:HBFGKM_07580 -            233 CE4.hmm              -            130   4.7e-24   89.4   0.0   1   1   8.8e-27   6.8e-24   88.9   0.0     8   122    41   156    34   162 0.93 [190263/493/1]
190263/452/1.f:PEIHBN_14360 -            323 CE4.hmm              -            130   4.7e-24   89.4   0.9   1   1   9.4e-27   7.3e-24   88.8   0.0     4   124   114   246   111   251 0.81 [190263/452/1]
190263/417/1.f:MHBJAE_03930 -            204 CE4.hmm              -            130   5.3e-24   89.2   0.1   1   1   3.3e-26   2.5e-23   87.0   0.1     4   116    21   124    18   138 0.79 [190263/417/1]
190263/578/1.f:HIHCLH_07210 -            491 CE4.hmm              -            130   5.6e-24   89.1   0.0   1   1   1.3e-26     1e-23   88.3   0.0     5   124   299   422   295   427 0.84 [190263/578/1]
190263/530/1.f:LBOGMJ_11800 -            306 CE4.hmm              -            130   5.9e-24   89.1   0.1   1   1   1.5e-26   1.2e-23   88.1   0.1     5   120    98   215    94   227 0.86 [190263/530/1]
190263/568/1.f:ABMLLK_08385 -            250 CE4.hmm              -            130   7.3e-24   88.8   0.0   1   1   1.5e-26   1.2e-23   88.1   0.0    10   122    64   178    55   185 0.92 [190263/568/1]
190263/531/1.f:KJIPPC_04915 -            240 CE4.hmm              -            130   7.3e-24   88.7   0.0   1   1   1.8e-26   1.4e-23   87.8   0.0     3   110    36   144    34   159 0.92 [190263/531/1]
190263/523/1.f:MDNHKG_00645 -            316 CE4.hmm              -            130   7.6e-24   88.7   0.0   1   1   1.8e-26   1.4e-23   87.9   0.0     8   119   137   244   132   253 0.89 [190263/523/1]
190263/478/1.f:BOCJFA_06860 -            179 CE4.hmm              -            130   7.9e-24   88.6   0.2   1   1   1.7e-26   1.3e-23   87.9   0.2    26   124     4   105     1   111 0.93 [190263/478/1]
190263/502/1.f:NONHGB_00405 -            346 CE4.hmm              -            130   8.4e-24   88.6   0.0   1   1   1.9e-26   1.4e-23   87.8   0.0     8   121    62   187    57   196 0.91 [190263/502/1]
190263/565/1.f:PAEINE_01610 -            468 CE4.hmm              -            130   8.5e-24   88.5   0.0   1   1   2.3e-26   1.8e-23   87.5   0.0     6   115   245   356   241   365 0.90 [190263/565/1]
190263/366/1.f:DBJPFP_05830 -            190 CE4.hmm              -            130   8.7e-24   88.5   0.0   1   1   1.9e-26   1.4e-23   87.8   0.0     7   121    10   117     6   125 0.89 [190263/366/1]
190263/446/1.f:LHJMMB_08250 -            190 CE4.hmm              -            130   8.7e-24   88.5   0.0   1   1   1.9e-26   1.4e-23   87.8   0.0     8   121    11   117     6   125 0.89 [190263/446/1]
190263/368/1.f:HPMDBE_00195 -            278 CE4.hmm              -            130   8.9e-24   88.5   0.0   1   1   1.9e-26   1.5e-23   87.8   0.0     6   129    67   236    63   237 0.89 [190263/368/1]
190263/516/1.f:MGNFBC_00190 -            278 CE4.hmm              -            130   8.9e-24   88.5   0.0   1   1   1.9e-26   1.5e-23   87.8   0.0     6   129    67   236    63   237 0.89 [190263/516/1]
190263/466/1.f:PGJOII_03265 -            204 CE4.hmm              -            130   9.1e-24   88.4   0.0   1   1   4.6e-26   3.6e-23   86.5   0.1     5   115    22   128    18   138 0.81 [190263/466/1]
190263/383/1.f:KCEMEB_16635 -            355 CE4.hmm              -            130   9.8e-24   88.3   0.0   1   1   5.1e-26   3.9e-23   86.4   0.0     5   112   144   253   140   261 0.91 [190263/383/1]
190263/369/1.f:JCDIFE_03870 -            218 CE4.hmm              -            130     1e-23   88.3   0.0   1   1   5.6e-26   4.3e-23   86.3   0.0     5   112    22   140    18   156 0.81 [190263/369/1]
190263/461/1.f:DHPHOK_04480 -            218 CE4.hmm              -            130     1e-23   88.3   0.0   1   1   5.6e-26   4.3e-23   86.3   0.0     5   112    22   140    18   156 0.81 [190263/461/1]
190263/472/1.f:NMGHJI_00715 -            450 CE4.hmm              -            130     1e-23   88.3   0.0   1   1   2.7e-26   2.1e-23   87.3   0.0     8   112   161   266   155   276 0.91 [190263/472/1]
190263/494/1.f:LHPBBO_13655 -            503 CE4.hmm              -            130     1e-23   88.3   0.1   1   1   2.5e-26   1.9e-23   87.4   0.1     6   112   298   401   293   429 0.80 [190263/494/1]
190263/391/1.f:NONBJF_06390 -            203 CE4.hmm              -            130   1.1e-23   88.2   0.1   1   1   3.3e-26   2.6e-23   87.0   0.1     4   123    21   135    18   141 0.85 [190263/391/1]
190263/534/1.f:OHCFJE_06710 -            203 CE4.hmm              -            130   1.1e-23   88.2   0.1   1   1   3.3e-26   2.6e-23   87.0   0.1     4   123    21   135    18   141 0.85 [190263/534/1]
190263/545/1.f:NCJBIN_06235 -            203 CE4.hmm              -            130   1.1e-23   88.2   0.1   1   1   3.3e-26   2.6e-23   87.0   0.1     4   123    21   135    18   141 0.85 [190263/545/1]
190263/388/1.f:FDDJJK_05735 -            203 CE4.hmm              -            130   1.1e-23   88.2   0.1   1   1   3.3e-26   2.6e-23   87.0   0.1     4   123    21   135    18   141 0.85 [190263/388/1]
190263/531/1.f:KJIPPC_13135 -            317 CE4.hmm              -            130   1.1e-23   88.2   0.1   1   1   3.5e-26   2.7e-23   86.9   0.1     4   116   108   219   105   244 0.81 [190263/531/1]
190263/383/1.f:KCEMEB_16270 -            287 CE4.hmm              -            130   1.2e-23   88.1   0.0   1   1   3.7e-26   2.9e-23   86.8   0.0     5   115    79   191    76   196 0.93 [190263/383/1]
190263/488/1.f:DNPFAC_04270 -            204 CE4.hmm              -            130   1.2e-23   88.1   0.1   1   1   8.2e-26   6.3e-23   85.7   0.1     4   116    21   124    18   139 0.77 [190263/488/1]
190263/534/1.f:OHCFJE_21550 -            329 CE4.hmm              -            130   1.5e-23   87.8   0.0   1   1   5.3e-26   4.1e-23   86.3   0.0     3   126    61   289    59   293 0.91 [190263/534/1]
190263/399/1.f:CDLIDF_04795 -            203 CE4.hmm              -            130   1.5e-23   87.7   0.1   1   1   5.4e-26   4.2e-23   86.3   0.1     4   117    21   125    18   139 0.82 [190263/399/1]
190263/557/1.f:DOLMEB_10360 -            298 CE4.hmm              -            130   2.2e-23   87.2   0.2   1   1   1.8e-25   1.4e-22   84.6   0.0     4   112    89   197    86   224 0.86 [190263/557/1]
190263/405/1.f:EHKDKA_06375 -            204 CE4.hmm              -            130   2.4e-23   87.1   0.1   1   1   1.4e-25   1.1e-22   85.0   0.1     5   109    22   122    18   139 0.82 [190263/405/1]
190263/421/1.f:PBKEAC_06900 -            190 CE4.hmm              -            130   2.5e-23   87.0   0.0   1   1   5.4e-26   4.2e-23   86.3   0.0     7   121    10   117     6   125 0.89 [190263/421/1]
190263/502/1.f:NONHGB_05565 -            204 CE4.hmm              -            130   3.1e-23   86.7   0.1   1   1   1.2e-25   9.2e-23   85.2   0.0     5   109    22   122    18   138 0.81 [190263/502/1]
190263/530/1.f:LBOGMJ_10000 -            501 CE4.hmm              -            130   3.2e-23   86.7   0.0   1   1   1.1e-25   8.2e-23   85.3   0.0     6   115   299   410   295   413 0.94 [190263/530/1]
190263/413/1.f:NMLDCG_13410 -            275 CE4.hmm              -            130   3.2e-23   86.7   0.0   1   1   9.5e-26   7.3e-23   85.5   0.0     4   119    91   236    89   243 0.81 [190263/413/1]
190263/475/1.f:MCKEEP_05650 -            204 CE4.hmm              -            130   3.3e-23   86.6   0.2   1   1   2.1e-25   1.7e-22   84.4   0.2     4   110    21   123    18   138 0.80 [190263/475/1]
190263/548/1.f:BMFKAM_06575 -            478 CE4.hmm              -            130   3.4e-23   86.6   0.0   1   1   9.6e-26   7.4e-23   85.5   0.0     7   112   262   369   257   382 0.89 [190263/548/1]
190263/560/1.f:OAGBLH_02785 -            436 CE4.hmm              -            130   3.5e-23   86.5   0.3   1   1   8.7e-26   6.7e-23   85.6   0.3     4   124   235   363   232   370 0.89 [190263/560/1]
190263/552/1.f:EMALNL_05550 -            204 CE4.hmm              -            130   4.4e-23   86.2   0.2   1   1   2.9e-25   2.2e-22   84.0   0.2     4   110    21   123    18   138 0.80 [190263/552/1]
190263/562/1.f:KJGNCK_04685 -            204 CE4.hmm              -            130   4.4e-23   86.2   0.2   1   1   2.9e-25   2.2e-22   84.0   0.2     4   110    21   123    18   138 0.80 [190263/562/1]
190263/404/1.f:BGJBIG_03875 -            204 CE4.hmm              -            130   4.9e-23   86.1   0.2   1   1   1.9e-25   1.5e-22   84.5   0.2     4   110    21   123    18   138 0.80 [190263/404/1]
190263/401/1.f:DMFJNH_05140 -            204 CE4.hmm              -            130   5.2e-23   86.0   0.2   1   1   1.9e-25   1.5e-22   84.5   0.2     4   110    21   123    18   138 0.80 [190263/401/1]
190263/504/1.f:DOAHDM_05790 -            204 CE4.hmm              -            130   5.2e-23   86.0   0.2   1   1   1.9e-25   1.5e-22   84.5   0.2     4   110    21   123    18   138 0.80 [190263/504/1]
190263/573/1.f:LIDFCI_18015 -            204 CE4.hmm              -            130   5.4e-23   85.9   0.2   1   1   3.5e-25   2.7e-22   83.7   0.2     4   110    21   123    18   138 0.80 [190263/573/1]
190263/368/1.f:HPMDBE_17900 -            203 CE4.hmm              -            130   5.5e-23   85.9   0.0   1   1     2e-25   1.5e-22   84.5   0.0     6   106    23   125    19   139 0.86 [190263/368/1]
190263/379/1.f:LOJHAC_19835 -            203 CE4.hmm              -            130   5.5e-23   85.9   0.0   1   1     2e-25   1.5e-22   84.5   0.0     6   106    23   125    19   139 0.86 [190263/379/1]
190263/516/1.f:MGNFBC_15855 -            203 CE4.hmm              -            130   5.5e-23   85.9   0.0   1   1     2e-25   1.5e-22   84.5   0.0     6   106    23   125    19   139 0.86 [190263/516/1]
190263/488/1.f:DNPFAC_00440 -            212 CE4.hmm              -            130   5.6e-23   85.9   0.0   1   1   1.2e-25   9.4e-23   85.2   0.0     5   109    27   127    23   143 0.89 [190263/488/1]
190263/437/1.f:LBKKEJ_04570 -            203 CE4.hmm              -            130   6.3e-23   85.7   0.0   1   1   1.8e-25   1.4e-22   84.6   0.0     4   116    21   124    18   140 0.80 [190263/437/1]
190263/497/1.f:HENFFC_00515 -            586 CE4.hmm              -            130   6.5e-23   85.7   0.0   1   1   1.7e-25   1.3e-22   84.7   0.0     5   120   419   549   415   558 0.81 [190263/497/1]
190263/370/1.f:MFKGBO_02690 -            273 CE4.hmm              -            130   6.9e-23   85.6   0.0   1   1   1.8e-25   1.4e-22   84.6   0.0    25   126    56   158    45   161 0.95 [190263/370/1]
190263/434/1.f:NCAOKI_02280 -            483 CE4.hmm              -            130     7e-23   85.6   0.0   1   1   1.6e-25   1.2e-22   84.8   0.0     7   111   270   375   265   385 0.92 [190263/434/1]
190263/568/1.f:ABMLLK_03810 -            291 CE4.hmm              -            130   7.4e-23   85.5   0.0   1   1   2.8e-25   2.1e-22   84.0   0.0     3   112    84   206    82   224 0.81 [190263/568/1]
190263/439/1.f:KGLJGB_11420 -            283 CE4.hmm              -            130   9.5e-23   85.1   0.0   1   1   2.4e-25   1.8e-22   84.2   0.0     5   118    77   194    73   205 0.84 [190263/439/1]
190263/493/1.f:HBFGKM_05700 -            358 CE4.hmm              -            130     1e-22   85.0   0.0   1   1   7.1e-25   5.5e-22   82.7   0.0     6   126   147   281   142   285 0.84 [190263/493/1]
190263/412/1.f:OOIBGL_18195 -            757 CE4.hmm              -            130     1e-22   85.0   0.0   1   1   4.2e-25   3.2e-22   83.4   0.0     5   114   550   662   546   670 0.88 [190263/412/1]
190263/386/1.f:DBGIOG_15965 -            499 CE4.hmm              -            130   1.1e-22   84.9   0.0   1   1     3e-25   2.3e-22   83.9   0.0    10   118   303   413   299   416 0.92 [190263/386/1]
190263/556/1.f:EMIPPF_05530 -            190 CE4.hmm              -            130   1.2e-22   84.8   0.0   1   1   2.7e-25   2.1e-22   84.0   0.0     8   121    11   117     7   125 0.88 [190263/556/1]
190263/540/1.f:BCGFLB_07110 -            202 CE4.hmm              -            130   1.3e-22   84.7   0.0   1   1   2.8e-25   2.2e-22   84.0   0.0     8   112    23   123    18   141 0.86 [190263/540/1]
190263/530/1.f:LBOGMJ_01610 -            275 CE4.hmm              -            130   1.4e-22   84.6   0.0   1   1   3.6e-25   2.8e-22   83.6   0.0     4   111    60   168    57   188 0.89 [190263/530/1]
190263/506/1.f:IKGMED_08310 -            488 CE4.hmm              -            130   1.5e-22   84.5   0.0   1   1   3.3e-25   2.5e-22   83.8   0.0     4   126   182   321   179   324 0.84 [190263/506/1]
190263/438/1.f:IKAFOJ_03835 -            464 CE4.hmm              -            130   1.5e-22   84.5   0.1   1   1     4e-25   3.1e-22   83.5   0.1     5   118   255   365   252   386 0.83 [190263/438/1]
190263/567/1.f:NOEGFN_00070 -            334 CE4.hmm              -            130   1.6e-22   84.4   0.0   1   1   3.5e-25   2.7e-22   83.7   0.0    10   124   144   260   136   265 0.93 [190263/567/1]
190263/583/1.f:BCCKNC_04760 -            203 CE4.hmm              -            130   1.7e-22   84.3   0.1   1   1   6.7e-25   5.2e-22   82.8   0.1     5   116    22   124    18   140 0.76 [190263/583/1]
190263/458/1.f:AMPCAI_00225 -            470 CE4.hmm              -            130   1.9e-22   84.2   0.1   1   1   6.3e-25   4.8e-22   82.9   0.1     4   125   259   392   256   397 0.85 [190263/458/1]
190263/406/1.f:DKNBGD_05065 -            464 CE4.hmm              -            130     2e-22   84.1   0.4   1   1     3e-23   2.3e-20   77.4   0.0     6   113   252   363   248   367 0.91 [190263/406/1]
190263/487/1.f:MPKEFC_03255 -            276 CE4.hmm              -            130   2.2e-22   84.0   0.0   1   1   4.9e-25   3.8e-22   83.2   0.0    21   126    51   157    27   160 0.94 [190263/487/1]
190263/386/1.f:DBGIOG_11625 -            410 CE4.hmm              -            130   2.3e-22   83.9   0.0   1   1   5.1e-25   3.9e-22   83.1   0.0     5   111   182   291   178   299 0.89 [190263/386/1]
190263/447/1.f:OLODHC_03265 -            317 CE4.hmm              -            130   2.3e-22   83.9   0.0   1   1   4.8e-25   3.7e-22   83.2   0.0     6   124    60   279    56   285 0.96 [190263/447/1]
190263/585/1.f:DLBDDB_04135 -            204 CE4.hmm              -            130   3.1e-22   83.5   0.3   1   1   1.3e-24     1e-21   81.8   0.2     5   110    22   123    18   137 0.80 [190263/585/1]
190263/494/1.f:LHPBBO_10875 -            571 CE4.hmm              -            130   3.2e-22   83.4   0.0   1   1   1.1e-24   8.2e-22   82.1   0.0     7   108   369   480   363   496 0.86 [190263/494/1]
190263/396/1.f:KAAOMA_05960 -            289 CE4.hmm              -            130   3.2e-22   83.4   0.0   1   1   1.2e-24   9.2e-22   82.0   0.0     5   126    97   248    93   251 0.86 [190263/396/1]
190263/456/1.f:LKAJBD_14380 -            283 CE4.hmm              -            130   3.3e-22   83.4   0.0   1   1   7.1e-25   5.5e-22   82.7   0.0     4   128    62   232    59   245 0.87 [190263/456/1]
190263/589/1.f:LPHMCO_15280 -            354 CE4.hmm              -            130   3.3e-22   83.4   0.0   1   1   2.1e-24   1.6e-21   81.2   0.0     7   115   153   272   149   280 0.87 [190263/589/1]
190263/513/1.f:MKNBNH_09110 -            274 CE4.hmm              -            130   3.5e-22   83.3   0.0   1   1   6.9e-25   5.3e-22   82.7   0.0     6   113    70   185    66   201 0.82 [190263/513/1]
190263/495/1.f:ANKNCD_13880 -            327 CE4.hmm              -            130   3.8e-22   83.2   0.0   1   1   8.7e-25   6.7e-22   82.4   0.0    10   122   120   241   114   248 0.81 [190263/495/1]
190263/409/1.f:AJJCMD_30075 -            394 CE4.hmm              -            130     5e-22   82.8   0.0   1   1   1.7e-24   1.3e-21   81.5   0.0     6   125   189   312   185   316 0.92 [190263/409/1]
190263/584/1.f:DDCNLE_12705 -            306 CE4.hmm              -            130   8.3e-22   82.1   0.1   1   1   2.9e-24   2.3e-21   80.7   0.0     6   115    89   200    84   211 0.86 [190263/584/1]
190263/569/1.f:FCJLID_01750 -            277 CE4.hmm              -            130   9.6e-22   81.9   0.0   1   1   9.8e-24   7.6e-21   79.0   0.0     8   125    89   212    83   217 0.91 [190263/569/1]
190263/412/1.f:OOIBGL_17210 -            682 CE4.hmm              -            130     1e-21   81.8   0.0   1   1   2.9e-24   2.3e-21   80.7   0.0     6   120   473   593   469   601 0.84 [190263/412/1]
190263/364/1.f:DKBBKL_06655 -            277 CE4.hmm              -            130   1.1e-21   81.8   0.0   1   1   2.2e-24   1.7e-21   81.1   0.0     8   126    10   140     3   143 0.88 [190263/364/1]
190263/362/1.f:KJODLM_09050 -            288 CE4.hmm              -            130   1.1e-21   81.7   0.0   1   1   2.4e-24   1.9e-21   81.0   0.0     4   123    79   212    76   218 0.81 [190263/362/1]
190263/443/1.f:LNLACP_13495 -            254 CE4.hmm              -            130   1.2e-21   81.5   0.0   1   1   7.1e-24   5.5e-21   79.4   0.0     5   110    40   149    36   173 0.81 [190263/443/1]
190263/396/1.f:KAAOMA_01420 -           1513 CE4.hmm              -            130   1.3e-21   81.5   0.0   1   1   1.1e-23   8.3e-21   78.9   0.0     7   113  1306  1418  1300  1425 0.84 [190263/396/1]
190263/477/1.f:PCLDCI_10435 -            325 CE4.hmm              -            130   1.4e-21   81.4   0.2   1   1   1.5e-23   1.2e-20   78.4   0.0     4   113   112   227   109   246 0.78 [190263/477/1]
190263/406/1.f:DKNBGD_14465 -            470 CE4.hmm              -            130   2.6e-21   80.5   0.1   1   1     8e-24   6.2e-21   79.3   0.1     5   113   263   375   260   381 0.90 [190263/406/1]
190263/368/1.f:HPMDBE_01580 -            296 CE4.hmm              -            130   3.2e-21   80.2   0.0   1   1   6.2e-24   4.8e-21   79.6   0.0    19   127    34   144     3   146 0.86 [190263/368/1]
190263/363/1.f:CIHHOC_13865 -            251 CE4.hmm              -            130   3.6e-21   80.0   0.0   1   1   1.4e-23   1.1e-20   78.5   0.0     8   125    49   168    43   172 0.89 [190263/363/1]
190263/457/1.f:IIKDLL_08280 -            322 CE4.hmm              -            130   3.7e-21   80.0   0.0   1   1   8.5e-24   6.5e-21   79.2   0.0     9   112   115   219   108   243 0.81 [190263/457/1]
190263/595/1.f:HGDLEC_03990 -            203 CE4.hmm              -            130   3.7e-21   80.0   0.5   1   1   3.4e-23   2.7e-20   77.2   0.3     6   111    23   124    18   143 0.82 [190263/595/1]
190263/461/1.f:DHPHOK_16945 -            229 CE4.hmm              -            130   3.7e-21   80.0   0.0   1   1   7.2e-24   5.5e-21   79.4   0.0     4   111    76   188    73   207 0.87 [190263/461/1]
190263/423/1.f:PDNKFB_01285 -            489 CE4.hmm              -            130   4.2e-21   79.8   0.0   1   1     1e-23   7.9e-21   78.9   0.0     5   111   279   384   275   403 0.83 [190263/423/1]
190263/366/1.f:DBJPFP_08210 -            282 CE4.hmm              -            130   5.5e-21   79.5   0.0   1   1   1.1e-23   8.8e-21   78.8   0.0    21   126    35   143     2   146 0.84 [190263/366/1]
190263/460/1.f:IHFGKI_01340 -            203 CE4.hmm              -            130   5.6e-21   79.4   0.4   1   1   1.6e-23   1.2e-20   78.3   0.3     5   109    22   122    18   140 0.81 [190263/460/1]
190263/436/1.f:KEEIED_02865 -            283 CE4.hmm              -            130   9.3e-21   78.7   0.0   1   1   3.2e-23   2.4e-20   77.4   0.0     8   123    91   212    85   218 0.91 [190263/436/1]
190263/522/1.f:NPJBCH_05910 -            203 CE4.hmm              -            130     1e-20   78.6   0.2   1   1   8.5e-23   6.5e-20   76.0   0.1     5   110    22   123    18   140 0.81 [190263/522/1]
190263/468/1.f:DIOFOH_05200 -            485 CE4.hmm              -            130   1.3e-20   78.2   1.1   1   1   2.3e-23   1.8e-20   77.8   0.2     4   112   271   378   268   403 0.81 [190263/468/1]
190263/412/1.f:OOIBGL_13095 -            297 CE4.hmm              -            130   1.7e-20   77.8   0.0   1   1   4.2e-23   3.3e-20   76.9   0.0     2   125    98   251    97   255 0.83 [190263/412/1]
190263/400/1.f:EIBLKL_08925 -            350 CE4.hmm              -            130   2.4e-20   77.4   0.0   1   1   7.7e-23     6e-20   76.1   0.0     5   124   147   275   143   280 0.83 [190263/400/1]
190263/578/1.f:HIHCLH_07690 -            325 CE4.hmm              -            130   2.4e-20   77.4   0.1   1   1   6.2e-23   4.8e-20   76.4   0.1     7   113   122   229   117   250 0.83 [190263/578/1]
190263/488/1.f:DNPFAC_09500 -            259 CE4.hmm              -            130   2.4e-20   77.3   0.0   1   1   4.5e-23   3.5e-20   76.8   0.0     5   112    75   204    71   222 0.87 [190263/488/1]
190263/379/1.f:LOJHAC_00665 -            284 CE4.hmm              -            130   4.7e-20   76.4   0.0   1   1   9.5e-23   7.3e-20   75.8   0.0    21   126    32   141     3   144 0.82 [190263/379/1]
190263/434/1.f:NCAOKI_02285 -            464 CE4.hmm              -            130   5.2e-20   76.3   0.0   1   1   1.6e-22   1.2e-19   75.1   0.0     4   113   238   349   235   359 0.89 [190263/434/1]
190263/473/1.f:MLHPCA_08015 -            386 CE4.hmm              -            130   6.2e-20   76.0   0.0   1   1   4.4e-17   3.4e-14   57.5   0.0     4    71    56   172    53   211 0.80 [190263/473/1]
190263/580/1.f:JCPJNN_16105 -            264 CE4.hmm              -            130   6.3e-20   76.0   0.0   1   1   1.4e-22   1.1e-19   75.2   0.0     7   127    12   134     7   137 0.87 [190263/580/1]
190263/502/1.f:NONHGB_19780 -            284 CE4.hmm              -            130   7.9e-20   75.7   0.0   1   1   1.6e-22   1.2e-19   75.1   0.0    21   126    32   141     2   144 0.80 [190263/502/1]
190263/457/1.f:IIKDLL_06835 -            294 CE4.hmm              -            130   2.3e-19   74.2   0.0   1   1   6.8e-22   5.3e-19   73.0   0.0     7   126    12   134     8   137 0.89 [190263/457/1]
190263/516/1.f:MGNFBC_18755 -            283 CE4.hmm              -            130   2.4e-19   74.1   0.0   1   1     5e-22   3.9e-19   73.5   0.0    13   126     4   140     2   143 0.83 [190263/516/1]
190263/537/1.f:AHPNMI_06170 -            228 CE4.hmm              -            130   2.6e-19   74.0   0.0   1   1     5e-22   3.9e-19   73.5   0.0     4   123    34   154    31   161 0.89 [190263/537/1]
190263/390/1.f:OLPOLE_01010 -            287 CE4.hmm              -            130     3e-19   73.8   0.0   1   1   1.2e-21   8.9e-19   72.3   0.0     7   124    14   147    11   152 0.87 [190263/390/1]
190263/409/1.f:AJJCMD_18620 -            243 CE4.hmm              -            130   3.4e-19   73.7   0.0   1   1   1.3e-21     1e-18   72.1   0.0     8   125    47   165    41   170 0.90 [190263/409/1]
190263/580/1.f:JCPJNN_29010 -            264 CE4.hmm              -            130   3.4e-19   73.6   0.0   1   1   7.9e-22   6.1e-19   72.8   0.0     8   127    13   135    11   138 0.91 [190263/580/1]
190263/390/1.f:OLPOLE_07535 -            256 CE4.hmm              -            130   3.5e-19   73.6   0.0   1   1     7e-22   5.4e-19   73.0   0.0     7   118    73   194    68   209 0.79 [190263/390/1]
190263/490/1.f:OIBLLI_12660 -            484 CE4.hmm              -            130   4.5e-19   73.3   0.0   1   1     1e-21     8e-19   72.5   0.0     5   113   275   384   271   411 0.77 [190263/490/1]
190263/396/1.f:KAAOMA_15255 -           1310 CE4.hmm              -            130   4.9e-19   73.1   0.0   1   1   3.5e-21   2.7e-18   70.7   0.0     6   122  1095  1223  1091  1229 0.85 [190263/396/1]
190263/384/1.f:CDKGIA_29170 -            277 CE4.hmm              -            130   5.7e-19   72.9   0.1   1   1   7.4e-22   5.7e-19   72.9   0.1    18   126    44   153     5   156 0.88 [190263/384/1]
190263/384/1.f:CDKGIA_29165 -            299 CE4.hmm              -            130     7e-19   72.6   0.0   1   1   1.8e-21   1.4e-18   71.7   0.0    10   127    23   168    18   171 0.82 [190263/384/1]
190263/473/1.f:MLHPCA_08230 -            316 CE4.hmm              -            130   1.1e-18   72.0   0.0   1   1   2.3e-21   1.8e-18   71.3   0.0     5   126    71   215    67   219 0.71 [190263/473/1]
190263/576/1.f:FNMBCG_07125 -            282 CE4.hmm              -            130   1.1e-18   72.0   0.0   1   1   2.3e-21   1.8e-18   71.3   0.0     4   111    71   182    68   212 0.76 [190263/576/1]
190263/549/1.f:CNBDFB_13745 -            230 CE4.hmm              -            130   1.9e-18   71.3   0.0   1   1   3.7e-21   2.9e-18   70.6   0.0     8   123    40   156    33   162 0.89 [190263/549/1]
190263/568/1.f:ABMLLK_06020 -            265 CE4.hmm              -            130   2.2e-18   71.1   0.0   1   1     5e-21   3.8e-18   70.2   0.0     6   124    63   186    59   191 0.84 [190263/568/1]
190263/578/1.f:HIHCLH_04215 -            318 CE4.hmm              -            130   2.3e-18   71.0   0.0   1   1   6.6e-21   5.1e-18   69.9   0.0     4   109   106   216   103   240 0.79 [190263/578/1]
190263/520/1.f:GGDGDE_15935 -            270 CE4.hmm              -            130   2.7e-18   70.8   0.0   1   1     1e-20   7.7e-18   69.3   0.0     7   126    11   137     6   140 0.88 [190263/520/1]
190263/548/1.f:BMFKAM_07715 -            498 CE4.hmm              -            130   3.8e-18   70.2   0.0   1   1   2.6e-20     2e-17   67.9   0.0     7   109   285   398   279   413 0.83 [190263/548/1]
190263/396/1.f:KAAOMA_19070 -            226 CE4.hmm              -            130     6e-18   69.6   0.0   1   1   1.5e-20   1.2e-17   68.7   0.0     7   126     5   138     2   141 0.83 [190263/396/1]
190263/585/1.f:DLBDDB_13360 -            242 CE4.hmm              -            130   6.2e-18   69.6   0.0   1   1   1.4e-20   1.1e-17   68.8   0.0     4   126    64   190    61   193 0.92 [190263/585/1]
190263/476/1.f:JACNIE_11490 -            383 CE4.hmm              -            130   9.2e-18   69.0   0.0   1   1   2.5e-20   1.9e-17   68.0   0.0     4   122   215   338   212   344 0.84 [190263/476/1]
190263/548/1.f:BMFKAM_02440 -            395 CE4.hmm              -            130   1.6e-17   68.2   0.0   1   1   4.2e-20   3.3e-17   67.2   0.0     4   128   229   359   226   361 0.76 [190263/548/1]
190263/370/1.f:MFKGBO_18050 -            282 CE4.hmm              -            130   1.6e-17   68.2   0.0   1   1   3.3e-20   2.5e-17   67.6   0.0    25   127    54   157    22   159 0.88 [190263/370/1]
190263/390/1.f:OLPOLE_00975 -            287 CE4.hmm              -            130   2.6e-17   67.6   0.0   1   1   5.2e-19     4e-16   63.7   0.0     7   122    14   145    11   152 0.86 [190263/390/1]
190263/466/1.f:PGJOII_15745 -            842 CE4.hmm              -            130   3.2e-17   67.2   0.0   1   1   3.1e-19   2.4e-16   64.4   0.0     5   126   617   750   613   753 0.86 [190263/466/1]
190263/409/1.f:AJJCMD_27150 -            235 CE4.hmm              -            130   3.3e-17   67.2   0.1   1   1     7e-20   5.4e-17   66.5   0.1     9   120     7   135     3   145 0.80 [190263/409/1]
190263/443/1.f:LNLACP_00180 -            246 CE4.hmm              -            130   5.4e-17   66.5   0.0   1   1   9.9e-20   7.6e-17   66.0   0.0     8   126     3   153     1   156 0.82 [190263/443/1]
190263/578/1.f:HIHCLH_03575 -            348 CE4.hmm              -            130   7.6e-17   66.1   0.0   1   1   1.7e-19   1.3e-16   65.3   0.0     7   126   155   284   149   288 0.83 [190263/578/1]
190263/406/1.f:DKNBGD_09825 -            447 CE4.hmm              -            130   8.4e-17   65.9   0.0   1   1   2.1e-19   1.6e-16   65.0   0.0     5   129   284   415   281   416 0.80 [190263/406/1]
190263/475/1.f:MCKEEP_07180 -            267 CE4.hmm              -            130   1.1e-16   65.5   0.0   1   1   2.9e-19   2.2e-16   64.5   0.0    25   125    34   128     1   132 0.79 [190263/475/1]
190263/573/1.f:LIDFCI_17150 -            267 CE4.hmm              -            130   1.2e-16   65.5   0.0   1   1   2.9e-19   2.2e-16   64.5   0.0    25   125    34   128     1   132 0.79 [190263/573/1]
190263/516/1.f:MGNFBC_02910 -            245 CE4.hmm              -            130   1.6e-16   65.0   0.0   1   1   5.2e-19     4e-16   63.7   0.0     6   123    68   189    63   195 0.91 [190263/516/1]
190263/520/1.f:GGDGDE_10790 -            330 CE4.hmm              -            130   1.9e-16   64.8   0.0   1   1   4.2e-19   3.2e-16   64.0   0.0     9   111   122   224   115   248 0.80 [190263/520/1]
190263/423/1.f:PDNKFB_03665 -            318 CE4.hmm              -            130   1.9e-16   64.8   0.0   1   1   4.8e-19   3.7e-16   63.8   0.0     7   114   109   222   104   238 0.84 [190263/423/1]
190263/552/1.f:EMALNL_06535 -            267 CE4.hmm              -            130   4.6e-16   63.5   0.0   1   1   1.2e-18     9e-16   62.6   0.0    25   125    34   128     1   132 0.79 [190263/552/1]
190263/488/1.f:DNPFAC_21445 -            836 CE4.hmm              -            130   4.7e-16   63.5   0.0   1   1   2.2e-18   1.7e-15   61.7   0.0     5   126   618   751   614   755 0.85 [190263/488/1]
190263/562/1.f:KJGNCK_03575 -            267 CE4.hmm              -            130   7.3e-16   62.9   0.0   1   1   1.8e-18   1.4e-15   62.0   0.0    25   124    34   127     1   132 0.77 [190263/562/1]
190263/369/1.f:JCDIFE_20565 -            836 CE4.hmm              -            130     1e-15   62.4   0.0   1   1   6.4e-18   4.9e-15   60.2   0.0     5   125   617   749   613   753 0.85 [190263/369/1]
190263/585/1.f:DLBDDB_02340 -            263 CE4.hmm              -            130     1e-15   62.4   0.0   1   1   2.3e-18   1.8e-15   61.6   0.0    25   125    34   128     1   132 0.77 [190263/585/1]
190263/370/1.f:MFKGBO_02685 -            284 CE4.hmm              -            130   1.2e-15   62.2   0.0   1   1   2.7e-18   2.1e-15   61.4   0.0    19   127    47   156     2   159 0.78 [190263/370/1]
190263/516/1.f:MGNFBC_11490 -            241 CE4.hmm              -            130   1.9e-15   61.5   0.0   1   1   3.9e-18     3e-15   60.9   0.0     3   120    21   201    19   209 0.86 [190263/516/1]
190263/490/1.f:OIBLLI_01940 -            289 CE4.hmm              -            130   2.2e-15   61.3   0.0   1   1   5.1e-18   3.9e-15   60.5   0.0     9   128    14   136     6   138 0.84 [190263/490/1]
190263/461/1.f:DHPHOK_09815 -            836 CE4.hmm              -            130   3.5e-15   60.7   0.0   1   1   2.2e-17   1.7e-14   58.5   0.0     5   125   617   749   613   753 0.84 [190263/461/1]
190263/474/1.f:AMDJJA_08985 -            420 CE4.hmm              -            130   3.8e-15   60.6   0.1   1   1   1.3e-17   9.7e-15   59.2   0.0     4   129   258   388   255   389 0.81 [190263/474/1]
190263/422/1.f:HJBCNJ_00250 -            172 CE4.hmm              -            130   4.4e-15   60.4   0.0   1   1     1e-17   8.1e-15   59.5   0.0    35   116     1    83     1    86 0.92 [190263/422/1]
190263/401/1.f:DMFJNH_05850 -            262 CE4.hmm              -            130   6.8e-15   59.7   0.0   1   1   1.8e-17   1.4e-14   58.7   0.0    21   126    32   129     2   132 0.83 [190263/401/1]
190263/504/1.f:DOAHDM_06510 -            262 CE4.hmm              -            130   6.8e-15   59.7   0.0   1   1   1.8e-17   1.4e-14   58.7   0.0    21   126    32   129     2   132 0.83 [190263/504/1]
190263/405/1.f:EHKDKA_24360 -            836 CE4.hmm              -            130   7.1e-15   59.7   0.0   1   1   3.1e-17   2.4e-14   58.0   0.0     5   125   617   749   613   753 0.85 [190263/405/1]
190263/502/1.f:NONHGB_22465 -            836 CE4.hmm              -            130   9.7e-15   59.2   0.0   1   1   3.9e-17     3e-14   57.7   0.0     5   125   617   749   613   753 0.85 [190263/502/1]
190263/409/1.f:AJJCMD_00195 -            281 CE4.hmm              -            130   2.1e-14   58.2   0.0   1   1   4.5e-17   3.5e-14   57.5   0.0     7   128    12   148     7   150 0.84 [190263/409/1]
190263/390/1.f:OLPOLE_13365 -            257 CE4.hmm              -            130   2.1e-14   58.2   0.0   1   1   6.1e-17   4.7e-14   57.0   0.0     8   126    11   132     6   136 0.84 [190263/390/1]
190263/564/1.f:KIHMBJ_02490 -            260 CE4.hmm              -            130   2.1e-14   58.1   0.1   1   1   4.2e-17   3.2e-14   57.5   0.1    23   127    35   131     3   133 0.89 [190263/564/1]
190263/494/1.f:LHPBBO_08565 -            629 CE4.hmm              -            130   3.3e-14   57.5   0.0   1   1   9.2e-17   7.1e-14   56.4   0.0     4   124   464   589   461   594 0.81 [190263/494/1]
190263/443/1.f:LNLACP_08235 -            240 CE4.hmm              -            130   6.5e-14   56.6   0.0   1   1   2.1e-16   1.6e-13   55.3   0.0    13   114     5   110     2   124 0.87 [190263/443/1]
190263/578/1.f:HIHCLH_09140 -            442 CE4.hmm              -            130   6.9e-14   56.5   0.0   1   1   1.6e-16   1.2e-13   55.7   0.0     6   125   254   375   249   380 0.89 [190263/578/1]
190263/379/1.f:LOJHAC_17095 -            265 CE4.hmm              -            130   8.2e-14   56.2   0.1   1   1   3.2e-16   2.4e-13   54.7   0.0    23   126    33   129     1   132 0.79 [190263/379/1]
190263/516/1.f:MGNFBC_14495 -            265 CE4.hmm              -            130   8.2e-14   56.2   0.1   1   1   3.2e-16   2.4e-13   54.7   0.0    23   126    33   129     1   132 0.79 [190263/516/1]
190263/368/1.f:HPMDBE_16600 -            265 CE4.hmm              -            130     1e-13   55.9   0.0   1   1   3.2e-16   2.4e-13   54.7   0.0    23   126    33   129     1   132 0.79 [190263/368/1]
190263/557/1.f:DOLMEB_07685 -            376 CE4.hmm              -            130   2.6e-13   54.6   0.0   1   1   6.1e-16   4.7e-13   53.8   0.0     6   126   216   341   212   344 0.83 [190263/557/1]
#
# Program:         hmmsearch
# Version:         3.3.2 (Nov 2020)
# Pipeline mode:   SEARCH
# Query file:      /kb/module/work/tmp/output.1725388484971/CE4/CE4.hmm
# Target file:     /kb/module/work/tmp/output.1725388484971/hCom2_RAST.fasta
# Option settings: /kb/module/hmmer/bin/hmmsearch --domtblout /kb/module/work/tmp/output.1725388484971/CE4/CE4-hCom2_RAST.hitout.txt --noali --notextw --domE 1e-15 /kb/module/work/tmp/output.1725388484971/CE4/CE4.hmm /kb/module/work/tmp/output.1725388484971/hCom2_RAST.fasta 
# Current dir:     /kb/module/work/tmp/output.1725388484971
# Date:            Tue Sep  3 19:01:32 2024
# [ok]
