#                                                                                   --- full sequence --- -------------- this domain -------------   hmm coord   ali coord   env coord
# target name               accession   tlen query name           accession   qlen   E-value  score  bias   #  of  c-Evalue  i-Evalue  score  bias  from    to  from    to  from    to  acc description of target
#       ------------------- ---------- ----- -------------------- ---------- ----- --------- ------ ----- --- --- --------- --------- ------ ----- ----- ----- ----- ----- ----- ----- ---- ---------------------
190263/475/1.f:MCKEEP_09725 -            323 CE8.hmm              -            288  9.1e-105  354.6   1.6   1   1  3.1e-108  1.1e-104  354.3   1.6     2   287    33   314    32   315 0.95 [190263/475/1]
190263/552/1.f:EMALNL_10735 -            323 CE8.hmm              -            288  1.1e-104  354.3   1.5   1   1  3.8e-108  1.3e-104  354.0   1.5     2   287    33   314    32   315 0.95 [190263/552/1]
190263/573/1.f:LIDFCI_13480 -            323 CE8.hmm              -            288  1.5e-104  353.8   1.4   1   1    5e-108  1.7e-104  353.6   1.4     2   287    33   314    32   315 0.95 [190263/573/1]
190263/562/1.f:KJGNCK_10810 -            323 CE8.hmm              -            288  2.6e-104  353.1   2.1   1   1  8.7e-108    3e-104  352.8   2.1     2   287    33   314    32   315 0.95 [190263/562/1]
190263/404/1.f:BGJBIG_07120 -            325 CE8.hmm              -            288  1.5e-102  347.3   1.3   1   1  5.1e-106  1.8e-102  347.0   1.3     2   287    35   316    34   317 0.95 [190263/404/1]
190263/388/1.f:FDDJJK_09340 -            316 CE8.hmm              -            288  2.8e-102  346.4   4.2   1   1  9.4e-106  3.3e-102  346.2   4.2     2   286    26   306    25   308 0.95 [190263/388/1]
190263/545/1.f:NCJBIN_10640 -            316 CE8.hmm              -            288  4.8e-102  345.6   4.6   1   1  1.6e-105  5.5e-102  345.4   4.6     2   286    26   306    25   308 0.95 [190263/545/1]
190263/391/1.f:NONBJF_09800 -            316 CE8.hmm              -            288  4.8e-102  345.6   4.6   1   1  1.6e-105  5.5e-102  345.4   4.6     2   286    26   306    25   308 0.95 [190263/391/1]
190263/534/1.f:OHCFJE_03040 -            316 CE8.hmm              -            288  4.8e-102  345.6   4.6   1   1  1.6e-105  5.5e-102  345.4   4.6     2   286    26   306    25   308 0.95 [190263/534/1]
190263/401/1.f:DMFJNH_09925 -            322 CE8.hmm              -            288  6.8e-102  345.1   1.2   1   1  2.3e-105  7.9e-102  344.9   1.2     2   287    32   313    31   314 0.95 [190263/401/1]
190263/504/1.f:DOAHDM_10270 -            322 CE8.hmm              -            288  6.8e-102  345.1   1.2   1   1  2.3e-105  7.9e-102  344.9   1.2     2   287    32   313    31   314 0.95 [190263/504/1]
190263/437/1.f:LBKKEJ_02715 -            574 CE8.hmm              -            288  2.5e-101  343.2   1.7   1   1    1e-104  3.5e-101  342.8   1.7     2   280   271   547   270   555 0.92 [190263/437/1]
190263/585/1.f:DLBDDB_07605 -            700 CE8.hmm              -            288  6.6e-101  341.9   0.3   1   1  2.6e-104  9.1e-101  341.4   0.3     2   287   410   691   409   692 0.95 [190263/585/1]
190263/399/1.f:CDLIDF_11940 -            582 CE8.hmm              -            288  7.4e-101  341.7   0.2   1   1  3.1e-104  1.1e-100  341.2   0.2     2   275   280   553   279   564 0.93 [190263/399/1]
190263/405/1.f:EHKDKA_11495 -            322 CE8.hmm              -            288  5.8e-100  338.8   4.1   1   1  1.9e-103  6.7e-100  338.6   4.1     2   286    31   311    30   313 0.94 [190263/405/1]
190263/437/1.f:LBKKEJ_02760 -            699 CE8.hmm              -            288   1.1e-99  337.9   3.5   1   1  4.2e-103   1.5e-99  337.5   3.5     2   286   410   690   409   692 0.95 [190263/437/1]
190263/502/1.f:NONHGB_09965 -            322 CE8.hmm              -            288   1.2e-99  337.7   2.8   1   1    4e-103   1.4e-99  337.5   2.8     2   286    31   311    30   313 0.94 [190263/502/1]
190263/456/1.f:LKAJBD_06200 -            588 CE8.hmm              -            288   5.3e-99  335.6   0.2   1   1  2.2e-102   7.5e-99  335.1   0.2     2   274   286   558   285   570 0.93 [190263/456/1]
190263/405/1.f:EHKDKA_11505 -            588 CE8.hmm              -            288   5.7e-99  335.5   1.1   1   1  2.9e-102     1e-98  334.7   1.1     2   274   286   558   285   570 0.93 [190263/405/1]
190263/466/1.f:PGJOII_00300 -            588 CE8.hmm              -            288   8.4e-99  335.0   1.0   1   1  3.6e-102   1.3e-98  334.4   1.0     2   277   286   561   285   569 0.93 [190263/466/1]
190263/460/1.f:IHFGKI_08385 -            329 CE8.hmm              -            288   1.1e-98  334.6   0.9   1   1  3.6e-102   1.2e-98  334.4   0.9     2   286    29   324    28   326 0.95 [190263/460/1]
190263/502/1.f:NONHGB_09975 -            588 CE8.hmm              -            288   1.8e-98  333.9   1.0   1   1  9.1e-102   3.2e-98  333.1   1.0     2   274   286   558   285   569 0.93 [190263/502/1]
190263/585/1.f:DLBDDB_07610 -            580 CE8.hmm              -            288   1.9e-98  333.8   1.4   1   1  8.9e-102   3.1e-98  333.1   1.4     2   274   278   550   277   560 0.94 [190263/585/1]
190263/504/1.f:DOAHDM_10275 -            577 CE8.hmm              -            288   2.7e-98  333.3   0.5   1   1  1.3e-101   4.7e-98  332.5   0.5     2   274   280   552   279   564 0.93 [190263/504/1]
190263/456/1.f:LKAJBD_06190 -            320 CE8.hmm              -            288   2.7e-98  333.3   0.5   1   1  9.7e-102   3.4e-98  333.0   0.5     2   282    28   304    27   309 0.94 [190263/456/1]
190263/401/1.f:DMFJNH_09930 -            577 CE8.hmm              -            288   2.8e-98  333.2   0.5   1   1  1.3e-101   4.7e-98  332.5   0.5     2   274   280   552   279   564 0.93 [190263/401/1]
190263/466/1.f:PGJOII_00310 -            323 CE8.hmm              -            288   4.1e-98  332.7   1.0   1   1  1.5e-101   5.1e-98  332.4   1.0     2   283    34   311    33   315 0.95 [190263/466/1]
190263/573/1.f:LIDFCI_13475 -            582 CE8.hmm              -            288   5.4e-98  332.3   0.9   1   1  2.8e-101   9.6e-98  331.5   0.9     2   274   280   552   279   563 0.92 [190263/573/1]
190263/475/1.f:MCKEEP_09730 -            582 CE8.hmm              -            288   1.6e-97  330.8   0.7   1   1    8e-101   2.8e-97  330.0   0.7     2   274   280   552   279   563 0.92 [190263/475/1]
190263/552/1.f:EMALNL_10740 -            582 CE8.hmm              -            288   1.6e-97  330.8   0.9   1   1  7.6e-101   2.6e-97  330.1   0.9     2   277   280   555   279   563 0.92 [190263/552/1]
190263/562/1.f:KJGNCK_10815 -            579 CE8.hmm              -            288   1.7e-97  330.7   1.2   1   1  8.3e-101   2.9e-97  329.9   1.2     2   277   277   552   276   560 0.93 [190263/562/1]
190263/404/1.f:BGJBIG_07125 -            579 CE8.hmm              -            288   1.7e-97  330.7   1.2   1   1  7.8e-101   2.7e-97  330.0   1.2     2   274   277   549   276   560 0.90 [190263/404/1]
190263/369/1.f:JCDIFE_08855 -            589 CE8.hmm              -            288   7.7e-97  328.5   0.2   1   1  3.4e-100   1.2e-96  327.9   0.2     2   275   287   560   286   570 0.92 [190263/369/1]
190263/595/1.f:HGDLEC_04720 -            325 CE8.hmm              -            288   1.1e-96  328.0   0.1   1   1  3.8e-100   1.3e-96  327.8   0.1     3   285    29   313    27   316 0.93 [190263/595/1]
190263/391/1.f:NONBJF_09910 -            575 CE8.hmm              -            288   1.5e-95  324.3   1.2   1   1   6.2e-99   2.1e-95  323.8   1.2     2   279   272   547   271   556 0.92 [190263/391/1]
190263/534/1.f:OHCFJE_02900 -            575 CE8.hmm              -            288   1.5e-95  324.3   1.2   1   1   6.2e-99   2.1e-95  323.8   1.2     2   279   272   547   271   556 0.92 [190263/534/1]
190263/545/1.f:NCJBIN_10750 -            575 CE8.hmm              -            288   1.5e-95  324.3   1.2   1   1   6.2e-99   2.1e-95  323.8   1.2     2   279   272   547   271   556 0.92 [190263/545/1]
190263/388/1.f:FDDJJK_09425 -            574 CE8.hmm              -            288   2.2e-95  323.8   1.5   1   1   9.1e-99   3.2e-95  323.2   1.5     2   279   271   546   270   555 0.91 [190263/388/1]
190263/369/1.f:JCDIFE_08850 -            321 CE8.hmm              -            288   6.4e-95  322.2   0.2   1   1   2.1e-98   7.3e-95  322.0   0.2     2   286    30   310    29   312 0.95 [190263/369/1]
190263/384/1.f:CDKGIA_12800 -            353 CE8.hmm              -            288   1.9e-90  307.6   0.0   1   1   6.8e-94   2.4e-90  307.2   0.0     2   269    18   312    17   342 0.90 [190263/384/1]
190263/490/1.f:OIBLLI_01565 -            313 CE8.hmm              -            288     5e-88  299.6   0.8   1   1   1.6e-91   5.6e-88  299.4   0.8     2   287     2   312     1   313 0.93 [190263/490/1]
190263/421/1.f:PBKEAC_13885 -            326 CE8.hmm              -            288   5.7e-85  289.6   0.0   1   1   1.9e-88   6.6e-85  289.4   0.0     3   283    25   305    23   310 0.93 [190263/421/1]
190263/366/1.f:DBJPFP_00740 -            540 CE8.hmm              -            288   5.1e-84  286.5   0.0   1   1     2e-87     7e-84  286.0   0.0     2   281   247   535   246   538 0.94 [190263/366/1]
190263/495/1.f:ANKNCD_06020 -            368 CE8.hmm              -            288   5.5e-82  279.8   0.0   1   1   2.2e-85   7.6e-82  279.3   0.0     8   262    27   313    21   327 0.90 [190263/495/1]
190263/421/1.f:PBKEAC_00950 -            561 CE8.hmm              -            288   8.1e-81  276.0   0.2   1   1   1.9e-83   6.4e-80  273.0   0.2     2   281   247   556   246   559 0.89 [190263/421/1]
190263/490/1.f:OIBLLI_01245 -           1331 CE8.hmm              -            288   1.5e-80  275.1   8.2   1   1   4.2e-84   1.5e-80  275.1   8.2     7   285   773  1064   771  1067 0.91 [190263/490/1]
190263/520/1.f:GGDGDE_18145 -            368 CE8.hmm              -            288   3.4e-80  273.9   0.0   1   1     5e-81   1.7e-77  265.0   0.0     6   282     8   356     3   361 0.89 [190263/520/1]
190263/366/1.f:DBJPFP_13410 -            373 CE8.hmm              -            288   3.6e-79  270.6   0.0   1   1   1.3e-82   4.6e-79  270.2   0.0     3   277    24   300    22   304 0.93 [190263/366/1]
190263/565/1.f:PAEINE_02765 -            729 CE8.hmm              -            288   1.1e-74  255.8   0.0   1   1     4e-78   1.4e-74  255.5   0.0     4   287    10   329     7   330 0.91 [190263/565/1]
190263/552/1.f:EMALNL_08275 -            434 CE8.hmm              -            288   1.7e-73  252.0   0.6   1   1   9.7e-77   3.4e-73  251.0   0.6     2   265    28   315    27   354 0.87 [190263/552/1]
190263/585/1.f:DLBDDB_01050 -            434 CE8.hmm              -            288   5.8e-73  250.2   0.4   1   1   3.4e-76   1.2e-72  249.2   0.4     2   265    28   315    27   354 0.87 [190263/585/1]
190263/502/1.f:NONHGB_10180 -            433 CE8.hmm              -            288   2.1e-70  241.8   0.1   1   1   7.9e-74   2.8e-70  241.4   0.1     2   258    28   304    27   345 0.92 [190263/502/1]
190263/552/1.f:EMALNL_08250 -            539 CE8.hmm              -            288   8.4e-70  239.8   1.1   1   1   4.1e-73   1.4e-69  239.0   1.1     2   266   141   423   140   441 0.88 [190263/552/1]
190263/585/1.f:DLBDDB_01075 -            539 CE8.hmm              -            288   9.3e-70  239.7   1.1   1   1   4.1e-73   1.4e-69  239.0   1.1     2   266   141   423   140   441 0.88 [190263/585/1]
190263/576/1.f:FNMBCG_13700 -            313 CE8.hmm              -            288   5.2e-69  237.2   0.0   1   1   1.8e-72   6.2e-69  237.0   0.0     2   278     4   301     3   309 0.89 [190263/576/1]
190263/405/1.f:EHKDKA_11710 -            433 CE8.hmm              -            288   6.1e-67  230.4   0.0   1   1   2.4e-70   8.4e-67  230.0   0.0     2   260    28   306    27   322 0.90 [190263/405/1]
190263/457/1.f:IIKDLL_13485 -           1011 CE8.hmm              -            288   1.9e-66  228.8   0.4   1   1   1.1e-69   3.7e-66  227.9   0.4     6   277   722  1004   718  1009 0.88 [190263/457/1]
190263/585/1.f:DLBDDB_07630 -            557 CE8.hmm              -            288     1e-64  223.1   7.1   1   1   4.7e-68   1.6e-64  222.4   7.1     1   269   138   443   138   466 0.86 [190263/585/1]
190263/412/1.f:OOIBGL_05920 -            304 CE8.hmm              -            288   4.1e-64  221.1   0.0   1   1   1.5e-67   5.3e-64  220.8   0.0    16   281    13   297     9   303 0.89 [190263/412/1]
190263/396/1.f:KAAOMA_09170 -           1154 CE8.hmm              -            288   3.6e-56  195.0   8.6   1   1     1e-59   3.6e-56  195.0   8.6     8   280    48   386    40   394 0.81 [190263/396/1]
190263/466/1.f:PGJOII_00215 -            574 CE8.hmm              -            288     1e-55  193.6   4.7   1   1   5.7e-59     2e-55  192.6   4.7     2   261   170   460   169   498 0.85 [190263/466/1]
190263/412/1.f:OOIBGL_01065 -            789 CE8.hmm              -            288     1e-55  193.5  10.0   1   1   7.4e-59   2.6e-55  192.3  10.0     8   286    48   392    40   394 0.82 [190263/412/1]
190263/552/1.f:EMALNL_10770 -            542 CE8.hmm              -            288   4.5e-55  191.5   8.9   1   1   2.1e-58   7.1e-55  190.8   8.9     2   286   140   462   139   464 0.86 [190263/552/1]
190263/562/1.f:KJGNCK_10845 -            542 CE8.hmm              -            288   5.6e-55  191.1   8.8   1   1   2.6e-58   8.9e-55  190.5   8.8     2   286   140   462   139   464 0.86 [190263/562/1]
190263/399/1.f:CDLIDF_11900 -            547 CE8.hmm              -            288   2.6e-54  189.0   5.7   1   1   1.3e-57   4.4e-54  188.2   5.7     2   262   134   427   133   469 0.87 [190263/399/1]
190263/437/1.f:LBKKEJ_04700 -            178 CE8.hmm              -            288   2.6e-44  156.1   0.4   1   1   9.7e-48   3.4e-44  155.8   0.4     3   148    25   170    24   173 0.95 [190263/437/1]
190263/388/1.f:FDDJJK_09365 -            506 CE8.hmm              -            288   1.1e-42  150.8   0.1   1   1   4.5e-46   1.6e-42  150.3   0.1     3   279   200   481   198   487 0.90 [190263/388/1]
190263/458/1.f:AMPCAI_04230 -            923 CE8.hmm              -            288     4e-42  149.0  11.4   1   1   1.2e-45   4.2e-42  148.9   9.2    10   258   202   509   196   537 0.83 [190263/458/1]
190263/534/1.f:OHCFJE_02960 -            506 CE8.hmm              -            288   5.9e-42  148.4   0.1   1   1   2.3e-45   8.1e-42  148.0   0.1     3   279   200   481   198   487 0.90 [190263/534/1]
190263/391/1.f:NONBJF_09850 -            506 CE8.hmm              -            288   5.9e-42  148.4   0.1   1   1   2.3e-45   8.1e-42  148.0   0.1     3   279   200   481   198   487 0.90 [190263/391/1]
190263/545/1.f:NCJBIN_10690 -            506 CE8.hmm              -            288   5.9e-42  148.4   0.1   1   1   2.3e-45   8.1e-42  148.0   0.1     3   279   200   481   198   487 0.90 [190263/545/1]
190263/405/1.f:EHKDKA_13730 -            509 CE8.hmm              -            288   3.4e-41  145.9   0.0   1   1   1.3e-44   4.5e-41  145.5   0.0     2   277   205   485   204   494 0.88 [190263/405/1]
190263/457/1.f:IIKDLL_00100 -           1621 CE8.hmm              -            288   7.3e-39  138.3  17.9   1   1   1.2e-41   4.1e-38  135.8  11.4     9   276   934  1319   928  1332 0.84 [190263/457/1]
190263/595/1.f:HGDLEC_00320 -            933 CE8.hmm              -            288   8.8e-38  134.7   4.1   1   1   4.6e-41   1.6e-37  133.9   2.6    21   261   516   761   500   791 0.81 [190263/595/1]
190263/460/1.f:IHFGKI_01865 -           1130 CE8.hmm              -            288   1.1e-35  127.9   1.5   1   1   3.1e-39   1.1e-35  127.9   1.5    16   277   674   961   665   970 0.83 [190263/460/1]
190263/552/1.f:EMALNL_10840 -            803 CE8.hmm              -            288   1.4e-35  127.5   2.8   1   1   1.4e-38   4.7e-35  125.8   1.4     6   204   479   699   475   728 0.79 [190263/552/1]
190263/562/1.f:KJGNCK_10915 -            803 CE8.hmm              -            288   1.6e-34  124.0   2.9   1   1   1.5e-37   5.2e-34  122.3   1.5     6   204   479   699   475   728 0.79 [190263/562/1]
190263/405/1.f:EHKDKA_13745 -            707 CE8.hmm              -            288   1.1e-26   98.3   0.0   1   1   6.1e-30   2.1e-26   97.4   0.0    13   240   405   637   399   680 0.81 [190263/405/1]
190263/437/1.f:LBKKEJ_04690 -            100 CE8.hmm              -            288   3.8e-25   93.2   0.1   1   1   1.3e-28   4.4e-25   93.0   0.1   206   281     5    82     1    87 0.90 [190263/437/1]
190263/391/1.f:NONBJF_06465 -            713 CE8.hmm              -            288     4e-23   86.6   0.0   1   1   2.2e-26   7.7e-23   85.7   0.0    13   236   411   637   405   686 0.81 [190263/391/1]
190263/388/1.f:FDDJJK_05795 -            713 CE8.hmm              -            288   1.2e-22   85.0   0.0   1   1   6.6e-26   2.3e-22   84.1   0.0    13   236   411   637   405   686 0.81 [190263/388/1]
190263/534/1.f:OHCFJE_06635 -            713 CE8.hmm              -            288   1.2e-22   85.0   0.0   1   1   6.6e-26   2.3e-22   84.1   0.0    13   236   411   637   405   686 0.81 [190263/534/1]
190263/545/1.f:NCJBIN_06310 -            713 CE8.hmm              -            288   1.2e-22   85.0   0.0   1   1   6.6e-26   2.3e-22   84.1   0.0    13   236   411   637   405   686 0.81 [190263/545/1]
#
# Program:         hmmsearch
# Version:         3.3.2 (Nov 2020)
# Pipeline mode:   SEARCH
# Query file:      /kb/module/work/tmp/output.1725388484971/CE8/CE8.hmm
# Target file:     /kb/module/work/tmp/output.1725388484971/hCom2_RAST.fasta
# Option settings: /kb/module/hmmer/bin/hmmsearch --domtblout /kb/module/work/tmp/output.1725388484971/CE8/CE8-hCom2_RAST.hitout.txt --noali --notextw --domE 1e-15 /kb/module/work/tmp/output.1725388484971/CE8/CE8.hmm /kb/module/work/tmp/output.1725388484971/hCom2_RAST.fasta 
# Current dir:     /kb/module/work/tmp/output.1725388484971
# Date:            Tue Sep  3 19:01:39 2024
# [ok]
