#                                                                                   --- full sequence --- -------------- this domain -------------   hmm coord   ali coord   env coord
# target name               accession   tlen query name           accession   qlen   E-value  score  bias   #  of  c-Evalue  i-Evalue  score  bias  from    to  from    to  from    to  acc description of target
#       ------------------- ---------- ----- -------------------- ---------- ----- --------- ------ ----- --- --- --------- --------- ------ ----- ----- ----- ----- ----- ----- ----- ---- ---------------------
190263/436/1.f:KEEIED_00710 -            377 CE9.hmm              -            373  4.4e-129  434.7   0.0   1   1    1e-131    5e-129  434.5   0.0     2   373     5   369     4   369 0.96 [190263/436/1]
190263/458/1.f:AMPCAI_07395 -            379 CE9.hmm              -            373  7.4e-129  434.0   0.3   1   1  1.7e-131  8.3e-129  433.8   0.3     2   373     6   373     5   373 0.97 [190263/458/1]
190263/589/1.f:LPHMCO_10990 -            370 CE9.hmm              -            373  9.5e-127  427.0   2.4   1   1  2.3e-129  1.1e-126  426.8   2.4    15   373     7   366     2   366 0.97 [190263/589/1]
190263/386/1.f:DBGIOG_15115 -            372 CE9.hmm              -            373  1.1e-126  426.8   2.6   1   1  2.5e-129  1.2e-126  426.7   2.6     2   373     4   367     3   367 0.98 [190263/386/1]
190263/448/1.f:IBJDOL_14220 -            380 CE9.hmm              -            373  1.3e-125  423.3   0.3   1   1    3e-128  1.5e-125  423.1   0.3     2   373     5   374     4   374 0.96 [190263/448/1]
190263/490/1.f:OIBLLI_11070 -            377 CE9.hmm              -            373  1.4e-125  423.1   4.6   1   1  3.3e-128  1.6e-125  423.0   4.6     1   373     3   372     3   372 0.99 [190263/490/1]
190263/433/1.f:ADFNDI_16155 -            367 CE9.hmm              -            373  1.8e-125  422.9   0.0   1   1    4e-128    2e-125  422.7   0.0     1   370     3   367     3   367 0.98 [190263/433/1]
190263/549/1.f:CNBDFB_03725 -            374 CE9.hmm              -            373  1.9e-125  422.7   0.9   1   1  4.4e-128  2.2e-125  422.5   0.9     1   373     3   371     3   371 0.97 [190263/549/1]
190263/455/1.f:GDGJDA_07960 -            376 CE9.hmm              -            373  4.7e-125  421.4   1.3   1   1  1.1e-127  5.3e-125  421.3   1.3     1   373     3   371     3   371 0.98 [190263/455/1]
190263/363/1.f:CIHHOC_14905 -            367 CE9.hmm              -            373  8.1e-125  420.7   0.0   1   1  1.8e-127  9.1e-125  420.5   0.0     1   369     3   366     3   367 0.98 [190263/363/1]
190263/423/1.f:PDNKFB_15180 -            384 CE9.hmm              -            373  8.2e-125  420.7   3.2   1   1  1.9e-127  9.2e-125  420.5   3.2     1   373     3   379     3   379 0.97 [190263/423/1]
190263/531/1.f:KJIPPC_09895 -            383 CE9.hmm              -            373  1.4e-124  419.9   3.2   1   1  3.1e-127  1.5e-124  419.7   3.2     1   373     3   380     3   380 0.95 [190263/531/1]
190263/447/1.f:OLODHC_12730 -            371 CE9.hmm              -            373  3.9e-124  418.4   1.6   1   1  8.8e-127  4.3e-124  418.3   1.6     1   373     3   371     3   371 0.97 [190263/447/1]
190263/586/1.f:KBDCAC_02200 -            379 CE9.hmm              -            373  5.2e-124  418.0   0.0   1   1  1.2e-126  5.8e-124  417.9   0.0     3   373     5   375     3   375 0.97 [190263/586/1]
190263/390/1.f:OLPOLE_16955 -            376 CE9.hmm              -            373  7.5e-124  417.5   0.1   1   1  1.7e-126  8.4e-124  417.3   0.1     2   373     4   372     3   372 0.98 [190263/390/1]
190263/546/1.f:GEHMID_18825 -            378 CE9.hmm              -            373  1.3e-123  416.7   0.4   1   1    3e-126  1.5e-123  416.5   0.4     1   373     3   373     3   373 0.98 [190263/546/1]
190263/588/1.f:LGPOLK_11135 -            384 CE9.hmm              -            373  2.3e-123  415.9   3.8   1   1  5.3e-126  2.6e-123  415.7   3.8     6   373     9   375     4   375 0.95 [190263/588/1]
190263/541/1.f:IDEEIE_02850 -            370 CE9.hmm              -            373  3.4e-123  415.3   1.9   1   1  7.7e-126  3.8e-123  415.2   1.9     1   373     3   370     3   370 0.98 [190263/541/1]
190263/362/1.f:KJODLM_03165 -            382 CE9.hmm              -            373  4.4e-123  415.0   0.1   1   1    1e-125  4.9e-123  414.8   0.1     3   373     7   376     5   376 0.98 [190263/362/1]
190263/472/1.f:NMGHJI_01070 -            367 CE9.hmm              -            373  4.5e-123  414.9   0.6   1   1    1e-125  5.1e-123  414.8   0.6     1   369     3   366     3   367 0.98 [190263/472/1]
190263/383/1.f:KCEMEB_06815 -            373 CE9.hmm              -            373  5.7e-123  414.6   2.0   1   1  1.3e-125  6.4e-123  414.4   2.0     1   373     3   367     3   367 0.97 [190263/383/1]
190263/439/1.f:KGLJGB_10445 -            370 CE9.hmm              -            373  4.7e-122  411.6   0.2   1   1  1.1e-124  5.3e-122  411.4   0.2     1   373     3   367     3   367 0.98 [190263/439/1]
190263/409/1.f:AJJCMD_22205 -            386 CE9.hmm              -            373  5.8e-122  411.3   0.0   1   1  1.3e-124  6.6e-122  411.1   0.0     1   373     5   377     5   377 0.98 [190263/409/1]
190263/537/1.f:AHPNMI_04250 -            376 CE9.hmm              -            373  6.9e-122  411.0   1.6   1   1  1.6e-124  7.8e-122  410.8   1.6     1   373     3   372     3   372 0.97 [190263/537/1]
190263/567/1.f:NOEGFN_00345 -            371 CE9.hmm              -            373  9.5e-122  410.6   2.6   1   1  2.2e-124  1.1e-121  410.4   2.6     1   373     3   368     3   368 0.98 [190263/567/1]
190263/425/1.f:HPANHD_01940 -            378 CE9.hmm              -            373  9.8e-122  410.5   0.4   1   1  2.2e-124  1.1e-121  410.4   0.4     1   371     5   371     5   373 0.97 [190263/425/1]
190263/580/1.f:JCPJNN_25775 -            379 CE9.hmm              -            373  3.2e-121  408.8   0.1   1   1  7.4e-124  3.6e-121  408.7   0.1     2   373     4   375     3   375 0.97 [190263/580/1]
190263/452/1.f:PEIHBN_14045 -            384 CE9.hmm              -            373  3.7e-121  408.6   0.9   1   1  8.4e-124  4.1e-121  408.5   0.9     2   373     4   381     3   381 0.96 [190263/452/1]
190263/409/1.f:AJJCMD_02630 -            379 CE9.hmm              -            373  4.8e-121  408.2   0.0   1   1  1.1e-123  5.4e-121  408.1   0.0     2   373     4   375     3   375 0.97 [190263/409/1]
190263/478/1.f:BOCJFA_03265 -            384 CE9.hmm              -            373  5.3e-121  408.1   0.8   1   1  1.2e-123  5.9e-121  407.9   0.8     2   373     4   380     3   380 0.96 [190263/478/1]
190263/434/1.f:NCAOKI_05400 -            386 CE9.hmm              -            373  1.3e-120  406.9   1.1   1   1  2.9e-123  1.4e-120  406.7   1.1     4   373     9   380     6   380 0.96 [190263/434/1]
190263/429/1.f:OMPHBF_03720 -            386 CE9.hmm              -            373  2.3e-120  406.0   0.0   1   1  5.3e-123  2.6e-120  405.8   0.0     2   373     4   372     3   372 0.98 [190263/429/1]
190263/375/1.f:CNGHJF_01915 -            379 CE9.hmm              -            373  2.8e-120  405.8   0.1   1   1  6.3e-123  3.1e-120  405.6   0.1     2   373     4   375     3   375 0.97 [190263/375/1]
190263/560/1.f:OAGBLH_09760 -            379 CE9.hmm              -            373  3.1e-120  405.6   0.0   1   1  7.1e-123  3.5e-120  405.4   0.0     3   373     5   375     3   375 0.96 [190263/560/1]
190263/547/1.f:KJCAKO_05255 -            379 CE9.hmm              -            373  3.6e-120  405.4   0.0   1   1  8.2e-123    4e-120  405.2   0.0     3   373     5   375     3   375 0.97 [190263/547/1]
190263/384/1.f:CDKGIA_10850 -            379 CE9.hmm              -            373  5.5e-120  404.8   0.0   1   1  1.2e-122  6.1e-120  404.6   0.0     3   373     5   375     3   375 0.97 [190263/384/1]
190263/510/1.f:DELAEA_09185 -            385 CE9.hmm              -            373  8.5e-120  404.2   0.0   1   1  1.9e-122  9.4e-120  404.0   0.0     7   373    11   378     5   378 0.96 [190263/510/1]
190263/406/1.f:DKNBGD_12065 -            378 CE9.hmm              -            373  2.8e-119  402.5   0.0   1   1  6.3e-122  3.1e-119  402.3   0.0     2   373     4   372     3   372 0.98 [190263/406/1]
190263/514/1.f:MMHOAN_04355 -            433 CE9.hmm              -            373  5.7e-119  401.4   0.1   1   1  1.3e-121  6.4e-119  401.3   0.1     1   365    57   416    57   428 0.95 [190263/514/1]
190263/495/1.f:ANKNCD_11760 -            380 CE9.hmm              -            373  2.1e-118  399.5   0.8   1   1    5e-121  2.4e-118  399.3   0.8     3   373     5   376     3   376 0.93 [190263/495/1]
190263/569/1.f:FCJLID_10265 -            380 CE9.hmm              -            373  4.3e-118  398.5   0.5   1   1  9.8e-121  4.8e-118  398.4   0.5     2   373     5   372     4   372 0.96 [190263/569/1]
190263/406/1.f:DKNBGD_12070 -            378 CE9.hmm              -            373  4.3e-118  398.5   0.0   1   1    1e-120  4.9e-118  398.3   0.0     3   373     5   374     3   374 0.97 [190263/406/1]
190263/370/1.f:MFKGBO_10730 -            379 CE9.hmm              -            373  4.6e-118  398.4   0.0   1   1    1e-120  5.1e-118  398.3   0.0     2   373     4   375     3   375 0.97 [190263/370/1]
190263/520/1.f:GGDGDE_18780 -            380 CE9.hmm              -            373    8e-118  397.7   0.5   1   1  1.8e-120    9e-118  397.5   0.5     1   373     3   375     3   375 0.98 [190263/520/1]
190263/564/1.f:KIHMBJ_06155 -            395 CE9.hmm              -            373  1.4e-117  396.9   0.3   1   1  3.1e-120  1.5e-117  396.7   0.3     1   373     6   389     6   389 0.95 [190263/564/1]
190263/557/1.f:DOLMEB_09180 -            374 CE9.hmm              -            373  2.8e-117  395.8   0.1   1   1  6.5e-120  3.2e-117  395.7   0.1     2   371     5   369     4   371 0.97 [190263/557/1]
190263/507/1.f:KPMKPI_00170 -            367 CE9.hmm              -            373  2.9e-117  395.8   1.1   1   1  6.5e-120  3.2e-117  395.7   1.1     1   370     3   367     3   367 0.97 [190263/507/1]
190263/565/1.f:PAEINE_10610 -            389 CE9.hmm              -            373  5.1e-117  395.0   0.1   1   1  1.1e-119  5.6e-117  394.9   0.1    14   373    19   380     6   380 0.96 [190263/565/1]
190263/382/1.f:JACGKO_01905 -            387 CE9.hmm              -            373  5.9e-117  394.8   3.4   1   1  1.4e-119  7.1e-117  394.5   3.4    20   373    27   381    12   381 0.95 [190263/382/1]
190263/512/1.f:JBCLGH_08345 -            382 CE9.hmm              -            373  1.2e-116  393.7   0.1   1   1  2.8e-119  1.4e-116  393.6   0.1     2   373     4   375     3   375 0.97 [190263/512/1]
190263/380/1.f:GDCFAC_14360 -            373 CE9.hmm              -            373    5e-116  391.7   0.2   1   1  1.2e-118  5.7e-116  391.6   0.2     2   373     5   366     4   366 0.97 [190263/380/1]
190263/412/1.f:OOIBGL_01435 -            378 CE9.hmm              -            373  5.6e-116  391.6   0.3   1   1  1.3e-118  6.3e-116  391.4   0.3     2   370     4   378     3   378 0.96 [190263/412/1]
190263/401/1.f:DMFJNH_06950 -            395 CE9.hmm              -            373  5.9e-116  391.5   0.8   1   1  1.4e-118  6.7e-116  391.3   0.8     2   373     7   389     6   389 0.96 [190263/401/1]
190263/576/1.f:FNMBCG_00605 -            375 CE9.hmm              -            373  6.2e-116  391.4   1.0   1   1  1.4e-118  6.9e-116  391.3   1.0     1   373     3   371     3   371 0.97 [190263/576/1]
190263/504/1.f:DOAHDM_07550 -            395 CE9.hmm              -            373  9.9e-116  390.8   1.0   1   1  2.3e-118  1.1e-115  390.6   1.0     2   373     7   389     6   389 0.96 [190263/504/1]
190263/443/1.f:LNLACP_04720 -            383 CE9.hmm              -            373  1.4e-115  390.3   1.1   1   1  3.1e-118  1.5e-115  390.1   1.1     1   373     6   377     6   377 0.97 [190263/443/1]
190263/379/1.f:LOJHAC_19420 -            391 CE9.hmm              -            373  1.4e-115  390.3   1.8   1   1  3.1e-118  1.5e-115  390.1   1.8     1   373     8   385     8   385 0.98 [190263/379/1]
190263/516/1.f:MGNFBC_16245 -            391 CE9.hmm              -            373  1.9e-115  389.8   1.7   1   1  4.3e-118  2.1e-115  389.7   1.7     1   373     8   385     8   385 0.98 [190263/516/1]
190263/475/1.f:MCKEEP_08220 -            395 CE9.hmm              -            373  8.6e-115  387.7   0.6   1   1    2e-117  9.7e-115  387.5   0.6     1   373     6   389     6   389 0.97 [190263/475/1]
190263/573/1.f:LIDFCI_16115 -            395 CE9.hmm              -            373  8.7e-115  387.7   0.3   1   1    2e-117  9.8e-115  387.5   0.3     1   373     6   389     6   389 0.96 [190263/573/1]
190263/438/1.f:IKAFOJ_10800 -            383 CE9.hmm              -            373  1.6e-114  386.8   0.0   1   1  3.6e-117  1.8e-114  386.6   0.0     2   373     4   375     3   375 0.98 [190263/438/1]
190263/552/1.f:EMALNL_07425 -            395 CE9.hmm              -            373  1.8e-114  386.6   0.3   1   1  4.2e-117  2.1e-114  386.4   0.3     1   373     6   389     6   389 0.96 [190263/552/1]
190263/472/1.f:NMGHJI_21300 -            382 CE9.hmm              -            373    2e-114  386.5   0.1   1   1  4.5e-117  2.2e-114  386.3   0.1     2   373     6   377     5   377 0.97 [190263/472/1]
190263/443/1.f:LNLACP_02545 -            376 CE9.hmm              -            373  2.6e-114  386.1   0.6   1   1    6e-117  2.9e-114  385.9   0.6     1   373     3   371     3   371 0.97 [190263/443/1]
190263/507/1.f:KPMKPI_04380 -            384 CE9.hmm              -            373  3.8e-114  385.6   0.1   1   1  8.6e-117  4.2e-114  385.4   0.1     2   373     6   379     5   379 0.96 [190263/507/1]
190263/562/1.f:KJGNCK_02555 -            395 CE9.hmm              -            373  4.9e-114  385.2   0.4   1   1  1.1e-116  5.6e-114  385.0   0.4     1   373     6   389     6   389 0.96 [190263/562/1]
190263/368/1.f:HPMDBE_18275 -            391 CE9.hmm              -            373  7.6e-114  384.6   1.8   1   1  1.7e-116  8.6e-114  384.4   1.8     1   373     8   385     8   385 0.98 [190263/368/1]
190263/487/1.f:MPKEFC_04255 -            453 CE9.hmm              -            373  7.8e-114  384.5   4.5   1   2   1.9e-19   9.4e-17   65.0   0.1     5   112     7   141     3   150 0.73 [190263/487/1]
190263/487/1.f:MPKEFC_04255 -            453 CE9.hmm              -            373  7.8e-114  384.5   4.5   2   2   5.9e-97   2.9e-94  320.1   1.1    97   373   175   450   165   450 0.93 [190263/487/1]
190263/546/1.f:GEHMID_17860 -            398 CE9.hmm              -            373  9.2e-114  384.3   0.0   1   1  2.1e-116    1e-113  384.1   0.0     3   373     8   391     6   391 0.93 [190263/546/1]
190263/506/1.f:IKGMED_04900 -            382 CE9.hmm              -            373  1.1e-113  384.0   0.0   1   1  2.5e-116  1.2e-113  383.9   0.0     1   373     5   376     5   376 0.97 [190263/506/1]
190263/495/1.f:ANKNCD_10835 -            381 CE9.hmm              -            373  6.4e-113  381.5   0.0   1   1  1.5e-115  7.2e-113  381.3   0.0     2   373     6   376     5   376 0.97 [190263/495/1]
190263/468/1.f:DIOFOH_12445 -            384 CE9.hmm              -            373  7.5e-113  381.3   0.0   1   1  1.7e-115  8.4e-113  381.1   0.0     2   373     4   378     3   378 0.97 [190263/468/1]
190263/474/1.f:AMDJJA_04115 -            414 CE9.hmm              -            373  4.3e-112  378.8   0.3   1   1    1e-114    5e-112  378.6   0.3     3   373    25   410    23   410 0.95 [190263/474/1]
190263/496/1.f:JJBAFO_01265 -            389 CE9.hmm              -            373  1.1e-111  377.4   0.1   1   1  2.6e-114  1.3e-111  377.2   0.1     3   373     8   385     6   385 0.96 [190263/496/1]
190263/474/1.f:AMDJJA_06405 -            425 CE9.hmm              -            373  2.6e-111  376.2   0.3   1   1  5.8e-114  2.8e-111  376.1   0.3    39   373    65   421    24   421 0.92 [190263/474/1]
190263/366/1.f:DBJPFP_07215 -            389 CE9.hmm              -            373  4.6e-111  375.4   0.1   1   1    1e-113  5.2e-111  375.2   0.1     3   373     7   385     5   385 0.95 [190263/366/1]
190263/365/1.f:JJMMAK_01060 -            388 CE9.hmm              -            373  2.1e-110  373.2   0.3   1   1  4.9e-113  2.4e-110  373.0   0.3     1   373     5   378     5   378 0.95 [190263/365/1]
190263/552/1.f:EMALNL_18820 -            388 CE9.hmm              -            373  6.7e-110  371.6   0.5   1   1  1.5e-112  7.6e-110  371.4   0.5     1   373     5   378     5   378 0.95 [190263/552/1]
190263/562/1.f:KJGNCK_20875 -            388 CE9.hmm              -            373  6.7e-110  371.6   0.5   1   1  1.5e-112  7.6e-110  371.4   0.5     1   373     5   378     5   378 0.95 [190263/562/1]
190263/368/1.f:HPMDBE_01225 -            401 CE9.hmm              -            373  7.1e-110  371.5   0.2   1   1  1.6e-112    8e-110  371.3   0.2     1   373    18   391    18   391 0.95 [190263/368/1]
190263/379/1.f:LOJHAC_07345 -            401 CE9.hmm              -            373  7.1e-110  371.5   0.2   1   1  1.6e-112    8e-110  371.3   0.2     1   373    18   391    18   391 0.95 [190263/379/1]
190263/516/1.f:MGNFBC_01230 -            401 CE9.hmm              -            373  7.1e-110  371.5   0.2   1   1  1.6e-112    8e-110  371.3   0.2     1   373    18   391    18   391 0.95 [190263/516/1]
190263/475/1.f:MCKEEP_19350 -            388 CE9.hmm              -            373  7.5e-110  371.4   0.4   1   1  1.7e-112  8.4e-110  371.2   0.4     1   373     5   378     5   378 0.95 [190263/475/1]
190263/573/1.f:LIDFCI_08760 -            388 CE9.hmm              -            373  8.1e-110  371.3   0.3   1   1  1.9e-112  9.1e-110  371.1   0.3     1   373     5   378     5   378 0.95 [190263/573/1]
190263/417/1.f:MHBJAE_18385 -            388 CE9.hmm              -            373  1.3e-109  370.6   0.1   1   1    3e-112  1.5e-109  370.4   0.1     2   373     6   378     5   378 0.95 [190263/417/1]
190263/401/1.f:DMFJNH_19725 -            388 CE9.hmm              -            373  1.4e-109  370.5   0.5   1   1  3.2e-112  1.6e-109  370.4   0.5     1   373     5   378     5   378 0.95 [190263/401/1]
190263/504/1.f:DOAHDM_17315 -            388 CE9.hmm              -            373  1.4e-109  370.5   0.5   1   1  3.2e-112  1.6e-109  370.4   0.5     1   373     5   378     5   378 0.95 [190263/504/1]
190263/488/1.f:DNPFAC_19755 -            388 CE9.hmm              -            373  1.5e-109  370.4   0.1   1   1  3.6e-112  1.7e-109  370.2   0.1     2   373     6   378     5   378 0.95 [190263/488/1]
190263/497/1.f:HENFFC_10180 -            388 CE9.hmm              -            373  1.6e-109  370.4   0.2   1   1  3.6e-112  1.8e-109  370.2   0.2     1   373     5   378     5   378 0.95 [190263/497/1]
190263/434/1.f:NCAOKI_02805 -            386 CE9.hmm              -            373  1.3e-108  367.3   0.1   1   1    3e-111  1.5e-108  367.1   0.1    10   373    16   380     7   380 0.95 [190263/434/1]
190263/527/1.f:HGADJN_08645 -            443 CE9.hmm              -            373  1.4e-108  367.3   1.3   1   1  3.6e-111  1.8e-108  366.9   1.3    38   372    98   438    27   439 0.95 [190263/527/1]
190263/585/1.f:DLBDDB_13025 -            388 CE9.hmm              -            373  2.2e-108  366.6   0.3   1   1  4.9e-111  2.4e-108  366.4   0.3     1   373     5   378     5   378 0.95 [190263/585/1]
190263/404/1.f:BGJBIG_12605 -            388 CE9.hmm              -            373  2.9e-108  366.2   0.2   1   1  6.7e-111  3.3e-108  366.0   0.2     1   373     5   378     5   378 0.95 [190263/404/1]
190263/583/1.f:BCCKNC_02930 -            389 CE9.hmm              -            373  3.1e-108  366.1   0.2   1   1  7.1e-111  3.5e-108  365.9   0.2     2   373     6   378     5   378 0.95 [190263/583/1]
190263/437/1.f:LBKKEJ_02565 -            388 CE9.hmm              -            373  8.5e-108  364.6   0.4   1   1    2e-110  9.6e-108  364.5   0.4     1   373     5   378     5   378 0.95 [190263/437/1]
190263/583/1.f:BCCKNC_02925 -            388 CE9.hmm              -            373    1e-107  364.4   0.2   1   1  2.3e-110  1.1e-107  364.2   0.2     1   373     5   378     5   378 0.95 [190263/583/1]
190263/420/1.f:GMHOLO_08265 -            445 CE9.hmm              -            373  1.1e-107  364.3   0.6   1   1  2.9e-110  1.4e-107  363.9   0.6    21   372    83   440    35   441 0.95 [190263/420/1]
190263/399/1.f:CDLIDF_06555 -            388 CE9.hmm              -            373    2e-107  363.4   0.4   1   1  4.6e-110  2.3e-107  363.2   0.4     1   373     5   378     5   378 0.95 [190263/399/1]
190263/406/1.f:DKNBGD_05600 -            388 CE9.hmm              -            373  3.7e-107  362.6   5.3   1   1  8.4e-110  4.1e-107  362.4   5.3     7   373    12   382     5   382 0.96 [190263/406/1]
190263/405/1.f:EHKDKA_08815 -            398 CE9.hmm              -            373  9.6e-107  361.2   0.0   1   1  2.2e-109  1.1e-106  361.0   0.0     1   373    11   391    11   391 0.95 [190263/405/1]
190263/466/1.f:PGJOII_08275 -            388 CE9.hmm              -            373  3.4e-106  359.4   0.2   1   1  7.9e-109  3.9e-106  359.2   0.2     2   373     6   378     5   378 0.95 [190263/466/1]
190263/388/1.f:FDDJJK_21265 -            387 CE9.hmm              -            373  3.8e-106  359.2   0.0   1   1  8.8e-109  4.3e-106  359.0   0.0     1   373     5   378     5   378 0.95 [190263/388/1]
190263/456/1.f:LKAJBD_14475 -            388 CE9.hmm              -            373  5.2e-106  358.8   0.3   1   1  1.2e-108  5.9e-106  358.6   0.3     2   373     6   378     5   378 0.95 [190263/456/1]
190263/399/1.f:CDLIDF_06550 -            389 CE9.hmm              -            373  9.5e-106  357.9   0.5   1   1  2.2e-108  1.1e-105  357.7   0.5     2   373     6   378     5   378 0.95 [190263/399/1]
190263/406/1.f:DKNBGD_17475 -            384 CE9.hmm              -            373  1.3e-105  357.4   0.0   1   1  3.1e-108  1.5e-105  357.2   0.0     3   373     6   374     4   374 0.97 [190263/406/1]
190263/488/1.f:DNPFAC_18755 -            383 CE9.hmm              -            373  1.5e-105  357.2   0.0   1   1  3.5e-108  1.7e-105  357.1   0.0     1   373     5   377     5   377 0.96 [190263/488/1]
190263/417/1.f:MHBJAE_17385 -            383 CE9.hmm              -            373  1.8e-105  357.0   0.0   1   1  4.2e-108  2.1e-105  356.8   0.0     1   373     5   377     5   377 0.96 [190263/417/1]
190263/545/1.f:NCJBIN_23410 -            387 CE9.hmm              -            373  1.9e-105  356.9   0.0   1   1  4.4e-108  2.2e-105  356.7   0.0     1   373     5   378     5   378 0.95 [190263/545/1]
190263/370/1.f:MFKGBO_23310 -            397 CE9.hmm              -            373  2.5e-105  356.5   0.0   1   1  5.7e-108  2.8e-105  356.4   0.0     2   373     7   390     6   390 0.96 [190263/370/1]
190263/391/1.f:NONBJF_23195 -            443 CE9.hmm              -            373  3.1e-105  356.2   0.0   1   1  7.3e-108  3.6e-105  356.0   0.0     1   373    61   434    61   434 0.95 [190263/391/1]
190263/534/1.f:OHCFJE_22300 -            443 CE9.hmm              -            373  3.1e-105  356.2   0.0   1   1  7.3e-108  3.6e-105  356.0   0.0     1   373    61   434    61   434 0.95 [190263/534/1]
190263/390/1.f:OLPOLE_17910 -            390 CE9.hmm              -            373    7e-105  355.1   0.1   1   1  1.6e-107  7.9e-105  354.9   0.1     2   373     6   382     5   382 0.95 [190263/390/1]
190263/585/1.f:DLBDDB_13030 -            390 CE9.hmm              -            373  1.6e-104  353.9   0.2   1   1  3.6e-107  1.8e-104  353.7   0.2     1   373     5   378     5   378 0.96 [190263/585/1]
190263/406/1.f:DKNBGD_04095 -            369 CE9.hmm              -            373  2.2e-104  353.4   1.1   1   1  5.6e-107  2.7e-104  353.1   1.1    11   373    12   365     3   365 0.95 [190263/406/1]
190263/388/1.f:FDDJJK_00300 -            387 CE9.hmm              -            373  2.7e-104  353.1   0.0   1   1  6.2e-107    3e-104  353.0   0.0     1   373     5   377     5   377 0.96 [190263/388/1]
190263/466/1.f:PGJOII_14090 -            388 CE9.hmm              -            373  3.8e-104  352.6   0.0   1   1  8.7e-107  4.3e-104  352.5   0.0     1   373     5   377     5   377 0.96 [190263/466/1]
190263/456/1.f:LKAJBD_13070 -            388 CE9.hmm              -            373  3.8e-104  352.6   0.0   1   1  8.8e-107  4.3e-104  352.5   0.0     1   373     5   377     5   377 0.95 [190263/456/1]
190263/390/1.f:OLPOLE_03265 -            398 CE9.hmm              -            373  4.2e-104  352.5   0.0   1   1  9.8e-107  4.8e-104  352.3   0.0     5   373    10   386     6   386 0.95 [190263/390/1]
190263/573/1.f:LIDFCI_08755 -            390 CE9.hmm              -            373  8.5e-104  351.5   0.1   1   1    2e-106  9.6e-104  351.3   0.1     1   373     5   378     5   378 0.95 [190263/573/1]
190263/370/1.f:MFKGBO_07710 -            398 CE9.hmm              -            373  9.3e-104  351.4   0.0   1   1  2.1e-106    1e-103  351.2   0.0     2   373     6   387     5   387 0.96 [190263/370/1]
190263/475/1.f:MCKEEP_19345 -            390 CE9.hmm              -            373  1.1e-103  351.1   0.1   1   1  2.5e-106  1.2e-103  351.0   0.1     1   373     5   378     5   378 0.95 [190263/475/1]
190263/545/1.f:NCJBIN_00275 -            387 CE9.hmm              -            373  1.5e-103  350.7   0.0   1   1  3.3e-106  1.6e-103  350.5   0.0     1   373     5   377     5   377 0.96 [190263/545/1]
190263/406/1.f:DKNBGD_15840 -            395 CE9.hmm              -            373    2e-103  350.2   0.0   1   1  4.6e-106  2.3e-103  350.1   0.0     3   369     6   378     4   382 0.94 [190263/406/1]
190263/534/1.f:OHCFJE_00300 -            387 CE9.hmm              -            373  2.2e-103  350.2   0.0   1   1    5e-106  2.4e-103  350.0   0.0     1   373     5   377     5   377 0.96 [190263/534/1]
190263/504/1.f:DOAHDM_17320 -            390 CE9.hmm              -            373  2.3e-103  350.0   0.2   1   1  5.4e-106  2.6e-103  349.9   0.2     1   373     5   378     5   378 0.95 [190263/504/1]
190263/404/1.f:BGJBIG_12610 -            390 CE9.hmm              -            373    3e-103  349.7   0.3   1   1  6.8e-106  3.4e-103  349.5   0.3     1   373     5   378     5   378 0.95 [190263/404/1]
190263/401/1.f:DMFJNH_19720 -            390 CE9.hmm              -            373    4e-103  349.3   0.2   1   1  9.1e-106  4.5e-103  349.1   0.2     1   373     5   378     5   378 0.95 [190263/401/1]
190263/562/1.f:KJGNCK_20870 -            391 CE9.hmm              -            373    5e-103  348.9   0.1   1   1  1.2e-105  5.7e-103  348.8   0.1     1   373     5   378     5   378 0.95 [190263/562/1]
190263/391/1.f:NONBJF_00275 -            387 CE9.hmm              -            373  5.3e-103  348.9   0.0   1   1  1.2e-105  5.9e-103  348.7   0.0     1   373     5   377     5   377 0.96 [190263/391/1]
190263/552/1.f:EMALNL_18815 -            391 CE9.hmm              -            373    7e-103  348.5   0.2   1   1  1.6e-105  7.9e-103  348.3   0.2     1   373     5   378     5   378 0.95 [190263/552/1]
190263/406/1.f:DKNBGD_07150 -            400 CE9.hmm              -            373    1e-102  347.9   0.0   1   1  2.3e-105  1.2e-102  347.8   0.0     4   373     6   378     3   378 0.94 [190263/406/1]
190263/437/1.f:LBKKEJ_02570 -            389 CE9.hmm              -            373  1.2e-102  347.7   0.0   1   1  2.7e-105  1.3e-102  347.6   0.0     2   370     6   375     5   378 0.95 [190263/437/1]
190263/365/1.f:JJMMAK_01065 -            386 CE9.hmm              -            373  1.7e-100  340.6   0.2   1   1  3.9e-103  1.9e-100  340.5   0.2     2   373     6   376     5   376 0.95 [190263/365/1]
190263/497/1.f:HENFFC_10175 -            386 CE9.hmm              -            373   1.2e-99  337.8   0.1   1   1  2.8e-102   1.4e-99  337.6   0.1     2   373     6   376     5   376 0.95 [190263/497/1]
190263/406/1.f:DKNBGD_00110 -            376 CE9.hmm              -            373   2.7e-98  333.4   0.0   1   1  6.1e-101     3e-98  333.2   0.0     2   373     4   372     3   372 0.97 [190263/406/1]
190263/368/1.f:HPMDBE_01230 -            388 CE9.hmm              -            373     4e-98  332.8   0.0   1   1  9.3e-101   4.6e-98  332.6   0.0     2   373     6   378     5   378 0.95 [190263/368/1]
190263/379/1.f:LOJHAC_07340 -            388 CE9.hmm              -            373     4e-98  332.8   0.0   1   1  9.3e-101   4.6e-98  332.6   0.0     2   373     6   378     5   378 0.95 [190263/379/1]
190263/516/1.f:MGNFBC_01235 -            388 CE9.hmm              -            373     4e-98  332.8   0.0   1   1  9.3e-101   4.6e-98  332.6   0.0     2   373     6   378     5   378 0.95 [190263/516/1]
190263/406/1.f:DKNBGD_07145 -            405 CE9.hmm              -            373   2.5e-96  326.9   0.0   1   1   5.7e-99   2.8e-96  326.7   0.0     3   373    10   381     8   381 0.97 [190263/406/1]
190263/370/1.f:MFKGBO_05605 -            399 CE9.hmm              -            373   2.4e-95  323.7   0.0   1   1   5.5e-98   2.7e-95  323.5   0.0     3   373     5   389     3   389 0.94 [190263/370/1]
190263/406/1.f:DKNBGD_07110 -            398 CE9.hmm              -            373   5.7e-95  322.4   0.0   1   1   1.3e-97   6.5e-95  322.3   0.0     2   373     4   377     3   377 0.94 [190263/406/1]
190263/375/1.f:CNGHJF_09235 -            401 CE9.hmm              -            373   3.5e-94  319.9   0.0   1   1     8e-97   3.9e-94  319.7   0.0     3   373     5   389     3   389 0.93 [190263/375/1]
190263/406/1.f:DKNBGD_04970 -            400 CE9.hmm              -            373   1.3e-93  318.0   0.0   1   1   2.9e-96   1.4e-93  317.8   0.0     2   373     4   393     3   393 0.94 [190263/406/1]
190263/406/1.f:DKNBGD_15670 -            372 CE9.hmm              -            373     2e-89  304.2   0.0   1   1   4.9e-92   2.4e-89  303.9   0.0    15   371    16   362     4   364 0.94 [190263/406/1]
190263/406/1.f:DKNBGD_13185 -            395 CE9.hmm              -            373   4.3e-87  296.5   0.3   1   1     1e-89   4.9e-87  296.3   0.3     3   373     5   371     3   371 0.92 [190263/406/1]
190263/422/1.f:HJBCNJ_07460 -            277 CE9.hmm              -            373   2.5e-86  294.0   0.4   1   1   5.7e-89   2.8e-86  293.8   0.4   104   373     2   271     1   271 0.97 [190263/422/1]
190263/576/1.f:FNMBCG_04135 -            395 CE9.hmm              -            373   1.4e-84  288.2   0.1   1   1   3.3e-87   1.6e-84  288.0   0.1     3   373     5   375     3   375 0.92 [190263/576/1]
190263/370/1.f:MFKGBO_00090 -            396 CE9.hmm              -            373   1.3e-83  285.1   0.0   1   1   3.1e-86   1.5e-83  284.9   0.0     3   373     8   369     6   369 0.91 [190263/370/1]
190263/406/1.f:DKNBGD_03715 -            391 CE9.hmm              -            373   3.6e-83  283.6   0.0   1   1   8.6e-86   4.3e-83  283.4   0.0     3   373     7   368     5   368 0.93 [190263/406/1]
190263/406/1.f:DKNBGD_03710 -            404 CE9.hmm              -            373   3.1e-80  274.0   0.0   1   1   7.5e-83   3.7e-80  273.7   0.0     3   373     7   377     5   377 0.91 [190263/406/1]
190263/560/1.f:OAGBLH_07610 -            353 CE9.hmm              -            373   3.1e-74  254.2   0.0   1   1     5e-74   2.5e-71  244.7   0.0     2   373     6   347     3   347 0.95 [190263/560/1]
190263/406/1.f:DKNBGD_03125 -            371 CE9.hmm              -            373   1.4e-72  248.7   0.0   1   1   3.5e-75   1.7e-72  248.4   0.0     3   373     5   364     3   364 0.95 [190263/406/1]
190263/422/1.f:HJBCNJ_10795 -            168 CE9.hmm              -            373   2.2e-62  215.2   0.2   1   1     5e-65   2.4e-62  215.1   0.2   210   373     1   163     1   163 0.99 [190263/422/1]
190263/422/1.f:HJBCNJ_10800 -            205 CE9.hmm              -            373   1.9e-48  169.3   0.0   1   1   4.3e-51   2.1e-48  169.2   0.0    35   201    32   197     3   202 0.91 [190263/422/1]
#
# Program:         hmmsearch
# Version:         3.3.2 (Nov 2020)
# Pipeline mode:   SEARCH
# Query file:      /kb/module/work/tmp/output.1725388484971/CE9/CE9.hmm
# Target file:     /kb/module/work/tmp/output.1725388484971/hCom2_RAST.fasta
# Option settings: /kb/module/hmmer/bin/hmmsearch --domtblout /kb/module/work/tmp/output.1725388484971/CE9/CE9-hCom2_RAST.hitout.txt --noali --notextw --domE 1e-15 /kb/module/work/tmp/output.1725388484971/CE9/CE9.hmm /kb/module/work/tmp/output.1725388484971/hCom2_RAST.fasta 
# Current dir:     /kb/module/work/tmp/output.1725388484971
# Date:            Tue Sep  3 19:01:41 2024
# [ok]
