#                                                                                   --- full sequence --- -------------- this domain -------------   hmm coord   ali coord   env coord
# target name               accession   tlen query name           accession   qlen   E-value  score  bias   #  of  c-Evalue  i-Evalue  score  bias  from    to  from    to  from    to  acc description of target
#       ------------------- ---------- ----- -------------------- ---------- ----- --------- ------ ----- --- --- --------- --------- ------ ----- ----- ----- ----- ----- ----- ----- ---- ---------------------
190263/384/1.f:CDKGIA_25975 -            461 GH1.hmm              -            429  3.8e-167  560.8   0.9   1   1  2.9e-170  4.4e-167  560.6   0.9     3   428    17   460    15   461 0.95 [190263/384/1]
190263/513/1.f:MKNBNH_03550 -            482 GH1.hmm              -            429  4.6e-166  557.3   7.2   1   1  3.6e-169  5.4e-166  557.0   7.2     3   428     7   479     5   480 0.94 [190263/513/1]
190263/458/1.f:AMPCAI_12435 -            482 GH1.hmm              -            429  1.4e-164  552.3   4.8   1   1  1.1e-167  1.7e-164  552.1   4.8     3   428     7   479     5   480 0.94 [190263/458/1]
190263/531/1.f:KJIPPC_03760 -            486 GH1.hmm              -            429  2.6e-162  544.9   6.3   1   1  2.1e-165  3.1e-162  544.6   6.3     3   428     9   481     7   482 0.94 [190263/531/1]
190263/541/1.f:IDEEIE_11915 -            483 GH1.hmm              -            429  5.1e-162  543.9   8.4   1   1    4e-165    6e-162  543.7   8.4     3   428     7   478     5   479 0.94 [190263/541/1]
190263/433/1.f:ADFNDI_14620 -            456 GH1.hmm              -            429  8.4e-160  536.6   3.0   1   1  6.6e-163  9.8e-160  536.4   3.0     3   428     6   454     4   455 0.95 [190263/433/1]
190263/584/1.f:DDCNLE_04590 -            444 GH1.hmm              -            429    1e-158  533.1   2.1   1   1  7.7e-162  1.1e-158  532.9   2.1     6   426     2   436     1   439 0.94 [190263/584/1]
190263/409/1.f:AJJCMD_22015 -            450 GH1.hmm              -            429  1.1e-158  532.9   0.2   1   1  8.4e-162  1.3e-158  532.8   0.2     5   428     3   447     1   448 0.96 [190263/409/1]
190263/390/1.f:OLPOLE_14585 -            450 GH1.hmm              -            429  1.2e-158  532.9   0.0   1   1  8.9e-162  1.3e-158  532.7   0.0     4   428     2   447     1   448 0.95 [190263/390/1]
190263/409/1.f:AJJCMD_20850 -            445 GH1.hmm              -            429  1.4e-158  532.6   1.4   1   1  1.1e-161  1.6e-158  532.4   1.4    10   425     2   441     1   445 0.95 [190263/409/1]
190263/409/1.f:AJJCMD_07595 -            450 GH1.hmm              -            429  4.7e-158  530.9   0.0   1   1  3.6e-161  5.3e-158  530.7   0.0     5   428     3   447     1   448 0.95 [190263/409/1]
190263/520/1.f:GGDGDE_05505 -            768 GH1.hmm              -            429  2.8e-154  518.4   4.0   1   1  2.3e-157  3.4e-154  518.1   4.0     5   428     2   448     1   449 0.96 [190263/520/1]
190263/448/1.f:IBJDOL_14295 -            470 GH1.hmm              -            429  5.9e-154  517.4   0.7   1   1  4.6e-157  6.9e-154  517.2   0.7     3   428     7   467     5   468 0.93 [190263/448/1]
190263/568/1.f:ABMLLK_11605 -            490 GH1.hmm              -            429  3.1e-153  515.0   0.7   1   1  2.4e-156  3.6e-153  514.8   0.7     4   428     3   476     1   477 0.90 [190263/568/1]
190263/458/1.f:AMPCAI_01765 -            476 GH1.hmm              -            429  1.8e-152  512.5   3.5   1   1  1.4e-155    2e-152  512.3   3.5     3   428     7   466     5   467 0.93 [190263/458/1]
190263/495/1.f:ANKNCD_17390 -            767 GH1.hmm              -            429  3.4e-152  511.6   2.6   1   1  2.9e-155  4.4e-152  511.2   2.6     5   428     2   448     1   449 0.95 [190263/495/1]
190263/576/1.f:FNMBCG_02395 -            477 GH1.hmm              -            429  4.5e-151  507.9   0.0   1   1  3.4e-154  5.1e-151  507.7   0.0     4   428     3   473     1   474 0.93 [190263/576/1]
190263/425/1.f:HPANHD_10590 -            480 GH1.hmm              -            429  4.8e-151  507.8   0.3   1   1  3.8e-154  5.6e-151  507.6   0.3     2   428     3   476     2   477 0.91 [190263/425/1]
190263/425/1.f:HPANHD_10125 -            488 GH1.hmm              -            429  5.2e-151  507.7   3.8   1   1    4e-154    6e-151  507.5   3.8     4   428     9   484     6   485 0.92 [190263/425/1]
190263/478/1.f:BOCJFA_16550 -            475 GH1.hmm              -            429  6.2e-151  507.4   1.6   1   1  4.9e-154  7.3e-151  507.2   1.6     3   426     5   470     3   473 0.91 [190263/478/1]
190263/439/1.f:KGLJGB_10550 -            469 GH1.hmm              -            429  7.2e-151  507.2   7.1   1   1  5.5e-154  8.2e-151  507.0   7.1     6   428     2   462     1   463 0.93 [190263/439/1]
190263/375/1.f:CNGHJF_18375 -            474 GH1.hmm              -            429  1.1e-150  506.5   5.2   1   1  8.7e-154  1.3e-150  506.4   5.2     7   428     2   456     1   457 0.93 [190263/375/1]
190263/384/1.f:CDKGIA_22330 -            462 GH1.hmm              -            429  1.2e-150  506.4   6.0   1   1  9.4e-154  1.4e-150  506.2   6.0     7   428     2   456     1   457 0.92 [190263/384/1]
190263/530/1.f:LBOGMJ_10070 -            476 GH1.hmm              -            429  2.5e-150  505.4   3.2   1   1    2e-153  2.9e-150  505.2   3.2     4   428     7   472     4   473 0.93 [190263/530/1]
190263/513/1.f:MKNBNH_02835 -            472 GH1.hmm              -            429    7e-150  504.0   1.3   1   1  5.5e-153  8.2e-150  503.7   1.3     3   428     7   468     5   469 0.92 [190263/513/1]
190263/458/1.f:AMPCAI_01015 -            471 GH1.hmm              -            429  8.9e-150  503.6   5.6   1   1  6.7e-153    1e-149  503.4   5.6     6   428     2   468     1   469 0.91 [190263/458/1]
190263/375/1.f:CNGHJF_19460 -            449 GH1.hmm              -            429  1.5e-149  502.9   0.0   1   1  1.1e-152  1.6e-149  502.7   0.0     4   426     2   446     1   449 0.93 [190263/375/1]
190263/423/1.f:PDNKFB_11880 -            476 GH1.hmm              -            429  1.6e-149  502.7   3.3   1   1  1.2e-152  1.9e-149  502.5   3.3     5   428     3   472     1   473 0.91 [190263/423/1]
190263/458/1.f:AMPCAI_00170 -            466 GH1.hmm              -            429  3.1e-149  501.8  13.0   1   1  2.3e-152  3.5e-149  501.6  13.0     4   427     2   464     1   466 0.92 [190263/458/1]
190263/514/1.f:MMHOAN_09735 -            471 GH1.hmm              -            429  3.5e-149  501.6   0.7   1   1  2.6e-152    4e-149  501.5   0.7     5   428     2   463     1   464 0.91 [190263/514/1]
190263/472/1.f:NMGHJI_07970 -            476 GH1.hmm              -            429  3.8e-149  501.5   3.9   1   1  2.9e-152  4.3e-149  501.4   3.9     5   428     3   472     1   473 0.91 [190263/472/1]
190263/531/1.f:KJIPPC_13720 -            476 GH1.hmm              -            429  7.5e-149  500.5   3.3   1   1  5.7e-152  8.5e-149  500.4   3.3     5   428     3   472     1   473 0.91 [190263/531/1]
190263/409/1.f:AJJCMD_04950 -            476 GH1.hmm              -            429  7.7e-149  500.5   1.2   1   1  5.9e-152  8.7e-149  500.3   1.2     3   428     2   473     1   474 0.92 [190263/409/1]
190263/580/1.f:JCPJNN_20705 -            442 GH1.hmm              -            429    8e-149  500.5   0.3   1   1  6.1e-152    9e-149  500.3   0.3     4   428     2   439     1   440 0.95 [190263/580/1]
190263/514/1.f:MMHOAN_05915 -            470 GH1.hmm              -            429  9.9e-149  500.2   0.2   1   1  7.7e-152  1.1e-148  499.9   0.2     3   428     7   467     5   468 0.93 [190263/514/1]
190263/384/1.f:CDKGIA_23580 -            468 GH1.hmm              -            429  1.1e-148  499.9   0.9   1   1  8.8e-152  1.3e-148  499.7   0.9     3   428     7   464     5   465 0.93 [190263/384/1]
190263/434/1.f:NCAOKI_01585 -            484 GH1.hmm              -            429  1.4e-148  499.7   2.8   1   1  1.1e-151  1.6e-148  499.5   2.8     4   428     7   479     4   480 0.90 [190263/434/1]
190263/514/1.f:MMHOAN_12650 -            477 GH1.hmm              -            429  1.6e-148  499.5   0.3   1   1  1.2e-151  1.8e-148  499.3   0.3     4   428     3   464     1   465 0.91 [190263/514/1]
190263/375/1.f:CNGHJF_02490 -            462 GH1.hmm              -            429  1.7e-148  499.4   2.3   1   1  1.3e-151  1.9e-148  499.2   2.3     4   428     3   457     1   458 0.94 [190263/375/1]
190263/576/1.f:FNMBCG_11505 -            479 GH1.hmm              -            429  1.9e-148  499.2   3.8   1   1  1.4e-151  2.1e-148  499.1   3.8     4   428     3   475     1   476 0.90 [190263/576/1]
190263/512/1.f:JBCLGH_01400 -            488 GH1.hmm              -            429  2.3e-148  499.0   0.8   1   1  1.9e-151  2.8e-148  498.7   0.8     4   428    23   485    21   486 0.91 [190263/512/1]
190263/458/1.f:AMPCAI_00865 -            476 GH1.hmm              -            429    7e-148  497.4   3.8   1   1  5.3e-151  7.9e-148  497.2   3.8     5   428     2   473     1   474 0.90 [190263/458/1]
190263/458/1.f:AMPCAI_04395 -            489 GH1.hmm              -            429  7.1e-148  497.3   0.2   1   1  5.3e-151    8e-148  497.2   0.2     5   428     3   485     1   486 0.90 [190263/458/1]
190263/512/1.f:JBCLGH_09605 -            477 GH1.hmm              -            429  8.8e-148  497.0   5.1   1   1  6.7e-151    1e-147  496.8   5.1     5   428     3   474     1   475 0.91 [190263/512/1]
190263/409/1.f:AJJCMD_07070 -            467 GH1.hmm              -            429  9.1e-148  497.0   0.0   1   1  6.9e-151    1e-147  496.8   0.0     3   428     2   464     1   465 0.92 [190263/409/1]
190263/472/1.f:NMGHJI_18670 -            477 GH1.hmm              -            429  1.2e-147  496.6   3.2   1   1  8.8e-151  1.3e-147  496.5   3.2     4   428     2   474     1   475 0.90 [190263/472/1]
190263/541/1.f:IDEEIE_04695 -            476 GH1.hmm              -            429  2.6e-147  495.5   2.0   1   1  1.9e-150  2.9e-147  495.3   2.0     3   428     2   473     1   474 0.90 [190263/541/1]
190263/406/1.f:DKNBGD_02175 -            483 GH1.hmm              -            429  3.2e-147  495.2   1.8   1   1  2.5e-150  3.8e-147  494.9   1.8     3   428     5   479     3   480 0.90 [190263/406/1]
190263/458/1.f:AMPCAI_11355 -            478 GH1.hmm              -            429  3.7e-147  495.0   1.8   1   1  2.8e-150  4.2e-147  494.8   1.8     4   428     2   474     1   475 0.90 [190263/458/1]
190263/386/1.f:DBGIOG_13070 -            465 GH1.hmm              -            429  5.4e-147  494.4   3.5   1   1  4.3e-150  6.4e-147  494.2   3.5     3   428     4   451     2   452 0.94 [190263/386/1]
190263/458/1.f:AMPCAI_07870 -            459 GH1.hmm              -            429  7.2e-147  494.0   3.0   1   1  5.5e-150  8.2e-147  493.8   3.0     1   428     1   455     1   456 0.92 [190263/458/1]
190263/458/1.f:AMPCAI_04405 -            474 GH1.hmm              -            429  8.9e-147  493.7   8.0   1   1  6.8e-150    1e-146  493.5   8.0     5   428     2   471     1   472 0.90 [190263/458/1]
190263/434/1.f:NCAOKI_01565 -            484 GH1.hmm              -            429  1.2e-146  493.3   0.0   1   1  8.9e-150  1.3e-146  493.1   0.0     4   428     3   480     1   481 0.91 [190263/434/1]
190263/434/1.f:NCAOKI_05175 -            476 GH1.hmm              -            429  1.3e-146  493.2   0.5   1   1  9.6e-150  1.4e-146  493.0   0.5     5   428     3   472     1   473 0.90 [190263/434/1]
190263/406/1.f:DKNBGD_02645 -            469 GH1.hmm              -            429  1.6e-146  492.9   1.4   1   1  1.2e-149  1.8e-146  492.7   1.4     2   427     2   466     1   468 0.93 [190263/406/1]
190263/370/1.f:MFKGBO_10345 -            474 GH1.hmm              -            429  2.1e-146  492.5   0.1   1   1  1.6e-149  2.4e-146  492.3   0.1     3   428     8   473     6   474 0.93 [190263/370/1]
190263/370/1.f:MFKGBO_05945 -            474 GH1.hmm              -            429  4.1e-146  491.5   0.0   1   1  3.1e-149  4.6e-146  491.4   0.0     4   428     3   464     1   465 0.93 [190263/370/1]
190263/546/1.f:GEHMID_20850 -            478 GH1.hmm              -            429  4.7e-146  491.3   0.1   1   1  3.5e-149  5.3e-146  491.2   0.1     4   428     3   473     1   474 0.91 [190263/546/1]
190263/443/1.f:LNLACP_09405 -            479 GH1.hmm              -            429  5.4e-146  491.1   0.0   1   1  4.1e-149  6.1e-146  491.0   0.0     4   428     3   475     1   476 0.92 [190263/443/1]
190263/386/1.f:DBGIOG_12990 -            454 GH1.hmm              -            429  7.1e-146  490.7   1.0   1   1  5.6e-149  8.3e-146  490.5   1.0     2   428     3   451     2   452 0.94 [190263/386/1]
190263/512/1.f:JBCLGH_04175 -            475 GH1.hmm              -            429  1.2e-145  490.0   0.1   1   1  9.1e-149  1.4e-145  489.8   0.1     6   428     2   468     1   469 0.92 [190263/512/1]
190263/443/1.f:LNLACP_03700 -            479 GH1.hmm              -            429  1.2e-145  490.0   1.3   1   1  9.2e-149  1.4e-145  489.8   1.3     4   428     3   475     1   476 0.90 [190263/443/1]
190263/568/1.f:ABMLLK_12585 -            462 GH1.hmm              -            429  2.6e-145  488.9   5.4   1   1    2e-148    3e-145  488.7   5.4     2   428     4   461     3   462 0.93 [190263/568/1]
190263/448/1.f:IBJDOL_06355 -            481 GH1.hmm              -            429  3.3e-145  488.5   0.1   1   1  2.5e-148  3.8e-145  488.3   0.1     1   428     1   465     1   466 0.91 [190263/448/1]
190263/382/1.f:JACGKO_01865 -            467 GH1.hmm              -            429  3.4e-145  488.5   0.0   1   1  2.6e-148  3.9e-145  488.3   0.0     4   428     2   462     1   463 0.91 [190263/382/1]
190263/514/1.f:MMHOAN_04350 -            479 GH1.hmm              -            429  1.1e-144  486.9   2.3   1   1  8.2e-148  1.2e-144  486.7   2.3     3   428     2   475     1   476 0.90 [190263/514/1]
190263/586/1.f:KBDCAC_04045 -            477 GH1.hmm              -            429  1.8e-144  486.1   0.0   1   1  1.4e-147  2.1e-144  485.9   0.0     6   428     2   468     1   469 0.92 [190263/586/1]
190263/547/1.f:KJCAKO_06090 -            466 GH1.hmm              -            429  2.3e-144  485.7  11.3   1   1  1.8e-147  2.6e-144  485.6  11.3     4   427     2   464     1   466 0.92 [190263/547/1]
190263/565/1.f:PAEINE_10500 -            479 GH1.hmm              -            429  2.4e-144  485.7   1.3   1   1    2e-147  2.9e-144  485.4   1.3     4   427    14   476    12   478 0.92 [190263/565/1]
190263/382/1.f:JACGKO_02275 -            471 GH1.hmm              -            429  2.6e-144  485.6   0.3   1   1    2e-147  2.9e-144  485.4   0.3     5   428     3   466     1   467 0.90 [190263/382/1]
190263/375/1.f:CNGHJF_06245 -            488 GH1.hmm              -            429  7.4e-144  484.1   4.2   1   1  5.8e-147  8.6e-144  483.9   4.2     3   428     7   485     5   486 0.92 [190263/375/1]
190263/434/1.f:NCAOKI_07515 -            486 GH1.hmm              -            429    1e-143  483.7   0.0   1   1  7.6e-147  1.1e-143  483.5   0.0     4   428     3   476     1   477 0.91 [190263/434/1]
190263/514/1.f:MMHOAN_12125 -            477 GH1.hmm              -            429  1.3e-143  483.3   3.8   1   1  9.9e-147  1.5e-143  483.1   3.8     5   428     3   474     1   475 0.90 [190263/514/1]
190263/384/1.f:CDKGIA_10370 -            474 GH1.hmm              -            429  2.1e-143  482.6   1.6   1   1  1.7e-146  2.5e-143  482.3   1.6     3   428     6   471     4   472 0.93 [190263/384/1]
190263/560/1.f:OAGBLH_07195 -            461 GH1.hmm              -            429  2.5e-143  482.3   4.5   1   1  1.9e-146  2.8e-143  482.2   4.5     8   427     3   459     1   461 0.93 [190263/560/1]
190263/434/1.f:NCAOKI_01595 -            475 GH1.hmm              -            429  2.9e-143  482.1   0.2   1   1  2.2e-146  3.3e-143  482.0   0.2     5   428     3   471     1   472 0.92 [190263/434/1]
190263/458/1.f:AMPCAI_05325 -            466 GH1.hmm              -            429    4e-143  481.7   3.0   1   1    3e-146  4.5e-143  481.5   3.0     5   428     2   460     1   461 0.92 [190263/458/1]
190263/375/1.f:CNGHJF_13075 -            469 GH1.hmm              -            429  4.4e-143  481.5   7.4   1   1  3.3e-146    5e-143  481.4   7.4     6   427     4   466     1   468 0.91 [190263/375/1]
190263/496/1.f:JJBAFO_00535 -            480 GH1.hmm              -            429  5.5e-143  481.2   0.6   1   1  4.1e-146  6.2e-143  481.1   0.6     2   428     2   475     1   476 0.90 [190263/496/1]
190263/406/1.f:DKNBGD_16885 -            469 GH1.hmm              -            429  9.4e-143  480.5   0.5   1   1  7.1e-146  1.1e-142  480.3   0.5     5   428     3   465     1   466 0.91 [190263/406/1]
190263/584/1.f:DDCNLE_04305 -            467 GH1.hmm              -            429  1.3e-142  480.0   2.8   1   1    1e-145  1.5e-142  479.8   2.8     3   428     4   462     2   463 0.92 [190263/584/1]
190263/406/1.f:DKNBGD_02725 -            467 GH1.hmm              -            429  1.4e-142  479.9   1.1   1   1  1.1e-145  1.6e-142  479.7   1.1     7   426     4   464     2   467 0.91 [190263/406/1]
190263/434/1.f:NCAOKI_05430 -            477 GH1.hmm              -            429  1.4e-142  479.9   3.6   1   1  1.1e-145  1.6e-142  479.7   3.6     6   427     4   457     1   459 0.92 [190263/434/1]
190263/514/1.f:MMHOAN_02450 -            489 GH1.hmm              -            429  4.4e-142  478.3   1.9   1   1  3.3e-145    5e-142  478.1   1.9     4   428     2   485     1   486 0.92 [190263/514/1]
190263/547/1.f:KJCAKO_04390 -            478 GH1.hmm              -            429  1.6e-141  476.4   2.6   1   1  1.2e-144  1.8e-141  476.3   2.6     4   428     3   475     1   476 0.89 [190263/547/1]
190263/370/1.f:MFKGBO_18300 -            474 GH1.hmm              -            429  1.8e-141  476.2   0.0   1   1  1.4e-144  2.1e-141  476.0   0.0     5   427     2   469     1   471 0.90 [190263/370/1]
190263/584/1.f:DDCNLE_04315 -            458 GH1.hmm              -            429  4.6e-141  474.9   0.9   1   1  3.5e-144  5.2e-141  474.7   0.9     2   428     2   454     1   455 0.93 [190263/584/1]
190263/383/1.f:KCEMEB_10595 -            475 GH1.hmm              -            429  4.9e-141  474.8   0.7   1   1  3.7e-144  5.5e-141  474.6   0.7     3   428     2   472     1   473 0.91 [190263/383/1]
190263/370/1.f:MFKGBO_23015 -            508 GH1.hmm              -            429  5.5e-141  474.6   1.5   1   1  4.7e-144  6.9e-141  474.3   1.5     1   428     1   496     1   497 0.90 [190263/370/1]
190263/434/1.f:NCAOKI_08210 -            492 GH1.hmm              -            429  5.8e-141  474.5   0.3   1   1  4.5e-144  6.7e-141  474.4   0.3     1   428     1   488     1   489 0.92 [190263/434/1]
190263/370/1.f:MFKGBO_23325 -            478 GH1.hmm              -            429  7.7e-141  474.1   4.8   1   1    6e-144    9e-141  473.9   4.8     4   428     7   474     4   475 0.92 [190263/370/1]
190263/370/1.f:MFKGBO_05940 -            485 GH1.hmm              -            429  1.3e-140  473.4   0.1   1   1  9.8e-144  1.5e-140  473.2   0.1     3   428     2   475     1   476 0.90 [190263/370/1]
190263/510/1.f:DELAEA_03490 -            469 GH1.hmm              -            429  1.3e-140  473.4   4.8   1   1    1e-143  1.6e-140  473.1   4.8     4   428     6   462     3   463 0.93 [190263/510/1]
190263/580/1.f:JCPJNN_07405 -            459 GH1.hmm              -            429  1.5e-140  473.2   0.1   1   1  1.2e-143  1.8e-140  472.9   0.1     4   428     5   455     2   456 0.91 [190263/580/1]
190263/406/1.f:DKNBGD_02720 -            470 GH1.hmm              -            429  1.7e-140  473.0   2.3   1   1  1.3e-143  1.9e-140  472.9   2.3     6   428     2   468     1   469 0.92 [190263/406/1]
190263/512/1.f:JBCLGH_00955 -            479 GH1.hmm              -            429  1.8e-140  473.0   0.3   1   1  1.3e-143    2e-140  472.8   0.3     5   428     3   476     1   477 0.89 [190263/512/1]
190263/406/1.f:DKNBGD_02650 -            470 GH1.hmm              -            429    2e-140  472.8   2.1   1   1  1.5e-143  2.2e-140  472.6   2.1     7   428     3   468     1   469 0.93 [190263/406/1]
190263/541/1.f:IDEEIE_00425 -            479 GH1.hmm              -            429  2.7e-140  472.4   0.2   1   1    2e-143  3.1e-140  472.2   0.2     5   428     3   476     1   477 0.89 [190263/541/1]
190263/406/1.f:DKNBGD_05895 -            492 GH1.hmm              -            429  3.2e-140  472.1   0.3   1   1  2.4e-143  3.6e-140  471.9   0.3     3   428     3   486     1   487 0.90 [190263/406/1]
190263/434/1.f:NCAOKI_04965 -            461 GH1.hmm              -            429  3.8e-140  471.9   0.0   1   1  2.8e-143  4.2e-140  471.7   0.0     1   428     1   458     1   459 0.92 [190263/434/1]
190263/458/1.f:AMPCAI_01815 -            487 GH1.hmm              -            429  6.4e-140  471.1   6.6   1   1  4.9e-143  7.3e-140  470.9   6.6     4   428     2   483     1   484 0.92 [190263/458/1]
190263/406/1.f:DKNBGD_00185 -            480 GH1.hmm              -            429  7.4e-140  470.9   1.5   1   1  5.7e-143  8.5e-140  470.7   1.5     3   428     2   475     1   476 0.90 [190263/406/1]
190263/565/1.f:PAEINE_05060 -            476 GH1.hmm              -            429  7.9e-140  470.8   0.0   1   1    6e-143  8.9e-140  470.6   0.0     5   428     3   472     1   473 0.91 [190263/565/1]
190263/406/1.f:DKNBGD_01800 -            487 GH1.hmm              -            429    9e-140  470.6   0.4   1   1  7.2e-143  1.1e-139  470.4   0.4     4   428     5   482     2   483 0.90 [190263/406/1]
190263/434/1.f:NCAOKI_07365 -            460 GH1.hmm              -            429  9.5e-140  470.6   0.0   1   1  7.1e-143  1.1e-139  470.4   0.0     2   428     2   459     1   460 0.93 [190263/434/1]
190263/406/1.f:DKNBGD_02065 -            491 GH1.hmm              -            429  9.8e-140  470.5   0.2   1   1  8.1e-143  1.2e-139  470.2   0.2     5   428     9   472     6   473 0.93 [190263/406/1]
190263/458/1.f:AMPCAI_00800 -            488 GH1.hmm              -            429  1.2e-139  470.3   3.9   1   1  9.1e-143  1.4e-139  470.0   3.9     3   428     2   482     1   483 0.90 [190263/458/1]
190263/514/1.f:MMHOAN_14390 -            490 GH1.hmm              -            429  1.2e-139  470.2   4.4   1   1  9.2e-143  1.4e-139  470.0   4.4     5   428     3   485     1   486 0.92 [190263/514/1]
190263/434/1.f:NCAOKI_03070 -            493 GH1.hmm              -            429  1.2e-139  470.2   2.9   1   1  9.7e-143  1.4e-139  470.0   2.9     3   428     7   482     5   483 0.92 [190263/434/1]
190263/434/1.f:NCAOKI_01550 -            488 GH1.hmm              -            429  1.6e-139  469.8   2.2   1   1  1.2e-142  1.8e-139  469.6   2.2     4   428     2   484     1   485 0.92 [190263/434/1]
190263/406/1.f:DKNBGD_15480 -            468 GH1.hmm              -            429  2.6e-139  469.1   0.0   1   1  1.9e-142  2.9e-139  469.0   0.0     4   428     2   464     1   465 0.90 [190263/406/1]
190263/406/1.f:DKNBGD_11200 -            490 GH1.hmm              -            429    3e-139  468.9   4.2   1   1  2.4e-142  3.5e-139  468.7   4.2     3   428     2   484     1   485 0.90 [190263/406/1]
190263/375/1.f:CNGHJF_00055 -            478 GH1.hmm              -            429    3e-139  468.9   4.7   1   1  2.4e-142  3.6e-139  468.7   4.7     3   427     6   473     4   475 0.92 [190263/375/1]
190263/458/1.f:AMPCAI_10780 -            479 GH1.hmm              -            429  4.3e-139  468.4   1.4   1   1  3.3e-142  4.9e-139  468.2   1.4     4   428     2   475     1   476 0.89 [190263/458/1]
190263/406/1.f:DKNBGD_03385 -            467 GH1.hmm              -            429  5.4e-139  468.1   0.2   1   1  4.1e-142  6.1e-139  467.9   0.2     6   428     3   464     1   465 0.91 [190263/406/1]
190263/363/1.f:CIHHOC_15465 -            477 GH1.hmm              -            429  5.4e-139  468.1   0.2   1   1  4.1e-142  6.1e-139  467.9   0.2     5   428     3   471     1   472 0.92 [190263/363/1]
190263/434/1.f:NCAOKI_02035 -            477 GH1.hmm              -            429  7.5e-139  467.6   0.2   1   1  6.7e-142  9.9e-139  467.2   0.2     8   425    13   470    10   472 0.90 [190263/434/1]
190263/383/1.f:KCEMEB_16890 -            474 GH1.hmm              -            429  1.5e-138  466.6   0.3   1   1  1.2e-141  1.7e-138  466.4   0.3     5   428     3   471     1   472 0.92 [190263/383/1]
190263/565/1.f:PAEINE_10510 -            480 GH1.hmm              -            429  1.6e-138  466.6   2.2   1   1  1.2e-141  1.8e-138  466.4   2.2     3   425     8   474     6   478 0.91 [190263/565/1]
190263/565/1.f:PAEINE_01700 -            472 GH1.hmm              -            429  2.1e-138  466.1   0.0   1   1  1.6e-141  2.4e-138  466.0   0.0     5   428     2   468     1   469 0.91 [190263/565/1]
190263/565/1.f:PAEINE_10530 -            473 GH1.hmm              -            429  2.2e-138  466.1   0.8   1   1  1.7e-141  2.6e-138  465.8   0.8     4   426     6   468     3   470 0.91 [190263/565/1]
190263/580/1.f:JCPJNN_30800 -            474 GH1.hmm              -            429  3.4e-138  465.4   0.0   1   1  2.6e-141  3.9e-138  465.2   0.0     5   428     3   471     1   472 0.93 [190263/580/1]
190263/390/1.f:OLPOLE_04110 -            450 GH1.hmm              -            429  6.6e-138  464.5   0.0   1   1    5e-141  7.4e-138  464.3   0.0     4   428     2   447     1   448 0.95 [190263/390/1]
190263/409/1.f:AJJCMD_01740 -            491 GH1.hmm              -            429  7.8e-138  464.3   1.5   1   1  6.1e-141  9.1e-138  464.0   1.5     4   428     8   472     5   473 0.92 [190263/409/1]
190263/458/1.f:AMPCAI_08655 -            470 GH1.hmm              -            429    1e-137  463.8   4.7   1   1  7.9e-141  1.2e-137  463.7   4.7     1   428     1   466     1   467 0.91 [190263/458/1]
190263/560/1.f:OAGBLH_01485 -            478 GH1.hmm              -            429  1.8e-137  463.1   7.9   1   1  1.4e-140  2.1e-137  462.9   7.9     2   428     9   472     8   473 0.91 [190263/560/1]
190263/560/1.f:OAGBLH_09100 -            478 GH1.hmm              -            429  1.8e-137  463.1   7.9   1   1  1.4e-140  2.1e-137  462.9   7.9     2   428     9   472     8   473 0.91 [190263/560/1]
190263/434/1.f:NCAOKI_00755 -            473 GH1.hmm              -            429  8.4e-137  460.9   0.0   1   1  6.3e-140  9.5e-137  460.7   0.0     6   428     4   469     1   470 0.90 [190263/434/1]
190263/443/1.f:LNLACP_08945 -            484 GH1.hmm              -            429    1e-136  460.6   0.0   1   1  7.7e-140  1.1e-136  460.4   0.0     4   428     2   480     1   481 0.92 [190263/443/1]
190263/425/1.f:HPANHD_10565 -            495 GH1.hmm              -            429  1.3e-136  460.3   2.4   1   1  9.6e-140  1.4e-136  460.1   2.4     4   428     2   490     1   491 0.93 [190263/425/1]
190263/370/1.f:MFKGBO_05935 -            490 GH1.hmm              -            429  2.7e-136  459.2   1.7   1   1  2.2e-139  3.2e-136  458.9   1.7     2   428     5   486     4   487 0.91 [190263/370/1]
190263/512/1.f:JBCLGH_12225 -            492 GH1.hmm              -            429  9.1e-136  457.4   6.9   1   1    7e-139    1e-135  457.2   6.9     3   428    12   487    10   488 0.91 [190263/512/1]
190263/409/1.f:AJJCMD_02345 -            463 GH1.hmm              -            429  1.3e-135  456.9   0.2   1   1  9.9e-139  1.5e-135  456.7   0.2     2   424     2   455     1   460 0.93 [190263/409/1]
190263/406/1.f:DKNBGD_01390 -            494 GH1.hmm              -            429  3.5e-135  455.5   6.4   1   1  2.7e-138  4.1e-135  455.3   6.4     3   428    11   488     9   489 0.91 [190263/406/1]
190263/406/1.f:DKNBGD_01140 -            480 GH1.hmm              -            429    5e-135  455.0   0.5   1   1  3.8e-138  5.7e-135  454.8   0.5     1   428     1   477     1   478 0.91 [190263/406/1]
190263/370/1.f:MFKGBO_24180 -            474 GH1.hmm              -            429  6.2e-135  454.7   0.2   1   1  4.9e-138  7.3e-135  454.5   0.2     2   428     4   471     3   472 0.91 [190263/370/1]
190263/406/1.f:DKNBGD_13880 -            482 GH1.hmm              -            429  6.5e-135  454.6   0.2   1   1  5.1e-138  7.6e-135  454.4   0.2     3   428     5   478     3   479 0.88 [190263/406/1]
190263/443/1.f:LNLACP_06940 -            488 GH1.hmm              -            429  1.5e-134  453.4   0.8   1   1  1.2e-137  1.8e-134  453.2   0.8     1   428     1   484     1   485 0.92 [190263/443/1]
190263/406/1.f:DKNBGD_14955 -            488 GH1.hmm              -            429  4.4e-134  451.9   0.2   1   1  3.4e-137  5.1e-134  451.7   0.2     5   428     3   485     1   486 0.93 [190263/406/1]
190263/458/1.f:AMPCAI_00325 -            493 GH1.hmm              -            429    1e-133  450.7   0.3   1   1  7.6e-137  1.1e-133  450.5   0.3     4   428     2   487     1   488 0.91 [190263/458/1]
190263/409/1.f:AJJCMD_04835 -            485 GH1.hmm              -            429  1.2e-133  450.5   8.5   1   1  1.1e-136  1.6e-133  450.0   8.5     4   428     2   481     1   482 0.91 [190263/409/1]
190263/443/1.f:LNLACP_08935 -            492 GH1.hmm              -            429    2e-133  449.7   0.0   1   1  1.5e-136  2.3e-133  449.5   0.0     4   427     3   481     1   483 0.92 [190263/443/1]
190263/434/1.f:NCAOKI_09970 -            480 GH1.hmm              -            429  7.1e-133  447.9   0.0   1   1  5.4e-136    8e-133  447.7   0.0     5   428     3   476     1   477 0.89 [190263/434/1]
190263/425/1.f:HPANHD_01125 -            464 GH1.hmm              -            429  7.9e-133  447.8   3.4   1   1  5.9e-136  8.9e-133  447.6   3.4     4   428     3   461     1   462 0.92 [190263/425/1]
190263/406/1.f:DKNBGD_11735 -            483 GH1.hmm              -            429  9.3e-133  447.5   2.9   1   1  7.3e-136  1.1e-132  447.3   2.9     2   428     5   480     4   481 0.92 [190263/406/1]
190263/370/1.f:MFKGBO_09870 -            464 GH1.hmm              -            429  3.4e-132  445.7   0.8   1   1  2.7e-135    4e-132  445.4   0.8     3   428     4   461     2   462 0.92 [190263/370/1]
190263/375/1.f:CNGHJF_10475 -            476 GH1.hmm              -            429    1e-131  444.1   1.5   1   1  7.8e-135  1.2e-131  443.9   1.5     4   428     2   472     1   473 0.89 [190263/375/1]
190263/425/1.f:HPANHD_01100 -            460 GH1.hmm              -            429  1.3e-131  443.7   4.8   1   1    1e-134  1.6e-131  443.5   4.8     2   428     4   457     3   458 0.92 [190263/425/1]
190263/370/1.f:MFKGBO_15390 -            472 GH1.hmm              -            429  2.6e-131  442.8   0.0   1   1  1.9e-134  2.9e-131  442.6   0.0     4   426     2   470     1   472 0.88 [190263/370/1]
190263/560/1.f:OAGBLH_04465 -            485 GH1.hmm              -            429  6.1e-131  441.5   8.6   1   1  4.8e-134  7.1e-131  441.3   8.6     2   428     5   477     4   478 0.91 [190263/560/1]
190263/406/1.f:DKNBGD_15520 -            481 GH1.hmm              -            429  6.2e-131  441.5   0.2   1   1  4.7e-134    7e-131  441.3   0.2     5   428     3   478     1   479 0.92 [190263/406/1]
190263/406/1.f:DKNBGD_01330 -            474 GH1.hmm              -            429  7.8e-131  441.2   9.6   1   1  6.9e-134    1e-130  440.8   9.6     3   428     2   471     1   472 0.92 [190263/406/1]
190263/370/1.f:MFKGBO_09725 -            487 GH1.hmm              -            429    2e-129  436.5   5.2   1   1  1.6e-132  2.3e-129  436.3   5.2     1   428     1   483     1   484 0.90 [190263/370/1]
190263/406/1.f:DKNBGD_13890 -            481 GH1.hmm              -            429  2.1e-129  436.5   0.2   1   1  1.6e-132  2.4e-129  436.3   0.2     2   428     5   477     4   478 0.92 [190263/406/1]
190263/406/1.f:DKNBGD_13885 -            477 GH1.hmm              -            429  3.6e-129  435.7   3.0   1   1    3e-132  4.4e-129  435.4   3.0     3   428     5   471     3   472 0.91 [190263/406/1]
190263/434/1.f:NCAOKI_05500 -            443 GH1.hmm              -            429  6.4e-128  431.6   0.0   1   1  5.5e-131  8.3e-128  431.2   0.0    46   426    15   439     4   441 0.91 [190263/434/1]
190263/584/1.f:DDCNLE_07420 -            430 GH1.hmm              -            429  7.2e-127  428.1   0.1   1   1  5.6e-130  8.4e-127  427.9   0.1     4   426     5   416     2   419 0.93 [190263/584/1]
190263/362/1.f:KJODLM_09470 -            442 GH1.hmm              -            429  1.2e-123  417.5   2.8   1   1  9.9e-127  1.5e-123  417.2   2.8    47   428    26   438    13   439 0.92 [190263/362/1]
190263/458/1.f:AMPCAI_10240 -            446 GH1.hmm              -            429  7.7e-122  411.6   0.7   1   1  5.8e-125  8.7e-122  411.4   0.7     5   428     2   443     1   444 0.91 [190263/458/1]
190263/510/1.f:DELAEA_00910 -            477 GH1.hmm              -            429  4.6e-117  395.8   2.5   1   1  3.6e-120  5.4e-117  395.6   2.5     9   426     3   470     1   473 0.90 [190263/510/1]
190263/546/1.f:GEHMID_14515 -            442 GH1.hmm              -            429  5.9e-117  395.5   0.0   1   1  4.3e-119  6.4e-116  392.1   0.0     3   419     2   435     1   441 0.87 [190263/546/1]
190263/390/1.f:OLPOLE_00795 -            432 GH1.hmm              -            429  6.3e-116  392.1   0.0   1   1  1.1e-117  1.6e-114  387.4   0.0     3   419     2   425     1   430 0.87 [190263/390/1]
190263/406/1.f:DKNBGD_02715 -            470 GH1.hmm              -            429  2.5e-114  386.8   0.0   1   1  1.9e-117  2.9e-114  386.6   0.0     3   428     8   457     6   458 0.92 [190263/406/1]
190263/443/1.f:LNLACP_00150 -            433 GH1.hmm              -            429  1.2e-113  384.5   0.0   1   1  8.6e-116  1.3e-112  381.2   0.0     3   420     2   427     1   432 0.86 [190263/443/1]
190263/434/1.f:NCAOKI_04955 -            424 GH1.hmm              -            429  1.7e-104  354.4   0.0   1   1  2.6e-106  3.9e-103  349.9   0.0     3   428     7   415     5   416 0.87 [190263/434/1]
190263/474/1.f:AMDJJA_08575 -            396 GH1.hmm              -            429  1.1e-100  341.8   0.2   1   1  1.3e-102     2e-99  337.7   0.2     3   425     6   387     4   390 0.87 [190263/474/1]
190263/514/1.f:MMHOAN_08160 -            344 GH1.hmm              -            429   1.2e-94  322.0   0.1   1   1   9.6e-98   1.4e-94  321.7   0.1     5   294     6   305     2   334 0.89 [190263/514/1]
190263/362/1.f:KJODLM_06495 -            272 GH1.hmm              -            429   1.8e-60  209.4   0.1   1   1   1.3e-63   1.9e-60  209.2   0.1   108   359     2   268     1   272 0.88 [190263/362/1]
#
# Program:         hmmsearch
# Version:         3.3.2 (Nov 2020)
# Pipeline mode:   SEARCH
# Query file:      /kb/module/work/tmp/output.1725388484971/GH1/GH1.hmm
# Target file:     /kb/module/work/tmp/output.1725388484971/hCom2_RAST.fasta
# Option settings: /kb/module/hmmer/bin/hmmsearch --domtblout /kb/module/work/tmp/output.1725388484971/GH1/GH1-hCom2_RAST.hitout.txt --noali --notextw --domE 1e-15 /kb/module/work/tmp/output.1725388484971/GH1/GH1.hmm /kb/module/work/tmp/output.1725388484971/hCom2_RAST.fasta 
# Current dir:     /kb/module/work/tmp/output.1725388484971
# Date:            Tue Sep  3 18:45:56 2024
# [ok]
