#                                                                                   --- full sequence --- -------------- this domain -------------   hmm coord   ali coord   env coord
# target name               accession   tlen query name           accession   qlen   E-value  score  bias   #  of  c-Evalue  i-Evalue  score  bias  from    to  from    to  from    to  acc description of target
#       ------------------- ---------- ----- -------------------- ---------- ----- --------- ------ ----- --- --- --------- --------- ------ ----- ----- ----- ----- ----- ----- ----- ---- ---------------------
190263/366/1.f:DBJPFP_04060 -            469 GH109.hmm            -            399  4.1e-174  583.3   0.0   1   1    1e-176  4.7e-174  583.1   0.0     3   398    45   459    43   460 0.97 [190263/366/1]
190263/564/1.f:KIHMBJ_06475 -            466 GH109.hmm            -            399  3.7e-172  576.9   0.0   1   1  9.9e-175  4.4e-172  576.6   0.0     3   397    55   451    53   453 0.97 [190263/564/1]
190263/540/1.f:BCGFLB_08080 -            465 GH109.hmm            -            399    2e-171  574.5   0.0   1   1  5.2e-174  2.3e-171  574.2   0.0     3   397    58   455    56   457 0.96 [190263/540/1]
190263/417/1.f:MHBJAE_07640 -            416 GH109.hmm            -            399  1.5e-170  571.6   0.0   1   1  3.7e-173  1.7e-170  571.4   0.0     3   398    17   415    15   416 0.96 [190263/417/1]
190263/488/1.f:DNPFAC_08805 -            416 GH109.hmm            -            399  1.7e-170  571.4   0.0   1   1  4.3e-173  1.9e-170  571.2   0.0     3   398    17   415    15   416 0.96 [190263/488/1]
190263/534/1.f:OHCFJE_08595 -            413 GH109.hmm            -            399  3.7e-169  567.0   0.3   1   1  9.2e-172  4.1e-169  566.8   0.3     3   399    14   413    12   413 0.95 [190263/534/1]
190263/545/1.f:NCJBIN_03430 -            413 GH109.hmm            -            399  3.7e-169  567.0   0.3   1   1  9.2e-172  4.1e-169  566.8   0.3     3   399    14   413    12   413 0.95 [190263/545/1]
190263/391/1.f:NONBJF_03070 -            413 GH109.hmm            -            399  5.2e-169  566.5   0.3   1   1  1.3e-171  5.8e-169  566.4   0.3     3   399    14   413    12   413 0.96 [190263/391/1]
190263/368/1.f:HPMDBE_06905 -            466 GH109.hmm            -            399  2.9e-168  564.0   0.0   1   1  7.6e-171  3.4e-168  563.8   0.0     4   398    48   459    45   460 0.98 [190263/368/1]
190263/379/1.f:LOJHAC_02195 -            466 GH109.hmm            -            399  2.9e-168  564.0   0.0   1   1  7.6e-171  3.4e-168  563.8   0.0     4   398    48   459    45   460 0.98 [190263/379/1]
190263/516/1.f:MGNFBC_06000 -            466 GH109.hmm            -            399  2.9e-168  564.0   0.0   1   1  7.6e-171  3.4e-168  563.8   0.0     4   398    48   459    45   460 0.98 [190263/516/1]
190263/388/1.f:FDDJJK_03195 -            413 GH109.hmm            -            399  1.5e-167  561.7   0.2   1   1  3.8e-170  1.7e-167  561.5   0.2     3   398    14   412    12   413 0.95 [190263/388/1]
190263/365/1.f:JJMMAK_07235 -            469 GH109.hmm            -            399  7.7e-167  559.4   0.1   1   1  2.1e-169  9.3e-167  559.1   0.1     4   398    50   460    47   461 0.98 [190263/365/1]
190263/497/1.f:HENFFC_08055 -            470 GH109.hmm            -            399  7.8e-167  559.3   0.1   1   1  2.1e-169  9.4e-167  559.1   0.1     4   398    51   461    48   462 0.98 [190263/497/1]
190263/388/1.f:FDDJJK_01790 -            471 GH109.hmm            -            399  2.2e-165  554.5   0.2   1   1  5.7e-168  2.6e-165  554.3   0.2     2   398    57   461    56   462 0.95 [190263/388/1]
190263/391/1.f:NONBJF_01825 -            471 GH109.hmm            -            399  2.9e-165  554.2   0.2   1   1  7.5e-168  3.3e-165  554.0   0.2     2   398    57   461    56   462 0.95 [190263/391/1]
190263/545/1.f:NCJBIN_01900 -            471 GH109.hmm            -            399  2.9e-165  554.2   0.2   1   1  7.5e-168  3.3e-165  554.0   0.2     2   398    57   461    56   462 0.95 [190263/545/1]
190263/404/1.f:BGJBIG_07650 -            417 GH109.hmm            -            399  3.4e-165  553.9   0.0   1   1  8.6e-168  3.8e-165  553.8   0.0     3   399    18   417    16   417 0.96 [190263/404/1]
190263/401/1.f:DMFJNH_10605 -            467 GH109.hmm            -            399  5.8e-165  553.2   1.4   1   1  1.5e-167  6.7e-165  553.0   1.4     2   398    53   457    52   458 0.95 [190263/401/1]
190263/504/1.f:DOAHDM_10960 -            467 GH109.hmm            -            399  5.8e-165  553.2   1.4   1   1  1.5e-167  6.7e-165  553.0   1.4     2   398    53   457    52   458 0.95 [190263/504/1]
190263/562/1.f:KJGNCK_11580 -            419 GH109.hmm            -            399  1.4e-164  551.9   0.0   1   1  3.6e-167  1.6e-164  551.7   0.0     3   398    18   416    16   417 0.96 [190263/562/1]
190263/364/1.f:DKBBKL_02085 -            471 GH109.hmm            -            399  1.5e-164  551.8   0.1   1   1    4e-167  1.8e-164  551.6   0.1     2   398    57   461    56   462 0.95 [190263/364/1]
190263/534/1.f:OHCFJE_10495 -            471 GH109.hmm            -            399  2.1e-164  551.3   0.3   1   1  5.5e-167  2.4e-164  551.1   0.3     2   398    57   461    56   462 0.95 [190263/534/1]
190263/417/1.f:MHBJAE_07545 -            464 GH109.hmm            -            399  2.2e-164  551.3   1.0   1   1  5.6e-167  2.5e-164  551.1   1.0     2   398    50   454    49   455 0.95 [190263/417/1]
190263/552/1.f:EMALNL_11530 -            419 GH109.hmm            -            399  2.7e-164  551.0   0.0   1   1  6.9e-167  3.1e-164  550.8   0.0     4   398    19   416    16   417 0.96 [190263/552/1]
190263/404/1.f:BGJBIG_07550 -            470 GH109.hmm            -            399    4e-164  550.4   1.2   1   1    1e-166  4.6e-164  550.2   1.2     2   398    56   460    55   461 0.95 [190263/404/1]
190263/488/1.f:DNPFAC_08705 -            464 GH109.hmm            -            399  5.9e-164  549.8   1.2   1   1  1.5e-166  6.9e-164  549.6   1.2     2   398    50   454    49   455 0.95 [190263/488/1]
190263/404/1.f:BGJBIG_01545 -            465 GH109.hmm            -            399    6e-164  549.8   1.9   1   1  1.6e-166  6.9e-164  549.6   1.9     1   398    50   455    50   456 0.95 [190263/404/1]
190263/405/1.f:EHKDKA_12145 -            422 GH109.hmm            -            399  7.1e-164  549.6   0.0   1   1  1.8e-166  8.1e-164  549.4   0.0     3   398    17   415    15   416 0.96 [190263/405/1]
190263/502/1.f:NONHGB_10605 -            437 GH109.hmm            -            399  4.5e-163  546.9   0.0   1   1  1.2e-165  5.1e-163  546.8   0.0     3   398    17   423    15   424 0.94 [190263/502/1]
190263/401/1.f:DMFJNH_10645 -            419 GH109.hmm            -            399  4.8e-163  546.9   0.0   1   1  1.2e-165  5.4e-163  546.7   0.0     3   398    18   416    16   417 0.96 [190263/401/1]
190263/504/1.f:DOAHDM_11005 -            419 GH109.hmm            -            399  4.8e-163  546.9   0.0   1   1  1.2e-165  5.4e-163  546.7   0.0     3   398    18   416    16   417 0.96 [190263/504/1]
190263/446/1.f:LHJMMB_06505 -            465 GH109.hmm            -            399    2e-162  544.8   0.0   1   1  5.3e-165  2.3e-162  544.6   0.0     3   397    56   454    54   456 0.95 [190263/446/1]
190263/526/1.f:GBBCGM_00375 -            467 GH109.hmm            -            399  2.7e-162  544.4   0.2   1   1  6.9e-165  3.1e-162  544.2   0.2     3   398    55   456    53   457 0.95 [190263/526/1]
190263/552/1.f:EMALNL_11525 -            469 GH109.hmm            -            399  4.1e-161  540.5   0.6   1   1  1.1e-163  4.7e-161  540.3   0.6     2   398    55   459    54   460 0.95 [190263/552/1]
190263/562/1.f:KJGNCK_11575 -            469 GH109.hmm            -            399  4.1e-161  540.5   0.6   1   1  1.1e-163  4.7e-161  540.3   0.6     2   398    55   459    54   460 0.95 [190263/562/1]
190263/475/1.f:MCKEEP_10455 -            469 GH109.hmm            -            399  4.8e-161  540.3   0.6   1   1  1.2e-163  5.6e-161  540.1   0.6     2   398    55   459    54   460 0.95 [190263/475/1]
190263/461/1.f:DHPHOK_01540 -            472 GH109.hmm            -            399  7.4e-161  539.7   0.2   1   1  1.9e-163  8.5e-161  539.5   0.2     2   398    58   462    57   463 0.95 [190263/461/1]
190263/573/1.f:LIDFCI_01135 -            469 GH109.hmm            -            399  1.5e-160  538.7   0.8   1   1  3.8e-163  1.7e-160  538.5   0.8     2   398    55   459    54   460 0.95 [190263/573/1]
190263/405/1.f:EHKDKA_22005 -            519 GH109.hmm            -            399  4.2e-160  537.2   0.3   1   1  1.1e-162  5.1e-160  536.9   0.3     2   398    63   474    62   475 0.95 [190263/405/1]
190263/421/1.f:PBKEAC_08265 -            465 GH109.hmm            -            399  4.9e-160  537.0   0.0   1   1  1.3e-162  5.6e-160  536.8   0.0     2   398    53   454    52   455 0.95 [190263/421/1]
190263/556/1.f:EMIPPF_07690 -            466 GH109.hmm            -            399  5.2e-160  536.9   0.0   1   1  1.3e-162  5.9e-160  536.7   0.0     3   397    56   455    54   457 0.94 [190263/556/1]
190263/585/1.f:DLBDDB_15680 -            511 GH109.hmm            -            399  1.2e-159  535.7   0.5   1   1  3.4e-162  1.5e-159  535.4   0.5     2   398    63   474    62   475 0.95 [190263/585/1]
190263/366/1.f:DBJPFP_07690 -            465 GH109.hmm            -            399  4.6e-159  533.7   0.0   1   1  1.2e-161  5.3e-159  533.5   0.0     2   397    53   453    52   455 0.94 [190263/366/1]
190263/502/1.f:NONHGB_01005 -            516 GH109.hmm            -            399  1.7e-158  531.9   0.1   1   1  4.9e-161  2.2e-158  531.5   0.1     2   397    62   472    61   473 0.95 [190263/502/1]
190263/466/1.f:PGJOII_06175 -            515 GH109.hmm            -            399  3.4e-157  527.6   0.1   1   1    1e-159  4.6e-157  527.2   0.1     2   397    62   472    61   473 0.95 [190263/466/1]
190263/456/1.f:LKAJBD_00645 -            511 GH109.hmm            -            399  3.5e-157  527.6   0.1   1   1    1e-159  4.5e-157  527.2   0.1     2   397    62   472    61   473 0.95 [190263/456/1]
190263/522/1.f:NPJBCH_12215 -            469 GH109.hmm            -            399  5.1e-157  527.0   0.4   1   1  1.3e-159  5.9e-157  526.8   0.4     2   397    55   458    54   460 0.94 [190263/522/1]
190263/583/1.f:BCCKNC_03340 -            515 GH109.hmm            -            399    1e-156  526.1   0.2   1   1  2.7e-159  1.2e-156  525.8   0.2     2   397    64   474    63   476 0.94 [190263/583/1]
190263/405/1.f:EHKDKA_02395 -            517 GH109.hmm            -            399  1.9e-156  525.1   0.2   1   1  5.9e-159  2.6e-156  524.7   0.2     2   397    61   471    60   472 0.95 [190263/405/1]
190263/404/1.f:BGJBIG_04135 -            514 GH109.hmm            -            399  3.8e-156  524.2   0.1   1   1    1e-158  4.6e-156  523.9   0.1     2   398    62   473    61   474 0.95 [190263/404/1]
190263/461/1.f:DHPHOK_01335 -            512 GH109.hmm            -            399  7.9e-156  523.1   0.0   1   1  2.4e-158  1.1e-155  522.7   0.0     2   397    62   472    61   473 0.95 [190263/461/1]
190263/369/1.f:JCDIFE_01175 -            512 GH109.hmm            -            399    8e-156  523.1   0.0   1   1  2.4e-158  1.1e-155  522.7   0.0     2   397    62   472    61   473 0.95 [190263/369/1]
190263/399/1.f:CDLIDF_10695 -            569 GH109.hmm            -            399  1.7e-155  522.0   0.4   1   1  6.1e-158  2.7e-155  521.3   0.4     2   397    63   473    62   475 0.95 [190263/399/1]
190263/391/1.f:NONBJF_11075 -            521 GH109.hmm            -            399  2.1e-155  521.7   1.1   1   1  5.9e-158  2.7e-155  521.4   0.0     2   397    64   474    63   477 0.95 [190263/391/1]
190263/545/1.f:NCJBIN_11935 -            521 GH109.hmm            -            399  2.1e-155  521.7   1.1   1   1  5.9e-158  2.7e-155  521.4   0.0     2   397    64   474    63   477 0.95 [190263/545/1]
190263/534/1.f:OHCFJE_11280 -            520 GH109.hmm            -            399  2.6e-155  521.4   1.4   1   1    6e-158  2.7e-155  521.4   0.0     2   397    64   474    63   476 0.95 [190263/534/1]
190263/506/1.f:IKGMED_00080 -            481 GH109.hmm            -            399  3.9e-155  520.8   0.0   1   1    1e-157  4.5e-155  520.6   0.0     2   398    71   473    70   474 0.98 [190263/506/1]
190263/388/1.f:FDDJJK_10530 -            520 GH109.hmm            -            399  5.3e-155  520.4   0.0   1   1  1.2e-157  5.3e-155  520.4   0.0     2   397    64   474    63   476 0.95 [190263/388/1]
190263/506/1.f:IKGMED_04760 -            473 GH109.hmm            -            399    7e-155  520.0   0.0   1   1  1.8e-157    8e-155  519.8   0.0     3   398    65   465    63   466 0.98 [190263/506/1]
190263/388/1.f:FDDJJK_00550 -            516 GH109.hmm            -            399  2.3e-154  518.3   0.0   1   1    7e-157  3.1e-154  517.8   0.0     2   397    63   473    62   475 0.95 [190263/388/1]
190263/437/1.f:LBKKEJ_09870 -            514 GH109.hmm            -            399  6.1e-154  516.9   0.0   1   1  1.8e-156  7.9e-154  516.5   0.0     2   397    63   473    62   474 0.95 [190263/437/1]
190263/502/1.f:NONHGB_23325 -            514 GH109.hmm            -            399    2e-152  511.9   0.1   1   1  5.8e-155  2.6e-152  511.5   0.1     2   397    62   472    61   473 0.94 [190263/502/1]
190263/368/1.f:HPMDBE_22660 -            457 GH109.hmm            -            399  5.9e-152  510.3   0.0   1   1  1.6e-154    7e-152  510.1   0.0     2   397    56   451    55   453 0.95 [190263/368/1]
190263/388/1.f:FDDJJK_04935 -            548 GH109.hmm            -            399  8.1e-150  503.3   0.2   1   1  2.5e-152  1.1e-149  502.9   0.2     1   397    57   468    57   470 0.94 [190263/388/1]
190263/447/1.f:OLODHC_12055 -            402 GH109.hmm            -            399  8.3e-149  500.0   3.3   1   1  2.1e-151  9.5e-149  499.8   3.3     3   397     5   399     3   401 0.95 [190263/447/1]
190263/390/1.f:OLPOLE_15200 -            403 GH109.hmm            -            399  1.1e-148  499.5   0.0   1   1  2.8e-151  1.3e-148  499.4   0.0     4   398     3   397     1   398 0.95 [190263/390/1]
190263/522/1.f:NPJBCH_14010 -            511 GH109.hmm            -            399  3.4e-148  497.9   0.5   1   1  9.3e-151  4.2e-148  497.7   0.5     2   398    59   470    58   471 0.94 [190263/522/1]
190263/580/1.f:JCPJNN_08210 -            403 GH109.hmm            -            399  2.4e-143  482.0   0.1   1   1  6.1e-146  2.7e-143  481.8   0.1     3   398     1   397     1   398 0.95 [190263/580/1]
190263/461/1.f:DHPHOK_01515 -            378 GH109.hmm            -            399  2.1e-108  366.9   0.0   1   1  6.1e-111  2.7e-108  366.6   0.0     3   383     1   374     1   378 0.95 [190263/461/1]
190263/399/1.f:CDLIDF_02885 -            378 GH109.hmm            -            399  4.1e-107  362.7   0.0   1   1  1.3e-109  5.9e-107  362.2   0.0     4   384     2   374     1   377 0.95 [190263/399/1]
190263/583/1.f:BCCKNC_03505 -            378 GH109.hmm            -            399    2e-103  350.5   0.0   1   1  5.9e-106  2.6e-103  350.2   0.0     4   383     2   374     1   377 0.94 [190263/583/1]
190263/390/1.f:OLPOLE_13330 -            426 GH109.hmm            -            399   3.8e-45  158.6   1.7   1   1   2.5e-40   1.1e-37  134.1   2.0     3   208     3   197     1   201 0.94 [190263/390/1]
190263/365/1.f:JJMMAK_00610 -            440 GH109.hmm            -            399   7.4e-39  137.9   0.0   1   1   4.7e-39   2.1e-36  129.9   0.0     3   165    48   201    47   238 0.90 [190263/365/1]
190263/562/1.f:KJGNCK_02580 -            441 GH109.hmm            -            399     1e-38  137.5   0.1   1   1   3.1e-40   1.4e-37  133.8   0.0     3   170    49   207    47   231 0.90 [190263/562/1]
190263/552/1.f:EMALNL_07400 -            441 GH109.hmm            -            399   1.1e-38  137.4   0.1   1   1   3.4e-40   1.5e-37  133.6   0.0     3   170    49   207    47   231 0.90 [190263/552/1]
190263/475/1.f:MCKEEP_08195 -            441 GH109.hmm            -            399   1.8e-38  136.7   0.1   1   1   5.6e-40   2.5e-37  132.9   0.0     3   170    49   207    47   231 0.89 [190263/475/1]
190263/573/1.f:LIDFCI_16140 -            445 GH109.hmm            -            399   1.8e-38  136.6   0.1   1   1   2.1e-40   9.2e-38  134.3   0.0     3   170    53   211    51   234 0.90 [190263/573/1]
190263/497/1.f:HENFFC_10595 -            440 GH109.hmm            -            399   3.6e-38  135.7   0.0   1   1   2.3e-38     1e-35  127.6   0.0     3   165    48   201    47   238 0.90 [190263/497/1]
190263/512/1.f:JBCLGH_04955 -            372 GH109.hmm            -            399   1.9e-37  133.3   0.0   1   1   1.9e-31   8.5e-29  104.8   0.0     3   169     1   159     1   235 0.87 [190263/512/1]
190263/401/1.f:DMFJNH_06925 -            441 GH109.hmm            -            399   3.4e-37  132.4   0.1   1   1   3.3e-39   1.5e-36  130.4   0.0     4   185    50   224    48   231 0.90 [190263/401/1]
190263/504/1.f:DOAHDM_07525 -            441 GH109.hmm            -            399   3.4e-37  132.4   0.1   1   1   3.3e-39   1.5e-36  130.4   0.0     4   185    50   224    48   231 0.90 [190263/504/1]
190263/552/1.f:EMALNL_01715 -            410 GH109.hmm            -            399   7.5e-36  128.0   0.0   1   1   1.1e-37   4.8e-35  125.4   0.0     5   158    26   170    23   201 0.95 [190263/552/1]
190263/456/1.f:LKAJBD_17665 -            430 GH109.hmm            -            399   1.4e-34  123.8   0.0   1   1   1.2e-35   5.5e-33  118.6   0.0     4   162    42   191    39   222 0.93 [190263/456/1]
190263/401/1.f:DMFJNH_06285 -            430 GH109.hmm            -            399   1.9e-32  116.9   0.0   1   1   1.5e-34   6.7e-32  115.0   0.0     3   163    41   192    39   223 0.90 [190263/401/1]
190263/504/1.f:DOAHDM_06950 -            430 GH109.hmm            -            399   1.9e-32  116.9   0.0   1   1   1.5e-34   6.7e-32  115.0   0.0     3   163    41   192    39   223 0.90 [190263/504/1]
190263/502/1.f:NONHGB_04415 -            430 GH109.hmm            -            399   7.3e-32  114.9   0.0   1   1   3.6e-34   1.6e-31  113.8   0.0     3   161    41   190    39   221 0.94 [190263/502/1]
190263/552/1.f:EMALNL_04000 -            431 GH109.hmm            -            399   7.8e-32  114.8   0.0   1   1   1.3e-33   5.8e-31  111.9   0.0     3   161    41   190    39   221 0.94 [190263/552/1]
190263/405/1.f:EHKDKA_04870 -            430 GH109.hmm            -            399   9.9e-32  114.5   0.0   1   1   4.4e-34   1.9e-31  113.5   0.0     4   161    42   190    39   220 0.95 [190263/405/1]
190263/369/1.f:JCDIFE_04760 -            430 GH109.hmm            -            399   1.7e-31  113.7   0.0   1   1   7.1e-34   3.2e-31  112.8   0.0     3   162    41   191    39   222 0.93 [190263/369/1]
190263/562/1.f:KJGNCK_06465 -            431 GH109.hmm            -            399   1.9e-31  113.5   0.0   1   1   2.6e-33   1.2e-30  110.9   0.0     3   161    41   190    39   221 0.94 [190263/562/1]
190263/423/1.f:PDNKFB_15390 -            358 GH109.hmm            -            399   3.1e-31  112.8   0.4   1   1   5.8e-33   2.6e-30  109.8   0.4     4   290     2   272     1   356 0.75 [190263/423/1]
190263/475/1.f:MCKEEP_04125 -            431 GH109.hmm            -            399   2.2e-30  110.0   0.0   1   1   3.7e-32   1.7e-29  107.1   0.0     3   161    41   190    39   221 0.94 [190263/475/1]
190263/573/1.f:LIDFCI_19485 -            431 GH109.hmm            -            399   2.2e-30  110.0   0.0   1   1   3.7e-32   1.7e-29  107.1   0.0     3   161    41   190    39   221 0.94 [190263/573/1]
190263/549/1.f:CNBDFB_05790 -            357 GH109.hmm            -            399   5.2e-30  108.8   2.2   1   1   3.4e-31   1.5e-28  104.0   2.2     7   222     2   204     1   352 0.80 [190263/549/1]
190263/564/1.f:KIHMBJ_06125 -            428 GH109.hmm            -            399   6.9e-30  108.4   0.0   1   1   7.5e-32   3.4e-29  106.1   0.0     4   161    40   188    38   216 0.96 [190263/564/1]
190263/382/1.f:JACGKO_02480 -            368 GH109.hmm            -            399   3.7e-29  106.0   0.2   1   1   1.2e-29   5.5e-27   98.8   0.4     4   164     3   158     1   165 0.93 [190263/382/1]
190263/475/1.f:MCKEEP_08185 -            447 GH109.hmm            -            399   5.7e-29  105.4   0.0   1   1   6.6e-31     3e-28  103.0   0.0     3   167    39   199    37   212 0.95 [190263/475/1]
190263/562/1.f:KJGNCK_02590 -            447 GH109.hmm            -            399   5.7e-29  105.4   0.0   1   1   6.6e-31     3e-28  103.0   0.0     3   167    39   199    37   212 0.95 [190263/562/1]
190263/573/1.f:LIDFCI_16150 -            447 GH109.hmm            -            399   1.2e-28  104.3   0.0   1   1   1.4e-30   6.5e-28  101.9   0.0     3   167    39   199    37   212 0.94 [190263/573/1]
190263/552/1.f:EMALNL_07390 -            447 GH109.hmm            -            399   1.3e-28  104.3   0.0   1   1   1.4e-30   6.5e-28  101.9   0.0     3   167    39   199    37   212 0.94 [190263/552/1]
190263/541/1.f:IDEEIE_13425 -            357 GH109.hmm            -            399   4.2e-28  102.5   3.9   1   1   8.9e-30     4e-27   99.3   3.9     7   222     2   204     1   346 0.86 [190263/541/1]
190263/409/1.f:AJJCMD_16805 -            384 GH109.hmm            -            399   4.3e-28  102.5   0.3   1   1   1.3e-30   5.7e-28  102.1   0.3     8   193     4   177     2   236 0.91 [190263/409/1]
190263/401/1.f:DMFJNH_06915 -            447 GH109.hmm            -            399   5.3e-28  102.2   0.0   1   1   2.4e-30   1.1e-27  101.2   0.0     3   167    39   199    37   216 0.94 [190263/401/1]
190263/504/1.f:DOAHDM_07515 -            447 GH109.hmm            -            399   5.3e-28  102.2   0.0   1   1   2.4e-30   1.1e-27  101.2   0.0     3   167    39   199    37   216 0.94 [190263/504/1]
190263/382/1.f:JACGKO_01385 -            339 GH109.hmm            -            399   9.1e-28  101.4   0.1   1   1   1.8e-22   7.9e-20   75.3   0.1     3   161     1   152     1   156 0.88 [190263/382/1]
190263/429/1.f:OMPHBF_05825 -            399 GH109.hmm            -            399   1.2e-27  101.0   0.0   1   1   3.8e-30   1.7e-27  100.5   0.0     4   171    10   169     8   228 0.89 [190263/429/1]
190263/409/1.f:AJJCMD_23185 -            384 GH109.hmm            -            399   1.4e-27  100.8   0.2   1   1   5.1e-30   2.3e-27  100.1   0.2     6   224     2   208     1   233 0.85 [190263/409/1]
190263/429/1.f:OMPHBF_11485 -            397 GH109.hmm            -            399   2.3e-27  100.1   0.0   1   1   4.8e-24   2.2e-21   80.4   0.0     4   170     4   162     1   188 0.89 [190263/429/1]
190263/472/1.f:NMGHJI_17755 -            389 GH109.hmm            -            399   8.2e-27   98.3   0.0   1   1   4.1e-24   1.8e-21   80.6   0.0     3   170     1   160     1   185 0.95 [190263/472/1]
190263/433/1.f:ADFNDI_13310 -            349 GH109.hmm            -            399   8.7e-27   98.2   2.4   1   1     7e-29   3.1e-26   96.4   2.4     6   309     2   283     1   312 0.83 [190263/433/1]
190263/567/1.f:NOEGFN_12010 -            390 GH109.hmm            -            399   1.5e-26   97.4   0.1   1   1   2.7e-28   1.2e-25   94.4   0.1     4   372     2   357     1   372 0.74 [190263/567/1]
190263/448/1.f:IBJDOL_15890 -            369 GH109.hmm            -            399   1.9e-26   97.1   2.1   1   1   6.5e-29   2.9e-26   96.5   2.1     3   189     1   181     1   192 0.89 [190263/448/1]
190263/365/1.f:JJMMAK_10355 -            437 GH109.hmm            -            399   2.2e-26   96.9   0.1   1   1   6.9e-29   3.1e-26   96.4   0.1     3   157    35   186    33   191 0.87 [190263/365/1]
190263/497/1.f:HENFFC_11360 -            437 GH109.hmm            -            399   2.7e-26   96.5   0.2   1   1   8.7e-29   3.9e-26   96.0   0.2     3   157    35   186    33   191 0.87 [190263/497/1]
190263/564/1.f:KIHMBJ_06165 -            446 GH109.hmm            -            399   2.9e-26   96.5   0.0   1   1   2.6e-28   1.2e-25   94.5   0.0     3   167    39   199    37   231 0.93 [190263/564/1]
190263/580/1.f:JCPJNN_30185 -            376 GH109.hmm            -            399   3.2e-26   96.3   0.0   1   1   3.2e-27   1.4e-24   90.9   0.1     4   225     2   196     1   237 0.83 [190263/580/1]
190263/384/1.f:CDKGIA_05495 -            344 GH109.hmm            -            399   4.2e-26   95.9   0.3   1   1   5.1e-28   2.3e-25   93.5   0.3     8   301     4   273     3   306 0.77 [190263/384/1]
190263/564/1.f:KIHMBJ_03640 -            446 GH109.hmm            -            399   9.4e-26   94.8   0.0   1   1   3.2e-28   1.4e-25   94.2   0.0     3   160    46   204    44   207 0.89 [190263/564/1]
190263/478/1.f:BOCJFA_17055 -            360 GH109.hmm            -            399   9.9e-26   94.7   0.1   1   1     4e-26   1.8e-23   87.3   0.2     5   162     2   154     1   161 0.89 [190263/478/1]
190263/390/1.f:OLPOLE_03960 -            422 GH109.hmm            -            399   1.1e-25   94.5   2.0   1   1   7.3e-22   3.2e-19   73.3   0.5     4   184     2   175     1   191 0.85 [190263/390/1]
190263/363/1.f:CIHHOC_10865 -            345 GH109.hmm            -            399   1.7e-25   93.9   0.0   1   1   5.5e-24   2.5e-21   80.2   0.0     4   159     3   149     1   159 0.90 [190263/363/1]
190263/383/1.f:KCEMEB_05325 -            337 GH109.hmm            -            399   2.6e-25   93.3   1.3   1   1   1.4e-27   6.1e-25   92.1   1.4     4   161     2   151     1   155 0.94 [190263/383/1]
190263/384/1.f:CDKGIA_23360 -            367 GH109.hmm            -            399   3.2e-25   93.0   0.1   1   1   9.9e-28   4.4e-25   92.6   0.1     3   185     1   166     1   272 0.88 [190263/384/1]
190263/516/1.f:MGNFBC_14385 -            341 GH109.hmm            -            399   3.4e-25   93.0   0.3   1   1   1.8e-27   7.8e-25   91.7   0.3     4   161     3   150     1   171 0.88 [190263/516/1]
190263/368/1.f:HPMDBE_16480 -            339 GH109.hmm            -            399   3.4e-25   92.9   0.3   1   1   1.8e-27   7.9e-25   91.7   0.3     4   161     3   150     1   171 0.86 [190263/368/1]
190263/516/1.f:MGNFBC_10675 -            482 GH109.hmm            -            399   4.2e-25   92.6   0.3   1   1   1.6e-25   7.3e-23   85.3   0.1     4   158    42   197    39   202 0.93 [190263/516/1]
190263/379/1.f:LOJHAC_16960 -            339 GH109.hmm            -            399   4.3e-25   92.6   0.5   1   1   2.4e-27   1.1e-24   91.3   0.5     4   161     3   150     1   170 0.86 [190263/379/1]
190263/368/1.f:HPMDBE_11990 -            482 GH109.hmm            -            399   4.4e-25   92.6   0.3   1   1   1.6e-25   7.3e-23   85.3   0.1     4   158    42   197    39   202 0.93 [190263/368/1]
190263/391/1.f:NONBJF_12155 -            329 GH109.hmm            -            399     6e-25   92.1   0.0   1   1   1.7e-27   7.4e-25   91.8   0.0     2   196     3   186     2   201 0.92 [190263/391/1]
190263/534/1.f:OHCFJE_12480 -            329 GH109.hmm            -            399     6e-25   92.1   0.0   1   1   1.7e-27   7.4e-25   91.8   0.0     2   196     3   186     2   201 0.92 [190263/534/1]
190263/545/1.f:NCJBIN_13155 -            329 GH109.hmm            -            399     6e-25   92.1   0.0   1   1   1.7e-27   7.4e-25   91.8   0.0     2   196     3   186     2   201 0.92 [190263/545/1]
190263/386/1.f:DBGIOG_06305 -            338 GH109.hmm            -            399   6.6e-25   92.0   0.0   1   1   2.6e-21   1.1e-18   71.4   0.1     3   156     1   147     1   155 0.89 [190263/386/1]
190263/386/1.f:DBGIOG_12140 -            339 GH109.hmm            -            399   7.8e-25   91.8   0.0   1   1   6.8e-24     3e-21   79.9   0.0     3   156     1   147     1   155 0.87 [190263/386/1]
190263/379/1.f:LOJHAC_13285 -            482 GH109.hmm            -            399   1.1e-24   91.3   0.2   1   1   3.9e-25   1.8e-22   84.0   0.1     4   158    42   197    39   202 0.93 [190263/379/1]
190263/383/1.f:KCEMEB_02330 -            337 GH109.hmm            -            399   1.1e-24   91.3   0.2   1   1   2.8e-23   1.2e-20   77.9   0.3     6   158     2   147     1   152 0.92 [190263/383/1]
190263/429/1.f:OMPHBF_11500 -            358 GH109.hmm            -            399   1.5e-24   90.8   0.2   1   1   1.9e-25   8.3e-23   85.1   0.2     3   162     1   153     1   158 0.94 [190263/429/1]
190263/405/1.f:EHKDKA_14510 -            328 GH109.hmm            -            399   1.6e-24   90.7   0.0   1   1   4.6e-27   2.1e-24   90.4   0.0     4   196     4   185     1   200 0.91 [190263/405/1]
190263/497/1.f:HENFFC_15290 -            461 GH109.hmm            -            399   1.7e-24   90.7   0.0   1   1   9.2e-23   4.1e-20   76.2   0.0     4   161    44   196    42   226 0.91 [190263/497/1]
190263/549/1.f:CNBDFB_06045 -            337 GH109.hmm            -            399   1.9e-24   90.5   0.1   1   1   7.2e-24   3.2e-21   79.8   0.0     4   158     3   149     1   154 0.95 [190263/549/1]
190263/560/1.f:OAGBLH_03995 -            344 GH109.hmm            -            399   2.1e-24   90.3   0.2   1   1   6.9e-24   3.1e-21   79.9   0.1     3   153     1   141     1   160 0.91 [190263/560/1]
190263/369/1.f:JCDIFE_11610 -            330 GH109.hmm            -            399   2.4e-24   90.1   0.0   1   1   7.7e-27   3.4e-24   89.6   0.0     5   196     5   185     2   196 0.91 [190263/369/1]
190263/383/1.f:KCEMEB_02445 -            339 GH109.hmm            -            399   2.7e-24   90.0   0.0   1   1   1.3e-20     6e-18   69.1   0.0     4   160     2   151     1   157 0.86 [190263/383/1]
190263/456/1.f:LKAJBD_09100 -            328 GH109.hmm            -            399   2.8e-24   89.9   0.0   1   1   8.8e-27     4e-24   89.4   0.0     5   196     5   185     2   199 0.91 [190263/456/1]
190263/417/1.f:MHBJAE_10445 -            328 GH109.hmm            -            399   3.1e-24   89.8   0.0   1   1   9.4e-27   4.2e-24   89.3   0.0     5   196     5   185     2   200 0.90 [190263/417/1]
190263/502/1.f:NONHGB_12675 -            328 GH109.hmm            -            399   3.3e-24   89.7   0.0   1   1   9.3e-27   4.1e-24   89.4   0.0     4   196     4   185     1   199 0.91 [190263/502/1]
190263/488/1.f:DNPFAC_12175 -            328 GH109.hmm            -            399   3.3e-24   89.7   0.0   1   1     1e-26   4.5e-24   89.3   0.0     5   196     5   185     2   200 0.90 [190263/488/1]
190263/497/1.f:HENFFC_16550 -            462 GH109.hmm            -            399   3.4e-24   89.7   0.0   1   1   1.8e-22     8e-20   75.3   0.0     4   161    45   197    42   232 0.91 [190263/497/1]
190263/461/1.f:DHPHOK_18045 -            328 GH109.hmm            -            399   3.4e-24   89.6   0.0   1   1   1.1e-26   4.9e-24   89.1   0.0     5   196     5   185     2   196 0.91 [190263/461/1]
190263/388/1.f:FDDJJK_11870 -            329 GH109.hmm            -            399   3.7e-24   89.5   0.0   1   1     1e-26   4.6e-24   89.2   0.0     2   196     3   186     2   201 0.92 [190263/388/1]
190263/466/1.f:PGJOII_14665 -            328 GH109.hmm            -            399   3.9e-24   89.4   0.0   1   1   1.2e-26   5.4e-24   89.0   0.0     5   196     5   185     2   199 0.91 [190263/466/1]
190263/429/1.f:OMPHBF_03350 -            360 GH109.hmm            -            399   4.2e-24   89.3   0.0   1   1   1.2e-26   5.5e-24   89.0   0.0     3   183     1   171     1   196 0.88 [190263/429/1]
190263/401/1.f:DMFJNH_15795 -            328 GH109.hmm            -            399   4.4e-24   89.3   0.0   1   1   1.4e-26   6.3e-24   88.8   0.0     4   196     4   185     2   199 0.90 [190263/401/1]
190263/375/1.f:CNGHJF_19980 -            338 GH109.hmm            -            399   4.4e-24   89.3   0.0   1   1   4.9e-22   2.2e-19   73.8   0.1     6   156     2   145     1   151 0.91 [190263/375/1]
190263/478/1.f:BOCJFA_06050 -            334 GH109.hmm            -            399   4.4e-24   89.3   0.3   1   1   2.6e-25   1.1e-22   84.6   0.2     6   164     2   152     1   170 0.93 [190263/478/1]
190263/504/1.f:DOAHDM_15455 -            328 GH109.hmm            -            399   4.5e-24   89.2   0.0   1   1   1.4e-26   6.4e-24   88.7   0.0     4   196     4   185     2   198 0.90 [190263/504/1]
190263/365/1.f:JJMMAK_15400 -            504 GH109.hmm            -            399   4.6e-24   89.2   0.0   1   1   2.2e-22   9.7e-20   75.0   0.0     4   161    87   239    84   274 0.91 [190263/365/1]
190263/537/1.f:AHPNMI_13710 -            436 GH109.hmm            -            399   4.7e-24   89.2   0.7   1   1   5.2e-24   2.3e-21   80.3   0.2     4   162     3   157     1   199 0.83 [190263/537/1]
190263/537/1.f:AHPNMI_14530 -            322 GH109.hmm            -            399   4.9e-24   89.1   0.3   1   1     4e-25   1.8e-22   84.0   0.2     6   170     2   157     1   164 0.94 [190263/537/1]
190263/540/1.f:BCGFLB_03375 -            443 GH109.hmm            -            399   5.3e-24   89.0   0.1   1   1   1.7e-26   7.6e-24   88.5   0.1     4   157    45   199    42   208 0.89 [190263/540/1]
190263/583/1.f:BCCKNC_10790 -            331 GH109.hmm            -            399   5.7e-24   88.9   0.0   1   1   1.6e-26   7.1e-24   88.6   0.0     3   196     6   188     4   203 0.91 [190263/583/1]
190263/497/1.f:HENFFC_19855 -            460 GH109.hmm            -            399   6.5e-24   88.7   0.0   1   1   4.2e-22   1.9e-19   74.0   0.0     4   161    43   195    40   225 0.92 [190263/497/1]
190263/546/1.f:GEHMID_15715 -            410 GH109.hmm            -            399   7.2e-24   88.6   0.0   1   1   3.6e-25   1.6e-22   84.1   0.0     8   194     4   177     2   187 0.89 [190263/546/1]
190263/493/1.f:HBFGKM_01210 -            357 GH109.hmm            -            399   7.5e-24   88.5   1.5   1   1   4.3e-26   1.9e-23   87.2   1.5     7   221     2   203     1   350 0.89 [190263/493/1]
190263/365/1.f:JJMMAK_14100 -            461 GH109.hmm            -            399   7.8e-24   88.5   0.0   1   1   5.8e-22   2.6e-19   73.6   0.0     4   161    44   196    42   226 0.91 [190263/365/1]
190263/413/1.f:NMLDCG_02125 -            359 GH109.hmm            -            399   8.1e-24   88.4   4.8   1   1     2e-26     9e-24   88.2   3.9     7   226     2   208     1   238 0.85 [190263/413/1]
190263/386/1.f:DBGIOG_05805 -            337 GH109.hmm            -            399     9e-24   88.3   0.5   1   1   8.5e-26   3.8e-23   86.2   0.4     6   165     3   155     1   172 0.92 [190263/386/1]
190263/429/1.f:OMPHBF_05940 -            377 GH109.hmm            -            399   1.4e-23   87.6   0.7   1   1   4.7e-25   2.1e-22   83.8   0.7     6   296     5   291     1   340 0.80 [190263/429/1]
190263/413/1.f:NMLDCG_05125 -            332 GH109.hmm            -            399   1.4e-23   87.6   0.0   1   1   4.1e-23   1.8e-20   77.4   0.0     4   160     2   148     1   151 0.96 [190263/413/1]
190263/497/1.f:HENFFC_02110 -            477 GH109.hmm            -            399   1.6e-23   87.4   0.2   1   1   4.7e-26   2.1e-23   87.0   0.2     3   133    44   168    42   202 0.83 [190263/497/1]
190263/413/1.f:NMLDCG_02705 -            339 GH109.hmm            -            399   1.6e-23   87.4   0.1   1   1   1.5e-22   6.6e-20   75.5   0.0     3   159     1   150     1   157 0.87 [190263/413/1]
190263/383/1.f:KCEMEB_05585 -            334 GH109.hmm            -            399   1.8e-23   87.3   0.0   1   1   7.3e-25   3.3e-22   83.1   0.0     6   164     2   153     1   164 0.92 [190263/383/1]
190263/399/1.f:CDLIDF_15885 -            329 GH109.hmm            -            399   2.3e-23   86.9   0.0   1   1   6.1e-26   2.7e-23   86.7   0.0     2   196     3   186     2   201 0.91 [190263/399/1]
190263/516/1.f:MGNFBC_10690 -            437 GH109.hmm            -            399   2.9e-23   86.6   0.1   1   1   1.1e-25   4.8e-23   85.8   0.1     4   158    36   187    34   192 0.90 [190263/516/1]
190263/368/1.f:HPMDBE_12005 -            437 GH109.hmm            -            399     3e-23   86.6   0.1   1   1   1.1e-25   4.8e-23   85.8   0.1     4   158    36   187    34   192 0.90 [190263/368/1]
190263/379/1.f:LOJHAC_13300 -            437 GH109.hmm            -            399   3.3e-23   86.4   0.1   1   1   1.2e-25   5.4e-23   85.7   0.1     4   158    36   187    34   192 0.90 [190263/379/1]
190263/370/1.f:MFKGBO_04385 -            384 GH109.hmm            -            399   3.4e-23   86.4   0.5   1   1     3e-25   1.3e-22   84.4   0.3     3   188     1   177     1   185 0.86 [190263/370/1]
190263/546/1.f:GEHMID_13110 -            451 GH109.hmm            -            399   3.5e-23   86.3   0.1   1   1   6.5e-23   2.9e-20   76.7   0.0     4   163    17   172    14   201 0.87 [190263/546/1]
190263/497/1.f:HENFFC_15265 -            458 GH109.hmm            -            399   3.8e-23   86.2   0.0   1   1     5e-23   2.2e-20   77.1   0.0     3   161    40   193    38   222 0.90 [190263/497/1]
190263/460/1.f:IHFGKI_04620 -            327 GH109.hmm            -            399   4.6e-23   85.9   0.0   1   1   1.3e-25   5.7e-23   85.6   0.0     3   196     1   184     1   201 0.91 [190263/460/1]
190263/531/1.f:KJIPPC_10640 -            337 GH109.hmm            -            399   6.4e-23   85.5   0.2   1   1   9.5e-22   4.2e-19   72.9   0.3     6   157     2   146     1   150 0.91 [190263/531/1]
190263/375/1.f:CNGHJF_19380 -            348 GH109.hmm            -            399   6.4e-23   85.4   1.2   1   1   3.8e-25   1.7e-22   84.1   1.3     7   187     2   171     1   296 0.85 [190263/375/1]
190263/437/1.f:LBKKEJ_10060 -            329 GH109.hmm            -            399   6.6e-23   85.4   0.0   1   1     2e-25     9e-23   85.0   0.0     4   196     5   186     3   201 0.92 [190263/437/1]
190263/497/1.f:HENFFC_16330 -            478 GH109.hmm            -            399   7.4e-23   85.2   0.1   1   1   2.2e-25   9.8e-23   84.8   0.1     3   131    45   168    43   200 0.85 [190263/497/1]
190263/409/1.f:AJJCMD_07205 -            421 GH109.hmm            -            399     1e-22   84.7   0.2   1   1     1e-21   4.5e-19   72.8   0.0     7   185     4   175     1   192 0.87 [190263/409/1]
190263/404/1.f:BGJBIG_10310 -            341 GH109.hmm            -            399   1.1e-22   84.7   0.0   1   1   3.4e-25   1.5e-22   84.2   0.0     5   196    18   198    15   212 0.90 [190263/404/1]
190263/475/1.f:MCKEEP_15125 -            328 GH109.hmm            -            399   1.1e-22   84.6   0.0   1   1   3.6e-25   1.6e-22   84.1   0.0     4   196     4   185     2   198 0.90 [190263/475/1]
190263/573/1.f:LIDFCI_04845 -            328 GH109.hmm            -            399   1.1e-22   84.6   0.0   1   1   3.6e-25   1.6e-22   84.1   0.0     4   196     4   185     2   198 0.90 [190263/573/1]
190263/390/1.f:OLPOLE_03300 -            343 GH109.hmm            -            399   1.5e-22   84.2   0.0   1   1   1.7e-24   7.5e-22   81.9   0.0     5   194     4   178     2   195 0.90 [190263/390/1]
190263/429/1.f:OMPHBF_04640 -            375 GH109.hmm            -            399   1.6e-22   84.2   0.3   1   1   3.3e-23   1.5e-20   77.7   0.2     4   160     2   151     1   155 0.92 [190263/429/1]
190263/552/1.f:EMALNL_14755 -            328 GH109.hmm            -            399   2.1e-22   83.7   0.0   1   1   6.7e-25     3e-22   83.2   0.0     5   196     5   185     2   198 0.90 [190263/552/1]
190263/409/1.f:AJJCMD_22045 -            373 GH109.hmm            -            399   2.3e-22   83.6   0.0   1   1   2.9e-23   1.3e-20   77.9   0.1     5   164     4   154     1   159 0.90 [190263/409/1]
190263/562/1.f:KJGNCK_15235 -            328 GH109.hmm            -            399   2.5e-22   83.5   0.0   1   1   7.7e-25   3.4e-22   83.0   0.0     5   196     5   185     2   198 0.91 [190263/562/1]
190263/429/1.f:OMPHBF_03910 -            329 GH109.hmm            -            399   2.5e-22   83.5   0.1   1   1   1.2e-24   5.2e-22   82.4   0.1     5   187     2   174     1   184 0.89 [190263/429/1]
190263/363/1.f:CIHHOC_02630 -            338 GH109.hmm            -            399   2.6e-22   83.5   0.3   1   1   6.6e-21   2.9e-18   70.1   0.7     5   159     6   150     2   153 0.94 [190263/363/1]
190263/383/1.f:KCEMEB_13195 -            337 GH109.hmm            -            399   2.6e-22   83.4   2.1   1   1     3e-24   1.3e-21   81.1   0.8     3   161     1   151     1   155 0.93 [190263/383/1]
190263/383/1.f:KCEMEB_01020 -            340 GH109.hmm            -            399     3e-22   83.2   0.1   1   1     2e-23   9.1e-21   78.4   0.4     4   131     2   119     1   144 0.92 [190263/383/1]
190263/585/1.f:DLBDDB_17550 -            328 GH109.hmm            -            399   3.2e-22   83.1   0.0   1   1     1e-24   4.5e-22   82.7   0.0     5   196     5   185     2   199 0.91 [190263/585/1]
190263/516/1.f:MGNFBC_14180 -            447 GH109.hmm            -            399   3.3e-22   83.1   0.0   1   1   1.1e-24   4.8e-22   82.6   0.0     5   160    41   195    38   197 0.92 [190263/516/1]
190263/368/1.f:HPMDBE_16270 -            447 GH109.hmm            -            399   3.3e-22   83.1   0.0   1   1   1.1e-24   4.8e-22   82.6   0.0     5   160    41   195    38   197 0.92 [190263/368/1]
190263/379/1.f:LOJHAC_16735 -            447 GH109.hmm            -            399   3.3e-22   83.1   0.0   1   1   1.1e-24   4.8e-22   82.6   0.0     5   160    41   195    38   197 0.92 [190263/379/1]
190263/368/1.f:HPMDBE_07840 -            440 GH109.hmm            -            399   4.1e-22   82.8   0.0   1   1     2e-24   9.1e-22   81.7   0.0     3   128    37   159    35   192 0.89 [190263/368/1]
190263/516/1.f:MGNFBC_07100 -            440 GH109.hmm            -            399   4.1e-22   82.8   0.0   1   1     2e-24   9.1e-22   81.7   0.0     3   128    37   159    35   192 0.89 [190263/516/1]
190263/379/1.f:LOJHAC_08370 -            440 GH109.hmm            -            399   4.1e-22   82.8   0.0   1   1     2e-24   9.1e-22   81.7   0.0     3   128    37   159    35   192 0.89 [190263/379/1]
190263/475/1.f:MCKEEP_04115 -            472 GH109.hmm            -            399   4.2e-22   82.8   0.0   1   1   1.4e-24   6.4e-22   82.2   0.0     4   139    39   169    36   215 0.86 [190263/475/1]
190263/573/1.f:LIDFCI_19495 -            472 GH109.hmm            -            399   4.2e-22   82.8   0.0   1   1   1.4e-24   6.4e-22   82.2   0.0     4   139    39   169    36   215 0.86 [190263/573/1]
190263/552/1.f:EMALNL_03990 -            472 GH109.hmm            -            399   4.2e-22   82.8   0.0   1   1   1.4e-24   6.4e-22   82.2   0.0     4   139    39   169    36   215 0.86 [190263/552/1]
190263/562/1.f:KJGNCK_06475 -            472 GH109.hmm            -            399   4.4e-22   82.7   0.0   1   1   1.4e-24   6.1e-22   82.2   0.0     4   139    39   169    36   223 0.87 [190263/562/1]
190263/429/1.f:OMPHBF_04220 -            378 GH109.hmm            -            399   6.2e-22   82.2   0.0   1   1   1.8e-24     8e-22   81.8   0.0     3   164     1   152     1   183 0.87 [190263/429/1]
190263/365/1.f:JJMMAK_15805 -            358 GH109.hmm            -            399   7.2e-22   82.0   0.2   1   1   3.9e-24   1.7e-21   80.7   0.2     4   161    23   170    21   190 0.87 [190263/365/1]
190263/409/1.f:AJJCMD_02090 -            365 GH109.hmm            -            399   7.7e-22   81.9   0.2   1   1   1.7e-24   7.7e-22   81.9   0.2     9   165     5   151     3   189 0.87 [190263/409/1]
190263/365/1.f:JJMMAK_15210 -            478 GH109.hmm            -            399   8.5e-22   81.8   0.2   1   1   2.5e-24   1.1e-21   81.3   0.2     3   131    45   168    43   200 0.85 [190263/365/1]
190263/497/1.f:HENFFC_11345 -            450 GH109.hmm            -            399   8.9e-22   81.7   0.0   1   1   5.5e-23   2.5e-20   76.9   0.0     3   157    41   196    39   202 0.88 [190263/497/1]
190263/390/1.f:OLPOLE_02910 -            374 GH109.hmm            -            399   9.2e-22   81.6   0.0   1   1     3e-24   1.3e-21   81.1   0.0     3   187    33   202    31   210 0.90 [190263/390/1]
190263/401/1.f:DMFJNH_06275 -            460 GH109.hmm            -            399     1e-21   81.5   0.1   1   1   2.9e-24   1.3e-21   81.2   0.1     2   142    25   160    24   237 0.82 [190263/401/1]
190263/504/1.f:DOAHDM_06940 -            460 GH109.hmm            -            399     1e-21   81.5   0.1   1   1   2.9e-24   1.3e-21   81.2   0.1     2   142    25   160    24   237 0.82 [190263/504/1]
190263/549/1.f:CNBDFB_00235 -            359 GH109.hmm            -            399   1.1e-21   81.4   0.2   1   1   4.1e-22   1.8e-19   74.1   0.4     4   131     7   126     4   183 0.86 [190263/549/1]
190263/405/1.f:EHKDKA_04860 -            472 GH109.hmm            -            399   1.1e-21   81.4   0.0   1   1   3.3e-24   1.5e-21   81.0   0.0     3   135    38   165    36   224 0.84 [190263/405/1]
190263/369/1.f:JCDIFE_04770 -            473 GH109.hmm            -            399   1.3e-21   81.2   0.0   1   1   3.7e-24   1.6e-21   80.8   0.0     3   138    39   169    37   233 0.84 [190263/369/1]
190263/478/1.f:BOCJFA_12340 -            337 GH109.hmm            -            399   1.3e-21   81.1   0.1   1   1   8.1e-20   3.6e-17   66.5   0.0     6   155     2   144     1   151 0.88 [190263/478/1]
190263/567/1.f:NOEGFN_01495 -            365 GH109.hmm            -            399   1.3e-21   81.1   0.8   1   1   4.7e-23   2.1e-20   77.2   0.4     5   160    35   180    31   181 0.96 [190263/567/1]
190263/365/1.f:JJMMAK_10340 -            450 GH109.hmm            -            399   1.3e-21   81.1   0.0   1   1   5.5e-23   2.5e-20   76.9   0.0     3   157    41   196    39   202 0.88 [190263/365/1]
190263/584/1.f:DDCNLE_03420 -            359 GH109.hmm            -            399   1.9e-21   80.6   0.1   1   1   5.8e-24   2.6e-21   80.2   0.1     8   190     4   175     1   182 0.87 [190263/584/1]
190263/375/1.f:CNGHJF_05200 -            442 GH109.hmm            -            399   1.9e-21   80.6   0.5   1   1     5e-22   2.2e-19   73.8   0.0     2   173    16   187    15   203 0.89 [190263/375/1]
190263/497/1.f:HENFFC_16940 -            339 GH109.hmm            -            399   2.3e-21   80.3   0.3   1   1   1.4e-23   6.1e-21   78.9   0.3     4   161     3   150     1   170 0.87 [190263/497/1]
190263/380/1.f:GDCFAC_14400 -            343 GH109.hmm            -            399   3.2e-21   79.9   0.6   1   1   3.5e-23   1.6e-20   77.6   0.3     4   156     4   147     2   157 0.92 [190263/380/1]
190263/423/1.f:PDNKFB_15375 -            354 GH109.hmm            -            399   3.2e-21   79.8   0.0   1   1   1.1e-23   4.8e-21   79.3   0.0     4   161     4   150     1   165 0.93 [190263/423/1]
190263/386/1.f:DBGIOG_03450 -            344 GH109.hmm            -            399   3.6e-21   79.7   0.3   1   1   9.7e-21   4.3e-18   69.6   0.1     6   158     4   148     1   152 0.92 [190263/386/1]
190263/382/1.f:JACGKO_01400 -            341 GH109.hmm            -            399   3.7e-21   79.7   0.1   1   1   8.3e-20   3.7e-17   66.5   0.1     6   156     2   145     1   150 0.89 [190263/382/1]
190263/382/1.f:JACGKO_02485 -            356 GH109.hmm            -            399   4.6e-21   79.3   0.4   1   1   1.5e-23   6.7e-21   78.8   0.4     7   162     3   149     1   180 0.91 [190263/382/1]
190263/386/1.f:DBGIOG_13320 -            333 GH109.hmm            -            399   5.6e-21   79.1   0.4   1   1     4e-22   1.8e-19   74.1   0.8     6   167     2   155     1   183 0.91 [190263/386/1]
190263/595/1.f:HGDLEC_01795 -            327 GH109.hmm            -            399   6.4e-21   78.9   0.0   1   1   1.9e-23   8.4e-21   78.5   0.0     4   196     2   184     1   202 0.89 [190263/595/1]
190263/549/1.f:CNBDFB_00645 -            378 GH109.hmm            -            399   6.4e-21   78.9   0.1   1   1   2.2e-23   9.8e-21   78.3   0.1     4   187     2   169     1   177 0.85 [190263/549/1]
190263/390/1.f:OLPOLE_20705 -            424 GH109.hmm            -            399   7.6e-21   78.6   0.6   1   1   6.1e-21   2.7e-18   70.2   0.2     4   161     3   156     1   183 0.83 [190263/390/1]
190263/580/1.f:JCPJNN_17400 -            345 GH109.hmm            -            399   9.1e-21   78.4   0.2   1   1   2.7e-23   1.2e-20   78.0   0.2     7   132     2   121     1   141 0.90 [190263/580/1]
190263/368/1.f:HPMDBE_10905 -            387 GH109.hmm            -            399   9.1e-21   78.4   0.0   1   1   5.7e-23   2.5e-20   76.9   0.0     4   167    34   188    31   196 0.97 [190263/368/1]
190263/516/1.f:MGNFBC_09775 -            387 GH109.hmm            -            399   9.1e-21   78.4   0.0   1   1   5.7e-23   2.5e-20   76.9   0.0     4   167    34   188    31   196 0.97 [190263/516/1]
190263/447/1.f:OLODHC_01305 -            429 GH109.hmm            -            399   1.3e-20   77.9   0.2   1   1   9.8e-22   4.4e-19   72.8   0.1     4   173     4   173     2   192 0.86 [190263/447/1]
190263/456/1.f:LKAJBD_17675 -            473 GH109.hmm            -            399   1.3e-20   77.8   0.1   1   1   3.9e-23   1.7e-20   77.4   0.1     3   138    39   169    37   204 0.85 [190263/456/1]
190263/580/1.f:JCPJNN_09760 -            390 GH109.hmm            -            399   1.6e-20   77.6   0.2   1   1   4.4e-23     2e-20   77.3   0.2     6   166     2   154     1   212 0.88 [190263/580/1]
190263/497/1.f:HENFFC_19850 -            452 GH109.hmm            -            399   1.7e-20   77.5   0.3   1   1   5.1e-23   2.3e-20   77.1   0.3     4   129    47   171    44   208 0.87 [190263/497/1]
190263/547/1.f:KJCAKO_11520 -            295 GH109.hmm            -            399   1.8e-20   77.4   0.3   1   1   6.5e-23   2.9e-20   76.7   0.3     6   171     2   158     1   170 0.93 [190263/547/1]
190263/390/1.f:OLPOLE_02890 -            346 GH109.hmm            -            399   1.9e-20   77.3   0.1   1   1   1.1e-22   4.7e-20   76.0   0.1     3   160     1   150     1   153 0.94 [190263/390/1]
190263/379/1.f:LOJHAC_12315 -            387 GH109.hmm            -            399   1.9e-20   77.3   0.0   1   1   1.2e-22   5.3e-20   75.8   0.0     4   167    34   188    31   196 0.96 [190263/379/1]
190263/522/1.f:NPJBCH_05570 -            428 GH109.hmm            -            399     2e-20   77.3   0.0   1   1   6.1e-23   2.7e-20   76.8   0.0     4   128    36   155    33   170 0.93 [190263/522/1]
190263/375/1.f:CNGHJF_01800 -            343 GH109.hmm            -            399     2e-20   77.3   0.7   1   1   1.4e-22   6.1e-20   75.6   0.8     7   158     2   147     1   152 0.87 [190263/375/1]
190263/502/1.f:NONHGB_04405 -            472 GH109.hmm            -            399   2.4e-20   77.0   0.0   1   1     7e-23   3.1e-20   76.6   0.0     3   140    38   170    36   223 0.84 [190263/502/1]
190263/386/1.f:DBGIOG_05580 -            332 GH109.hmm            -            399   2.5e-20   76.9   0.1   1   1   2.5e-21   1.1e-18   71.5   0.1     3   158     1   146     1   153 0.91 [190263/386/1]
190263/507/1.f:KPMKPI_00195 -            369 GH109.hmm            -            399   2.9e-20   76.7   0.6   1   1   1.3e-22   5.8e-20   75.7   0.5     6   163     3   148     1   186 0.91 [190263/507/1]
190263/556/1.f:EMIPPF_08390 -            413 GH109.hmm            -            399   5.1e-20   75.9   0.0   1   1   1.8e-22   7.9e-20   75.3   0.0     4   128    22   141    19   152 0.93 [190263/556/1]
190263/384/1.f:CDKGIA_03355 -            371 GH109.hmm            -            399   5.5e-20   75.8   1.1   1   1   2.9e-22   1.3e-19   74.5   1.2     4   163     2   149     1   183 0.91 [190263/384/1]
190263/368/1.f:HPMDBE_18500 -            478 GH109.hmm            -            399     6e-20   75.7   0.1   1   1   1.8e-22   7.8e-20   75.3   0.1     3   130    45   167    43   198 0.88 [190263/368/1]
190263/516/1.f:MGNFBC_16500 -            478 GH109.hmm            -            399     6e-20   75.7   0.1   1   1   1.8e-22   7.8e-20   75.3   0.1     3   130    45   167    43   198 0.88 [190263/516/1]
190263/379/1.f:LOJHAC_18810 -            478 GH109.hmm            -            399     6e-20   75.7   0.1   1   1   1.8e-22   7.8e-20   75.3   0.1     3   130    45   167    43   198 0.88 [190263/379/1]
190263/370/1.f:MFKGBO_09135 -            360 GH109.hmm            -            399   6.1e-20   75.6   0.0   1   1   5.7e-22   2.6e-19   73.6   0.0     3   158     1   146     1   177 0.91 [190263/370/1]
190263/409/1.f:AJJCMD_08620 -            378 GH109.hmm            -            399   8.3e-20   75.2   1.2   1   1   8.4e-22   3.7e-19   73.0   0.0    29   161    56   177    39   183 0.86 [190263/409/1]
190263/540/1.f:BCGFLB_01965 -            343 GH109.hmm            -            399   8.3e-20   75.2   0.0   1   1   3.3e-22   1.5e-19   74.4   0.0     6   166     3   151     1   176 0.80 [190263/540/1]
190263/366/1.f:DBJPFP_03810 -            426 GH109.hmm            -            399   9.5e-20   75.0   0.0   1   1   2.9e-22   1.3e-19   74.6   0.0     4   129    35   155    32   167 0.94 [190263/366/1]
190263/384/1.f:CDKGIA_03350 -            373 GH109.hmm            -            399   1.1e-19   74.7   0.4   1   1   1.1e-21   4.7e-19   72.7   0.2     6   196     8   178     4   192 0.83 [190263/384/1]
190263/406/1.f:DKNBGD_03035 -            317 GH109.hmm            -            399   1.1e-19   74.7   0.1   1   1   1.6e-21   7.1e-19   72.1   0.0     7   172     2   158     1   166 0.92 [190263/406/1]
190263/472/1.f:NMGHJI_15425 -            322 GH109.hmm            -            399   1.2e-19   74.7   3.4   1   1   8.2e-22   3.7e-19   73.1   1.7     7   170     2   156     1   166 0.92 [190263/472/1]
190263/421/1.f:PBKEAC_04600 -            426 GH109.hmm            -            399   1.2e-19   74.6   0.0   1   1   3.9e-22   1.7e-19   74.2   0.0     4   128    35   154    32   167 0.93 [190263/421/1]
190263/421/1.f:PBKEAC_08360 -            426 GH109.hmm            -            399   1.2e-19   74.6   0.0   1   1   3.9e-22   1.7e-19   74.2   0.0     4   128    35   154    32   167 0.93 [190263/421/1]
190263/421/1.f:PBKEAC_09220 -            426 GH109.hmm            -            399   1.2e-19   74.6   0.0   1   1   3.9e-22   1.7e-19   74.2   0.0     4   128    35   154    32   167 0.93 [190263/421/1]
190263/422/1.f:HJBCNJ_16155 -            339 GH109.hmm            -            399   1.8e-19   74.1   0.6   1   1   1.3e-20   5.9e-18   69.1   0.5     8   169     6   160     1   177 0.89 [190263/422/1]
190263/409/1.f:AJJCMD_02100 -            360 GH109.hmm            -            399   1.9e-19   74.0   1.1   1   1   7.1e-22   3.2e-19   73.3   1.1     6   161     2   146     1   184 0.92 [190263/409/1]
190263/409/1.f:AJJCMD_03070 -            350 GH109.hmm            -            399   4.3e-19   72.8   0.2   1   1   1.3e-21   5.8e-19   72.4   0.2     4   160     2   150     1   156 0.91 [190263/409/1]
190263/580/1.f:JCPJNN_29370 -            392 GH109.hmm            -            399   5.1e-19   72.6   0.1   1   1   1.5e-21   6.5e-19   72.3   0.1     3   161     1   153     1   183 0.88 [190263/580/1]
190263/446/1.f:LHJMMB_05935 -            413 GH109.hmm            -            399   5.2e-19   72.6   0.0   1   1   1.7e-21   7.5e-19   72.1   0.0     4   128    22   141    19   153 0.93 [190263/446/1]
190263/522/1.f:NPJBCH_02775 -            327 GH109.hmm            -            399   5.9e-19   72.4   0.0   1   1   1.7e-21   7.5e-19   72.1   0.0     4   196     2   184     1   200 0.88 [190263/522/1]
190263/382/1.f:JACGKO_10470 -            336 GH109.hmm            -            399   6.1e-19   72.3   0.0   1   1   3.6e-21   1.6e-18   71.0   0.0     6   134     2   123     1   157 0.86 [190263/382/1]
190263/458/1.f:AMPCAI_09870 -            317 GH109.hmm            -            399   8.2e-19   71.9   0.0   1   1   5.1e-21   2.3e-18   70.5   0.0     7   164     3   151     1   168 0.94 [190263/458/1]
190263/422/1.f:HJBCNJ_08130 -            376 GH109.hmm            -            399   8.6e-19   71.9   0.2   1   1     5e-21   2.2e-18   70.5   0.2     6   192     2   179     1   196 0.86 [190263/422/1]
190263/405/1.f:EHKDKA_01270 -            370 GH109.hmm            -            399   9.9e-19   71.7   0.0   1   1   3.7e-21   1.6e-18   70.9   0.0     2   164    19   170    18   189 0.91 [190263/405/1]
190263/370/1.f:MFKGBO_01070 -            328 GH109.hmm            -            399   9.9e-19   71.7   0.0   1   1   3.6e-21   1.6e-18   70.9   0.0     4   165     3   156     1   169 0.88 [190263/370/1]
190263/363/1.f:CIHHOC_15725 -            349 GH109.hmm            -            399   1.1e-18   71.5   0.3   1   1   3.9e-21   1.7e-18   70.9   0.3     3   161     1   151     1   158 0.87 [190263/363/1]
190263/537/1.f:AHPNMI_16435 -            343 GH109.hmm            -            399   1.1e-18   71.5   0.7   1   1   4.3e-21   1.9e-18   70.7   0.3     2   132     2   123     1   151 0.92 [190263/537/1]
190263/497/1.f:HENFFC_14650 -            448 GH109.hmm            -            399   1.1e-18   71.5   0.0   1   1   1.8e-20   8.1e-18   68.6   0.0     4   117    44   152    42   256 0.82 [190263/497/1]
190263/546/1.f:GEHMID_10585 -            412 GH109.hmm            -            399   1.1e-18   71.5   2.7   1   1   4.5e-21     2e-18   70.6   1.0     3   163    37   185    35   224 0.88 [190263/546/1]
190263/531/1.f:KJIPPC_03305 -            327 GH109.hmm            -            399   1.2e-18   71.4   0.2   1   1     5e-21   2.2e-18   70.5   0.1     3   165     1   155     1   170 0.85 [190263/531/1]
190263/540/1.f:BCGFLB_06480 -            459 GH109.hmm            -            399   1.3e-18   71.3   0.1   1   1   8.9e-21     4e-18   69.7   0.0     5   187    65   252    62   257 0.87 [190263/540/1]
190263/527/1.f:HGADJN_07220 -            334 GH109.hmm            -            399   1.4e-18   71.2   1.5   1   1   3.4e-21   1.5e-18   71.1   0.4     4   163     2   159     1   169 0.87 [190263/527/1]
190263/502/1.f:NONHGB_01120 -            359 GH109.hmm            -            399   1.4e-18   71.1   0.0   1   1   6.1e-21   2.7e-18   70.2   0.0     3   164     9   159     8   177 0.91 [190263/502/1]
190263/386/1.f:DBGIOG_16110 -            335 GH109.hmm            -            399   1.7e-18   70.9   0.8   1   1   8.3e-18   3.7e-15   59.9   0.5     6   162     2   150     1   167 0.86 [190263/386/1]
190263/390/1.f:OLPOLE_16205 -            384 GH109.hmm            -            399   1.9e-18   70.7   0.0   1   1     6e-21   2.7e-18   70.2   0.0     7   161     7   154     2   178 0.91 [190263/390/1]
190263/369/1.f:JCDIFE_01340 -            351 GH109.hmm            -            399     2e-18   70.7   0.0   1   1     7e-21   3.1e-18   70.0   0.0     3   164     1   151     1   170 0.90 [190263/369/1]
190263/386/1.f:DBGIOG_12535 -            336 GH109.hmm            -            399   2.2e-18   70.5   0.6   1   1   2.5e-17   1.1e-14   58.3   0.6     7   159     2   148     1   152 0.90 [190263/386/1]
190263/461/1.f:DHPHOK_01510 -            351 GH109.hmm            -            399   2.2e-18   70.5   0.0   1   1     7e-21   3.1e-18   70.0   0.0     3   164     1   151     1   170 0.90 [190263/461/1]
190263/560/1.f:OAGBLH_07495 -            336 GH109.hmm            -            399   2.3e-18   70.5   0.5   1   1   1.4e-19   6.4e-17   65.7   0.1     3   129     1   118     1   122 0.91 [190263/560/1]
190263/370/1.f:MFKGBO_27810 -            326 GH109.hmm            -            399   2.3e-18   70.4   0.1   1   1   6.7e-21     3e-18   70.1   0.1     7   166     2   154     1   168 0.89 [190263/370/1]
190263/409/1.f:AJJCMD_21595 -            385 GH109.hmm            -            399   2.5e-18   70.4   0.2   1   1   7.2e-21   3.2e-18   70.0   0.2     3   160     1   152     1   183 0.86 [190263/409/1]
190263/406/1.f:DKNBGD_14105 -            328 GH109.hmm            -            399   2.8e-18   70.2   0.0   1   1   1.2e-20   5.2e-18   69.3   0.0     7   166     2   149     1   184 0.87 [190263/406/1]
190263/532/1.f:BGDBBA_01450 -            353 GH109.hmm            -            399     3e-18   70.1   1.5   1   1   6.7e-21     3e-18   70.1   1.5     4   169    37   193    35   202 0.93 [190263/532/1]
190263/429/1.f:OMPHBF_04595 -            349 GH109.hmm            -            399   3.8e-18   69.7   0.2   1   1   1.2e-20   5.3e-18   69.3   0.2     6   162     3   148     1   187 0.92 [190263/429/1]
190263/429/1.f:OMPHBF_02360 -            351 GH109.hmm            -            399   4.1e-18   69.6   0.0   1   1   1.4e-20   6.1e-18   69.1   0.0     9   161     8   149     2   159 0.92 [190263/429/1]
190263/514/1.f:MMHOAN_12615 -            374 GH109.hmm            -            399   4.2e-18   69.6   0.8   1   1   3.8e-20   1.7e-17   67.6   0.9     4   163     2   149     1   188 0.87 [190263/514/1]
190263/409/1.f:AJJCMD_01505 -            442 GH109.hmm            -            399   4.4e-18   69.5   0.0   1   1   1.2e-19   5.2e-17   66.0   0.0     6   170     5   169     2   183 0.85 [190263/409/1]
190263/549/1.f:CNBDFB_06020 -            382 GH109.hmm            -            399   4.4e-18   69.5   0.1   1   1   1.2e-20   5.3e-18   69.2   0.1     3   189     1   173     1   247 0.89 [190263/549/1]
190263/365/1.f:JJMMAK_10205 -            461 GH109.hmm            -            399   4.5e-18   69.5   1.4   1   1   1.4e-19   6.1e-17   65.8   0.1     4   169    68   237    65   262 0.82 [190263/365/1]
190263/380/1.f:GDCFAC_14750 -            368 GH109.hmm            -            399   6.1e-18   69.0   0.4   1   1   3.6e-20   1.6e-17   67.7   0.1     4   163     2   149     1   188 0.85 [190263/380/1]
190263/549/1.f:CNBDFB_06100 -            383 GH109.hmm            -            399   6.4e-18   69.0   1.6   1   1     4e-20   1.8e-17   67.5   1.6    60   322    57   310    44   372 0.72 [190263/549/1]
190263/409/1.f:AJJCMD_21590 -            334 GH109.hmm            -            399   6.5e-18   69.0   0.1   1   1     2e-20     9e-18   68.5   0.1     7   193     2   175     1   183 0.83 [190263/409/1]
190263/506/1.f:IKGMED_11155 -            440 GH109.hmm            -            399   6.7e-18   68.9   0.0   1   1     1e-18   4.5e-16   62.9   0.0     4   161     5   160     2   170 0.92 [190263/506/1]
190263/589/1.f:LPHMCO_03270 -            357 GH109.hmm            -            399   7.8e-18   68.7   0.5   1   1   2.4e-20   1.1e-17   68.2   0.5     7   190     2   175     1   195 0.90 [190263/589/1]
190263/404/1.f:BGJBIG_00070 -            495 GH109.hmm            -            399   8.1e-18   68.6   0.1   1   1   5.3e-20   2.4e-17   67.1   0.1     3   163    38   189    36   205 0.93 [190263/404/1]
190263/409/1.f:AJJCMD_23165 -            340 GH109.hmm            -            399   8.2e-18   68.6   0.0   1   1   2.6e-20   1.2e-17   68.1   0.0     3   190     3   173     1   179 0.86 [190263/409/1]
190263/497/1.f:HENFFC_06845 -            351 GH109.hmm            -            399   8.3e-18   68.6   0.0   1   1   2.7e-20   1.2e-17   68.1   0.0     4   164     2   151     1   165 0.87 [190263/497/1]
190263/368/1.f:HPMDBE_15625 -            493 GH109.hmm            -            399     9e-18   68.5   2.5   1   1   7.1e-20   3.2e-17   66.7   0.3    26   159   114   239   107   242 0.89 [190263/368/1]
190263/386/1.f:DBGIOG_07185 -            343 GH109.hmm            -            399     1e-17   68.3   0.0   1   1   7.2e-17   3.2e-14   56.8   0.0     7   159     3   146     1   149 0.82 [190263/386/1]
190263/516/1.f:MGNFBC_13550 -            536 GH109.hmm            -            399   1.1e-17   68.2   2.1   1   1   9.8e-20   4.4e-17   66.2   0.2    26   158   157   281   150   285 0.89 [190263/516/1]
190263/379/1.f:LOJHAC_16060 -            493 GH109.hmm            -            399   1.2e-17   68.0   2.9   1   1   7.1e-20   3.2e-17   66.7   0.3    26   159   114   239   107   242 0.89 [190263/379/1]
190263/580/1.f:JCPJNN_09495 -            391 GH109.hmm            -            399   1.4e-17   67.9   0.1   1   1   4.1e-20   1.8e-17   67.5   0.1     3   169     1   161     1   183 0.82 [190263/580/1]
190263/580/1.f:JCPJNN_30365 -            376 GH109.hmm            -            399   1.8e-17   67.5   0.0   1   1   9.8e-20   4.4e-17   66.2   0.0     6   169     6   159     2   167 0.91 [190263/580/1]
190263/564/1.f:KIHMBJ_07360 -            461 GH109.hmm            -            399   1.9e-17   67.4   0.5   1   1   2.2e-19   9.9e-17   65.1   0.0     6   189    66   255    62   261 0.85 [190263/564/1]
190263/448/1.f:IBJDOL_13510 -            708 GH109.hmm            -            399   1.9e-17   67.4   2.1   1   1   9.6e-19   4.3e-16   63.0   0.2     4   145   392   526   389   534 0.84 [190263/448/1]
190263/409/1.f:AJJCMD_03755 -            422 GH109.hmm            -            399   3.1e-17   66.7   0.1   1   1   7.8e-19   3.5e-16   63.3   0.0     4   172     3   170     1   194 0.89 [190263/409/1]
190263/552/1.f:EMALNL_01735 -            476 GH109.hmm            -            399   3.2e-17   66.7   0.0   1   1   9.6e-20   4.3e-17   66.3   0.0     3   132    46   170    44   199 0.85 [190263/552/1]
190263/365/1.f:JJMMAK_07840 -            418 GH109.hmm            -            399   4.3e-17   66.3   0.0   1   1   1.4e-19   6.2e-17   65.7   0.0     4   129    35   148    32   161 0.92 [190263/365/1]
190263/562/1.f:KJGNCK_00075 -            495 GH109.hmm            -            399   5.4e-17   65.9   0.3   1   1   2.3e-19     1e-16   65.0   0.1     3   163    38   189    36   196 0.92 [190263/562/1]
190263/390/1.f:OLPOLE_13260 -            412 GH109.hmm            -            399   5.6e-17   65.9   0.4   1   1   3.7e-17   1.7e-14   57.7   0.2     4   173     2   170     1   219 0.87 [190263/390/1]
190263/362/1.f:KJODLM_03905 -            111 GH109.hmm            -            399   5.7e-17   65.9   0.0   1   1   1.4e-19   6.2e-17   65.8   0.0     7   122     2   110     1   111 0.93 [190263/362/1]
190263/420/1.f:GMHOLO_06890 -            334 GH109.hmm            -            399   5.7e-17   65.9   1.0   1   1   2.4e-19   1.1e-16   65.0   0.2     4   162     2   158     1   169 0.87 [190263/420/1]
190263/497/1.f:HENFFC_03715 -            418 GH109.hmm            -            399   6.6e-17   65.7   0.0   1   1   2.1e-19   9.5e-17   65.1   0.0     4   129    35   148    32   161 0.92 [190263/497/1]
190263/564/1.f:KIHMBJ_01035 -            345 GH109.hmm            -            399   6.7e-17   65.6   0.0   1   1   5.4e-19   2.4e-16   63.8   0.0     3   167     1   153     1   177 0.87 [190263/564/1]
190263/406/1.f:DKNBGD_13790 -            344 GH109.hmm            -            399   6.8e-17   65.6   0.0   1   1   9.5e-17   4.3e-14   56.4   0.0     6   156     2   145     1   150 0.90 [190263/406/1]
190263/369/1.f:JCDIFE_05530 -            495 GH109.hmm            -            399   7.2e-17   65.5   0.9   1   1   1.6e-19   7.2e-17   65.5   0.9     3   163    38   189    36   207 0.91 [190263/369/1]
190263/461/1.f:DHPHOK_05865 -            495 GH109.hmm            -            399   7.2e-17   65.5   0.9   1   1   1.6e-19   7.2e-17   65.5   0.9     3   163    38   189    36   207 0.91 [190263/461/1]
190263/433/1.f:ADFNDI_05145 -            327 GH109.hmm            -            399   7.3e-17   65.5   0.6   1   1   6.1e-19   2.7e-16   63.6   0.1     4   165     2   155     1   168 0.86 [190263/433/1]
190263/429/1.f:OMPHBF_06220 -            341 GH109.hmm            -            399   7.6e-17   65.4   0.2   1   1   7.9e-19   3.5e-16   63.3   0.2     8   160     8   152     4   155 0.93 [190263/429/1]
190263/540/1.f:BCGFLB_03965 -            417 GH109.hmm            -            399   7.9e-17   65.4   0.0   1   1   2.3e-19     1e-16   65.0   0.0     4   128    34   146    31   180 0.91 [190263/540/1]
190263/365/1.f:JJMMAK_12765 -            490 GH109.hmm            -            399   8.7e-17   65.3   3.2   1   1     2e-19     9e-17   65.2   1.4     3   163    38   189    36   195 0.91 [190263/365/1]
190263/409/1.f:AJJCMD_03665 -            325 GH109.hmm            -            399     1e-16   65.0   0.7   1   1   4.5e-19     2e-16   64.1   0.4     3   162     1   151     1   163 0.90 [190263/409/1]
190263/497/1.f:HENFFC_14205 -            495 GH109.hmm            -            399     1e-16   65.0   2.2   1   1   2.3e-19     1e-16   65.0   0.9     3   163    38   189    36   208 0.90 [190263/497/1]
190263/567/1.f:NOEGFN_00310 -            355 GH109.hmm            -            399   1.3e-16   64.6   0.0   1   1   3.2e-18   1.4e-15   61.3   0.1     3   166     1   158     1   173 0.93 [190263/567/1]
190263/386/1.f:DBGIOG_16665 -            337 GH109.hmm            -            399   1.5e-16   64.5   0.9   1   1   1.3e-17     6e-15   59.2   0.5     6   164     3   153     1   183 0.86 [190263/386/1]
190263/365/1.f:JJMMAK_05720 -            351 GH109.hmm            -            399   1.8e-16   64.2   0.0   1   1   7.3e-19   3.3e-16   63.4   0.0     4   164     2   151     1   165 0.87 [190263/365/1]
190263/386/1.f:DBGIOG_02340 -            338 GH109.hmm            -            399   1.9e-16   64.2   0.3   1   1   5.8e-17   2.6e-14   57.1   0.3     4   155     3   147     1   154 0.86 [190263/386/1]
190263/379/1.f:LOJHAC_02200 -            418 GH109.hmm            -            399   1.9e-16   64.1   0.0   1   1   6.2e-19   2.8e-16   63.6   0.0     4   129    35   148    32   158 0.93 [190263/379/1]
190263/516/1.f:MGNFBC_05995 -            418 GH109.hmm            -            399   1.9e-16   64.1   0.0   1   1   6.2e-19   2.8e-16   63.6   0.0     4   129    35   148    32   158 0.93 [190263/516/1]
190263/368/1.f:HPMDBE_06900 -            418 GH109.hmm            -            399   1.9e-16   64.1   0.0   1   1   6.2e-19   2.8e-16   63.6   0.0     4   129    35   148    32   158 0.93 [190263/368/1]
190263/386/1.f:DBGIOG_03175 -            336 GH109.hmm            -            399   2.1e-16   64.0   1.1   1   1   9.9e-19   4.4e-16   62.9   0.8     4   165     3   156     1   172 0.91 [190263/386/1]
190263/409/1.f:AJJCMD_08610 -            419 GH109.hmm            -            399   2.1e-16   64.0   0.1   1   1   6.7e-19     3e-16   63.5   0.1     3   155     1   154     1   161 0.87 [190263/409/1]
190263/475/1.f:MCKEEP_00080 -            495 GH109.hmm            -            399   2.4e-16   63.8   0.3   1   1   1.3e-18   5.7e-16   62.6   0.2     3   163    38   189    36   196 0.92 [190263/475/1]
190263/573/1.f:LIDFCI_23020 -            495 GH109.hmm            -            399   2.4e-16   63.8   0.3   1   1   1.3e-18   5.7e-16   62.6   0.2     3   163    38   189    36   196 0.92 [190263/573/1]
190263/565/1.f:PAEINE_04640 -            339 GH109.hmm            -            399   2.6e-16   63.7   0.0   1   1   7.5e-19   3.4e-16   63.3   0.0     3   161    10   169     8   176 0.94 [190263/565/1]
190263/502/1.f:NONHGB_04965 -            495 GH109.hmm            -            399   2.6e-16   63.7   0.8   1   1   5.8e-19   2.6e-16   63.7   0.8     3   163    38   189    36   214 0.92 [190263/502/1]
190263/438/1.f:IKAFOJ_12060 -            326 GH109.hmm            -            399   2.9e-16   63.6   0.0   1   1   8.5e-19   3.8e-16   63.2   0.0     7   131     2   119     1   157 0.87 [190263/438/1]
190263/552/1.f:EMALNL_00080 -            495 GH109.hmm            -            399   2.9e-16   63.5   0.3   1   1   1.3e-18   5.7e-16   62.6   0.1     3   163    38   189    36   196 0.92 [190263/552/1]
190263/409/1.f:AJJCMD_17180 -            423 GH109.hmm            -            399   3.1e-16   63.4   0.1   1   1   2.7e-16   1.2e-13   54.9   0.1     8   186     4   175     1   211 0.83 [190263/409/1]
190263/576/1.f:FNMBCG_07545 -            408 GH109.hmm            -            399   3.2e-16   63.4   0.1   1   1   2.1e-18   9.6e-16   61.8   0.1     4   187     6   190     3   198 0.82 [190263/576/1]
190263/438/1.f:IKAFOJ_02030 -            323 GH109.hmm            -            399   3.2e-16   63.4   1.4   1   1     8e-19   3.6e-16   63.2   0.4     3   162     1   150     1   171 0.86 [190263/438/1]
190263/580/1.f:JCPJNN_17390 -            358 GH109.hmm            -            399   3.3e-16   63.4   0.0   1   1     1e-18   4.4e-16   62.9   0.0     3   188     1   171     1   193 0.83 [190263/580/1]
190263/546/1.f:GEHMID_07955 -            313 GH109.hmm            -            399     4e-16   63.1   0.6   1   1   1.2e-18   5.2e-16   62.7   0.6     6   158     2   145     1   161 0.87 [190263/546/1]
190263/580/1.f:JCPJNN_28550 -            368 GH109.hmm            -            399   4.1e-16   63.0   0.0   1   1   1.5e-18   6.6e-16   62.4   0.0     3   157     1   147     1   171 0.91 [190263/580/1]
190263/390/1.f:OLPOLE_07560 -            396 GH109.hmm            -            399   5.7e-16   62.6   1.2   1   1   9.7e-18   4.3e-15   59.7   0.1     3   187     1   185     1   194 0.81 [190263/390/1]
190263/401/1.f:DMFJNH_11750 -            491 GH109.hmm            -            399   6.1e-16   62.5   2.1   1   1   1.6e-18   7.1e-16   62.3   0.9     3   163    38   189    36   207 0.92 [190263/401/1]
190263/504/1.f:DOAHDM_12020 -            491 GH109.hmm            -            399   6.1e-16   62.5   2.1   1   1   1.6e-18   7.1e-16   62.3   0.9     3   163    38   189    36   207 0.92 [190263/504/1]
190263/468/1.f:DIOFOH_08605 -            322 GH109.hmm            -            399   6.2e-16   62.4   0.2   1   1     8e-18   3.6e-15   59.9   0.0     6   161     2   148     1   167 0.91 [190263/468/1]
190263/429/1.f:OMPHBF_03280 -            386 GH109.hmm            -            399   6.3e-16   62.4   0.0   1   1     2e-18     9e-16   61.9   0.0     4   169    12   177     9   196 0.80 [190263/429/1]
190263/386/1.f:DBGIOG_05900 -            324 GH109.hmm            -            399   6.8e-16   62.3   0.2   1   1   3.7e-18   1.7e-15   61.0   0.2     7   166     2   156     1   167 0.86 [190263/386/1]
190263/365/1.f:JJMMAK_07445 -            325 GH109.hmm            -            399   6.9e-16   62.3   0.0   1   1   2.8e-18   1.3e-15   61.4   0.0     4   162     2   151     1   161 0.92 [190263/365/1]
190263/421/1.f:PBKEAC_07560 -            325 GH109.hmm            -            399     8e-16   62.1   0.0   1   1   2.1e-18   9.6e-16   61.8   0.0     3   133     1   123     1   184 0.84 [190263/421/1]
190263/401/1.f:DMFJNH_00080 -            491 GH109.hmm            -            399   8.2e-16   62.1   2.1   1   1   2.1e-18   9.3e-16   61.9   0.9     3   163    38   189    36   207 0.92 [190263/401/1]
190263/504/1.f:DOAHDM_00080 -            491 GH109.hmm            -            399   8.2e-16   62.1   2.1   1   1   2.1e-18   9.3e-16   61.9   0.9     3   163    38   189    36   207 0.92 [190263/504/1]
190263/421/1.f:PBKEAC_09240 -            428 GH109.hmm            -            399   8.5e-16   62.0   0.0   1   1   7.1e-18   3.2e-15   60.1   0.0     5   160    21   171    18   176 0.90 [190263/421/1]
190263/429/1.f:OMPHBF_04625 -            365 GH109.hmm            -            399   9.1e-16   61.9   0.0   1   1   2.8e-18   1.3e-15   61.4   0.0     4   169     2   159     1   192 0.90 [190263/429/1]
190263/506/1.f:IKGMED_09020 -            451 GH109.hmm            -            399   1.1e-15   61.7   0.0   1   1   3.7e-18   1.6e-15   61.1   0.0     6   166   131   280   127   305 0.91 [190263/506/1]
190263/556/1.f:EMIPPF_02745 -            486 GH109.hmm            -            399   1.1e-15   61.6   0.1   1   1   3.4e-18   1.5e-15   61.2   0.1     4   161    36   183    33   185 0.88 [190263/556/1]
190263/429/1.f:OMPHBF_04180 -            333 GH109.hmm            -            399   1.2e-15   61.6   0.0   1   1   4.3e-18   1.9e-15   60.8   0.0     6   126     2   109     1   168 0.89 [190263/429/1]
190263/490/1.f:OIBLLI_10425 -            380 GH109.hmm            -            399   1.2e-15   61.5   0.0   1   1   5.1e-18   2.3e-15   60.6   0.0     4   161     4   160     1   190 0.82 [190263/490/1]
190263/490/1.f:OIBLLI_11210 -            320 GH109.hmm            -            399   1.3e-15   61.4   0.1   1   1   5.3e-18   2.4e-15   60.5   0.0     7   165     2   153     1   166 0.84 [190263/490/1]
190263/396/1.f:KAAOMA_17010 -            327 GH109.hmm            -            399   1.5e-15   61.2   0.1   1   1   1.3e-17   5.7e-15   59.3   0.0     3   158     1   147     1   158 0.91 [190263/396/1]
190263/434/1.f:NCAOKI_02415 -            458 GH109.hmm            -            399   1.5e-15   61.2   0.1   1   1   5.9e-18   2.6e-15   60.4   0.1     3   160   126   270   124   280 0.93 [190263/434/1]
190263/457/1.f:IIKDLL_12350 -            328 GH109.hmm            -            399   1.5e-15   61.2   0.2   1   1   7.1e-18   3.2e-15   60.1   0.1     9   165     4   152     1   167 0.87 [190263/457/1]
190263/437/1.f:LBKKEJ_05525 -            325 GH109.hmm            -            399   1.8e-15   60.9   0.0   1   1   6.1e-18   2.7e-15   60.3   0.0     6   162     4   151     1   161 0.91 [190263/437/1]
190263/522/1.f:NPJBCH_03070 -            325 GH109.hmm            -            399   2.9e-15   60.3   0.9   1   1   9.9e-18   4.4e-15   59.6   0.2     7   123     2   111     1   123 0.91 [190263/522/1]
190263/540/1.f:BCGFLB_10750 -            490 GH109.hmm            -            399   2.9e-15   60.2   0.4   1   1   1.1e-17   4.9e-15   59.5   0.4     3   157    39   183    37   188 0.86 [190263/540/1]
190263/375/1.f:CNGHJF_02325 -            326 GH109.hmm            -            399   2.9e-15   60.2   0.2   1   1   1.3e-17   5.7e-15   59.3   0.2     3   162     1   151     1   160 0.89 [190263/375/1]
190263/413/1.f:NMLDCG_08405 -            354 GH109.hmm            -            399   3.4e-15   60.0   0.1   1   1   1.2e-17   5.3e-15   59.4   0.1     7   168     2   152     1   165 0.92 [190263/413/1]
190263/474/1.f:AMDJJA_07715 -            351 GH109.hmm            -            399   3.5e-15   60.0   0.1   1   1   1.5e-17   6.8e-15   59.0   0.1     4   163    16   173    13   182 0.79 [190263/474/1]
190263/488/1.f:DNPFAC_16595 -            352 GH109.hmm            -            399   3.5e-15   60.0   0.0   1   1   1.4e-17   6.4e-15   59.1   0.0    40   165    36   152     1   169 0.83 [190263/488/1]
190263/365/1.f:JJMMAK_03430 -            446 GH109.hmm            -            399   3.6e-15   59.9   0.1   1   1   1.3e-16   5.8e-14   56.0   0.1     3   161    37   195    35   206 0.91 [190263/365/1]
190263/379/1.f:LOJHAC_17400 -            514 GH109.hmm            -            399   3.8e-15   59.9   0.0   1   1   1.2e-17   5.5e-15   59.3   0.0     4   159    47   197    44   202 0.83 [190263/379/1]
190263/564/1.f:KIHMBJ_03295 -            418 GH109.hmm            -            399   4.1e-15   59.8   0.0   1   1   1.2e-17   5.5e-15   59.3   0.0     4   128    35   147    32   181 0.90 [190263/564/1]
190263/546/1.f:GEHMID_07960 -            322 GH109.hmm            -            399   4.5e-15   59.6   0.0   1   1   1.5e-17   6.5e-15   59.1   0.0    15   172    15   163     2   177 0.86 [190263/546/1]
190263/495/1.f:ANKNCD_04905 -            420 GH109.hmm            -            399     5e-15   59.5   3.9   1   1   2.1e-16   9.6e-14   55.2   0.3     7   185     5   176     1   182 0.83 [190263/495/1]
190263/368/1.f:HPMDBE_15735 -            496 GH109.hmm            -            399   5.2e-15   59.4   0.0   1   1   1.5e-17   6.6e-15   59.1   0.0     3   164    38   191    36   266 0.88 [190263/368/1]
190263/379/1.f:LOJHAC_16170 -            496 GH109.hmm            -            399   5.2e-15   59.4   0.0   1   1   1.5e-17   6.6e-15   59.1   0.0     3   164    38   191    36   266 0.88 [190263/379/1]
190263/516/1.f:MGNFBC_13660 -            496 GH109.hmm            -            399   5.2e-15   59.4   0.0   1   1   1.5e-17   6.6e-15   59.1   0.0     3   164    38   191    36   266 0.88 [190263/516/1]
190263/446/1.f:LHJMMB_00150 -            341 GH109.hmm            -            399   5.9e-15   59.2   0.1   1   1   2.1e-17   9.6e-15   58.5   0.1     4   131     3   121     1   128 0.92 [190263/446/1]
190263/556/1.f:EMIPPF_08400 -            419 GH109.hmm            -            399   5.9e-15   59.2   0.0   1   1     3e-17   1.3e-14   58.1   0.0     5   160    10   160     7   179 0.89 [190263/556/1]
190263/386/1.f:DBGIOG_10845 -            360 GH109.hmm            -            399   5.9e-15   59.2   0.1   1   1   9.8e-17   4.4e-14   56.4   0.0     6   133     2   122     1   126 0.89 [190263/386/1]
190263/368/1.f:HPMDBE_16880 -            514 GH109.hmm            -            399   6.4e-15   59.1   0.0   1   1   2.1e-17   9.3e-15   58.6   0.0     4   159    47   197    44   202 0.83 [190263/368/1]
190263/516/1.f:MGNFBC_14810 -            514 GH109.hmm            -            399   6.4e-15   59.1   0.0   1   1   2.1e-17   9.3e-15   58.6   0.0     4   159    47   197    44   202 0.83 [190263/516/1]
190263/399/1.f:CDLIDF_06165 -            327 GH109.hmm            -            399   6.6e-15   59.1   0.1   1   1   2.6e-17   1.1e-14   58.3   0.1     7   167     5   158     1   169 0.87 [190263/399/1]
190263/375/1.f:CNGHJF_13340 -            371 GH109.hmm            -            399   6.6e-15   59.1   0.0   1   1   3.3e-17   1.5e-14   57.9   0.0     6   128    43   157    39   197 0.84 [190263/375/1]
190263/390/1.f:OLPOLE_03275 -            342 GH109.hmm            -            399   6.7e-15   59.0   1.2   1   1   4.8e-17   2.1e-14   57.4   1.2     8   208     3   193     1   275 0.87 [190263/390/1]
190263/446/1.f:LHJMMB_05915 -            409 GH109.hmm            -            399   6.7e-15   59.0   0.0   1   1   6.5e-17   2.9e-14   56.9   0.0     7   160     2   150     1   171 0.89 [190263/446/1]
190263/447/1.f:OLODHC_10945 -            322 GH109.hmm            -            399   9.3e-15   58.6   0.9   1   1   2.8e-17   1.3e-14   58.1   0.9     7   171     2   157     1   166 0.90 [190263/447/1]
190263/405/1.f:EHKDKA_12830 -            326 GH109.hmm            -            399     1e-14   58.4   0.1   1   1   3.4e-17   1.5e-14   57.9   0.1     3   160     1   149     1   159 0.88 [190263/405/1]
190263/565/1.f:PAEINE_00560 -            346 GH109.hmm            -            399   1.2e-14   58.3   0.0   1   1   5.4e-17   2.4e-14   57.2   0.0     3   166     4   156     2   174 0.86 [190263/565/1]
190263/384/1.f:CDKGIA_18040 -            326 GH109.hmm            -            399   1.2e-14   58.2   0.0   1   1   3.6e-17   1.6e-14   57.8   0.0    45   164    38   151     2   163 0.80 [190263/384/1]
190263/368/1.f:HPMDBE_21895 -            460 GH109.hmm            -            399   1.2e-14   58.2   0.2   1   1   4.3e-16   1.9e-13   54.2   0.0     4   173    68   242    66   263 0.81 [190263/368/1]
190263/502/1.f:NONHGB_11145 -            326 GH109.hmm            -            399   1.2e-14   58.2   0.1   1   1   3.9e-17   1.7e-14   57.7   0.1     3   160     1   149     1   159 0.88 [190263/502/1]
190263/516/1.f:MGNFBC_19875 -            460 GH109.hmm            -            399   1.3e-14   58.1   0.2   1   1   5.2e-16   2.3e-13   54.0   0.0     4   172    68   241    66   264 0.81 [190263/516/1]
190263/458/1.f:AMPCAI_12365 -            325 GH109.hmm            -            399   1.4e-14   58.0   0.0   1   1   5.7e-17   2.5e-14   57.1   0.0     7   126     2   112     1   126 0.91 [190263/458/1]
190263/379/1.f:LOJHAC_22990 -            460 GH109.hmm            -            399   1.4e-14   58.0   0.2   1   1   5.2e-16   2.3e-13   54.0   0.0     4   172    68   241    66   264 0.81 [190263/379/1]
190263/386/1.f:DBGIOG_06970 -            348 GH109.hmm            -            399   1.4e-14   58.0   0.0   1   1   1.3e-16   5.7e-14   56.0   0.1     5   145     2   132     1   148 0.88 [190263/386/1]
190263/386/1.f:DBGIOG_04330 -            378 GH109.hmm            -            399   1.5e-14   57.9   0.1   1   1   4.9e-17   2.2e-14   57.3   0.1    41   188    43   188     2   196 0.71 [190263/386/1]
190263/366/1.f:DBJPFP_06380 -            490 GH109.hmm            -            399   1.5e-14   57.9   0.1   1   1   4.6e-17   2.1e-14   57.4   0.1     4   160    40   186    37   189 0.87 [190263/366/1]
190263/497/1.f:HENFFC_04925 -            325 GH109.hmm            -            399     2e-14   57.5   0.1   1   1   8.2e-17   3.7e-14   56.6   0.1     4   162     2   151     1   160 0.89 [190263/497/1]
190263/497/1.f:HENFFC_04480 -            446 GH109.hmm            -            399   2.2e-14   57.4   0.1   1   1   8.4e-16   3.7e-13   53.3   0.1     3   161    37   195    35   207 0.91 [190263/497/1]
190263/513/1.f:MKNBNH_02845 -            322 GH109.hmm            -            399   2.3e-14   57.3   0.5   1   1   8.4e-17   3.8e-14   56.6   0.5     7   166     2   152     1   161 0.92 [190263/513/1]
190263/409/1.f:AJJCMD_28675 -            329 GH109.hmm            -            399     3e-14   56.9   0.2   1   1   1.3e-16   5.8e-14   56.0   0.2    16   168    17   158     3   174 0.86 [190263/409/1]
190263/564/1.f:KIHMBJ_06890 -            458 GH109.hmm            -            399     3e-14   56.9   0.0   1   1   1.4e-16   6.1e-14   55.9   0.0     6   161    63   222    59   251 0.85 [190263/564/1]
190263/370/1.f:MFKGBO_04390 -            341 GH109.hmm            -            399   3.3e-14   56.8   0.0   1   1   1.4e-16   6.3e-14   55.8   0.0     4   187     2   168     1   177 0.85 [190263/370/1]
190263/421/1.f:PBKEAC_12920 -            486 GH109.hmm            -            399   3.4e-14   56.7   0.1   1   1   1.1e-16   4.8e-14   56.2   0.1     4   156    36   178    33   184 0.82 [190263/421/1]
190263/417/1.f:MHBJAE_14820 -            352 GH109.hmm            -            399   3.7e-14   56.6   0.0   1   1   1.3e-16     6e-14   55.9   0.0    46   165    37   152     1   171 0.84 [190263/417/1]
190263/475/1.f:MCKEEP_00085 -            370 GH109.hmm            -            399   3.9e-14   56.5   0.2   1   1   2.1e-16   9.4e-14   55.3   0.1     5   158    10   154     7   160 0.85 [190263/475/1]
190263/552/1.f:EMALNL_00085 -            370 GH109.hmm            -            399   3.9e-14   56.5   0.2   1   1   2.1e-16   9.4e-14   55.3   0.1     5   158    10   154     7   160 0.85 [190263/552/1]
190263/422/1.f:HJBCNJ_06015 -            327 GH109.hmm            -            399   4.4e-14   56.3   0.0   1   1   1.5e-16   6.7e-14   55.7   0.0     6   156     2   141     1   145 0.96 [190263/422/1]
190263/409/1.f:AJJCMD_22255 -            355 GH109.hmm            -            399   4.9e-14   56.2   0.0   1   1   2.3e-16     1e-13   55.1   0.0     3   158     1   149     1   183 0.77 [190263/409/1]
190263/507/1.f:KPMKPI_00470 -            446 GH109.hmm            -            399   4.9e-14   56.2   0.0   1   1   1.7e-16   7.5e-14   55.6   0.0     4   162   128   273   125   298 0.88 [190263/507/1]
190263/429/1.f:OMPHBF_01735 -            328 GH109.hmm            -            399   5.7e-14   56.0   0.0   1   1   1.7e-16   7.4e-14   55.6   0.0     4   161     2   150     1   165 0.83 [190263/429/1]
190263/573/1.f:LIDFCI_23015 -            370 GH109.hmm            -            399   5.7e-14   56.0   0.2   1   1   3.1e-16   1.4e-13   54.7   0.1     5   158    10   154     7   160 0.85 [190263/573/1]
190263/368/1.f:HPMDBE_20285 -            384 GH109.hmm            -            399   5.7e-14   56.0   0.0   1   1   1.6e-16   7.3e-14   55.6   0.0     4   188     3   190     1   198 0.82 [190263/368/1]
190263/379/1.f:LOJHAC_21430 -            384 GH109.hmm            -            399   5.7e-14   56.0   0.0   1   1   1.6e-16   7.3e-14   55.6   0.0     4   188     3   190     1   198 0.82 [190263/379/1]
190263/516/1.f:MGNFBC_18385 -            384 GH109.hmm            -            399   5.7e-14   56.0   0.0   1   1   1.6e-16   7.3e-14   55.6   0.0     4   188     3   190     1   198 0.82 [190263/516/1]
190263/564/1.f:KIHMBJ_09480 -            493 GH109.hmm            -            399   5.7e-14   56.0   0.0   1   1   2.1e-16   9.6e-14   55.2   0.0     3   162    39   188    37   190 0.89 [190263/564/1]
190263/409/1.f:AJJCMD_22225 -            343 GH109.hmm            -            399   6.2e-14   55.9   0.0   1   1   7.3e-16   3.3e-13   53.5   0.0     3   158     1   147     1   178 0.91 [190263/409/1]
190263/497/1.f:HENFFC_10155 -            343 GH109.hmm            -            399   6.5e-14   55.8   0.0   1   1   2.1e-16   9.6e-14   55.2   0.0     4   131     6   124     3   148 0.91 [190263/497/1]
190263/580/1.f:JCPJNN_28260 -            339 GH109.hmm            -            399   6.9e-14   55.7   0.0   1   1   8.6e-16   3.9e-13   53.2   0.0     3   173     9   169     7   204 0.91 [190263/580/1]
190263/383/1.f:KCEMEB_05745 -            390 GH109.hmm            -            399     7e-14   55.7   0.1   1   1     6e-16   2.7e-13   53.8   0.0     6   188    12   195     8   200 0.82 [190263/383/1]
190263/390/1.f:OLPOLE_05605 -            378 GH109.hmm            -            399   7.5e-14   55.6   0.0   1   1   2.2e-16   9.7e-14   55.2   0.0     3   168     3   167     1   187 0.82 [190263/390/1]
190263/506/1.f:IKGMED_06255 -            425 GH109.hmm            -            399   8.5e-14   55.4   0.0   1   1   2.7e-16   1.2e-13   54.9   0.0     4   164    38   205    35   229 0.86 [190263/506/1]
190263/366/1.f:DBJPFP_06680 -            325 GH109.hmm            -            399   1.1e-13   55.0   0.0   1   1   3.1e-16   1.4e-13   54.7   0.0     3   166     1   156     1   182 0.80 [190263/366/1]
190263/422/1.f:HJBCNJ_06000 -            280 GH109.hmm            -            399   1.2e-13   55.0   0.1   1   1   6.8e-16   3.1e-13   53.6   0.1    82   294     3   200     1   231 0.71 [190263/422/1]
190263/421/1.f:PBKEAC_04620 -            418 GH109.hmm            -            399   1.2e-13   54.9   0.0   1   1   4.3e-16   1.9e-13   54.3   0.0     4   161     8   160     5   186 0.85 [190263/421/1]
190263/560/1.f:OAGBLH_06470 -            326 GH109.hmm            -            399   1.4e-13   54.7   0.1   1   1   7.9e-16   3.5e-13   53.4   0.0     8   134     3   117     1   148 0.76 [190263/560/1]
190263/434/1.f:NCAOKI_07970 -            353 GH109.hmm            -            399   1.5e-13   54.6   0.0   1   1   4.3e-16   1.9e-13   54.3   0.0     4   161     2   160     1   168 0.91 [190263/434/1]
190263/541/1.f:IDEEIE_05170 -            201 GH109.hmm            -            399   1.5e-13   54.6   0.3   1   1   3.6e-16   1.6e-13   54.5   0.3     5   171     3   163     1   191 0.82 [190263/541/1]
190263/384/1.f:CDKGIA_23340 -            315 GH109.hmm            -            399   1.5e-13   54.6   0.0   1   1   8.8e-16   3.9e-13   53.2   0.0     4   139     4   130     1   141 0.90 [190263/384/1]
190263/583/1.f:BCCKNC_04055 -            325 GH109.hmm            -            399   1.7e-13   54.4   0.1   1   1   5.9e-16   2.6e-13   53.8   0.1     4   162     2   151     1   162 0.92 [190263/583/1]
190263/409/1.f:AJJCMD_04705 -            375 GH109.hmm            -            399   1.9e-13   54.3   0.2   1   1   8.9e-16     4e-13   53.2   0.2     3   192     1   180     1   186 0.81 [190263/409/1]
190263/456/1.f:LKAJBD_14365 -            708 GH109.hmm            -            399     2e-13   54.2   2.2   1   1   4.8e-16   2.2e-13   54.1   0.1     7   154   389   530   386   552 0.80 [190263/456/1]
190263/456/1.f:LKAJBD_03905 -            331 GH109.hmm            -            399     2e-13   54.2   0.1   1   1   7.3e-16   3.3e-13   53.5   0.1     8   162     8   153     2   168 0.89 [190263/456/1]
190263/400/1.f:EIBLKL_06955 -            331 GH109.hmm            -            399   2.4e-13   53.9   0.5   1   1   7.9e-16   3.5e-13   53.4   0.5     5   161     3   150     1   154 0.91 [190263/400/1]
190263/375/1.f:CNGHJF_01810 -            365 GH109.hmm            -            399   2.5e-13   53.9   0.0   1   1   8.9e-16     4e-13   53.2   0.0     3   167     1   155     1   178 0.86 [190263/375/1]
190263/409/1.f:AJJCMD_04340 -            359 GH109.hmm            -            399   2.7e-13   53.8   0.0   1   1   8.8e-16   3.9e-13   53.2   0.0     7   170     2   154     1   207 0.90 [190263/409/1]
#
# Program:         hmmsearch
# Version:         3.3.2 (Nov 2020)
# Pipeline mode:   SEARCH
# Query file:      /kb/module/work/tmp/output.1725388484971/GH109/GH109.hmm
# Target file:     /kb/module/work/tmp/output.1725388484971/hCom2_RAST.fasta
# Option settings: /kb/module/hmmer/bin/hmmsearch --domtblout /kb/module/work/tmp/output.1725388484971/GH109/GH109-hCom2_RAST.hitout.txt --noali --notextw --domE 1e-15 /kb/module/work/tmp/output.1725388484971/GH109/GH109.hmm /kb/module/work/tmp/output.1725388484971/hCom2_RAST.fasta 
# Current dir:     /kb/module/work/tmp/output.1725388484971
# Date:            Tue Sep  3 18:55:23 2024
# [ok]
