#                                                                                   --- full sequence --- -------------- this domain -------------   hmm coord   ali coord   env coord
# target name               accession   tlen query name           accession   qlen   E-value  score  bias   #  of  c-Evalue  i-Evalue  score  bias  from    to  from    to  from    to  acc description of target
#       ------------------- ---------- ----- -------------------- ---------- ----- --------- ------ ----- --- --- --------- --------- ------ ----- ----- ----- ----- ----- ----- ----- ---- ---------------------
190263/552/1.f:EMALNL_07650 -            845 GH115.hmm            -            697  5.5e-287  958.4   7.6   1   1  1.7e-290  6.4e-287  958.2   7.6     2   697    31   821    30   821 0.97 [190263/552/1]
190263/502/1.f:NONHGB_11060 -            832 GH115.hmm            -            697  3.1e-286  955.9   6.8   1   1  9.6e-290  3.6e-286  955.7   6.8     2   697    33   811    32   811 0.97 [190263/502/1]
190263/573/1.f:LIDFCI_15905 -            822 GH115.hmm            -            697  1.7e-285  953.5   5.6   1   1  5.1e-289  1.9e-285  953.3   5.6     2   697    31   803    30   803 0.97 [190263/573/1]
190263/475/1.f:MCKEEP_08405 -            845 GH115.hmm            -            697  2.6e-285  952.9   9.9   1   1  8.1e-289    3e-285  952.6   9.9     2   697    31   821    30   821 0.97 [190263/475/1]
190263/562/1.f:KJGNCK_02360 -            845 GH115.hmm            -            697  2.7e-285  952.8   7.8   1   1  8.5e-289  3.2e-285  952.6   7.8     2   697    31   821    30   821 0.97 [190263/562/1]
190263/405/1.f:EHKDKA_12690 -            835 GH115.hmm            -            697  2.5e-284  949.7   6.4   1   1  7.5e-288  2.8e-284  949.5   6.4     2   697    33   811    32   811 0.97 [190263/405/1]
190263/399/1.f:CDLIDF_16965 -            845 GH115.hmm            -            697  1.1e-279  934.3   9.2   1   1  3.5e-283  1.3e-279  934.0   9.2     2   697    31   822    30   822 0.97 [190263/399/1]
190263/388/1.f:FDDJJK_00170 -            864 GH115.hmm            -            697  1.2e-279  934.2   7.1   1   1  3.7e-283  1.4e-279  934.0   7.1     3   697    36   837    34   837 0.96 [190263/388/1]
190263/456/1.f:LKAJBD_08225 -            860 GH115.hmm            -            697  3.7e-279  932.5  11.2   1   1  1.1e-282  4.3e-279  932.3  11.2     2   697    35   837    34   837 0.96 [190263/456/1]
190263/391/1.f:NONBJF_00165 -            864 GH115.hmm            -            697  1.1e-278  931.0   5.2   1   1  3.4e-282  1.3e-278  930.8   5.2     3   697    36   837    34   837 0.96 [190263/391/1]
190263/534/1.f:OHCFJE_00165 -            864 GH115.hmm            -            697  1.1e-278  931.0   5.2   1   1  3.4e-282  1.3e-278  930.8   5.2     3   697    36   837    34   837 0.96 [190263/534/1]
190263/545/1.f:NCJBIN_00165 -            864 GH115.hmm            -            697  1.1e-278  931.0   5.2   1   1  3.4e-282  1.3e-278  930.8   5.2     3   697    36   837    34   837 0.96 [190263/545/1]
190263/552/1.f:EMALNL_01665 -            851 GH115.hmm            -            697    2e-274  916.9   7.5   1   1    6e-278  2.3e-274  916.7   7.5     2   697    36   827    35   827 0.96 [190263/552/1]
190263/562/1.f:KJGNCK_02435 -            845 GH115.hmm            -            697  5.3e-271  905.6   4.8   1   1  1.8e-274  6.6e-271  905.3   4.8    11   697    45   823    37   823 0.96 [190263/562/1]
190263/405/1.f:EHKDKA_22235 -            859 GH115.hmm            -            697    6e-271  905.4   0.1   1   1    2e-274  7.3e-271  905.1   0.1     7   697    43   835    37   835 0.96 [190263/405/1]
190263/502/1.f:NONHGB_20540 -            859 GH115.hmm            -            697  1.2e-270  904.4   0.2   1   1  3.9e-274  1.5e-270  904.1   0.2     7   697    43   835    37   835 0.96 [190263/502/1]
190263/595/1.f:HGDLEC_08190 -            847 GH115.hmm            -            697  1.7e-270  903.9   0.0   1   1  5.6e-274  2.1e-270  903.6   0.0     7   697    49   826    45   826 0.96 [190263/595/1]
190263/456/1.f:LKAJBD_15160 -            819 GH115.hmm            -            697  2.7e-270  903.2   4.8   1   1  8.4e-274  3.1e-270  903.0   4.8     3   697    34   798    32   798 0.96 [190263/456/1]
190263/460/1.f:IHFGKI_08680 -            844 GH115.hmm            -            697  4.3e-270  902.6   7.9   1   1  1.4e-273  5.2e-270  902.3   7.9     7   697    38   830    33   830 0.96 [190263/460/1]
190263/456/1.f:LKAJBD_08275 -            819 GH115.hmm            -            697  4.7e-270  902.5   8.6   1   1  1.5e-273  5.7e-270  902.2   8.6     4   697    35   798    33   798 0.96 [190263/456/1]
190263/573/1.f:LIDFCI_15950 -            844 GH115.hmm            -            697  5.7e-269  898.9   0.1   1   1  1.8e-272  6.8e-269  898.6   0.1     9   697    40   820    32   820 0.96 [190263/573/1]
190263/552/1.f:EMALNL_07585 -            844 GH115.hmm            -            697    6e-269  898.8   0.1   1   1  1.9e-272  7.1e-269  898.5   0.1     9   697    40   820    32   820 0.96 [190263/552/1]
190263/456/1.f:LKAJBD_17635 -           1009 GH115.hmm            -            697  7.8e-258  862.1   4.1   1   1  7.9e-260    3e-256  856.8   4.0     9   697    49   974    41   974 0.89 [190263/456/1]
190263/552/1.f:EMALNL_01490 -           1005 GH115.hmm            -            697    1e-252  845.1   0.1   1   1  5.4e-254    2e-250  837.5   0.1     3   697    39   986    37   986 0.91 [190263/552/1]
190263/401/1.f:DMFJNH_03850 -            789 GH115.hmm            -            697  5.9e-248  829.4   2.3   1   1  1.9e-251    7e-248  829.2   2.3     4   697    26   777    23   777 0.96 [190263/401/1]
190263/504/1.f:DOAHDM_04280 -            789 GH115.hmm            -            697  5.9e-248  829.4   2.3   1   1  1.9e-251    7e-248  829.2   2.3     4   697    26   777    23   777 0.96 [190263/504/1]
190263/388/1.f:FDDJJK_00815 -            783 GH115.hmm            -            697  6.6e-246  822.6   1.6   1   1  2.1e-249  7.7e-246  822.4   1.6     7   697    27   775    22   775 0.95 [190263/388/1]
190263/502/1.f:NONHGB_00180 -            774 GH115.hmm            -            697  7.5e-246  822.5   0.6   1   1  2.4e-249  9.1e-246  822.2   0.6     3   697    20   771    19   771 0.96 [190263/502/1]
190263/502/1.f:NONHGB_00160 -            966 GH115.hmm            -            697  2.2e-245  820.9   6.6   1   2  2.9e-232  1.1e-228  765.7   5.2     3   588    31   665    29   765 0.94 [190263/502/1]
190263/502/1.f:NONHGB_00160 -            966 GH115.hmm            -            697  2.2e-245  820.9   6.6   2   2     4e-17   1.5e-13   54.6   0.0    91   314   795   953   779   958 0.89 [190263/502/1]
190263/552/1.f:EMALNL_04810 -            788 GH115.hmm            -            697  6.9e-244  816.0   0.9   1   1  2.2e-247  8.2e-244  815.7   0.9     4   697    26   777    23   777 0.95 [190263/552/1]
190263/504/1.f:DOAHDM_07155 -            982 GH115.hmm            -            697  7.1e-244  815.9   0.0   1   2  4.4e-230  1.6e-226  758.5   1.3     3   581    32   661    30   785 0.92 [190263/504/1]
190263/504/1.f:DOAHDM_07155 -            982 GH115.hmm            -            697  7.1e-244  815.9   0.0   2   2   4.5e-17   1.7e-13   54.5   0.0    84   314   779   969   759   972 0.85 [190263/504/1]
190263/401/1.f:DMFJNH_06485 -            982 GH115.hmm            -            697  8.1e-244  815.7   0.0   1   2  4.4e-230  1.6e-226  758.5   1.3     3   581    32   661    30   785 0.92 [190263/401/1]
190263/401/1.f:DMFJNH_06485 -            982 GH115.hmm            -            697  8.1e-244  815.7   0.0   2   2   5.2e-17   1.9e-13   54.3   0.0    84   314   779   969   759   972 0.85 [190263/401/1]
190263/534/1.f:OHCFJE_01555 -            783 GH115.hmm            -            697  1.1e-242  812.0   2.6   1   1  3.3e-246  1.2e-242  811.8   2.6     7   697    27   775    22   775 0.95 [190263/534/1]
190263/391/1.f:NONBJF_00790 -            783 GH115.hmm            -            697  1.5e-242  811.5   3.0   1   1  4.7e-246  1.7e-242  811.3   3.0     7   697    27   775    22   775 0.95 [190263/391/1]
190263/545/1.f:NCJBIN_00915 -            783 GH115.hmm            -            697  1.6e-242  811.5   2.7   1   1  4.9e-246  1.8e-242  811.3   2.7     7   697    27   775    22   775 0.95 [190263/545/1]
190263/405/1.f:EHKDKA_00155 -            775 GH115.hmm            -            697  1.7e-242  811.4   0.7   1   1  5.4e-246    2e-242  811.1   0.7     5   697    22   772    19   772 0.96 [190263/405/1]
190263/585/1.f:DLBDDB_05230 -            797 GH115.hmm            -            697  5.4e-242  809.7   0.2   1   1  1.6e-245  6.1e-242  809.5   0.2     4   697    24   787    21   787 0.95 [190263/585/1]
190263/417/1.f:MHBJAE_06055 -            982 GH115.hmm            -            697  6.6e-242  809.4   3.1   1   2  8.4e-228  3.1e-224  751.0   4.9     3   576    32   657    30   763 0.95 [190263/417/1]
190263/417/1.f:MHBJAE_06055 -            982 GH115.hmm            -            697  6.6e-242  809.4   3.1   2   2   3.8e-17   1.4e-13   54.7   0.0    92   313   787   968   770   972 0.86 [190263/417/1]
190263/556/1.f:EMIPPF_06025 -            981 GH115.hmm            -            697  2.4e-241  807.6   0.0   1   1  2.3e-231  8.7e-228  762.7   0.0     3   576    33   658    31   728 0.98 [190263/556/1]
190263/562/1.f:KJGNCK_06405 -            797 GH115.hmm            -            697  1.6e-240  804.8   0.2   1   1  4.9e-244  1.8e-240  804.6   0.2     4   697    24   787    21   787 0.95 [190263/562/1]
190263/488/1.f:DNPFAC_06590 -            982 GH115.hmm            -            697  5.4e-240  803.1   2.9   1   2    2e-226  7.5e-223  746.4   4.5     3   576    32   657    30   763 0.96 [190263/488/1]
190263/488/1.f:DNPFAC_06590 -            982 GH115.hmm            -            697  5.4e-240  803.1   2.9   2   2   1.1e-16   4.2e-13   53.2   0.0    90   313   801   968   770   972 0.87 [190263/488/1]
190263/399/1.f:CDLIDF_02550 -            791 GH115.hmm            -            697  8.9e-238  795.8   0.3   1   1  2.9e-241  1.1e-237  795.5   0.3     5   697    23   780    20   780 0.96 [190263/399/1]
190263/405/1.f:EHKDKA_04795 -            990 GH115.hmm            -            697  2.6e-237  794.2   0.4   1   2  7.6e-221  2.8e-217  728.0   2.1     2   586    34   672    33   764 0.92 [190263/405/1]
190263/405/1.f:EHKDKA_04795 -            990 GH115.hmm            -            697  2.6e-237  794.2   0.4   2   2   1.7e-19   6.4e-16   62.5   0.0    73   314   771   972   768   976 0.89 [190263/405/1]
190263/366/1.f:DBJPFP_05380 -            987 GH115.hmm            -            697  3.3e-237  793.9   0.0   1   2  7.3e-224  2.7e-220  738.0   0.1     3   587    34   673    32   775 0.92 [190263/366/1]
190263/366/1.f:DBJPFP_05380 -            987 GH115.hmm            -            697  3.3e-237  793.9   0.0   2   2   6.7e-17   2.5e-13   53.9   0.0    90   314   803   972   776   975 0.85 [190263/366/1]
190263/388/1.f:FDDJJK_11165 -            780 GH115.hmm            -            697  2.4e-236  791.1   0.1   1   1  7.5e-240  2.8e-236  790.8   0.1     8   697    24   775    19   775 0.96 [190263/388/1]
190263/461/1.f:DHPHOK_17560 -            780 GH115.hmm            -            697  2.4e-236  791.1   0.1   1   1  7.5e-240  2.8e-236  790.8   0.1     8   697    24   775    19   775 0.96 [190263/461/1]
190263/552/1.f:EMALNL_02630 -            782 GH115.hmm            -            697  2.7e-236  790.9   1.7   1   1  8.4e-240  3.1e-236  790.7   1.7     4   697    23   777    20   777 0.95 [190263/552/1]
190263/502/1.f:NONHGB_04315 -            985 GH115.hmm            -            697  1.1e-235  788.9   1.2   1   2  5.4e-220    2e-216  725.2   1.8     2   586    34   672    33   765 0.92 [190263/502/1]
190263/502/1.f:NONHGB_04315 -            985 GH115.hmm            -            697  1.1e-235  788.9   1.2   2   2   4.2e-19   1.6e-15   61.2   0.0    74   314   772   972   768   975 0.87 [190263/502/1]
190263/366/1.f:DBJPFP_01330 -            982 GH115.hmm            -            697  8.3e-235  785.9   0.1   1   1  2.3e-230  8.6e-227  759.5   0.8     3   593    38   668    36   784 0.91 [190263/366/1]
190263/552/1.f:EMALNL_03965 -           1021 GH115.hmm            -            697  3.2e-234  784.0   0.8   1   2  1.5e-218  5.5e-215  720.4   2.2     2   584    68   705    67   799 0.93 [190263/552/1]
190263/552/1.f:EMALNL_03965 -           1021 GH115.hmm            -            697  3.2e-234  784.0   0.8   2   2   8.2e-19     3e-15   60.2   0.0    78   314   811  1007   802  1010 0.87 [190263/552/1]
190263/562/1.f:KJGNCK_06490 -            984 GH115.hmm            -            697  9.3e-233  779.2   0.6   1   2  3.8e-217  1.4e-213  715.8   1.7     2   582    31   666    30   761 0.95 [190263/562/1]
190263/562/1.f:KJGNCK_06490 -            984 GH115.hmm            -            697  9.3e-233  779.2   0.6   2   2   7.7e-19   2.9e-15   60.3   0.0    78   314   774   970   765   973 0.87 [190263/562/1]
190263/399/1.f:CDLIDF_04540 -            783 GH115.hmm            -            697  1.1e-232  778.9   0.1   1   1  3.5e-236  1.3e-232  778.7   0.1     6   697    26   776    21   776 0.95 [190263/399/1]
190263/534/1.f:OHCFJE_01215 -            780 GH115.hmm            -            697  1.6e-231  775.1   5.0   1   1  5.1e-235  1.9e-231  774.9   5.0     7   697    25   774    20   774 0.95 [190263/534/1]
190263/366/1.f:DBJPFP_01320 -            983 GH115.hmm            -            697  5.3e-229  766.8   0.0   1   1  1.1e-216  3.9e-213  714.3   0.0     4   576    35   661    32   679 0.98 [190263/366/1]
190263/391/1.f:NONBJF_09635 -            768 GH115.hmm            -            697    7e-226  756.4   1.9   1   1  2.1e-229    8e-226  756.3   1.9     3   697    19   761    17   761 0.95 [190263/391/1]
190263/545/1.f:NCJBIN_10455 -            768 GH115.hmm            -            697    7e-226  756.4   1.9   1   1  2.1e-229    8e-226  756.3   1.9     3   697    19   761    17   761 0.95 [190263/545/1]
190263/562/1.f:KJGNCK_06865 -            841 GH115.hmm            -            697  4.1e-224  750.6   0.6   1   1  1.4e-227  5.1e-224  750.3   0.6     3   697    22   826    21   826 0.93 [190263/562/1]
190263/391/1.f:NONBJF_04430 -            860 GH115.hmm            -            697  7.1e-224  749.8   0.0   1   1  2.2e-227  8.2e-224  749.6   0.0     2   697    40   841    39   841 0.94 [190263/391/1]
190263/534/1.f:OHCFJE_07790 -            860 GH115.hmm            -            697  8.4e-224  749.6   0.0   1   1  2.6e-227  9.6e-224  749.4   0.0     2   697    40   841    39   841 0.94 [190263/534/1]
190263/545/1.f:NCJBIN_05095 -            860 GH115.hmm            -            697  8.4e-224  749.6   0.0   1   1  2.6e-227  9.6e-224  749.4   0.0     2   697    40   841    39   841 0.94 [190263/545/1]
190263/391/1.f:NONBJF_16775 -            856 GH115.hmm            -            697    1e-223  749.3   3.7   1   1  3.2e-227  1.2e-223  749.1   3.7     2   697    21   835    20   835 0.92 [190263/391/1]
190263/520/1.f:GGDGDE_05920 -            952 GH115.hmm            -            697  6.8e-218  730.0   0.0   1   1  2.2e-216  8.1e-213  713.3   0.2     5   589     4   635     1   734 0.95 [190263/520/1]
190263/595/1.f:HGDLEC_02750 -            763 GH115.hmm            -            697  7.6e-212  710.0   0.0   1   1  2.3e-215  8.7e-212  709.9   0.0     3   697    19   758    17   758 0.95 [190263/595/1]
190263/520/1.f:GGDGDE_19800 -            949 GH115.hmm            -            697  2.3e-211  708.5   0.1   1   1  5.1e-211  1.9e-207  695.5   0.1     4   599     3   652     1   746 0.91 [190263/520/1]
190263/580/1.f:JCPJNN_22815 -           1216 GH115.hmm            -            697  7.1e-188  630.8   0.0   1   1  1.6e-190  5.9e-187  627.8   0.0     2   696     5   924     4   925 0.86 [190263/580/1]
190263/409/1.f:AJJCMD_17545 -           1131 GH115.hmm            -            697  7.5e-186  624.1   0.0   1   1  3.7e-189  1.4e-185  623.3   0.0     7   692     6   867     2   872 0.89 [190263/409/1]
190263/580/1.f:JCPJNN_00950 -           1140 GH115.hmm            -            697  1.9e-183  616.2   0.0   1   1  2.9e-186  1.1e-182  613.7   0.0     7   690     5   882     3   887 0.86 [190263/580/1]
190263/546/1.f:GEHMID_03105 -            975 GH115.hmm            -            697  3.6e-182  612.0   0.0   1   1    4e-185  1.5e-181  609.9   0.0     8   597     7   682     3   952 0.81 [190263/546/1]
190263/409/1.f:AJJCMD_17260 -            686 GH115.hmm            -            697   9.1e-76  260.3   0.5   1   1   3.2e-79   1.2e-75  259.9   0.5    21   462    19   466     4   616 0.82 [190263/409/1]
190263/409/1.f:AJJCMD_02030 -            687 GH115.hmm            -            697   8.8e-75  257.0   0.1   1   1   3.7e-78   1.4e-74  256.4   0.1    21   434    19   429     4   458 0.86 [190263/409/1]
190263/552/1.f:EMALNL_01570 -            232 GH115.hmm            -            697   4.5e-70  241.5   0.0   1   1   1.5e-73   5.5e-70  241.2   0.0     2   185    36   230    35   230 0.99 [190263/552/1]
190263/460/1.f:IHFGKI_00160 -            710 GH115.hmm            -            697   1.8e-65  226.2   2.1   1   2   3.3e-27   1.2e-23   88.0   0.2    22   209    60   241    43   266 0.80 [190263/460/1]
190263/460/1.f:IHFGKI_00160 -            710 GH115.hmm            -            697   1.8e-65  226.2   2.1   2   2   2.4e-42   8.9e-39  138.0   0.1   384   697   314   693   307   693 0.82 [190263/460/1]
190263/456/1.f:LKAJBD_02825 -            689 GH115.hmm            -            697   5.5e-47  165.2   0.3   1   1   4.7e-50   1.7e-46  163.5   0.3    11   553    31   653    24   675 0.82 [190263/456/1]
190263/502/1.f:NONHGB_05945 -            175 GH115.hmm            -            697     3e-15   60.3   0.0   1   1   9.1e-19   3.4e-15   60.1   0.0    90   314     3   162     1   172 0.91 [190263/502/1]
#
# Program:         hmmsearch
# Version:         3.3.2 (Nov 2020)
# Pipeline mode:   SEARCH
# Query file:      /kb/module/work/tmp/output.1725388484971/GH115/GH115.hmm
# Target file:     /kb/module/work/tmp/output.1725388484971/hCom2_RAST.fasta
# Option settings: /kb/module/hmmer/bin/hmmsearch --domtblout /kb/module/work/tmp/output.1725388484971/GH115/GH115-hCom2_RAST.hitout.txt --noali --notextw --domE 1e-15 /kb/module/work/tmp/output.1725388484971/GH115/GH115.hmm /kb/module/work/tmp/output.1725388484971/hCom2_RAST.fasta 
# Current dir:     /kb/module/work/tmp/output.1725388484971
# Date:            Tue Sep  3 18:55:36 2024
# [ok]
