#                                                                                   --- full sequence --- -------------- this domain -------------   hmm coord   ali coord   env coord
# target name               accession   tlen query name           accession   qlen   E-value  score  bias   #  of  c-Evalue  i-Evalue  score  bias  from    to  from    to  from    to  acc description of target
#       ------------------- ---------- ----- -------------------- ---------- ----- --------- ------ ----- --- --- --------- --------- ------ ----- ----- ----- ----- ----- ----- ----- ---- ---------------------
190263/488/1.f:DNPFAC_02245 -            599 GH123.hmm            -            538  1.2e-243  813.7   5.3   1   1  3.5e-247  1.4e-243  813.5   5.3     4   538    60   598    57   598 0.99 [190263/488/1]
190263/417/1.f:MHBJAE_01905 -            599 GH123.hmm            -            538  1.3e-243  813.7   3.5   1   1  3.6e-247  1.5e-243  813.5   3.5     4   538    60   598    57   598 0.99 [190263/417/1]
190263/504/1.f:DOAHDM_03170 -            598 GH123.hmm            -            538  5.1e-242  808.4   0.9   1   1  1.5e-245  5.9e-242  808.2   0.9     3   537    59   596    57   597 0.99 [190263/504/1]
190263/401/1.f:DMFJNH_02370 -            598 GH123.hmm            -            538  9.2e-242  807.6   0.8   1   1  2.6e-245    1e-241  807.4   0.8     3   537    59   596    57   597 0.99 [190263/401/1]
190263/475/1.f:MCKEEP_03110 -            598 GH123.hmm            -            538  1.9e-241  806.6   0.3   1   1  5.2e-245  2.1e-241  806.4   0.3     3   538    59   597    57   597 0.99 [190263/475/1]
190263/404/1.f:BGJBIG_01965 -            598 GH123.hmm            -            538  2.8e-241  806.0   2.0   1   1    8e-245  3.2e-241  805.8   2.0     3   538    59   597    57   597 0.99 [190263/404/1]
190263/573/1.f:LIDFCI_20475 -            598 GH123.hmm            -            538  3.9e-241  805.5   0.4   1   1  1.1e-244  4.5e-241  805.3   0.4     3   538    59   597    57   597 0.99 [190263/573/1]
190263/562/1.f:KJGNCK_07990 -            598 GH123.hmm            -            538  4.4e-241  805.3   0.7   1   1  1.2e-244    5e-241  805.2   0.7     3   538    59   597    57   597 0.99 [190263/562/1]
190263/552/1.f:EMALNL_03025 -            598 GH123.hmm            -            538  5.6e-241  805.0   0.8   1   1  1.6e-244  6.3e-241  804.8   0.8     3   538    59   597    57   597 0.99 [190263/552/1]
190263/388/1.f:FDDJJK_11315 -            582 GH123.hmm            -            538  1.2e-235  787.4   7.1   1   1  3.3e-239  1.3e-235  787.2   7.1     3   537    43   580    41   581 0.98 [190263/388/1]
190263/391/1.f:NONBJF_11505 -            582 GH123.hmm            -            538  4.4e-235  785.5   8.0   1   1  1.2e-238    5e-235  785.3   8.0     3   537    43   580    41   581 0.98 [190263/391/1]
190263/534/1.f:OHCFJE_11765 -            582 GH123.hmm            -            538  1.1e-234  784.2   8.0   1   1  3.2e-238  1.3e-234  784.0   8.0     3   537    43   580    41   581 0.98 [190263/534/1]
190263/545/1.f:NCJBIN_12605 -            582 GH123.hmm            -            538  1.1e-234  784.2   8.0   1   1  3.2e-238  1.3e-234  784.0   8.0     3   537    43   580    41   581 0.98 [190263/545/1]
190263/502/1.f:NONHGB_11260 -            582 GH123.hmm            -            538  1.2e-231  774.2   2.9   1   1  3.7e-235  1.5e-231  773.9   2.9     5   537    45   580    42   581 0.99 [190263/502/1]
190263/516/1.f:MGNFBC_12565 -            591 GH123.hmm            -            538    8e-228  761.6   6.3   1   1  2.3e-231  9.1e-228  761.4   6.3     4   537    51   589    48   590 0.98 [190263/516/1]
190263/368/1.f:HPMDBE_13610 -            591 GH123.hmm            -            538    2e-227  760.2   6.2   1   1  5.7e-231  2.3e-227  760.1   6.2     4   537    51   589    48   590 0.98 [190263/368/1]
190263/379/1.f:LOJHAC_15080 -            591 GH123.hmm            -            538  1.2e-225  754.4   7.2   1   1  3.3e-229  1.3e-225  754.2   7.2     4   537    51   589    48   590 0.98 [190263/379/1]
190263/365/1.f:JJMMAK_12165 -            591 GH123.hmm            -            538  4.4e-221  739.3   7.8   1   1  1.2e-224    5e-221  739.1   7.8     3   537    50   589    48   590 0.98 [190263/365/1]
190263/497/1.f:HENFFC_13640 -            591 GH123.hmm            -            538  4.5e-220  736.0   5.2   1   1  1.3e-223  5.1e-220  735.8   5.2     3   537    50   589    48   590 0.98 [190263/497/1]
190263/399/1.f:CDLIDF_17120 -            589 GH123.hmm            -            538  1.1e-218  731.3   1.8   1   1  3.3e-222  1.3e-218  731.2   1.8     5   537    49   587    45   588 0.97 [190263/399/1]
190263/404/1.f:BGJBIG_09460 -            584 GH123.hmm            -            538  4.4e-214  716.2   4.0   1   1  1.3e-217  5.4e-214  715.9   4.0     6   537    45   582    41   583 0.98 [190263/404/1]
190263/585/1.f:DLBDDB_07010 -            604 GH123.hmm            -            538  1.2e-205  688.4   1.8   1   1  3.4e-209  1.4e-205  688.2   1.8     5   537    66   602    63   603 0.98 [190263/585/1]
190263/516/1.f:MGNFBC_08805 -            607 GH123.hmm            -            538  1.9e-202  677.8   0.7   1   1  5.5e-206  2.2e-202  677.6   0.7     4   537    59   599    56   600 0.98 [190263/516/1]
190263/379/1.f:LOJHAC_05665 -            607 GH123.hmm            -            538  3.2e-202  677.1   0.9   1   1  9.4e-206  3.8e-202  676.8   0.9     4   537    59   599    56   600 0.98 [190263/379/1]
190263/368/1.f:HPMDBE_03215 -            607 GH123.hmm            -            538  4.5e-202  676.6   0.8   1   1  1.3e-205  5.3e-202  676.3   0.8     4   537    59   599    56   600 0.98 [190263/368/1]
190263/366/1.f:DBJPFP_04020 -            589 GH123.hmm            -            538  8.4e-193  646.0   0.0   1   1  2.4e-196  9.6e-193  645.8   0.0     4   537    52   585    49   586 0.95 [190263/366/1]
190263/506/1.f:IKGMED_04150 -            712 GH123.hmm            -            538  1.2e-192  645.5   0.0   1   1  3.7e-196  1.5e-192  645.1   0.0     4   538   186   706   183   706 0.98 [190263/506/1]
190263/446/1.f:LHJMMB_07880 -            590 GH123.hmm            -            538  7.7e-192  642.8   0.0   1   1  2.2e-195  8.8e-192  642.6   0.0     3   534    53   583    51   587 0.95 [190263/446/1]
190263/438/1.f:IKAFOJ_05050 -           1963 GH123.hmm            -            538    1e-162  546.7   1.7   1   1  5.6e-166  2.3e-162  545.6   1.7     4   537   405   970   403   971 0.94 [190263/438/1]
190263/421/1.f:PBKEAC_03515 -            466 GH123.hmm            -            538  3.5e-159  535.0   0.0   1   1  9.9e-163    4e-159  534.8   0.0     7   423    52   466    47   466 0.98 [190263/421/1]
190263/512/1.f:JBCLGH_02535 -           2154 GH123.hmm            -            538  1.8e-158  532.7   7.8   1   1  7.9e-162  3.2e-158  531.9   7.8     3   536   402   968   400   970 0.93 [190263/512/1]
190263/406/1.f:DKNBGD_16125 -            728 GH123.hmm            -            538  2.2e-158  532.4   3.6   1   1  8.4e-162  3.4e-158  531.8   3.6    11   523    45   576    36   601 0.93 [190263/406/1]
190263/560/1.f:OAGBLH_10770 -            853 GH123.hmm            -            538  2.4e-157  529.0   6.8   1   1  7.8e-161  3.1e-157  528.6   6.8     4   533   149   708   146   713 0.93 [190263/560/1]
190263/438/1.f:IKAFOJ_09245 -           1319 GH123.hmm            -            538  1.5e-154  519.8  14.9   1   1  7.3e-158  2.9e-154  518.8  14.9     8   534   405   978   399   982 0.93 [190263/438/1]
190263/560/1.f:OAGBLH_01910 -            809 GH123.hmm            -            538  2.8e-147  495.8  13.2   1   1  6.9e-151  2.8e-147  495.8  13.2    18   521    51   592    35   607 0.94 [190263/560/1]
190263/512/1.f:JBCLGH_10365 -           1129 GH123.hmm            -            538  1.3e-146  493.6  14.6   1   1  6.7e-150  2.7e-146  492.5  14.6    18   523   421   964   407   983 0.93 [190263/512/1]
190263/557/1.f:DOLMEB_08890 -            836 GH123.hmm            -            538  2.1e-119  403.8   1.9   1   1    7e-123  2.8e-119  403.3   1.9    19   515    16   534     3   563 0.88 [190263/557/1]
190263/583/1.f:BCCKNC_08845 -            566 GH123.hmm            -            538   1.1e-47  167.1   0.1   1   2   6.7e-16   2.7e-12   50.3   0.0    32   214    52   235    42   248 0.77 [190263/583/1]
190263/583/1.f:BCCKNC_08845 -            566 GH123.hmm            -            538   1.1e-47  167.1   0.1   2   2   2.6e-35     1e-31  114.3   0.4   246   502   253   533   247   546 0.82 [190263/583/1]
190263/421/1.f:PBKEAC_03520 -            112 GH123.hmm            -            538   1.2e-38  137.2   0.2   1   1   3.3e-42   1.3e-38  137.1   0.2   425   537     1   110     1   111 0.94 [190263/421/1]
190263/447/1.f:OLODHC_00575 -            562 GH123.hmm            -            538   3.5e-37  132.4   0.0   1   1   1.2e-40   4.7e-37  132.0   0.0    93   498    95   519    61   530 0.79 [190263/447/1]
190263/421/1.f:PBKEAC_12385 -            573 GH123.hmm            -            538   3.8e-37  132.3   0.0   1   2   3.7e-17   1.5e-13   54.4   0.0    34   219    59   243    52   252 0.88 [190263/421/1]
190263/421/1.f:PBKEAC_12385 -            573 GH123.hmm            -            538   3.8e-37  132.3   0.0   2   2   1.5e-23     6e-20   75.5   0.0   252   516   262   552   253   572 0.73 [190263/421/1]
190263/409/1.f:AJJCMD_17175 -            553 GH123.hmm            -            538   1.8e-36  130.1   0.0   1   1   5.8e-40   2.3e-36  129.7   0.0    74   499    68   510    29   547 0.78 [190263/409/1]
190263/363/1.f:CIHHOC_11775 -            171 GH123.hmm            -            538   2.6e-36  129.5   0.0   1   1   7.3e-40   2.9e-36  129.3   0.0   313   469     2   170     1   171 0.88 [190263/363/1]
190263/366/1.f:DBJPFP_05245 -            573 GH123.hmm            -            538   1.6e-35  126.9   0.0   1   2   1.4e-16   5.6e-13   52.5   0.0    34   219    59   243    52   252 0.87 [190263/366/1]
190263/366/1.f:DBJPFP_05245 -            573 GH123.hmm            -            538   1.6e-35  126.9   0.0   2   2   1.7e-22   6.9e-19   72.0   0.0   292   516   310   552   253   572 0.73 [190263/366/1]
190263/446/1.f:LHJMMB_05285 -            573 GH123.hmm            -            538   3.6e-35  125.7   0.0   1   2   3.1e-16   1.2e-12   51.4   0.0    34   219    59   243    52   252 0.87 [190263/446/1]
190263/446/1.f:LHJMMB_05285 -            573 GH123.hmm            -            538   3.6e-35  125.7   0.0   2   2   1.7e-22   6.9e-19   72.0   0.0   292   516   310   552   253   572 0.73 [190263/446/1]
190263/583/1.f:BCCKNC_17600 -            764 GH123.hmm            -            538   7.8e-34  121.3   7.4   1   2     2e-19   8.1e-16   61.9   0.0    19   172    62   208    45   216 0.89 [190263/583/1]
190263/583/1.f:BCCKNC_17600 -            764 GH123.hmm            -            538   7.8e-34  121.3   7.4   2   2   2.1e-17   8.3e-14   55.2   5.7   300   518   471   734   458   761 0.79 [190263/583/1]
190263/447/1.f:OLODHC_12010 -            551 GH123.hmm            -            538   8.2e-34  121.3   0.0   1   1   2.8e-37   1.1e-33  120.8   0.0    29   497    30   508    12   546 0.76 [190263/447/1]
190263/549/1.f:CNBDFB_02620 -            557 GH123.hmm            -            538   5.6e-33  118.5   0.0   1   1   1.9e-36   7.5e-33  118.1   0.0   100   516    94   526    49   549 0.77 [190263/549/1]
190263/409/1.f:AJJCMD_28150 -            554 GH123.hmm            -            538   5.2e-32  115.3   0.0   1   1     2e-35   8.1e-32  114.7   0.0    35   532    31   547    19   552 0.79 [190263/409/1]
190263/390/1.f:OLPOLE_13575 -            679 GH123.hmm            -            538   8.1e-32  114.7   5.5   1   2   3.5e-16   1.4e-12   51.2   0.1    26   184    49   202    29   250 0.86 [190263/390/1]
190263/390/1.f:OLPOLE_13575 -            679 GH123.hmm            -            538   8.1e-32  114.7   5.5   2   2   3.7e-20   1.5e-16   64.3   2.4   246   502   266   545   262   573 0.74 [190263/390/1]
190263/546/1.f:GEHMID_08325 -            566 GH123.hmm            -            538   7.5e-31  111.5   0.0   1   1   2.5e-34     1e-30  111.1   0.0   102   503    91   522    10   556 0.79 [190263/546/1]
190263/537/1.f:AHPNMI_07670 -            559 GH123.hmm            -            538   9.6e-30  107.8   0.0   1   1   3.6e-33   1.5e-29  107.2   0.0    76   498    71   510    51   545 0.77 [190263/537/1]
190263/375/1.f:CNGHJF_20600 -            552 GH123.hmm            -            538   2.9e-28  102.9   0.0   1   1   1.2e-31     5e-28  102.2   0.0    77   515    71   524    50   550 0.74 [190263/375/1]
190263/452/1.f:PEIHBN_14240 -            558 GH123.hmm            -            538   3.5e-28  102.7   0.1   1   1   1.2e-31   4.8e-28  102.3   0.1    73   500    70   514    36   554 0.76 [190263/452/1]
190263/580/1.f:JCPJNN_28755 -            561 GH123.hmm            -            538   5.3e-27   98.8   0.0   1   1   2.6e-30     1e-26   97.8   0.0   106   515    97   530    91   554 0.79 [190263/580/1]
190263/409/1.f:AJJCMD_03315 -            552 GH123.hmm            -            538   5.5e-23   85.5   0.0   1   1   2.6e-26     1e-22   84.6   0.0   106   523    98   534    84   551 0.77 [190263/409/1]
190263/390/1.f:OLPOLE_13985 -            571 GH123.hmm            -            538   9.5e-22   81.5   0.0   1   1   2.3e-24   9.4e-21   78.2   0.0    31   488    28   517    13   534 0.74 [190263/390/1]
#
# Program:         hmmsearch
# Version:         3.3.2 (Nov 2020)
# Pipeline mode:   SEARCH
# Query file:      /kb/module/work/tmp/output.1725388484971/GH123/GH123.hmm
# Target file:     /kb/module/work/tmp/output.1725388484971/hCom2_RAST.fasta
# Option settings: /kb/module/hmmer/bin/hmmsearch --domtblout /kb/module/work/tmp/output.1725388484971/GH123/GH123-hCom2_RAST.hitout.txt --noali --notextw --domE 1e-15 /kb/module/work/tmp/output.1725388484971/GH123/GH123.hmm /kb/module/work/tmp/output.1725388484971/hCom2_RAST.fasta 
# Current dir:     /kb/module/work/tmp/output.1725388484971
# Date:            Tue Sep  3 18:55:53 2024
# [ok]
