#                                                                                   --- full sequence --- -------------- this domain -------------   hmm coord   ali coord   env coord
# target name               accession   tlen query name           accession   qlen   E-value  score  bias   #  of  c-Evalue  i-Evalue  score  bias  from    to  from    to  from    to  acc description of target
#       ------------------- ---------- ----- -------------------- ---------- ----- --------- ------ ----- --- --- --------- --------- ------ ----- ----- ----- ----- ----- ----- ----- ---- ---------------------
190263/576/1.f:FNMBCG_14575 -            609 GH13_4.hmm           -            400  8.9e-182  608.7   0.0   1   1  1.9e-184  1.1e-181  608.4   0.0     1   400    80   477    80   477 1.00 [190263/576/1]
190263/527/1.f:HGADJN_01360 -            605 GH13_4.hmm           -            400  4.9e-175  586.5   0.0   1   1  1.1e-177  6.2e-175  586.1   0.0     1   400    85   482    85   482 1.00 [190263/527/1]
190263/420/1.f:GMHOLO_01245 -            605 GH13_4.hmm           -            400  8.6e-175  585.7   0.0   1   1  1.9e-177  1.1e-174  585.4   0.0     1   400    85   482    85   482 1.00 [190263/420/1]
190263/409/1.f:AJJCMD_00170 -            628 GH13_4.hmm           -            400  8.7e-173  579.1   0.0   1   1  1.9e-175  1.1e-172  578.8   0.0     1   400    81   478    81   478 0.99 [190263/409/1]
190263/546/1.f:GEHMID_12200 -            622 GH13_4.hmm           -            400  1.2e-171  575.4   0.0   1   1  2.5e-174  1.4e-171  575.1   0.0     1   400    90   487    90   487 0.99 [190263/546/1]
190263/384/1.f:CDKGIA_19560 -            614 GH13_4.hmm           -            400  7.1e-171  572.8   0.0   1   1  1.6e-173  9.3e-171  572.4   0.0     1   400    80   477    80   477 0.99 [190263/384/1]
190263/478/1.f:BOCJFA_00930 -            611 GH13_4.hmm           -            400  7.8e-171  572.6   0.0   1   1  1.8e-173    1e-170  572.3   0.0     1   400    81   478    81   478 0.99 [190263/478/1]
190263/433/1.f:ADFNDI_04815 -            730 GH13_4.hmm           -            400  1.9e-170  571.4   0.0   1   1  4.2e-173  2.4e-170  571.0   0.0     1   400   197   594   197   594 0.99 [190263/433/1]
190263/549/1.f:CNBDFB_11595 -            622 GH13_4.hmm           -            400  1.1e-169  568.9   0.0   1   1  2.4e-172  1.4e-169  568.5   0.0     1   400    83   480    83   480 0.99 [190263/549/1]
190263/472/1.f:NMGHJI_14085 -            743 GH13_4.hmm           -            400  2.5e-169  567.7   0.0   1   1  5.6e-172  3.1e-169  567.4   0.0     1   400   211   608   211   608 0.99 [190263/472/1]
190263/443/1.f:LNLACP_05295 -            749 GH13_4.hmm           -            400  7.8e-169  566.0   0.0   1   1    2e-171  1.1e-168  565.5   0.0     1   400   215   613   215   613 0.99 [190263/443/1]
190263/507/1.f:KPMKPI_15040 -            616 GH13_4.hmm           -            400  1.4e-168  565.2   0.0   1   1  1.5e-170  8.3e-168  562.7   0.0     1   400    86   483    86   483 0.99 [190263/507/1]
190263/433/1.f:ADFNDI_16890 -            659 GH13_4.hmm           -            400  4.4e-168  563.6   0.1   1   1  1.1e-170  6.1e-168  563.1   0.1     1   400   128   525   128   525 0.99 [190263/433/1]
190263/513/1.f:MKNBNH_04430 -            616 GH13_4.hmm           -            400    1e-167  562.4   0.0   1   1  2.3e-170  1.3e-167  562.0   0.0     1   400    87   484    87   484 0.99 [190263/513/1]
190263/455/1.f:GDGJDA_03815 -            611 GH13_4.hmm           -            400  1.7e-165  555.0   0.0   1   1  3.9e-168  2.2e-165  554.7   0.0     1   400    81   478    81   478 0.99 [190263/455/1]
190263/447/1.f:OLODHC_03835 -            613 GH13_4.hmm           -            400  6.8e-165  553.1   0.0   1   1  1.4e-167  8.1e-165  552.8   0.0     1   400    84   481    84   481 0.99 [190263/447/1]
190263/478/1.f:BOCJFA_13630 -            714 GH13_4.hmm           -            400   4.7e-64  221.0   0.0   1   1   1.6e-61     9e-59  203.6   0.0   153   400   341   579   340   579 0.99 [190263/478/1]
190263/363/1.f:CIHHOC_15755 -            564 GH13_4.hmm           -            400   2.8e-52  182.2   0.0   1   1   1.2e-53   6.9e-51  177.7   0.0    15   295    80   344    68   357 0.91 [190263/363/1]
190263/406/1.f:DKNBGD_03620 -            582 GH13_4.hmm           -            400   6.6e-51  177.7   0.0   1   1   1.7e-53   9.4e-51  177.2   0.0    57   400   115   443   109   443 0.93 [190263/406/1]
190263/370/1.f:MFKGBO_21105 -            550 GH13_4.hmm           -            400     4e-47  165.3   0.6   1   1   2.4e-46   1.3e-43  153.7   0.2     2   186    26   203    25   208 0.93 [190263/370/1]
190263/409/1.f:AJJCMD_03115 -            560 GH13_4.hmm           -            400   1.8e-46  163.1   0.0   1   1   5.1e-48   2.9e-45  159.2   0.0    19   299    83   347    73   364 0.92 [190263/409/1]
190263/382/1.f:JACGKO_02195 -            543 GH13_4.hmm           -            400   4.9e-46  161.7   1.3   1   1   6.2e-46   3.5e-43  152.3   0.3     2   186    25   202    24   209 0.94 [190263/382/1]
190263/514/1.f:MMHOAN_12710 -            542 GH13_4.hmm           -            400   6.5e-46  161.3   0.1   1   1   3.2e-45   1.8e-42  149.9   0.1     2   205    32   230    31   237 0.92 [190263/514/1]
190263/363/1.f:CIHHOC_04800 -            542 GH13_4.hmm           -            400   7.8e-45  157.7   0.3   1   1   9.5e-45   5.4e-42  148.4   0.1     2   206    31   230    30   276 0.88 [190263/363/1]
190263/409/1.f:AJJCMD_25500 -            555 GH13_4.hmm           -            400   1.2e-44  157.1   0.9   1   1   2.3e-44   1.3e-41  147.1   0.8     2   186    26   203    25   212 0.93 [190263/409/1]
190263/455/1.f:GDGJDA_14820 -            543 GH13_4.hmm           -            400   1.9e-44  156.5   0.4   1   1   3.3e-44   1.9e-41  146.6   0.1     2   207    30   230    29   318 0.85 [190263/455/1]
190263/384/1.f:CDKGIA_03450 -            548 GH13_4.hmm           -            400   4.5e-44  155.2   0.1   1   1   5.4e-44     3e-41  145.9   0.1     2   186    26   203    25   207 0.94 [190263/384/1]
190263/586/1.f:KBDCAC_04650 -            560 GH13_4.hmm           -            400   5.5e-44  154.9   0.3   1   1   6.7e-45   3.7e-42  148.9   0.3     2   187    26   204    25   213 0.90 [190263/586/1]
190263/541/1.f:IDEEIE_03910 -            541 GH13_4.hmm           -            400   6.5e-44  154.7   0.1   1   1   5.7e-43   3.2e-40  142.5   0.0     2   206    30   229    29   274 0.90 [190263/541/1]
190263/425/1.f:HPANHD_03210 -            554 GH13_4.hmm           -            400   1.7e-43  153.4   0.1   1   1   2.3e-42   1.3e-39  140.5   0.1     2   187    27   207    26   217 0.91 [190263/425/1]
190263/375/1.f:CNGHJF_16955 -            552 GH13_4.hmm           -            400   3.9e-43  152.1   0.3   1   1   1.7e-42   9.7e-40  141.0   0.2     2   186    26   203    25   212 0.92 [190263/375/1]
190263/530/1.f:LBOGMJ_11355 -            566 GH13_4.hmm           -            400   5.6e-43  151.6   0.8   1   1   2.1e-42   1.2e-39  140.7   0.2     2   188    36   216    35   219 0.92 [190263/530/1]
190263/363/1.f:CIHHOC_02445 -            551 GH13_4.hmm           -            400   8.2e-43  151.1   0.2   1   1     5e-43   2.8e-40  142.7   0.2     2   187    26   205    25   269 0.93 [190263/363/1]
190263/423/1.f:PDNKFB_07745 -            541 GH13_4.hmm           -            400   1.4e-42  150.3   0.1   1   1   3.4e-42   1.9e-39  140.0   0.0     2   189    32   213    31   225 0.92 [190263/423/1]
190263/452/1.f:PEIHBN_10935 -            559 GH13_4.hmm           -            400   2.2e-42  149.7   1.6   1   1   4.3e-43   2.4e-40  142.9   0.2     2   187    29   204    28   210 0.92 [190263/452/1]
190263/425/1.f:HPANHD_02620 -            541 GH13_4.hmm           -            400   2.2e-42  149.6   0.1   1   1   5.8e-43   3.3e-40  142.5   0.0     2   207    28   228    27   265 0.90 [190263/425/1]
190263/586/1.f:KBDCAC_00925 -            570 GH13_4.hmm           -            400   2.3e-42  149.6   0.2   1   1   9.3e-43   5.2e-40  141.8   0.1     2   186    27   205    26   210 0.91 [190263/586/1]
190263/447/1.f:OLODHC_03105 -            539 GH13_4.hmm           -            400     5e-42  148.5   0.0   1   1   1.3e-41   7.1e-39  138.1   0.0     2   206    28   227    27   270 0.86 [190263/447/1]
190263/512/1.f:JBCLGH_07570 -            562 GH13_4.hmm           -            400   5.9e-42  148.2   0.2   1   1     3e-41   1.7e-38  136.8   0.1     2   187    30   205    29   209 0.92 [190263/512/1]
190263/516/1.f:MGNFBC_04840 -            588 GH13_4.hmm           -            400   1.3e-41  147.1   0.1   1   1   5.5e-42   3.1e-39  139.3   0.1     2   187    43   223    42   247 0.93 [190263/516/1]
190263/472/1.f:NMGHJI_04910 -            559 GH13_4.hmm           -            400     3e-41  145.9   0.9   1   1   3.2e-41   1.8e-38  136.8   0.5     2   188    28   209    27   296 0.91 [190263/472/1]
190263/523/1.f:MDNHKG_08680 -            568 GH13_4.hmm           -            400   3.5e-41  145.7   0.1   1   1     3e-42   1.7e-39  140.2   0.1     2   188    38   219    37   227 0.93 [190263/523/1]
190263/507/1.f:KPMKPI_12330 -            554 GH13_4.hmm           -            400   5.7e-41  145.0   1.5   1   1   2.2e-41   1.2e-38  137.3   0.7     2   187    28   207    27   210 0.90 [190263/507/1]
190263/452/1.f:PEIHBN_09925 -            552 GH13_4.hmm           -            400     6e-41  144.9   0.8   1   1   1.2e-41   6.9e-39  138.1   0.3     2   187    28   207    27   211 0.89 [190263/452/1]
190263/447/1.f:OLODHC_03415 -            554 GH13_4.hmm           -            400   6.8e-41  144.8   1.4   1   1   4.6e-41   2.6e-38  136.2   1.0     2   187    28   207    27   264 0.92 [190263/447/1]
190263/379/1.f:LOJHAC_03790 -            588 GH13_4.hmm           -            400   8.3e-41  144.5   0.0   1   1   2.5e-41   1.4e-38  137.1   0.1     2   187    43   223    42   247 0.93 [190263/379/1]
190263/520/1.f:GGDGDE_05590 -            557 GH13_4.hmm           -            400   8.4e-41  144.5   2.0   1   1   2.1e-41   1.2e-38  137.4   1.0     2   186    28   206    27   212 0.89 [190263/520/1]
190263/580/1.f:JCPJNN_28235 -            543 GH13_4.hmm           -            400   9.6e-41  144.3   0.0   1   1   1.7e-39   9.8e-37  131.1   0.0     2   206    31   230    30   276 0.84 [190263/580/1]
190263/448/1.f:IBJDOL_10285 -            559 GH13_4.hmm           -            400   1.3e-40  143.8   1.4   1   1   8.3e-41   4.7e-38  135.4   1.5     2   192    26   209    25   217 0.91 [190263/448/1]
190263/375/1.f:CNGHJF_04595 -            557 GH13_4.hmm           -            400   1.7e-40  143.4   0.4   1   1   1.4e-40   7.9e-38  134.7   0.3     2   189    27   208    26   211 0.90 [190263/375/1]
190263/429/1.f:OMPHBF_12730 -            589 GH13_4.hmm           -            400   2.9e-40  142.7   0.9   1   1   7.3e-41   4.1e-38  135.6   0.4     2   187    52   231    51   235 0.90 [190263/429/1]
190263/383/1.f:KCEMEB_04450 -            525 GH13_4.hmm           -            400   2.9e-40  142.7   0.0   1   1   2.9e-39   1.6e-36  130.3   0.0     2   187    28   207    27   219 0.92 [190263/383/1]
190263/433/1.f:ADFNDI_13085 -            556 GH13_4.hmm           -            400     3e-40  142.6   1.1   1   1   1.4e-40     8e-38  134.6   0.7     2   187    28   207    27   215 0.91 [190263/433/1]
190263/406/1.f:DKNBGD_12580 -            551 GH13_4.hmm           -            400   3.6e-40  142.4   0.0   1   1   2.9e-40   1.6e-37  133.6   0.0     2   189    26   208    25   220 0.90 [190263/406/1]
190263/474/1.f:AMDJJA_02480 -            604 GH13_4.hmm           -            400   3.6e-40  142.4   0.0   1   1   6.2e-41   3.5e-38  135.8   0.0     2   191    46   235    45   242 0.91 [190263/474/1]
190263/382/1.f:JACGKO_03265 -            561 GH13_4.hmm           -            400   4.3e-40  142.1   0.4   1   1   1.4e-40     8e-38  134.6   0.3     2   187    31   210    30   214 0.91 [190263/382/1]
190263/390/1.f:OLPOLE_06095 -            631 GH13_4.hmm           -            400   6.7e-40  141.5   0.3   1   1   2.9e-40   1.6e-37  133.6   0.2     2   187   109   288   108   297 0.90 [190263/390/1]
190263/448/1.f:IBJDOL_08635 -            554 GH13_4.hmm           -            400   6.9e-40  141.4   0.5   1   1   1.6e-40   9.1e-38  134.5   0.4     2   196    28   216    27   232 0.86 [190263/448/1]
190263/409/1.f:AJJCMD_00615 -            565 GH13_4.hmm           -            400   7.8e-40  141.3   0.2   1   1     2e-39   1.2e-36  130.8   0.1     2   186    28   207    27   212 0.88 [190263/409/1]
190263/557/1.f:DOLMEB_09075 -            560 GH13_4.hmm           -            400   1.1e-39  140.7   2.8   1   1   3.4e-40   1.9e-37  133.4   0.8     2   188    30   206    29   332 0.81 [190263/557/1]
190263/409/1.f:AJJCMD_08075 -            543 GH13_4.hmm           -            400   1.2e-39  140.7   0.0   1   1   1.1e-38   6.4e-36  128.4   0.0     2   205    34   232    33   239 0.90 [190263/409/1]
190263/478/1.f:BOCJFA_07705 -            558 GH13_4.hmm           -            400   1.4e-39  140.4   0.3   1   1   9.3e-40   5.2e-37  132.0   0.1     2   187    28   207    27   213 0.90 [190263/478/1]
190263/514/1.f:MMHOAN_03820 -            569 GH13_4.hmm           -            400   1.6e-39  140.3   0.2   1   1   1.2e-39   6.6e-37  131.6   0.1     2   207    28   228    27   268 0.89 [190263/514/1]
190263/474/1.f:AMDJJA_09650 -            608 GH13_4.hmm           -            400   1.6e-39  140.2   0.0   1   1   1.3e-40   7.2e-38  134.8   0.0     2   190    46   234    45   242 0.91 [190263/474/1]
190263/527/1.f:HGADJN_09155 -            602 GH13_4.hmm           -            400     2e-39  139.9   0.1   1   1   1.5e-40   8.6e-38  134.5   0.1     2   190    46   234    45   240 0.91 [190263/527/1]
190263/549/1.f:CNBDFB_11805 -            558 GH13_4.hmm           -            400   2.2e-39  139.8   0.1   1   1   2.2e-39   1.2e-36  130.7   0.1     2   189    28   209    27   214 0.89 [190263/549/1]
190263/458/1.f:AMPCAI_01140 -            559 GH13_4.hmm           -            400   2.5e-39  139.6   0.4   1   1   8.6e-40   4.9e-37  132.1   0.1     2   188    29   210    28   214 0.90 [190263/458/1]
190263/455/1.f:GDGJDA_15340 -            557 GH13_4.hmm           -            400   3.6e-39  139.1   0.9   1   1   3.6e-39     2e-36  130.0   0.3     2   187    28   207    27   279 0.90 [190263/455/1]
190263/584/1.f:DDCNLE_03835 -            557 GH13_4.hmm           -            400   4.2e-39  138.9   0.0   1   1   1.9e-38   1.1e-35  127.6   0.0     2   188    28   208    27   220 0.90 [190263/584/1]
190263/363/1.f:CIHHOC_11415 -            558 GH13_4.hmm           -            400   6.1e-39  138.3   0.5   1   1   3.7e-39   2.1e-36  130.0   0.2     2   188    27   208    26   215 0.89 [190263/363/1]
190263/495/1.f:ANKNCD_08970 -            565 GH13_4.hmm           -            400   6.1e-39  138.3   0.1   1   1   3.2e-38   1.8e-35  126.9   0.1     2   188    28   208    27   222 0.90 [190263/495/1]
190263/420/1.f:GMHOLO_08275 -            607 GH13_4.hmm           -            400   6.4e-39  138.2   0.1   1   1   4.9e-40   2.7e-37  132.9   0.1     2   191    46   235    45   243 0.89 [190263/420/1]
190263/375/1.f:CNGHJF_04955 -            539 GH13_4.hmm           -            400   6.7e-39  138.2   0.0   1   1   7.9e-39   4.4e-36  128.9   0.0     2   204    28   225    27   255 0.90 [190263/375/1]
190263/384/1.f:CDKGIA_00625 -            570 GH13_4.hmm           -            400   8.6e-39  137.8   1.8   1   1   2.1e-39   1.2e-36  130.8   0.4     2   187    30   209    29   212 0.90 [190263/384/1]
190263/580/1.f:JCPJNN_24345 -            560 GH13_4.hmm           -            400   1.6e-38  137.0   0.1   1   1   1.3e-38   7.2e-36  128.2   0.0     2   187    28   207    27   244 0.91 [190263/580/1]
190263/580/1.f:JCPJNN_03710 -            629 GH13_4.hmm           -            400   2.6e-38  136.2   3.2   1   1   1.2e-39     7e-37  131.5   0.1     2   189   112   297   111   307 0.89 [190263/580/1]
190263/526/1.f:GBBCGM_01410 -            561 GH13_4.hmm           -            400   2.7e-38  136.2   0.1   1   1     1e-38   5.7e-36  128.5   0.1     2   187    31   209    30   222 0.91 [190263/526/1]
190263/513/1.f:MKNBNH_04310 -            604 GH13_4.hmm           -            400   4.4e-38  135.5   3.6   1   1   4.9e-38   2.8e-35  126.3   2.2     2   235   133   361   132   384 0.91 [190263/513/1]
190263/527/1.f:HGADJN_09225 -            606 GH13_4.hmm           -            400   4.6e-38  135.4   0.3   1   1   3.4e-39   1.9e-36  130.1   0.3     2   189    46   233    45   238 0.91 [190263/527/1]
190263/584/1.f:DDCNLE_03830 -            556 GH13_4.hmm           -            400     6e-38  135.0   0.2   1   1   2.2e-38   1.3e-35  127.4   0.1     2   189    28   209    27   212 0.90 [190263/584/1]
190263/520/1.f:GGDGDE_20000 -            560 GH13_4.hmm           -            400   6.1e-38  135.0   0.7   1   1   7.7e-38   4.3e-35  125.6   0.6     2   187    29   208    28   211 0.90 [190263/520/1]
190263/382/1.f:JACGKO_00540 -            554 GH13_4.hmm           -            400   2.2e-37  133.2   0.0   1   1   9.7e-38   5.5e-35  125.3   0.0     2   186    29   208    28   214 0.96 [190263/382/1]
190263/375/1.f:CNGHJF_04990 -            554 GH13_4.hmm           -            400     3e-37  132.8   0.1   1   1   6.4e-37   3.6e-34  122.6   0.0     2   188    28   208    27   230 0.86 [190263/375/1]
190263/532/1.f:BGDBBA_06200 -            558 GH13_4.hmm           -            400   5.3e-37  131.9   0.8   1   1   1.4e-36   7.6e-34  121.5   0.3     2   187    28   207    27   211 0.89 [190263/532/1]
190263/580/1.f:JCPJNN_29355 -            566 GH13_4.hmm           -            400   5.9e-37  131.8   0.0   1   1     8e-37   4.5e-34  122.3   0.0     2   187    28   207    27   228 0.89 [190263/580/1]
190263/384/1.f:CDKGIA_15920 -            590 GH13_4.hmm           -            400   6.5e-37  131.6   0.0   1   1     4e-36   2.2e-33  120.0   0.0     2   188    38   216    37   226 0.87 [190263/384/1]
190263/540/1.f:BCGFLB_01175 -            585 GH13_4.hmm           -            400   8.6e-37  131.2   0.4   1   1   2.5e-37   1.4e-34  124.0   0.4     2   188    45   226    44   241 0.90 [190263/540/1]
190263/478/1.f:BOCJFA_01370 -            559 GH13_4.hmm           -            400   8.9e-37  131.2   0.4   1   1   2.7e-37   1.5e-34  123.9   0.2     2   187    27   207    26   211 0.89 [190263/478/1]
190263/513/1.f:MKNBNH_02055 -            565 GH13_4.hmm           -            400   9.7e-37  131.1   0.2   1   1   3.2e-37   1.8e-34  123.6   0.1     2   188    28   205    27   208 0.88 [190263/513/1]
190263/472/1.f:NMGHJI_04900 -            554 GH13_4.hmm           -            400     1e-36  131.0   0.1   1   1   4.5e-37   2.5e-34  123.1   0.0     2   187    28   207    27   228 0.87 [190263/472/1]
190263/546/1.f:GEHMID_11585 -            555 GH13_4.hmm           -            400   1.1e-36  130.9   0.1   1   1   1.5e-36   8.6e-34  121.4   0.0     2   187    28   207    27   211 0.90 [190263/546/1]
190263/409/1.f:AJJCMD_26280 -            550 GH13_4.hmm           -            400   1.7e-36  130.3   0.2   1   1   2.8e-37   1.6e-34  123.8   0.1     2   194    28   213    27   218 0.85 [190263/409/1]
190263/478/1.f:BOCJFA_10845 -            558 GH13_4.hmm           -            400   2.8e-36  129.6   0.0   1   1   1.3e-35     7e-33  118.4   0.0     2   188    28   209    27   229 0.88 [190263/478/1]
190263/406/1.f:DKNBGD_03735 -            567 GH13_4.hmm           -            400   3.2e-36  129.4   0.1   1   1   1.2e-35   6.7e-33  118.4   0.0     2   188    28   213    27   225 0.89 [190263/406/1]
190263/507/1.f:KPMKPI_03005 -            556 GH13_4.hmm           -            400     5e-36  128.7   0.5   1   1   1.6e-35   8.9e-33  118.0   0.1     2   188    28   209    27   218 0.86 [190263/507/1]
190263/425/1.f:HPANHD_03290 -            554 GH13_4.hmm           -            400   8.5e-36  128.0   0.5   1   1   1.7e-37   9.5e-35  124.5   0.1     2   189    27   209    26   216 0.90 [190263/425/1]
190263/423/1.f:PDNKFB_11910 -            541 GH13_4.hmm           -            400     9e-36  127.9   0.1   1   1   7.7e-36   4.3e-33  119.1   0.1     2   190    28   209    27   219 0.86 [190263/423/1]
190263/527/1.f:HGADJN_08895 -            586 GH13_4.hmm           -            400   1.2e-35  127.5   0.0   1   1   1.8e-36     1e-33  121.1   0.0     2   189    37   221    36   235 0.86 [190263/527/1]
190263/546/1.f:GEHMID_00295 -            565 GH13_4.hmm           -            400   1.8e-35  126.9   0.7   1   1   2.7e-36   1.5e-33  120.5   0.3     2   188    28   208    27   217 0.90 [190263/546/1]
190263/541/1.f:IDEEIE_02835 -            559 GH13_4.hmm           -            400   2.1e-35  126.7   1.7   1   1   1.2e-35   6.7e-33  118.4   1.4     2   187    27   207    26   215 0.88 [190263/541/1]
190263/409/1.f:AJJCMD_20400 -            565 GH13_4.hmm           -            400   3.3e-35  126.0   0.1   1   1     1e-34   5.7e-32  115.4   0.0     2   187    28   207    27   210 0.89 [190263/409/1]
190263/439/1.f:KGLJGB_07065 -            557 GH13_4.hmm           -            400   3.4e-35  126.0   0.1   1   1   4.4e-35   2.5e-32  116.6   0.1     2   188    28   208    27   230 0.89 [190263/439/1]
190263/455/1.f:GDGJDA_05900 -            561 GH13_4.hmm           -            400   5.1e-35  125.4   0.1   1   1   1.6e-34   9.1e-32  114.7   0.1     2   188    28   208    27   211 0.89 [190263/455/1]
190263/472/1.f:NMGHJI_16290 -            552 GH13_4.hmm           -            400     6e-35  125.2   0.1   1   1     2e-36   1.1e-33  121.0   0.1     2   192    30   215    29   277 0.88 [190263/472/1]
190263/531/1.f:KJIPPC_09425 -            557 GH13_4.hmm           -            400     1e-34  124.4   0.1   1   1   2.4e-34   1.4e-31  114.1   0.0     2   188    28   208    27   234 0.89 [190263/531/1]
190263/423/1.f:PDNKFB_07750 -            561 GH13_4.hmm           -            400   4.3e-34  122.3   0.1   1   1     1e-33   5.7e-31  112.1   0.1     2   188    28   208    27   221 0.90 [190263/423/1]
190263/433/1.f:ADFNDI_01880 -            557 GH13_4.hmm           -            400   4.8e-34  122.2   0.2   1   1   4.7e-34   2.6e-31  113.2   0.1     2   187    28   207    27   210 0.90 [190263/433/1]
190263/425/1.f:HPANHD_10085 -            559 GH13_4.hmm           -            400   1.6e-33  120.5   1.3   1   1   2.3e-33   1.3e-30  110.9   0.7     2   187    28   208    27   217 0.87 [190263/425/1]
190263/409/1.f:AJJCMD_13305 -            517 GH13_4.hmm           -            400   2.7e-33  119.8   0.1   1   1   2.4e-32   1.4e-29  107.5   0.0     4   184    29   205    27   241 0.88 [190263/409/1]
190263/474/1.f:AMDJJA_00490 -            604 GH13_4.hmm           -            400   2.9e-33  119.6   0.1   1   1   9.2e-35   5.2e-32  115.5   0.0     2   191    33   219    32   239 0.87 [190263/474/1]
190263/520/1.f:GGDGDE_10805 -            560 GH13_4.hmm           -            400   3.3e-32  116.1   0.1   1   1   7.5e-32   4.2e-29  105.9   0.0     2   188    28   208    27   232 0.88 [190263/520/1]
190263/420/1.f:GMHOLO_08475 -            583 GH13_4.hmm           -            400   8.7e-32  114.8   0.0   1   1   4.6e-34   2.6e-31  113.2   0.0     2   189    33   217    32   226 0.85 [190263/420/1]
190263/460/1.f:IHFGKI_10500 -            578 GH13_4.hmm           -            400   1.4e-31  114.1   0.0   1   1   2.1e-29   1.2e-26   97.8   0.0     2   229    53   298    52   305 0.84 [190263/460/1]
190263/565/1.f:PAEINE_04520 -            577 GH13_4.hmm           -            400   2.5e-29  106.7   0.0   1   1   2.1e-31   1.2e-28  104.4   0.0     2   189    34   218    33   227 0.83 [190263/565/1]
190263/421/1.f:PBKEAC_02115 -            559 GH13_4.hmm           -            400     1e-28  104.6   0.0   1   1     8e-30   4.5e-27   99.2   0.0     2   223    50   273    49   286 0.87 [190263/421/1]
190263/466/1.f:PGJOII_04855 -            554 GH13_4.hmm           -            400   2.3e-28  103.5   0.1   1   1   8.3e-27   4.7e-24   89.3   0.0     2   187    47   236    46   245 0.89 [190263/466/1]
190263/596/1.f:GDHELL_05465 -            511 GH13_4.hmm           -            400   2.4e-28  103.4   0.1   1   1   8.5e-26   4.8e-23   86.0   0.1     2   221    27   246    26   256 0.79 [190263/596/1]
190263/423/1.f:PDNKFB_09310 -            564 GH13_4.hmm           -            400   2.6e-28  103.3   1.5   1   1   2.3e-29   1.3e-26   97.7   0.1     2   192    96   278    95   362 0.84 [190263/423/1]
190263/456/1.f:LKAJBD_04235 -            560 GH13_4.hmm           -            400   3.7e-28  102.8   0.1   1   1   1.3e-26   7.3e-24   88.7   0.1     2   187    53   242    52   252 0.90 [190263/456/1]
190263/466/1.f:PGJOII_04830 -            560 GH13_4.hmm           -            400   5.8e-28  102.2   0.1   1   1   1.4e-29   7.9e-27   98.4   0.1     2   200    50   250    49   297 0.80 [190263/466/1]
190263/456/1.f:LKAJBD_04210 -            560 GH13_4.hmm           -            400   7.5e-28  101.8   0.1   1   1   2.1e-29   1.2e-26   97.9   0.1     2   196    50   246    49   295 0.80 [190263/456/1]
190263/362/1.f:KJODLM_11060 -            151 GH13_4.hmm           -            400     1e-27  101.4   0.1   1   1   2.2e-30   1.2e-27  101.1   0.1     2   108    26   130    25   135 0.95 [190263/362/1]
190263/474/1.f:AMDJJA_01540 -            316 GH13_4.hmm           -            400   1.2e-27  101.1   0.0   1   1   4.1e-30   2.3e-27  100.2   0.0     1    79   101   179   101   185 0.96 [190263/474/1]
190263/401/1.f:DMFJNH_07595 -            692 GH13_4.hmm           -            400   1.4e-27  100.9   0.1   1   1   2.8e-24   1.6e-21   81.0   0.0     2   108    80   184    79   202 0.91 [190263/401/1]
190263/504/1.f:DOAHDM_08100 -            692 GH13_4.hmm           -            400   1.4e-27  100.9   0.1   1   1   2.8e-24   1.6e-21   81.0   0.0     2   108    80   184    79   202 0.91 [190263/504/1]
190263/534/1.f:OHCFJE_04840 -            693 GH13_4.hmm           -            400   2.3e-27  100.2   0.5   1   1   2.2e-23   1.3e-20   78.0   0.1     2   110    83   188    82   227 0.85 [190263/534/1]
190263/391/1.f:NONBJF_08120 -            693 GH13_4.hmm           -            400   2.3e-27  100.2   0.5   1   1   2.2e-23   1.3e-20   78.0   0.1     2   110    83   188    82   227 0.85 [190263/391/1]
190263/545/1.f:NCJBIN_08240 -            693 GH13_4.hmm           -            400   2.3e-27  100.2   0.5   1   1   2.2e-23   1.3e-20   78.0   0.1     2   110    83   188    82   227 0.85 [190263/545/1]
190263/400/1.f:EIBLKL_02735 -            553 GH13_4.hmm           -            400     1e-26   98.1   0.5   1   1   2.9e-26   1.6e-23   87.5   0.1     2   275    75   346    74   367 0.81 [190263/400/1]
190263/527/1.f:HGADJN_08845 -            535 GH13_4.hmm           -            400   1.8e-26   97.3   0.0   1   1   1.4e-22   7.8e-20   75.4   0.0     2   105    35   137    34   141 0.92 [190263/527/1]
190263/468/1.f:DIOFOH_01755 -            517 GH13_4.hmm           -            400   2.4e-26   96.8   0.3   1   1   1.3e-23   7.3e-21   78.8   0.3     2   221    27   246    26   255 0.78 [190263/468/1]
190263/443/1.f:LNLACP_11920 -            522 GH13_4.hmm           -            400   3.1e-26   96.5   0.0   1   1   3.9e-21   2.2e-18   70.6   0.0     2   102    27   126    26   133 0.90 [190263/443/1]
190263/466/1.f:PGJOII_07605 -            686 GH13_4.hmm           -            400   3.3e-26   96.4   1.8   1   1     2e-24   1.1e-21   81.4   0.1     2   109    79   183    78   209 0.87 [190263/466/1]
190263/409/1.f:AJJCMD_12165 -            510 GH13_4.hmm           -            400   1.6e-25   94.2   0.0   1   1   1.1e-22   6.2e-20   75.7   0.0     2   189    27   217    26   247 0.73 [190263/409/1]
190263/580/1.f:JCPJNN_09070 -            521 GH13_4.hmm           -            400     4e-25   92.8   0.1   1   1     6e-22   3.4e-19   73.3   0.0     2   221    27   250    26   258 0.77 [190263/580/1]
190263/513/1.f:MKNBNH_10810 -            530 GH13_4.hmm           -            400   7.1e-25   92.0   0.1   1   1   3.9e-23   2.2e-20   77.2   0.1     2   106    27   130    26   231 0.80 [190263/513/1]
190263/456/1.f:LKAJBD_15395 -            681 GH13_4.hmm           -            400     1e-24   91.4   0.0   1   1   2.3e-23   1.3e-20   78.0   0.0     2   108    74   178    73   195 0.92 [190263/456/1]
190263/495/1.f:ANKNCD_06875 -            582 GH13_4.hmm           -            400   9.6e-24   88.3   2.1   1   1   1.3e-25   7.1e-23   85.4   0.7     2   186    99   283    98   343 0.85 [190263/495/1]
190263/474/1.f:AMDJJA_00520 -            628 GH13_4.hmm           -            400   1.5e-23   87.7   0.0   1   1   1.3e-20   7.6e-18   68.9   0.0     2    96    39   131    38   147 0.94 [190263/474/1]
190263/400/1.f:EIBLKL_04930 -            512 GH13_4.hmm           -            400   2.4e-23   86.9   0.0   1   1   4.4e-22   2.5e-19   73.8   0.0     2   111    27   135    26   227 0.78 [190263/400/1]
190263/556/1.f:EMIPPF_02175 -            772 GH13_4.hmm           -            400   2.9e-23   86.7   0.4   1   1   1.7e-20   9.7e-18   68.5   0.0     2   111   161   267   160   312 0.86 [190263/556/1]
190263/429/1.f:OMPHBF_06140 -            518 GH13_4.hmm           -            400   5.5e-23   85.8   0.0   1   1   6.3e-22   3.6e-19   73.2   0.0     2   114    27   136    26   257 0.73 [190263/429/1]
190263/446/1.f:LHJMMB_09610 -            772 GH13_4.hmm           -            400   1.3e-22   84.5   0.2   1   1   3.1e-20   1.7e-17   67.7   0.0     2   111   161   267   160   314 0.86 [190263/446/1]
190263/421/1.f:PBKEAC_05055 -            772 GH13_4.hmm           -            400   1.4e-22   84.4   0.3   1   1   3.1e-20   1.7e-17   67.7   0.0     2   111   161   267   160   313 0.86 [190263/421/1]
190263/520/1.f:GGDGDE_02775 -            587 GH13_4.hmm           -            400   1.5e-22   84.4   0.9   1   1   6.4e-24   3.6e-21   79.8   0.3     2   182   107   287   106   346 0.87 [190263/520/1]
190263/502/1.f:NONHGB_03625 -            447 GH13_4.hmm           -            400   2.8e-22   83.5   1.0   1   1   1.4e-21   7.8e-19   72.1   0.1     1    91    55   146    55   153 0.95 [190263/502/1]
190263/368/1.f:HPMDBE_05310 -            486 GH13_4.hmm           -            400   3.4e-22   83.2   0.3   1   1   1.2e-22   6.5e-20   75.7   0.3    66   187     3   121     1   192 0.92 [190263/368/1]
190263/405/1.f:EHKDKA_03925 -            447 GH13_4.hmm           -            400   7.5e-22   82.0   1.0   1   1   3.7e-21   2.1e-18   70.7   0.1     3    91    57   146    55   153 0.94 [190263/405/1]
190263/595/1.f:HGDLEC_06160 -            640 GH13_4.hmm           -            400   1.6e-21   80.9   1.3   1   1   4.4e-23   2.5e-20   77.0   1.3     2   184   162   362   161   373 0.79 [190263/595/1]
190263/417/1.f:MHBJAE_19300 -            616 GH13_4.hmm           -            400   1.9e-21   80.7   3.1   1   1     1e-23   5.6e-21   79.2   3.0     2   183   163   336   162   351 0.84 [190263/417/1]
190263/369/1.f:JCDIFE_19125 -            616 GH13_4.hmm           -            400     2e-21   80.7   3.1   1   1   5.1e-24   2.9e-21   80.1   2.4     2   183   163   336   162   351 0.84 [190263/369/1]
190263/488/1.f:DNPFAC_20990 -            616 GH13_4.hmm           -            400   2.1e-21   80.6   4.0   1   1     5e-24   2.8e-21   80.2   3.0     2   183   163   336   162   351 0.83 [190263/488/1]
190263/502/1.f:NONHGB_11410 -            616 GH13_4.hmm           -            400   2.1e-21   80.6   1.5   1   1   3.8e-24   2.1e-21   80.6   1.5     2   183   163   336   162   351 0.82 [190263/502/1]
190263/405/1.f:EHKDKA_13290 -            616 GH13_4.hmm           -            400   2.7e-21   80.2   1.4   1   1   4.8e-24   2.7e-21   80.2   1.4     2   183   163   336   162   351 0.82 [190263/405/1]
190263/520/1.f:GGDGDE_20015 -            495 GH13_4.hmm           -            400   3.5e-21   79.9   0.2   1   1   1.3e-23   7.1e-21   78.8   0.2     3   221    36   251    34   314 0.78 [190263/520/1]
190263/461/1.f:DHPHOK_10950 -            616 GH13_4.hmm           -            400   4.2e-21   79.6   2.6   1   1   1.4e-23   8.1e-21   78.6   2.2     2   183   163   336   162   351 0.87 [190263/461/1]
190263/516/1.f:MGNFBC_18275 -            615 GH13_4.hmm           -            400   7.4e-21   78.8   3.3   1   1     2e-22   1.1e-19   74.9   1.7     2   183   162   332   161   359 0.76 [190263/516/1]
190263/368/1.f:HPMDBE_20180 -            615 GH13_4.hmm           -            400   7.8e-21   78.7   3.3   1   1     2e-22   1.1e-19   74.9   1.7     2   183   162   332   161   359 0.76 [190263/368/1]
190263/379/1.f:LOJHAC_21325 -            615 GH13_4.hmm           -            400   7.8e-21   78.7   3.3   1   1     2e-22   1.1e-19   74.9   1.7     2   183   162   332   161   359 0.76 [190263/379/1]
190263/461/1.f:DHPHOK_10120 -            441 GH13_4.hmm           -            400   8.1e-21   78.6   0.5   1   1     7e-19   3.9e-16   63.2   0.0     4    91    53   141    51   147 0.92 [190263/461/1]
190263/456/1.f:LKAJBD_09060 -            616 GH13_4.hmm           -            400   9.3e-21   78.5   1.8   1   1   1.6e-23   9.3e-21   78.5   1.8     2   183   163   336   162   351 0.81 [190263/456/1]
190263/580/1.f:JCPJNN_09060 -            482 GH13_4.hmm           -            400   9.6e-21   78.4   0.2   1   1   3.1e-23   1.7e-20   77.6   0.1     3   272    20   279    18   314 0.75 [190263/580/1]
190263/466/1.f:PGJOII_14705 -            616 GH13_4.hmm           -            400   1.4e-20   77.8   1.7   1   1   2.6e-23   1.4e-20   77.8   1.7     2   183   163   336   162   351 0.83 [190263/466/1]
190263/522/1.f:NPJBCH_12425 -            639 GH13_4.hmm           -            400   1.5e-20   77.7   0.2   1   1   4.4e-22   2.5e-19   73.8   0.2     2   186   162   363   161   375 0.81 [190263/522/1]
190263/460/1.f:IHFGKI_10900 -            641 GH13_4.hmm           -            400   2.2e-20   77.2   0.5   1   1   2.7e-22   1.5e-19   74.5   0.5     2   184   162   363   161   372 0.74 [190263/460/1]
190263/576/1.f:FNMBCG_05375 -            618 GH13_4.hmm           -            400   3.1e-20   76.7   0.0   1   1   6.5e-17   3.7e-14   56.7   0.0     2    85   183   263   182   279 0.92 [190263/576/1]
190263/405/1.f:EHKDKA_23990 -            628 GH13_4.hmm           -            400   4.8e-20   76.1   0.2   1   1   2.1e-21   1.2e-18   71.5   0.1     2    86   177   262   176   279 0.95 [190263/405/1]
190263/390/1.f:OLPOLE_18085 -            605 GH13_4.hmm           -            400   5.8e-20   75.8   0.0   1   1   1.7e-16   9.4e-14   55.4   0.0     2    83   183   261   182   272 0.95 [190263/390/1]
190263/369/1.f:JCDIFE_20205 -            441 GH13_4.hmm           -            400   6.8e-20   75.6   0.5   1   1     2e-18   1.1e-15   61.7   0.0     4    91    53   141    51   147 0.92 [190263/369/1]
190263/495/1.f:ANKNCD_04135 -            572 GH13_4.hmm           -            400   8.6e-20   75.3   0.2   1   1   4.6e-19   2.6e-16   63.8   0.1     2   103   170   270   169   279 0.91 [190263/495/1]
190263/502/1.f:NONHGB_22080 -            651 GH13_4.hmm           -            400   1.2e-19   74.8   0.2   1   1   4.7e-21   2.7e-18   70.4   0.1     2    86   200   285   199   291 0.96 [190263/502/1]
190263/502/1.f:NONHGB_03620 -            441 GH13_4.hmm           -            400   1.5e-19   74.5   0.1   1   1     2e-18   1.1e-15   61.7   0.0     3    88    53   139    51   153 0.92 [190263/502/1]
190263/405/1.f:EHKDKA_03920 -            441 GH13_4.hmm           -            400   2.2e-19   73.9   0.2   1   1   2.1e-18   1.2e-15   61.6   0.0     3    88    53   139    51   153 0.92 [190263/405/1]
190263/520/1.f:GGDGDE_20340 -            572 GH13_4.hmm           -            400     3e-19   73.5   0.1   1   1   1.6e-18     9e-16   62.0   0.1     2   103   170   270   169   279 0.91 [190263/520/1]
190263/516/1.f:MGNFBC_14175 -            613 GH13_4.hmm           -            400   3.4e-19   73.3   0.1   1   1   5.3e-20     3e-17   66.9   0.0     2    90   158   247   157   274 0.92 [190263/516/1]
190263/379/1.f:LOJHAC_16730 -            613 GH13_4.hmm           -            400   3.4e-19   73.3   0.1   1   1   5.3e-20     3e-17   66.9   0.0     2    90   158   247   157   274 0.92 [190263/379/1]
190263/368/1.f:HPMDBE_16265 -            613 GH13_4.hmm           -            400   3.4e-19   73.3   0.1   1   1   5.3e-20     3e-17   66.9   0.0     2    90   158   247   157   274 0.92 [190263/368/1]
190263/578/1.f:HIHCLH_07765 -            543 GH13_4.hmm           -            400   3.4e-19   73.3   0.1   1   1   9.9e-21   5.6e-18   69.3   0.1     2    92    71   158    70   276 0.73 [190263/578/1]
190263/584/1.f:DDCNLE_10135 -            626 GH13_4.hmm           -            400   3.5e-19   73.3   0.0   1   1   2.9e-16   1.6e-13   54.6   0.0     2   113   187   301   186   313 0.82 [190263/584/1]
190263/405/1.f:EHKDKA_03425 -            619 GH13_4.hmm           -            400   8.2e-19   72.0   0.2   1   1     5e-17   2.8e-14   57.1   0.0     2    88   163   250   162   254 0.94 [190263/405/1]
190263/409/1.f:AJJCMD_26145 -            486 GH13_4.hmm           -            400   8.4e-19   72.0   0.0   1   1   3.4e-21   1.9e-18   70.8   0.0     2   203    16   216    15   226 0.84 [190263/409/1]
190263/578/1.f:HIHCLH_03535 -            574 GH13_4.hmm           -            400   9.8e-19   71.8   0.1   1   1   6.4e-19   3.6e-16   63.3   0.0     2   103   172   272   171   277 0.90 [190263/578/1]
190263/425/1.f:HPANHD_08465 -            599 GH13_4.hmm           -            400   1.3e-18   71.3   0.0   1   1   2.9e-18   1.6e-15   61.2   0.0     2   114   186   302   185   346 0.83 [190263/425/1]
190263/423/1.f:PDNKFB_13510 -            572 GH13_4.hmm           -            400   1.6e-18   71.1   0.1   1   1     3e-18   1.7e-15   61.1   0.1     2   103   170   270   169   274 0.89 [190263/423/1]
190263/583/1.f:BCCKNC_06565 -            624 GH13_4.hmm           -            400   1.8e-18   70.9   0.1   1   1   3.6e-19     2e-16   64.1   0.2     2    83   163   245   162   346 0.93 [190263/583/1]
190263/567/1.f:NOEGFN_16430 -            620 GH13_4.hmm           -            400   2.3e-18   70.5   0.0   1   1   7.4e-18   4.2e-15   59.8   0.0     2    86   186   267   185   311 0.90 [190263/567/1]
190263/494/1.f:LHPBBO_03380 -            727 GH13_4.hmm           -            400   2.4e-18   70.5   0.0   1   1   1.3e-17   7.2e-15   59.0   0.0     2    89   238   322   237   331 0.93 [190263/494/1]
190263/510/1.f:DELAEA_06680 -            480 GH13_4.hmm           -            400   3.4e-18   70.0   0.1   1   1     9e-21   5.1e-18   69.4   0.1    14   191    30   205    18   228 0.82 [190263/510/1]
190263/413/1.f:NMLDCG_06385 -            622 GH13_4.hmm           -            400     4e-18   69.8   0.0   1   1   5.6e-16   3.1e-13   53.7   0.0     2    84   184   263   183   302 0.88 [190263/413/1]
190263/472/1.f:NMGHJI_18160 -            584 GH13_4.hmm           -            400   5.2e-18   69.4   0.0   1   1     5e-19   2.8e-16   63.7   0.0     2   108   180   285   179   322 0.88 [190263/472/1]
190263/447/1.f:OLODHC_11555 -            584 GH13_4.hmm           -            400     6e-18   69.2   0.1   1   1   5.1e-19   2.9e-16   63.7   0.0     2   111   180   287   179   309 0.91 [190263/447/1]
190263/382/1.f:JACGKO_09355 -           1151 GH13_4.hmm           -            400   8.5e-18   68.7   0.1   1   1   5.5e-16   3.1e-13   53.7   0.0     2    89   192   276   191   340 0.83 [190263/382/1]
190263/549/1.f:CNBDFB_03745 -            437 GH13_4.hmm           -            400   1.2e-17   68.2   0.2   1   1   6.7e-16   3.8e-13   53.4   0.0     4   106    31   131    29   138 0.88 [190263/549/1]
190263/541/1.f:IDEEIE_03905 -            587 GH13_4.hmm           -            400   1.2e-17   68.2   0.1   1   1   1.2e-18   6.7e-16   62.4   0.1     2   109   179   285   178   321 0.87 [190263/541/1]
190263/380/1.f:GDCFAC_00690 -            620 GH13_4.hmm           -            400   1.4e-17   68.0   0.0   1   1   5.7e-17   3.2e-14   56.9   0.0     2    80   175   250   174   292 0.89 [190263/380/1]
190263/391/1.f:NONBJF_08175 -            616 GH13_4.hmm           -            400   1.4e-17   68.0   0.4   1   1   2.3e-18   1.3e-15   61.5   0.2     2    84   164   247   163   336 0.83 [190263/391/1]
190263/534/1.f:OHCFJE_04790 -            616 GH13_4.hmm           -            400   1.4e-17   68.0   0.4   1   1   2.3e-18   1.3e-15   61.5   0.2     2    84   164   247   163   336 0.83 [190263/534/1]
190263/545/1.f:NCJBIN_08290 -            616 GH13_4.hmm           -            400   1.4e-17   68.0   0.4   1   1   2.3e-18   1.3e-15   61.5   0.2     2    84   164   247   163   336 0.83 [190263/545/1]
190263/388/1.f:FDDJJK_07165 -            616 GH13_4.hmm           -            400   1.4e-17   68.0   0.4   1   1   2.3e-18   1.3e-15   61.5   0.2     2    84   164   247   163   336 0.83 [190263/388/1]
190263/477/1.f:PCLDCI_13415 -            621 GH13_4.hmm           -            400   2.2e-17   67.3   0.0   1   1     1e-16   5.8e-14   56.1   0.0     2    83   184   262   183   291 0.94 [190263/477/1]
190263/580/1.f:JCPJNN_10370 -            487 GH13_4.hmm           -            400   2.8e-17   67.0   0.0   1   1   9.1e-20   5.1e-17   66.1   0.0     3   193    17   205    15   224 0.83 [190263/580/1]
190263/556/1.f:EMIPPF_02180 -            445 GH13_4.hmm           -            400   2.8e-17   67.0   1.6   1   1   4.3e-17   2.4e-14   57.3   0.0     2    89    47   138    46   148 0.89 [190263/556/1]
190263/401/1.f:DMFJNH_07625 -            617 GH13_4.hmm           -            400   2.8e-17   67.0   0.1   1   1     3e-18   1.7e-15   61.1   0.0     2    83   165   247   164   286 0.90 [190263/401/1]
190263/504/1.f:DOAHDM_08130 -            617 GH13_4.hmm           -            400   2.8e-17   67.0   0.1   1   1     3e-18   1.7e-15   61.1   0.0     2    83   165   247   164   286 0.90 [190263/504/1]
190263/421/1.f:PBKEAC_05060 -            445 GH13_4.hmm           -            400   3.1e-17   66.8   1.7   1   1   3.8e-17   2.2e-14   57.5   0.0     2    89    47   138    46   148 0.88 [190263/421/1]
190263/446/1.f:LHJMMB_09605 -            445 GH13_4.hmm           -            400   3.1e-17   66.8   1.7   1   1   3.8e-17   2.2e-14   57.5   0.0     2    89    47   138    46   148 0.88 [190263/446/1]
190263/552/1.f:EMALNL_07985 -            684 GH13_4.hmm           -            400   3.3e-17   66.8   0.0   1   1   4.5e-18   2.5e-15   60.5   0.1     2    83   232   314   231   362 0.88 [190263/552/1]
190263/562/1.f:KJGNCK_02025 -            684 GH13_4.hmm           -            400   3.3e-17   66.8   0.0   1   1   4.5e-18   2.5e-15   60.5   0.1     2    83   232   314   231   362 0.88 [190263/562/1]
190263/562/1.f:KJGNCK_01560 -            454 GH13_4.hmm           -            400   3.5e-17   66.7   0.5   1   1   4.5e-18   2.6e-15   60.5   0.1     3    87    59   147    57   158 0.91 [190263/562/1]
190263/421/1.f:PBKEAC_13760 -            423 GH13_4.hmm           -            400   3.5e-17   66.7   1.4   1   1   5.2e-18   2.9e-15   60.3   0.0     2    88    22   112    21   121 0.88 [190263/421/1]
190263/400/1.f:EIBLKL_06495 -            439 GH13_4.hmm           -            400   4.2e-17   66.4   0.0   1   1   2.2e-18   1.2e-15   61.6   0.0     3   107    33   133    31   140 0.95 [190263/400/1]
190263/399/1.f:CDLIDF_07515 -            617 GH13_4.hmm           -            400   4.3e-17   66.4   0.8   1   1   2.4e-17   1.3e-14   58.2   0.1     2    84   165   248   164   333 0.87 [190263/399/1]
190263/383/1.f:KCEMEB_04820 -            437 GH13_4.hmm           -            400   5.6e-17   66.0   1.5   1   1   6.7e-16   3.8e-13   53.4   0.0     6   106    31   129    27   136 0.88 [190263/383/1]
190263/366/1.f:DBJPFP_13280 -            423 GH13_4.hmm           -            400   7.9e-17   65.5   0.1   1   1     1e-17   5.8e-15   59.4   0.0     2    91    22   115    21   122 0.89 [190263/366/1]
190263/514/1.f:MMHOAN_10920 -            617 GH13_4.hmm           -            400     1e-16   65.1   0.0   1   1   3.8e-17   2.1e-14   57.5   0.0     2   108   188   293   187   334 0.82 [190263/514/1]
190263/523/1.f:MDNHKG_06170 -            426 GH13_4.hmm           -            400   1.7e-16   64.5   0.3   1   1   1.8e-16     1e-13   55.2   0.0     2    88    24   114    23   122 0.88 [190263/523/1]
190263/514/1.f:MMHOAN_12715 -            584 GH13_4.hmm           -            400   1.8e-16   64.4   0.2   1   1   2.9e-18   1.6e-15   61.2   0.0     2   110   179   285   178   311 0.87 [190263/514/1]
190263/584/1.f:DDCNLE_09090 -            483 GH13_4.hmm           -            400   1.8e-16   64.3   0.0   1   1     5e-19   2.8e-16   63.7   0.0     3   202    19   217    17   273 0.80 [190263/584/1]
190263/420/1.f:GMHOLO_00305 -            504 GH13_4.hmm           -            400     2e-16   64.2   0.0   1   1   3.2e-18   1.8e-15   61.0   0.0    22   206    37   219    30   226 0.89 [190263/420/1]
190263/527/1.f:HGADJN_00325 -            504 GH13_4.hmm           -            400   2.1e-16   64.1   0.0   1   1   3.3e-18   1.9e-15   61.0   0.0    22   206    37   219    30   224 0.89 [190263/527/1]
190263/474/1.f:AMDJJA_00460 -            508 GH13_4.hmm           -            400   2.5e-16   63.9   0.1   1   1   4.8e-18   2.7e-15   60.5   0.0    22   206    37   219    31   224 0.88 [190263/474/1]
190263/580/1.f:JCPJNN_26940 -            585 GH13_4.hmm           -            400   3.5e-16   63.4   0.0   1   1   1.1e-17   6.1e-15   59.3   0.0     2   103   179   279   178   294 0.90 [190263/580/1]
190263/363/1.f:CIHHOC_04795 -            585 GH13_4.hmm           -            400   3.7e-16   63.3   0.0   1   1   2.1e-17   1.2e-14   58.4   0.0     2   107   179   283   178   304 0.90 [190263/363/1]
190263/446/1.f:LHJMMB_14315 -            427 GH13_4.hmm           -            400   3.7e-16   63.3   0.5   1   1   7.1e-16     4e-13   53.3   0.0     2    89    26   117    25   124 0.88 [190263/446/1]
190263/573/1.f:LIDFCI_15590 -            617 GH13_4.hmm           -            400   4.6e-16   63.0   0.0   1   1   2.4e-17   1.4e-14   58.2   0.0     2    83   165   247   164   331 0.91 [190263/573/1]
190263/475/1.f:MCKEEP_01645 -            617 GH13_4.hmm           -            400     5e-16   62.9   0.1   1   1   2.9e-17   1.6e-14   57.9   0.1     2    83   165   247   164   288 0.92 [190263/475/1]
190263/595/1.f:HGDLEC_06210 -            450 GH13_4.hmm           -            400   5.1e-16   62.9   1.6   1   1   1.3e-16   7.5e-14   55.7   0.0     3    88    48   134    46   139 0.92 [190263/595/1]
190263/437/1.f:LBKKEJ_03795 -            617 GH13_4.hmm           -            400     9e-16   62.0   0.0   1   1   6.1e-17   3.4e-14   56.8   0.0     2    83   165   247   164   331 0.92 [190263/437/1]
190263/461/1.f:DHPHOK_18795 -            445 GH13_4.hmm           -            400   1.5e-15   61.3   1.0   1   1   3.8e-16   2.2e-13   54.2   0.0     4    88    58   143    55   163 0.92 [190263/461/1]
190263/547/1.f:KJCAKO_00600 -            555 GH13_4.hmm           -            400   5.2e-15   59.5   0.4   1   1   1.8e-17   9.9e-15   58.6   0.4     2   140   152   290   151   313 0.87 [190263/547/1]
190263/556/1.f:EMIPPF_12930 -            425 GH13_4.hmm           -            400   6.4e-15   59.2   2.5   1   1   6.9e-16   3.9e-13   53.3   0.0     2    87    24   113    23   122 0.89 [190263/556/1]
190263/436/1.f:KEEIED_02150 -           1120 GH13_4.hmm           -            400   7.7e-15   59.0   0.0   1   1   6.9e-16   3.9e-13   53.4   0.0     2    85   197   277   196   293 0.93 [190263/436/1]
190263/425/1.f:HPANHD_10080 -            587 GH13_4.hmm           -            400   3.6e-14   56.8   0.5   1   1   6.3e-17   3.6e-14   56.8   0.5     2   122   180   305   179   331 0.81 [190263/425/1]
190263/423/1.f:PDNKFB_06345 -            588 GH13_4.hmm           -            400     1e-13   55.2   0.0   1   1   9.9e-16   5.5e-13   52.8   0.0     2   106   183   286   182   319 0.81 [190263/423/1]
190263/368/1.f:HPMDBE_16250 -            612 GH13_4.hmm           -            400   1.3e-13   54.9   2.6   1   1   3.6e-16     2e-13   54.3   1.0     2    89   163   251   162   339 0.82 [190263/368/1]
190263/379/1.f:LOJHAC_16715 -            612 GH13_4.hmm           -            400   1.3e-13   54.9   2.6   1   1   3.6e-16     2e-13   54.3   1.0     2    89   163   251   162   339 0.82 [190263/379/1]
190263/516/1.f:MGNFBC_14160 -            612 GH13_4.hmm           -            400   1.3e-13   54.9   2.6   1   1   3.6e-16     2e-13   54.3   1.0     2    89   163   251   162   339 0.82 [190263/516/1]
#
# Program:         hmmsearch
# Version:         3.3.2 (Nov 2020)
# Pipeline mode:   SEARCH
# Query file:      /kb/module/work/tmp/output.1725388484971/GH13_4/GH13_4.hmm
# Target file:     /kb/module/work/tmp/output.1725388484971/hCom2_RAST.fasta
# Option settings: /kb/module/hmmer/bin/hmmsearch --domtblout /kb/module/work/tmp/output.1725388484971/GH13_4/GH13_4-hCom2_RAST.hitout.txt --noali --notextw --domE 1e-15 /kb/module/work/tmp/output.1725388484971/GH13_4/GH13_4.hmm /kb/module/work/tmp/output.1725388484971/hCom2_RAST.fasta 
# Current dir:     /kb/module/work/tmp/output.1725388484971
# Date:            Tue Sep  3 18:47:52 2024
# [ok]
