#                                                                                   --- full sequence --- -------------- this domain -------------   hmm coord   ali coord   env coord
# target name               accession   tlen query name           accession   qlen   E-value  score  bias   #  of  c-Evalue  i-Evalue  score  bias  from    to  from    to  from    to  acc description of target
#       ------------------- ---------- ----- -------------------- ---------- ----- --------- ------ ----- --- --- --------- --------- ------ ----- ----- ----- ----- ----- ----- ----- ---- ---------------------
190263/549/1.f:CNBDFB_11805 -            558 GH13_16.hmm          -            353   4.4e-79  270.5   1.8   1   1   4.8e-79   2.7e-76  261.4   0.4     1   242    28   285    28   287 0.95 [190263/549/1]
190263/363/1.f:CIHHOC_04800 -            542 GH13_16.hmm          -            353   1.1e-78  269.2   3.6   1   1   3.6e-78     2e-75  258.5   1.1     1   242    31   273    31   277 0.92 [190263/363/1]
190263/425/1.f:HPANHD_02620 -            541 GH13_16.hmm          -            353   1.5e-78  268.8   1.4   1   1     1e-78   5.7e-76  260.3   0.3     1   241    28   269    28   273 0.93 [190263/425/1]
190263/514/1.f:MMHOAN_12710 -            542 GH13_16.hmm          -            353   9.3e-78  266.2   1.9   1   1   2.3e-76   1.3e-73  252.6   1.0     1   241    32   273    32   279 0.92 [190263/514/1]
190263/429/1.f:OMPHBF_12730 -            589 GH13_16.hmm          -            353   9.6e-78  266.1   2.4   1   1   1.1e-77   5.9e-75  257.0   1.5     1   242    52   310    52   355 0.90 [190263/429/1]
190263/557/1.f:DOLMEB_09075 -            560 GH13_16.hmm          -            353   2.1e-77  265.1   6.2   1   1   9.6e-79   5.4e-76  260.4   1.7     1   243    30   284    30   332 0.90 [190263/557/1]
190263/382/1.f:JACGKO_00540 -            554 GH13_16.hmm          -            353   2.7e-77  264.7   0.1   1   1   4.6e-75   2.5e-72  248.3   0.0     1   243    29   286    29   335 0.86 [190263/382/1]
190263/375/1.f:CNGHJF_04595 -            557 GH13_16.hmm          -            353   2.8e-77  264.6   1.6   1   1   7.7e-77   4.3e-74  254.1   0.7     1   242    27   282    27   284 0.94 [190263/375/1]
190263/452/1.f:PEIHBN_10935 -            559 GH13_16.hmm          -            353   3.9e-77  264.2   7.2   1   1   1.3e-78   7.1e-76  260.0   3.1     1   244    29   284    29   332 0.88 [190263/452/1]
190263/455/1.f:GDGJDA_15340 -            557 GH13_16.hmm          -            353   3.9e-77  264.2   5.1   1   1   6.5e-78   3.6e-75  257.7   2.5     1   281    28   329    28   333 0.90 [190263/455/1]
190263/512/1.f:JBCLGH_07570 -            562 GH13_16.hmm          -            353   5.6e-77  263.6   6.5   1   1   8.6e-78   4.8e-75  257.3   1.5     1   244    30   285    30   342 0.87 [190263/512/1]
190263/447/1.f:OLODHC_03105 -            539 GH13_16.hmm          -            353   6.4e-77  263.4   0.5   1   1   1.9e-75   1.1e-72  249.5   0.3     1   241    28   269    28   273 0.93 [190263/447/1]
190263/423/1.f:PDNKFB_07745 -            541 GH13_16.hmm          -            353   6.5e-77  263.4   0.6   1   1   1.2e-75   6.8e-73  250.2   0.2     1   241    32   273    32   276 0.94 [190263/423/1]
190263/448/1.f:IBJDOL_08635 -            554 GH13_16.hmm          -            353   6.5e-77  263.4   9.4   1   1   5.4e-77     3e-74  254.7   7.1     1   281    28   326    28   339 0.81 [190263/448/1]
190263/425/1.f:HPANHD_03210 -            554 GH13_16.hmm          -            353   8.8e-77  263.0   7.8   1   1   5.1e-76   2.8e-73  251.5   4.2     1   281    27   327    27   341 0.89 [190263/425/1]
190263/472/1.f:NMGHJI_16290 -            552 GH13_16.hmm          -            353     1e-76  262.8   0.7   1   1   7.6e-76   4.2e-73  250.9   0.2     1   282    30   321    30   338 0.88 [190263/472/1]
190263/478/1.f:BOCJFA_07705 -            558 GH13_16.hmm          -            353     1e-76  262.7   4.4   1   1   5.1e-77   2.8e-74  254.7   2.3     1   281    28   329    28   333 0.87 [190263/478/1]
190263/455/1.f:GDGJDA_14820 -            543 GH13_16.hmm          -            353   1.2e-76  262.6   2.9   1   1   7.4e-76   4.1e-73  250.9   1.3     1   241    30   271    30   319 0.91 [190263/455/1]
190263/520/1.f:GGDGDE_05590 -            557 GH13_16.hmm          -            353   1.3e-76  262.5   8.6   1   1   2.6e-77   1.4e-74  255.7   5.2     1   243    28   286    28   288 0.94 [190263/520/1]
190263/523/1.f:MDNHKG_08680 -            568 GH13_16.hmm          -            353   1.4e-76  262.4   0.9   1   1   4.2e-76   2.3e-73  251.7   0.4     1   240    38   291    38   295 0.93 [190263/523/1]
190263/409/1.f:AJJCMD_00615 -            565 GH13_16.hmm          -            353   1.6e-76  262.1   3.3   1   1   7.7e-76   4.3e-73  250.9   1.0     1   282    28   329    28   343 0.85 [190263/409/1]
190263/433/1.f:ADFNDI_13085 -            556 GH13_16.hmm          -            353   1.7e-76  262.1   5.6   1   1     1e-76   5.6e-74  253.8   3.4     1   281    28   329    28   333 0.86 [190263/433/1]
190263/546/1.f:GEHMID_12200 -            622 GH13_16.hmm          -            353   1.7e-76  262.0   0.0   1   1   3.1e-75   1.7e-72  248.9   0.0     1   283    91   380    91   398 0.95 [190263/546/1]
190263/514/1.f:MMHOAN_03820 -            569 GH13_16.hmm          -            353   2.1e-76  261.7   3.1   1   1   1.5e-75   8.5e-73  249.9   0.9     1   241    28   269    28   276 0.93 [190263/514/1]
190263/458/1.f:AMPCAI_01140 -            559 GH13_16.hmm          -            353   2.4e-76  261.6   2.7   1   1   1.3e-75   7.3e-73  250.1   1.0     1   243    29   288    29   292 0.95 [190263/458/1]
190263/455/1.f:GDGJDA_03815 -            611 GH13_16.hmm          -            353   5.9e-76  260.3   0.0   1   1   7.7e-76   4.3e-73  250.9   0.0     1   283    82   371    82   380 0.94 [190263/455/1]
190263/472/1.f:NMGHJI_04910 -            559 GH13_16.hmm          -            353   5.9e-76  260.3   6.0   1   1   9.8e-77   5.4e-74  253.8   4.1     1   243    28   286    28   332 0.93 [190263/472/1]
190263/409/1.f:AJJCMD_13305 -            517 GH13_16.hmm          -            353   6.8e-76  260.1   0.0   1   1   2.3e-72   1.3e-69  239.4   0.0     3   241    29   282    27   289 0.87 [190263/409/1]
190263/541/1.f:IDEEIE_03910 -            541 GH13_16.hmm          -            353   9.8e-76  259.5   0.9   1   1   1.7e-74   9.2e-72  246.5   0.4     1   242    30   272    30   279 0.93 [190263/541/1]
190263/507/1.f:KPMKPI_12330 -            554 GH13_16.hmm          -            353   1.3e-75  259.1   6.4   1   1   1.2e-75   6.8e-73  250.2   3.3     1   242    28   284    28   322 0.93 [190263/507/1]
190263/425/1.f:HPANHD_03290 -            554 GH13_16.hmm          -            353     2e-75  258.5   7.8   1   1   1.8e-76     1e-73  252.9   3.8     1   243    27   285    27   330 0.90 [190263/425/1]
190263/580/1.f:JCPJNN_24345 -            560 GH13_16.hmm          -            353   2.2e-75  258.4   0.1   1   1   1.4e-75   7.9e-73  250.0   0.0     1   243    28   284    28   288 0.93 [190263/580/1]
190263/375/1.f:CNGHJF_04955 -            539 GH13_16.hmm          -            353   3.2e-75  257.9   0.0   1   1     7e-74   3.9e-71  244.4   0.0     1   240    28   268    28   272 0.91 [190263/375/1]
190263/452/1.f:PEIHBN_09925 -            552 GH13_16.hmm          -            353   3.6e-75  257.7   4.2   1   1   4.1e-75   2.3e-72  248.5   1.7     1   244    28   286    28   330 0.88 [190263/452/1]
190263/363/1.f:CIHHOC_11415 -            558 GH13_16.hmm          -            353   4.5e-75  257.4   7.2   1   1   2.5e-75   1.4e-72  249.2   1.2     1   243    27   285    27   333 0.93 [190263/363/1]
190263/516/1.f:MGNFBC_04840 -            588 GH13_16.hmm          -            353   4.5e-75  257.4   4.6   1   1   2.7e-74   1.5e-71  245.8   2.3     1   242    43   298    43   345 0.91 [190263/516/1]
190263/433/1.f:ADFNDI_16890 -            659 GH13_16.hmm          -            353   1.1e-74  256.1   0.8   1   1     4e-74   2.2e-71  245.2   0.3     1   284   129   419   129   446 0.93 [190263/433/1]
190263/478/1.f:BOCJFA_01370 -            559 GH13_16.hmm          -            353   1.3e-74  255.8   5.0   1   1   2.1e-74   1.2e-71  246.1   2.1     1   243    27   285    27   336 0.91 [190263/478/1]
190263/409/1.f:AJJCMD_08075 -            543 GH13_16.hmm          -            353   1.4e-74  255.8   0.2   1   1   2.8e-73   1.6e-70  242.4   0.0     1   241    34   275    34   282 0.92 [190263/409/1]
190263/526/1.f:GBBCGM_01410 -            561 GH13_16.hmm          -            353   1.5e-74  255.6   1.0   1   1   2.2e-73   1.2e-70  242.8   0.7     1   239    31   281    31   293 0.91 [190263/526/1]
190263/584/1.f:DDCNLE_03830 -            556 GH13_16.hmm          -            353   1.9e-74  255.3   0.2   1   1   7.1e-74     4e-71  244.4   0.2     1   242    28   285    28   288 0.94 [190263/584/1]
190263/409/1.f:AJJCMD_00170 -            628 GH13_16.hmm          -            353   3.5e-74  254.4   0.0   1   1   4.7e-72   2.6e-69  238.4   0.0     1   283    82   371    82   375 0.95 [190263/409/1]
190263/379/1.f:LOJHAC_03790 -            588 GH13_16.hmm          -            353   3.9e-74  254.3   4.5   1   1   1.9e-73   1.1e-70  243.0   2.2     1   242    43   298    43   345 0.91 [190263/379/1]
190263/580/1.f:JCPJNN_28235 -            543 GH13_16.hmm          -            353   4.7e-74  254.0   0.1   1   1     5e-73   2.8e-70  241.6   0.0     1   242    31   273    31   277 0.90 [190263/580/1]
190263/478/1.f:BOCJFA_00930 -            611 GH13_16.hmm          -            353   9.2e-74  253.1   0.1   1   1   6.1e-74   3.4e-71  244.6   0.0     1   283    82   371    82   391 0.95 [190263/478/1]
190263/382/1.f:JACGKO_03265 -            561 GH13_16.hmm          -            353   1.1e-73  252.9   1.3   1   1   4.5e-74   2.5e-71  245.1   0.5     1   241    31   286    31   336 0.91 [190263/382/1]
190263/520/1.f:GGDGDE_20000 -            560 GH13_16.hmm          -            353   1.6e-73  252.3   2.7   1   1   1.2e-73   6.6e-71  243.7   1.3     1   242    29   286    29   293 0.93 [190263/520/1]
190263/540/1.f:BCGFLB_01175 -            585 GH13_16.hmm          -            353   1.6e-73  252.3   2.1   1   1   1.3e-71   7.4e-69  236.9   1.9     1   240    45   298    45   303 0.93 [190263/540/1]
190263/541/1.f:IDEEIE_02835 -            559 GH13_16.hmm          -            353   1.8e-73  252.1   7.9   1   1   3.4e-73   1.9e-70  242.2   4.3     1   243    27   285    27   334 0.92 [190263/541/1]
190263/584/1.f:DDCNLE_03835 -            557 GH13_16.hmm          -            353     2e-73  252.0   0.5   1   1   3.4e-70   1.9e-67  232.3   0.0     1   241    28   285    28   290 0.87 [190263/584/1]
190263/549/1.f:CNBDFB_11595 -            622 GH13_16.hmm          -            353     3e-73  251.4   0.3   1   1   2.9e-72   1.6e-69  239.1   0.0     1   283    84   373    84   393 0.95 [190263/549/1]
190263/433/1.f:ADFNDI_04815 -            730 GH13_16.hmm          -            353   4.9e-73  250.7   0.1   1   1     2e-71   1.1e-68  236.3   0.0     1   283   198   487   198   498 0.94 [190263/433/1]
190263/546/1.f:GEHMID_00295 -            565 GH13_16.hmm          -            353   6.1e-73  250.4   2.0   1   1   1.3e-73   7.4e-71  243.5   0.2     1   243    28   285    28   329 0.93 [190263/546/1]
190263/472/1.f:NMGHJI_14085 -            743 GH13_16.hmm          -            353     7e-73  250.2   0.1   1   1   3.7e-71     2e-68  235.5   0.0     3   283   214   501   213   519 0.94 [190263/472/1]
190263/513/1.f:MKNBNH_04430 -            616 GH13_16.hmm          -            353   1.1e-72  249.5   0.0   1   1   9.6e-70   5.3e-67  230.8   0.0     1   283    88   377    88   390 0.95 [190263/513/1]
190263/383/1.f:KCEMEB_04450 -            525 GH13_16.hmm          -            353   2.6e-72  248.3   1.0   1   1   2.6e-72   1.5e-69  239.2   0.2     1   282    28   332    28   351 0.80 [190263/383/1]
190263/530/1.f:LBOGMJ_11355 -            566 GH13_16.hmm          -            353   3.9e-72  247.7   1.8   1   1   1.9e-71     1e-68  236.4   1.1     1   242    36   293    36   339 0.87 [190263/530/1]
190263/406/1.f:DKNBGD_03735 -            567 GH13_16.hmm          -            353     4e-72  247.7   0.3   1   1   3.6e-70     2e-67  232.2   0.1     1   193    28   224    28   291 0.91 [190263/406/1]
190263/425/1.f:HPANHD_10085 -            559 GH13_16.hmm          -            353   6.4e-72  247.0   2.5   1   1   2.1e-68   1.2e-65  226.4   1.8     1   236    28   281    28   289 0.84 [190263/425/1]
190263/513/1.f:MKNBNH_02055 -            565 GH13_16.hmm          -            353   7.2e-72  246.8   0.9   1   1   3.3e-71   1.9e-68  235.6   0.4     1   281    28   327    28   330 0.86 [190263/513/1]
190263/384/1.f:CDKGIA_00625 -            570 GH13_16.hmm          -            353   7.8e-72  246.7   1.9   1   1   6.3e-72   3.5e-69  238.0   0.2     1   241    30   286    30   291 0.94 [190263/384/1]
190263/384/1.f:CDKGIA_19560 -            614 GH13_16.hmm          -            353   1.5e-71  245.8   0.0   1   1   7.9e-71   4.4e-68  234.4   0.0     1   283    81   370    81   374 0.94 [190263/384/1]
190263/474/1.f:AMDJJA_09650 -            608 GH13_16.hmm          -            353   3.3e-71  244.6   0.1   1   1   1.2e-69   6.4e-67  230.5   0.1     1   186    46   236    46   249 0.93 [190263/474/1]
190263/507/1.f:KPMKPI_15040 -            616 GH13_16.hmm          -            353   4.3e-71  244.3   1.5   1   1   4.2e-70   2.4e-67  232.0   0.0     2   283    88   376    87   391 0.95 [190263/507/1]
190263/406/1.f:DKNBGD_12580 -            551 GH13_16.hmm          -            353   4.4e-71  244.2   0.0   1   1   1.8e-69   9.8e-67  229.9   0.0     1   222    26   261    26   287 0.82 [190263/406/1]
190263/580/1.f:JCPJNN_29355 -            566 GH13_16.hmm          -            353   1.9e-70  242.1   0.4   1   1   1.4e-70   7.7e-68  233.6   0.1     1   240    28   282    28   286 0.88 [190263/580/1]
190263/443/1.f:LNLACP_05295 -            749 GH13_16.hmm          -            353     2e-70  242.1   0.0   1   1   6.1e-70   3.4e-67  231.5   0.0     1   283   216   505   216   508 0.94 [190263/443/1]
190263/447/1.f:OLODHC_03835 -            613 GH13_16.hmm          -            353     2e-70  242.1   0.2   1   1     3e-69   1.7e-66  229.2   0.0     1   283    85   374    85   382 0.95 [190263/447/1]
190263/474/1.f:AMDJJA_02480 -            604 GH13_16.hmm          -            353   2.2e-70  241.9   0.5   1   1   1.3e-69   7.2e-67  230.4   0.1     1   191    46   241    46   251 0.92 [190263/474/1]
190263/384/1.f:CDKGIA_15920 -            590 GH13_16.hmm          -            353   3.7e-70  241.2   0.1   1   1   6.4e-69   3.5e-66  228.1   0.0     1   247    38   297    38   344 0.81 [190263/384/1]
190263/527/1.f:HGADJN_09155 -            602 GH13_16.hmm          -            353   4.4e-70  241.0   3.9   1   1     5e-71   2.8e-68  235.0   0.6     1   181    46   231    46   243 0.93 [190263/527/1]
190263/363/1.f:CIHHOC_02445 -            551 GH13_16.hmm          -            353   4.6e-70  240.9   5.0   1   1   2.8e-70   1.5e-67  232.6   2.3     1   247    26   282    26   327 0.89 [190263/363/1]
190263/420/1.f:GMHOLO_08275 -            607 GH13_16.hmm          -            353   9.4e-70  239.9   4.5   1   1   2.2e-70   1.2e-67  232.9   0.6     1   181    46   231    46   243 0.93 [190263/420/1]
190263/527/1.f:HGADJN_09225 -            606 GH13_16.hmm          -            353   2.3e-69  238.6   3.6   1   1   1.9e-70     1e-67  233.1   0.7     1   186    46   236    46   247 0.93 [190263/527/1]
190263/455/1.f:GDGJDA_05900 -            561 GH13_16.hmm          -            353   3.2e-69  238.1   2.6   1   1   1.2e-68   6.8e-66  227.2   0.6     1   241    28   283    28   331 0.84 [190263/455/1]
190263/532/1.f:BGDBBA_06200 -            558 GH13_16.hmm          -            353   3.3e-69  238.1   9.8   1   1     3e-68   1.6e-65  225.9   5.9     1   282    28   330    28   332 0.82 [190263/532/1]
190263/423/1.f:PDNKFB_07750 -            561 GH13_16.hmm          -            353   4.8e-69  237.5   1.2   1   1   4.3e-68   2.4e-65  225.4   0.9     1   239    28   281    28   286 0.82 [190263/423/1]
190263/495/1.f:ANKNCD_08970 -            565 GH13_16.hmm          -            353   6.3e-69  237.2   1.7   1   1   8.8e-68   4.9e-65  224.4   1.2     1   183    28   209    28   286 0.83 [190263/495/1]
190263/420/1.f:GMHOLO_01245 -            605 GH13_16.hmm          -            353   6.9e-69  237.0   0.0   1   1   7.5e-69   4.2e-66  227.9   0.0     1   283    86   375    86   386 0.93 [190263/420/1]
190263/409/1.f:AJJCMD_20400 -            565 GH13_16.hmm          -            353   9.6e-69  236.6   1.4   1   1   2.7e-68   1.5e-65  226.1   0.3     1   241    28   283    28   331 0.87 [190263/409/1]
190263/527/1.f:HGADJN_01360 -            605 GH13_16.hmm          -            353   1.8e-68  235.7   0.0   1   1   1.7e-68   9.3e-66  226.7   0.0     1   283    86   375    86   386 0.93 [190263/527/1]
190263/409/1.f:AJJCMD_26280 -            550 GH13_16.hmm          -            353   1.9e-68  235.6   2.2   1   1   2.4e-68   1.3e-65  226.2   0.2     1   282    28   324    28   336 0.79 [190263/409/1]
190263/390/1.f:OLPOLE_06095 -            631 GH13_16.hmm          -            353   6.9e-68  233.7   1.7   1   1   1.3e-67   7.5e-65  223.7   1.1     1   182   109   289   109   418 0.83 [190263/390/1]
190263/433/1.f:ADFNDI_01880 -            557 GH13_16.hmm          -            353     1e-67  233.2   1.9   1   1   1.1e-67   5.9e-65  224.1   0.9     1   240    28   282    28   291 0.86 [190263/433/1]
190263/439/1.f:KGLJGB_07065 -            557 GH13_16.hmm          -            353   2.2e-67  232.1   2.4   1   1   4.9e-67   2.7e-64  221.9   1.5     1   241    28   283    28   288 0.89 [190263/439/1]
190263/409/1.f:AJJCMD_25500 -            555 GH13_16.hmm          -            353   2.5e-67  231.9   3.4   1   1   3.5e-67   1.9e-64  222.4   2.4     1   242    26   277    26   285 0.89 [190263/409/1]
190263/546/1.f:GEHMID_11585 -            555 GH13_16.hmm          -            353   5.8e-67  230.7   1.0   1   1   2.5e-67   1.4e-64  222.9   0.3     1   239    28   281    28   286 0.77 [190263/546/1]
190263/513/1.f:MKNBNH_04310 -            604 GH13_16.hmm          -            353     6e-67  230.6   5.6   1   1   1.2e-64   6.8e-62  214.0   3.7     1   253   133   382   133   400 0.91 [190263/513/1]
190263/423/1.f:PDNKFB_11910 -            541 GH13_16.hmm          -            353   7.2e-67  230.4   5.7   1   1     7e-67   3.9e-64  221.4   2.8     1   282    28   324    28   344 0.75 [190263/423/1]
190263/448/1.f:IBJDOL_10285 -            559 GH13_16.hmm          -            353   8.9e-67  230.1   9.1   1   1   2.8e-67   1.6e-64  222.7   6.1     1   242    26   277    26   323 0.90 [190263/448/1]
190263/447/1.f:OLODHC_03415 -            554 GH13_16.hmm          -            353   1.1e-66  229.8  10.5   1   1   6.8e-68   3.8e-65  224.7   6.1     1   281    28   325    28   339 0.86 [190263/447/1]
190263/531/1.f:KJIPPC_09425 -            557 GH13_16.hmm          -            353   1.2e-66  229.6   1.1   1   1   6.4e-66   3.6e-63  218.2   0.4     1   216    28   241    28   286 0.79 [190263/531/1]
190263/375/1.f:CNGHJF_04990 -            554 GH13_16.hmm          -            353   1.6e-66  229.2   2.3   1   1   1.3e-66   7.3e-64  220.5   0.5     1   215    28   240    28   285 0.87 [190263/375/1]
190263/586/1.f:KBDCAC_00925 -            570 GH13_16.hmm          -            353   1.7e-66  229.2   3.0   1   1   1.9e-65   1.1e-62  216.7   1.0     1   243    27   280    27   311 0.88 [190263/586/1]
190263/580/1.f:JCPJNN_03710 -            629 GH13_16.hmm          -            353   2.3e-66  228.7   2.0   1   1   1.1e-66   5.9e-64  220.8   1.1     1   184   112   298   112   312 0.92 [190263/580/1]
190263/375/1.f:CNGHJF_16955 -            552 GH13_16.hmm          -            353   3.2e-66  228.2   2.6   1   1   4.1e-65   2.3e-62  215.6   1.2     1   244    26   279    26   325 0.85 [190263/375/1]
190263/382/1.f:JACGKO_02195 -            543 GH13_16.hmm          -            353   3.9e-66  228.0   0.8   1   1   1.2e-65   6.5e-63  217.4   0.4     1   246    25   277    25   324 0.81 [190263/382/1]
190263/472/1.f:NMGHJI_04900 -            554 GH13_16.hmm          -            353   5.3e-66  227.5   0.9   1   1   1.9e-66     1e-63  220.0   0.2     1   223    28   248    28   284 0.90 [190263/472/1]
190263/586/1.f:KBDCAC_04650 -            560 GH13_16.hmm          -            353   8.7e-66  226.8   3.4   1   1   1.2e-65   6.8e-63  217.3   0.8     1   246    26   279    26   327 0.81 [190263/586/1]
190263/576/1.f:FNMBCG_14575 -            609 GH13_16.hmm          -            353   1.7e-65  225.8   0.0   1   1   6.9e-67   3.8e-64  221.4   0.0     1   283    81   370    81   383 0.94 [190263/576/1]
190263/478/1.f:BOCJFA_10845 -            558 GH13_16.hmm          -            353   1.1e-63  219.9   1.1   1   1   6.6e-63   3.7e-60  208.3   0.6     1   181    28   208    28   287 0.85 [190263/478/1]
190263/520/1.f:GGDGDE_10805 -            560 GH13_16.hmm          -            353   1.8e-63  219.2   4.8   1   1   1.6e-63   8.9e-61  210.3   1.7     1   243    28   285    28   331 0.85 [190263/520/1]
190263/384/1.f:CDKGIA_03450 -            548 GH13_16.hmm          -            353   2.8e-63  218.6   1.9   1   1   8.2e-64   4.5e-61  211.3   0.9     1   242    26   275    26   321 0.85 [190263/384/1]
190263/466/1.f:PGJOII_04830 -            560 GH13_16.hmm          -            353   5.2e-63  217.7   2.9   1   1   2.7e-57   1.5e-54  189.9   2.7     1   227    50   283    50   302 0.86 [190263/466/1]
190263/456/1.f:LKAJBD_04210 -            560 GH13_16.hmm          -            353   7.1e-63  217.3   3.3   1   1   3.8e-57   2.1e-54  189.4   3.0     1   227    50   283    50   302 0.85 [190263/456/1]
190263/370/1.f:MFKGBO_21105 -            550 GH13_16.hmm          -            353   1.6e-62  216.1   4.4   1   1   6.7e-63   3.7e-60  208.3   1.0     1   261    26   299    26   333 0.80 [190263/370/1]
190263/460/1.f:IHFGKI_10500 -            578 GH13_16.hmm          -            353   7.8e-62  213.8   1.4   1   1   9.9e-63   5.5e-60  207.7   1.4     1   351    53   413    53   414 0.84 [190263/460/1]
190263/421/1.f:PBKEAC_02115 -            559 GH13_16.hmm          -            353   7.9e-62  213.8   0.0   1   1   1.6e-59   8.7e-57  197.2   0.0     1   222    50   278    50   297 0.88 [190263/421/1]
190263/596/1.f:GDHELL_05465 -            511 GH13_16.hmm          -            353   8.1e-62  213.8   0.4   1   1   2.9e-55   1.6e-52  183.2   0.2     1   222    27   253    27   272 0.88 [190263/596/1]
190263/507/1.f:KPMKPI_03005 -            556 GH13_16.hmm          -            353   9.2e-62  213.6   9.8   1   1     6e-64   3.3e-61  211.7   0.5     1   184    28   211    28   331 0.86 [190263/507/1]
190263/527/1.f:HGADJN_08895 -            586 GH13_16.hmm          -            353   1.2e-61  213.2   1.1   1   1   4.1e-63   2.3e-60  209.0   1.1     1   351    37   401    37   403 0.84 [190263/527/1]
190263/565/1.f:PAEINE_04520 -            577 GH13_16.hmm          -            353   1.5e-60  209.6   0.0   1   1   5.1e-62   2.8e-59  205.4   0.0     1   351    34   399    34   401 0.83 [190263/565/1]
190263/423/1.f:PDNKFB_09310 -            564 GH13_16.hmm          -            353   1.8e-60  209.3   1.9   1   1   1.5e-57   8.6e-55  190.7   0.6     1   240    96   326    96   348 0.88 [190263/423/1]
190263/429/1.f:OMPHBF_06140 -            518 GH13_16.hmm          -            353   3.7e-59  205.0   0.1   1   1     3e-53   1.6e-50  176.6   0.0     1   225    27   259    27   308 0.81 [190263/429/1]
190263/474/1.f:AMDJJA_00490 -            604 GH13_16.hmm          -            353   3.8e-59  205.0   1.5   1   1   1.7e-59   9.3e-57  197.1   0.5     1   263    33   316    33   334 0.86 [190263/474/1]
190263/443/1.f:LNLACP_11920 -            522 GH13_16.hmm          -            353   1.1e-58  203.5   0.1   1   1   7.7e-52   4.3e-49  171.9   0.0     1   222    27   253    27   267 0.83 [190263/443/1]
190263/456/1.f:LKAJBD_04235 -            560 GH13_16.hmm          -            353   3.4e-58  201.9   1.5   1   1   2.3e-51   1.3e-48  170.4   1.2     1   222    53   279    53   311 0.81 [190263/456/1]
190263/409/1.f:AJJCMD_12165 -            510 GH13_16.hmm          -            353   3.7e-58  201.7   0.1   1   1   2.2e-51   1.2e-48  170.4   0.0     1   219    27   250    27   261 0.83 [190263/409/1]
190263/580/1.f:JCPJNN_09070 -            521 GH13_16.hmm          -            353     6e-58  201.0   1.1   1   1   9.3e-51   5.2e-48  168.4   0.2     1   219    27   254    27   276 0.85 [190263/580/1]
190263/466/1.f:PGJOII_04855 -            554 GH13_16.hmm          -            353   9.6e-58  200.4   1.3   1   1   7.1e-51     4e-48  168.7   1.1     1   222    47   273    47   305 0.81 [190263/466/1]
190263/468/1.f:DIOFOH_01755 -            517 GH13_16.hmm          -            353   1.1e-57  200.2   4.7   1   1   2.6e-52   1.5e-49  173.5   2.0     1   221    27   252    27   276 0.86 [190263/468/1]
190263/513/1.f:MKNBNH_10810 -            530 GH13_16.hmm          -            353   1.5e-56  196.4   0.1   1   1   4.4e-58   2.5e-55  192.4   0.1     1   351    27   375    27   376 0.86 [190263/513/1]
190263/466/1.f:PGJOII_07605 -            686 GH13_16.hmm          -            353     2e-56  196.0   7.6   1   1     3e-41   1.7e-38  137.1   0.3     1   115    79   192    79   210 0.92 [190263/466/1]
190263/420/1.f:GMHOLO_08475 -            583 GH13_16.hmm          -            353   7.7e-56  194.1   0.3   1   1   4.7e-57   2.6e-54  189.1   0.3     1   281    33   333    33   403 0.78 [190263/420/1]
190263/456/1.f:LKAJBD_15395 -            681 GH13_16.hmm          -            353   2.1e-55  192.7   5.7   1   1   1.2e-40   6.6e-38  135.1   0.1     1   116    74   188    74   204 0.92 [190263/456/1]
190263/520/1.f:GGDGDE_02775 -            587 GH13_16.hmm          -            353   3.4e-55  192.0   2.7   1   1   3.3e-54   1.8e-51  179.7   0.6     1   256   107   362   107   394 0.81 [190263/520/1]
190263/578/1.f:HIHCLH_07765 -            543 GH13_16.hmm          -            353   8.2e-55  190.7   0.7   1   1   4.1e-52   2.3e-49  172.8   0.9     1   241    71   301    71   317 0.87 [190263/578/1]
190263/527/1.f:HGADJN_08845 -            535 GH13_16.hmm          -            353   1.1e-54  190.3   0.1   1   1   1.7e-47   9.4e-45  157.6   0.0     1   224    35   263    35   288 0.82 [190263/527/1]
190263/504/1.f:DOAHDM_08100 -            692 GH13_16.hmm          -            353   8.5e-54  187.4   2.3   1   1   7.8e-40   4.4e-37  132.4   0.0     1   117    80   195    80   210 0.93 [190263/504/1]
190263/401/1.f:DMFJNH_07595 -            692 GH13_16.hmm          -            353   8.5e-54  187.4   2.3   1   1   7.8e-40   4.4e-37  132.4   0.0     1   117    80   195    80   210 0.93 [190263/401/1]
190263/534/1.f:OHCFJE_04840 -            693 GH13_16.hmm          -            353   1.9e-53  186.3   5.0   1   1   5.2e-39   2.9e-36  129.7   0.1     1   115    83   196    83   238 0.90 [190263/534/1]
190263/391/1.f:NONBJF_08120 -            693 GH13_16.hmm          -            353   1.9e-53  186.3   5.0   1   1   5.2e-39   2.9e-36  129.7   0.1     1   115    83   196    83   238 0.90 [190263/391/1]
190263/545/1.f:NCJBIN_08240 -            693 GH13_16.hmm          -            353   1.9e-53  186.2   5.0   1   1   5.2e-39   2.9e-36  129.7   0.1     1   115    83   196    83   238 0.90 [190263/545/1]
190263/400/1.f:EIBLKL_02735 -            553 GH13_16.hmm          -            353   2.4e-53  185.9   1.7   1   1   1.1e-47   6.2e-45  158.2   0.6     1   243    75   317    75   367 0.84 [190263/400/1]
190263/400/1.f:EIBLKL_04930 -            512 GH13_16.hmm          -            353   5.4e-52  181.5   0.1   1   1   1.5e-46   8.2e-44  154.5   0.0     1   222    27   252    27   291 0.84 [190263/400/1]
190263/495/1.f:ANKNCD_06875 -            582 GH13_16.hmm          -            353   6.9e-52  181.1   8.6   1   1   1.1e-51   6.3e-49  171.4   4.6     1   241    99   336    99   344 0.86 [190263/495/1]
190263/474/1.f:AMDJJA_00520 -            628 GH13_16.hmm          -            353   4.5e-51  178.4   0.2   1   2   3.5e-35   1.9e-32  117.1   0.0     1    91    39   129    39   135 0.96 [190263/474/1]
190263/474/1.f:AMDJJA_00520 -            628 GH13_16.hmm          -            353   4.5e-51  178.4   0.2   2   2   1.8e-16   9.8e-14   55.6   0.2   128   351   227   435   177   436 0.75 [190263/474/1]
190263/556/1.f:EMIPPF_02175 -            772 GH13_16.hmm          -            353   6.7e-48  168.0   1.0   1   1   5.4e-36     3e-33  119.8   0.0     1   111   161   270   161   291 0.93 [190263/556/1]
190263/446/1.f:LHJMMB_09610 -            772 GH13_16.hmm          -            353   2.8e-47  165.9   1.0   1   1   1.1e-35   6.2e-33  118.8   0.0     1   111   161   270   161   291 0.93 [190263/446/1]
190263/421/1.f:PBKEAC_05055 -            772 GH13_16.hmm          -            353   2.8e-47  165.9   1.0   1   1   1.1e-35   6.2e-33  118.8   0.0     1   111   161   270   161   291 0.93 [190263/421/1]
190263/527/1.f:HGADJN_00335 -            625 GH13_16.hmm          -            353   3.7e-47  165.5   1.1   1   1   6.3e-41   3.5e-38  136.0   0.2     1   225    27   261    27   284 0.83 [190263/527/1]
190263/596/1.f:GDHELL_05010 -            551 GH13_16.hmm          -            353   6.6e-47  164.7   2.6   1   1   3.1e-45   1.7e-42  150.2   0.6     1   283    76   356    76   365 0.80 [190263/596/1]
190263/368/1.f:HPMDBE_05310 -            486 GH13_16.hmm          -            353   2.5e-45  159.5   3.7   1   1     2e-44   1.1e-41  147.6   1.7    64   242     4   196     2   246 0.88 [190263/368/1]
190263/363/1.f:CIHHOC_15755 -            564 GH13_16.hmm          -            353   1.3e-43  153.9   0.0   1   1   6.9e-46   3.8e-43  152.3   0.0    18   286    84   345    69   374 0.89 [190263/363/1]
190263/409/1.f:AJJCMD_03115 -            560 GH13_16.hmm          -            353   1.6e-39  140.5   0.0   1   1     2e-41   1.1e-38  137.7   0.0    18   290    83   348    77   373 0.91 [190263/409/1]
190263/495/1.f:ANKNCD_04135 -            572 GH13_16.hmm          -            353   1.6e-39  140.4   2.7   1   1   3.9e-28   2.2e-25   94.0   0.6     1   103   170   272   170   286 0.91 [190263/495/1]
190263/423/1.f:PDNKFB_13510 -            572 GH13_16.hmm          -            353     2e-39  140.1   1.0   1   1   2.8e-33   1.6e-30  110.9   0.8     1   242   170   379   170   404 0.79 [190263/423/1]
190263/520/1.f:GGDGDE_20340 -            572 GH13_16.hmm          -            353   2.4e-39  139.8   1.8   1   1   2.5e-32   1.4e-29  107.8   1.4     1   251   170   388   170   410 0.81 [190263/520/1]
190263/362/1.f:KJODLM_11060 -            151 GH13_16.hmm          -            353   7.2e-38  135.0   0.6   1   1   1.6e-40   8.8e-38  134.7   0.6     1   106    26   130    26   135 0.96 [190263/362/1]
190263/578/1.f:HIHCLH_03535 -            574 GH13_16.hmm          -            353   8.8e-38  134.7   1.6   1   1   9.9e-31   5.5e-28  102.5   0.7     1   240   172   382   172   401 0.83 [190263/578/1]
190263/541/1.f:IDEEIE_03905 -            587 GH13_16.hmm          -            353   1.7e-37  133.8   8.6   1   1   1.1e-33   6.1e-31  112.2   5.2     1   281   179   434   179   450 0.80 [190263/541/1]
190263/472/1.f:NMGHJI_18160 -            584 GH13_16.hmm          -            353   2.2e-37  133.4   5.0   1   1   5.5e-33   3.1e-30  109.9   2.5     1   284   180   438   180   448 0.82 [190263/472/1]
190263/390/1.f:OLPOLE_18085 -            605 GH13_16.hmm          -            353     4e-37  132.6   0.0   1   1   9.7e-37   5.4e-34  122.3   0.0     1   351   183   507   183   509 0.82 [190263/390/1]
190263/447/1.f:OLODHC_11555 -            584 GH13_16.hmm          -            353   4.9e-37  132.3  10.9   1   1   1.1e-33   6.1e-31  112.2   6.6     1   285   180   439   180   447 0.86 [190263/447/1]
190263/580/1.f:JCPJNN_26940 -            585 GH13_16.hmm          -            353   5.1e-37  132.2   4.9   1   1   1.2e-33   6.9e-31  112.0   1.9     1   285   179   438   179   449 0.86 [190263/580/1]
190263/514/1.f:MMHOAN_12715 -            584 GH13_16.hmm          -            353   2.3e-36  130.1   8.4   1   1   7.4e-34   4.1e-31  112.8   4.4     1   285   179   438   179   446 0.84 [190263/514/1]
190263/363/1.f:CIHHOC_04795 -            585 GH13_16.hmm          -            353   5.7e-36  128.8   4.9   1   1   6.7e-33   3.7e-30  109.6   1.8     1   285   179   438   179   449 0.86 [190263/363/1]
190263/443/1.f:LNLACP_02900 -            616 GH13_16.hmm          -            353   6.2e-36  128.6   0.0   1   1   3.3e-22   1.8e-19   74.5   0.0     1   100   183   289   183   299 0.88 [190263/443/1]
190263/514/1.f:MMHOAN_10920 -            617 GH13_16.hmm          -            353   6.5e-36  128.6   5.6   1   1   2.4e-32   1.3e-29  107.8   1.4     1   229   188   398   188   426 0.79 [190263/514/1]
190263/405/1.f:EHKDKA_03425 -            619 GH13_16.hmm          -            353   1.7e-35  127.2   1.2   1   1   1.8e-24     1e-21   81.9   0.0     1    86   163   251   163   256 0.94 [190263/405/1]
190263/413/1.f:NMLDCG_06385 -            622 GH13_16.hmm          -            353   2.5e-35  126.7   0.6   1   1   2.3e-23   1.3e-20   78.3   0.0     1   103   184   293   184   302 0.86 [190263/413/1]
190263/516/1.f:MGNFBC_18275 -            615 GH13_16.hmm          -            353   5.3e-35  125.6  10.1   1   1   5.9e-35   3.3e-32  116.4   5.7     1   253   162   403   162   454 0.74 [190263/516/1]
190263/368/1.f:HPMDBE_20180 -            615 GH13_16.hmm          -            353   6.5e-35  125.3   9.8   1   1     6e-35   3.3e-32  116.4   5.7     1   253   162   403   162   454 0.74 [190263/368/1]
190263/379/1.f:LOJHAC_21325 -            615 GH13_16.hmm          -            353   6.5e-35  125.3   9.8   1   1     6e-35   3.3e-32  116.4   5.7     1   253   162   403   162   454 0.74 [190263/379/1]
190263/388/1.f:FDDJJK_07165 -            616 GH13_16.hmm          -            353   2.2e-34  123.6   7.8   1   1   9.7e-34   5.4e-31  112.4   5.2     1   283   164   441   164   453 0.90 [190263/388/1]
190263/391/1.f:NONBJF_08175 -            616 GH13_16.hmm          -            353   2.2e-34  123.5   7.8   1   1   9.7e-34   5.4e-31  112.4   5.2     1   283   164   441   164   453 0.90 [190263/391/1]
190263/534/1.f:OHCFJE_04790 -            616 GH13_16.hmm          -            353   2.2e-34  123.5   7.8   1   1   9.7e-34   5.4e-31  112.4   5.2     1   283   164   441   164   453 0.90 [190263/534/1]
190263/545/1.f:NCJBIN_08290 -            616 GH13_16.hmm          -            353   2.2e-34  123.5   7.8   1   1   9.7e-34   5.4e-31  112.4   5.2     1   283   164   441   164   453 0.90 [190263/545/1]
190263/375/1.f:CNGHJF_00695 -            444 GH13_16.hmm          -            353   1.4e-33  120.9   4.2   1   1   1.1e-20   6.3e-18   69.4   0.0     4    99    35   129    33   132 0.94 [190263/375/1]
190263/576/1.f:FNMBCG_05375 -            618 GH13_16.hmm          -            353   6.5e-33  118.7   0.0   1   1   1.3e-31   7.5e-29  105.3   0.0     1   351   183   507   183   509 0.79 [190263/576/1]
190263/423/1.f:PDNKFB_06345 -            588 GH13_16.hmm          -            353   8.1e-33  118.4   0.9   1   1   1.5e-29   8.6e-27   98.6   0.7     1   178   183   343   183   434 0.81 [190263/423/1]
190263/595/1.f:HGDLEC_06160 -            640 GH13_16.hmm          -            353   1.4e-32  117.6   1.6   1   1   6.4e-31   3.6e-28  103.1   0.8     1   178   162   362   162   378 0.79 [190263/595/1]
190263/584/1.f:DDCNLE_10135 -            626 GH13_16.hmm          -            353   2.2e-32  117.0   0.0   1   1   4.3e-32   2.4e-29  107.0   0.0     1   351   187   510   187   512 0.82 [190263/584/1]
190263/507/1.f:KPMKPI_14695 -            453 GH13_16.hmm          -            353   3.1e-32  116.5   4.7   1   1   6.3e-22   3.5e-19   73.5   0.0     3    99    33   128    32   134 0.94 [190263/507/1]
190263/488/1.f:DNPFAC_20990 -            616 GH13_16.hmm          -            353   4.1e-32  116.1   9.7   1   1   1.4e-33   7.6e-31  111.9   6.7     1   178   163   337   163   441 0.87 [190263/488/1]
190263/478/1.f:BOCJFA_08205 -            581 GH13_16.hmm          -            353   6.5e-32  115.4   3.9   1   1   3.6e-27     2e-24   90.8   1.6     4   282    34   279    32   291 0.85 [190263/478/1]
190263/494/1.f:LHPBBO_03380 -            727 GH13_16.hmm          -            353   6.7e-32  115.4   0.0   1   1   7.2e-24     4e-21   79.9   0.0     1   108   238   349   238   356 0.89 [190263/494/1]
190263/417/1.f:MHBJAE_19300 -            616 GH13_16.hmm          -            353   7.6e-32  115.2   8.8   1   1   2.1e-33   1.2e-30  111.3   5.5     1   178   163   337   163   393 0.86 [190263/417/1]
190263/510/1.f:DELAEA_05540 -            616 GH13_16.hmm          -            353   1.5e-31  114.3   3.6   1   1   5.2e-31   2.9e-28  103.4   3.6     1   351   184   508   184   510 0.78 [190263/510/1]
190263/399/1.f:CDLIDF_07515 -            617 GH13_16.hmm          -            353   1.6e-31  114.2   8.4   1   1     2e-30   1.1e-27  101.5   5.5     1   178   165   336   165   453 0.78 [190263/399/1]
190263/477/1.f:PCLDCI_13415 -            621 GH13_16.hmm          -            353   1.7e-31  114.1   0.0   1   1   1.4e-30   7.9e-28  102.0   0.0     1   351   184   507   184   509 0.79 [190263/477/1]
190263/396/1.f:KAAOMA_12335 -            628 GH13_16.hmm          -            353   1.7e-31  114.1   1.0   1   1   2.7e-22   1.5e-19   74.8   0.1     1   109   182   297   182   318 0.89 [190263/396/1]
190263/460/1.f:IHFGKI_10900 -            641 GH13_16.hmm          -            353   1.7e-31  114.0   2.0   1   1   1.2e-30   6.5e-28  102.3   1.3     1   178   162   363   162   374 0.81 [190263/460/1]
190263/522/1.f:NPJBCH_12425 -            639 GH13_16.hmm          -            353   2.6e-31  113.4   2.2   1   1   3.8e-30   2.1e-27  100.6   0.9     1   178   162   361   162   385 0.78 [190263/522/1]
190263/547/1.f:KJCAKO_00600 -            555 GH13_16.hmm          -            353   3.3e-31  113.1   3.7   1   1   2.3e-25   1.3e-22   84.9   0.3     2   101   153   252   152   267 0.87 [190263/547/1]
190263/556/1.f:EMIPPF_02185 -            625 GH13_16.hmm          -            353   3.5e-31  113.0   1.7   1   1   1.4e-29   8.1e-27   98.7   0.4     1   177   170   340   170   450 0.80 [190263/556/1]
190263/421/1.f:PBKEAC_05065 -            625 GH13_16.hmm          -            353   3.6e-31  113.0   1.7   1   1   1.5e-29   8.1e-27   98.7   0.4     1   177   170   340   170   450 0.80 [190263/421/1]
190263/446/1.f:LHJMMB_09600 -            625 GH13_16.hmm          -            353   3.6e-31  113.0   1.7   1   1   1.5e-29   8.1e-27   98.7   0.4     1   177   170   340   170   450 0.80 [190263/446/1]
190263/580/1.f:JCPJNN_00815 -            582 GH13_16.hmm          -            353   6.2e-31  112.2   5.1   1   1   6.3e-29   3.5e-26   96.6   2.2     1   263   181   414   181   439 0.84 [190263/580/1]
190263/368/1.f:HPMDBE_16265 -            613 GH13_16.hmm          -            353   6.3e-31  112.2   4.8   1   1   1.2e-28   6.4e-26   95.7   2.7     1   178   158   329   158   436 0.83 [190263/368/1]
190263/401/1.f:DMFJNH_07625 -            617 GH13_16.hmm          -            353   6.5e-31  112.1   8.5   1   1   2.8e-30   1.5e-27  101.0   6.0     1   285   165   444   165   454 0.83 [190263/401/1]
190263/504/1.f:DOAHDM_08130 -            617 GH13_16.hmm          -            353   6.5e-31  112.1   8.5   1   1   2.8e-30   1.5e-27  101.0   6.0     1   285   165   444   165   454 0.83 [190263/504/1]
190263/513/1.f:MKNBNH_01175 -            697 GH13_16.hmm          -            353   7.9e-31  111.8   4.5   1   1   6.8e-19   3.8e-16   63.6   0.2    52   351   277   565   255   567 0.79 [190263/513/1]
190263/516/1.f:MGNFBC_14175 -            613 GH13_16.hmm          -            353   8.4e-31  111.8   4.7   1   1   1.5e-28   8.5e-26   95.3   2.5     1   177   158   328   158   436 0.82 [190263/516/1]
190263/379/1.f:LOJHAC_16730 -            613 GH13_16.hmm          -            353   8.4e-31  111.8   4.7   1   1   1.5e-28   8.5e-26   95.3   2.5     1   177   158   328   158   436 0.82 [190263/379/1]
190263/549/1.f:CNBDFB_03745 -            437 GH13_16.hmm          -            353   8.5e-31  111.7   2.5   1   1   3.9e-19   2.2e-16   64.4   0.2     5   100    33   127    30   138 0.90 [190263/549/1]
190263/502/1.f:NONHGB_11410 -            616 GH13_16.hmm          -            353   9.6e-31  111.6   8.8   1   1   8.1e-32   4.5e-29  106.1   5.9     1   178   163   337   163   441 0.88 [190263/502/1]
190263/425/1.f:HPANHD_10080 -            587 GH13_16.hmm          -            353   9.6e-31  111.6   8.9   1   1   6.6e-27   3.7e-24   89.9   9.2     1   251   180   404   180   440 0.76 [190263/425/1]
190263/562/1.f:KJGNCK_02025 -            684 GH13_16.hmm          -            353   1.1e-30  111.4   7.9   1   1   2.7e-30   1.5e-27  101.1   5.3     1   290   232   516   232   522 0.83 [190263/562/1]
190263/552/1.f:EMALNL_07985 -            684 GH13_16.hmm          -            353   1.1e-30  111.4   7.9   1   1   2.7e-30   1.5e-27  101.1   5.3     1   290   232   516   232   522 0.83 [190263/552/1]
190263/541/1.f:IDEEIE_03490 -            435 GH13_16.hmm          -            353   1.2e-30  111.2   5.0   1   1   2.4e-18   1.3e-15   61.7   0.4     4   102    32   129    30   146 0.89 [190263/541/1]
190263/405/1.f:EHKDKA_13290 -            616 GH13_16.hmm          -            353   2.1e-30  110.5   8.8   1   1   1.4e-31   7.9e-29  105.3   5.9     1   178   163   337   163   441 0.88 [190263/405/1]
190263/537/1.f:AHPNMI_04290 -            436 GH13_16.hmm          -            353   2.3e-30  110.3   2.1   1   1     5e-17   2.8e-14   57.4   0.4    11   102    39   129    30   149 0.87 [190263/537/1]
190263/475/1.f:MCKEEP_01645 -            617 GH13_16.hmm          -            353   2.6e-30  110.1   9.6   1   1   4.3e-30   2.4e-27  100.4   6.4     1   287   165   446   165   459 0.82 [190263/475/1]
190263/573/1.f:LIDFCI_15590 -            617 GH13_16.hmm          -            353   2.6e-30  110.1   9.9   1   1   7.4e-30   4.1e-27   99.6   7.2     1   285   165   444   165   454 0.82 [190263/573/1]
190263/513/1.f:MKNBNH_11095 -            598 GH13_16.hmm          -            353   2.9e-30  110.0   5.7   1   1   1.4e-17   7.9e-15   59.2   0.1     4   100    34   129    32   145 0.91 [190263/513/1]
190263/461/1.f:DHPHOK_10950 -            616 GH13_16.hmm          -            353     3e-30  109.9   9.0   1   1     1e-31   5.7e-29  105.7   6.4     1   178   163   337   163   442 0.86 [190263/461/1]
190263/472/1.f:NMGHJI_09485 -            582 GH13_16.hmm          -            353   3.4e-30  109.8   5.5   1   1   3.7e-18   2.1e-15   61.1   0.0     4   100    34   129    32   143 0.92 [190263/472/1]
190263/546/1.f:GEHMID_08575 -            456 GH13_16.hmm          -            353   5.4e-30  109.1   4.7   1   1   1.1e-20     6e-18   69.5   0.0     3    99    34   129    33   133 0.93 [190263/546/1]
190263/447/1.f:OLODHC_03420 -            676 GH13_16.hmm          -            353   5.5e-30  109.1   2.5   1   1   7.1e-19   3.9e-16   63.5   0.1     4   100    32   127    30   138 0.91 [190263/447/1]
190263/369/1.f:JCDIFE_19125 -            616 GH13_16.hmm          -            353   5.7e-30  109.0   9.9   1   1   1.7e-31   9.2e-29  105.0   7.3     1   178   163   337   163   441 0.86 [190263/369/1]
190263/433/1.f:ADFNDI_04915 -            563 GH13_16.hmm          -            353   6.2e-30  108.9   6.5   1   1   6.5e-26   3.6e-23   86.7   3.2     4   281    34   278    32   291 0.84 [190263/433/1]
190263/409/1.f:AJJCMD_01560 -            444 GH13_16.hmm          -            353   6.9e-30  108.7   5.0   1   1   1.1e-23   6.1e-21   79.3   2.9     3   283    34   280    32   284 0.83 [190263/409/1]
190263/405/1.f:EHKDKA_23990 -            628 GH13_16.hmm          -            353   7.5e-30  108.6   5.3   1   1   2.4e-28   1.3e-25   94.7   2.9     1   176   177   346   177   356 0.93 [190263/405/1]
190263/512/1.f:JBCLGH_10695 -            448 GH13_16.hmm          -            353     8e-30  108.5   0.8   1   1   4.4e-16   2.5e-13   54.3   0.1    11   101    39   128    31   143 0.88 [190263/512/1]
190263/382/1.f:JACGKO_09355 -           1151 GH13_16.hmm          -            353   9.1e-30  108.4   5.2   1   1   1.6e-28   9.1e-26   95.2   4.5     1   351   192   518   192   520 0.70 [190263/382/1]
190263/412/1.f:OOIBGL_10985 -            436 GH13_16.hmm          -            353     1e-29  108.2   3.9   1   1   1.1e-17   6.3e-15   59.5   0.2     6    99    34   126    31   138 0.92 [190263/412/1]
190263/437/1.f:LBKKEJ_03795 -            617 GH13_16.hmm          -            353     1e-29  108.2   9.2   1   1   1.3e-29   7.2e-27   98.8   6.2     1   178   165   336   165   454 0.81 [190263/437/1]
190263/400/1.f:EIBLKL_01635 -            626 GH13_16.hmm          -            353   1.1e-29  108.0   0.6   1   1   2.9e-22   1.6e-19   74.7   0.1     1   108   182   297   182   303 0.90 [190263/400/1]
190263/596/1.f:GDHELL_06085 -            629 GH13_16.hmm          -            353   1.4e-29  107.7   2.9   1   1   3.4e-28   1.9e-25   94.2   2.9     1   351   191   514   191   516 0.78 [190263/596/1]
190263/425/1.f:HPANHD_08465 -            599 GH13_16.hmm          -            353   1.7e-29  107.4   1.4   1   1   3.1e-24   1.7e-21   81.1   0.6     1   282   186   447   186   456 0.76 [190263/425/1]
190263/452/1.f:PEIHBN_02820 -            435 GH13_16.hmm          -            353   1.8e-29  107.4   6.9   1   1   6.7e-18   3.8e-15   60.3   0.7     5   102    33   129    30   140 0.90 [190263/452/1]
190263/363/1.f:CIHHOC_14895 -            450 GH13_16.hmm          -            353   1.9e-29  107.3   4.0   1   1   3.1e-19   1.7e-16   64.7   0.0     3    99    34   129    33   132 0.93 [190263/363/1]
190263/383/1.f:KCEMEB_04820 -            437 GH13_16.hmm          -            353   2.6e-29  106.8   3.4   1   1   5.9e-19   3.3e-16   63.8   0.2     7   101    33   126    28   137 0.88 [190263/383/1]
190263/502/1.f:NONHGB_22080 -            651 GH13_16.hmm          -            353   2.7e-29  106.8   5.1   1   1   2.8e-28   1.6e-25   94.4   2.4     1   176   200   369   200   383 0.93 [190263/502/1]
190263/433/1.f:ADFNDI_12270 -            702 GH13_16.hmm          -            353   3.1e-29  106.6   6.0   1   1   9.8e-31   5.4e-28  102.5   6.0     1   351   192   565   192   567 0.86 [190263/433/1]
190263/400/1.f:EIBLKL_06495 -            439 GH13_16.hmm          -            353   3.2e-29  106.6   1.5   1   1   4.2e-19   2.3e-16   64.3   0.0     3   108    34   136    33   143 0.94 [190263/400/1]
190263/547/1.f:KJCAKO_04325 -            433 GH13_16.hmm          -            353   3.3e-29  106.5   6.0   1   1   2.7e-18   1.5e-15   61.6   0.8     5   101    33   128    30   146 0.89 [190263/547/1]
190263/456/1.f:LKAJBD_09060 -            616 GH13_16.hmm          -            353   3.5e-29  106.4   9.6   1   1   2.6e-30   1.4e-27  101.1   6.6     1   178   163   337   163   441 0.85 [190263/456/1]
190263/567/1.f:NOEGFN_16430 -            620 GH13_16.hmm          -            353   5.4e-29  105.8   0.0   1   1   1.6e-27   8.9e-25   91.9   0.0     1   350   186   509   186   511 0.80 [190263/567/1]
190263/466/1.f:PGJOII_14705 -            616 GH13_16.hmm          -            353   5.8e-29  105.7   9.4   1   1   4.1e-30   2.3e-27  100.5   6.4     1   178   163   337   163   441 0.86 [190263/466/1]
190263/386/1.f:DBGIOG_09510 -            457 GH13_16.hmm          -            353     7e-29  105.4   5.5   1   1   9.3e-21   5.2e-18   69.7   0.1     3   102    34   134    33   147 0.90 [190263/386/1]
190263/584/1.f:DDCNLE_06665 -            431 GH13_16.hmm          -            353   7.2e-29  105.4   2.4   1   1   3.4e-20   1.9e-17   67.8   1.5     4   281    32   277    30   281 0.87 [190263/584/1]
190263/557/1.f:DOLMEB_10490 -            442 GH13_16.hmm          -            353     8e-29  105.2   0.8   1   1   2.6e-16   1.4e-13   55.1   0.1    11   102    39   129    33   149 0.91 [190263/557/1]
190263/532/1.f:BGDBBA_00800 -            701 GH13_16.hmm          -            353     1e-28  104.9   5.2   1   1   1.7e-30   9.5e-28  101.7   5.2     1   351   192   565   192   567 0.81 [190263/532/1]
190263/363/1.f:CIHHOC_04065 -            700 GH13_16.hmm          -            353     1e-28  104.9   3.4   1   1   2.6e-29   1.4e-26   97.8   3.4     1   351   192   565   192   567 0.83 [190263/363/1]
190263/496/1.f:JJBAFO_01220 -            456 GH13_16.hmm          -            353   1.1e-28  104.8   0.0   1   1   5.6e-19   3.1e-16   63.8   0.0    10    99    43   131    40   135 0.92 [190263/496/1]
190263/531/1.f:KJIPPC_09870 -            435 GH13_16.hmm          -            353   1.1e-28  104.8   7.1   1   1   1.1e-17   6.1e-15   59.6   0.5     5   102    33   129    30   146 0.90 [190263/531/1]
190263/532/1.f:BGDBBA_08525 -            550 GH13_16.hmm          -            353   1.2e-28  104.7   5.0   1   1   6.8e-19   3.8e-16   63.6   0.2     3   100    32   128    30   139 0.91 [190263/532/1]
190263/588/1.f:LGPOLK_03735 -           1132 GH13_16.hmm          -            353   1.2e-28  104.7   2.9   1   1   1.7e-20   9.2e-18   68.9   0.1     1   109   188   303   188   323 0.90 [190263/588/1]
190263/478/1.f:BOCJFA_13060 -            705 GH13_16.hmm          -            353   1.3e-28  104.5   7.1   1   1   1.6e-29   8.8e-27   98.5   7.1     1   351   192   565   192   567 0.83 [190263/478/1]
190263/429/1.f:OMPHBF_14120 -            535 GH13_16.hmm          -            353   1.4e-28  104.4   0.2   1   1   4.7e-17   2.6e-14   57.5   0.0     4    98    35   128    33   131 0.89 [190263/429/1]
190263/384/1.f:CDKGIA_01545 -            446 GH13_16.hmm          -            353   1.5e-28  104.4  11.8   1   1   3.1e-19   1.7e-16   64.7   0.2     3    99    34   129    33   138 0.93 [190263/384/1]
190263/429/1.f:OMPHBF_00070 -            645 GH13_16.hmm          -            353   1.9e-28  104.0   0.2   1   1   4.1e-28   2.3e-25   93.9   0.2     1   351   183   506   183   508 0.78 [190263/429/1]
190263/477/1.f:PCLDCI_13985 -            551 GH13_16.hmm          -            353   2.6e-28  103.6   1.7   1   1     2e-16   1.1e-13   55.4   0.1     5    99    36   129    33   132 0.89 [190263/477/1]
190263/439/1.f:KGLJGB_08645 -            433 GH13_16.hmm          -            353     3e-28  103.4   6.3   1   1   6.7e-17   3.8e-14   57.0   0.1     5    99    33   126    30   146 0.89 [190263/439/1]
190263/458/1.f:AMPCAI_06050 -            434 GH13_16.hmm          -            353   4.1e-28  102.9   4.8   1   1   5.4e-17     3e-14   57.3   0.1     6   100    34   127    31   146 0.89 [190263/458/1]
190263/472/1.f:NMGHJI_04590 -            701 GH13_16.hmm          -            353   4.4e-28  102.8   4.3   1   1   1.7e-29   9.5e-27   98.4   4.3     1   351   192   566   192   568 0.87 [190263/472/1]
190263/383/1.f:KCEMEB_11095 -            641 GH13_16.hmm          -            353   4.4e-28  102.8   1.3   1   1     2e-27   1.1e-24   91.6   1.3     1   351   187   512   187   514 0.77 [190263/383/1]
190263/468/1.f:DIOFOH_00365 -            527 GH13_16.hmm          -            353   4.5e-28  102.8   9.0   1   1     3e-24   1.7e-21   81.2   5.1     9   281    39   280    32   286 0.85 [190263/468/1]
190263/452/1.f:PEIHBN_14170 -            683 GH13_16.hmm          -            353   4.6e-28  102.7   9.0   1   1   2.7e-29   1.5e-26   97.8   9.0     1   351   171   546   171   548 0.77 [190263/452/1]
190263/421/1.f:PBKEAC_05060 -            445 GH13_16.hmm          -            353   5.6e-28  102.5   0.8   1   1   7.8e-22   4.3e-19   73.2   0.0     1    86    47   138    47   142 0.90 [190263/421/1]
190263/446/1.f:LHJMMB_09605 -            445 GH13_16.hmm          -            353   5.6e-28  102.5   0.8   1   1   7.8e-22   4.3e-19   73.2   0.0     1    86    47   138    47   142 0.90 [190263/446/1]
190263/461/1.f:DHPHOK_10120 -            441 GH13_16.hmm          -            353     6e-28  102.4   3.4   1   1   6.9e-22   3.8e-19   73.4   0.2     3    88    53   141    52   149 0.90 [190263/461/1]
190263/578/1.f:HIHCLH_01010 -            702 GH13_16.hmm          -            353   6.1e-28  102.3   5.4   1   1   3.2e-29   1.8e-26   97.5   5.4     1   351   197   570   197   572 0.81 [190263/578/1]
190263/487/1.f:MPKEFC_06950 -            441 GH13_16.hmm          -            353   6.4e-28  102.3   4.3   1   1   5.2e-16   2.9e-13   54.1   0.2     8   106    40   137    35   153 0.87 [190263/487/1]
190263/546/1.f:GEHMID_03350 -            698 GH13_16.hmm          -            353   6.6e-28  102.2   7.2   1   1   2.3e-29   1.3e-26   98.0   7.2     1   351   193   565   193   567 0.82 [190263/546/1]
190263/595/1.f:HGDLEC_07220 -           1077 GH13_16.hmm          -            353   7.2e-28  102.1   3.3   1   1   1.1e-20     6e-18   69.5   0.2     1    78    76   156    76   160 0.91 [190263/595/1]
190263/556/1.f:EMIPPF_02180 -            445 GH13_16.hmm          -            353   7.2e-28  102.1   0.6   1   1   6.5e-22   3.6e-19   73.5   0.0     1    86    47   138    47   146 0.89 [190263/556/1]
190263/568/1.f:ABMLLK_04030 -            626 GH13_16.hmm          -            353   8.2e-28  101.9   3.1   1   1   5.2e-21   2.9e-18   70.5   0.1     1   110   198   314   198   334 0.90 [190263/568/1]
190263/443/1.f:LNLACP_13505 -            440 GH13_16.hmm          -            353   1.1e-27  101.5   2.5   1   1   2.5e-17   1.4e-14   58.4   0.2     9   105    41   136    34   153 0.88 [190263/443/1]
190263/370/1.f:MFKGBO_01025 -            448 GH13_16.hmm          -            353   1.7e-27  100.9   8.4   1   1   8.6e-19   4.8e-16   63.2   0.1     3    99    34   129    33   139 0.93 [190263/370/1]
190263/530/1.f:LBOGMJ_11835 -            672 GH13_16.hmm          -            353   2.3e-27  100.4   0.0   1   1   1.7e-18   9.3e-16   62.3   0.0     1   103   199   305   199   315 0.85 [190263/530/1]
190263/495/1.f:ANKNCD_19165 -            436 GH13_16.hmm          -            353     3e-27  100.1   2.3   1   1   2.5e-20   1.4e-17   68.3   1.6     9   263    37   258    31   283 0.82 [190263/495/1]
190263/502/1.f:NONHGB_03620 -            441 GH13_16.hmm          -            353   3.6e-27   99.8   0.5   1   1   1.2e-20   6.6e-18   69.4   0.0     3    86    54   140    53   151 0.89 [190263/502/1]
190263/405/1.f:EHKDKA_03920 -            441 GH13_16.hmm          -            353     4e-27   99.6   0.4   1   1   1.3e-20   7.1e-18   69.2   0.0     3    86    54   140    53   152 0.89 [190263/405/1]
190263/455/1.f:GDGJDA_12270 -            434 GH13_16.hmm          -            353   4.1e-27   99.6   3.0   1   1   1.1e-16   6.1e-14   56.3   0.2    11   101    39   128    31   146 0.91 [190263/455/1]
190263/457/1.f:IIKDLL_06125 -            442 GH13_16.hmm          -            353   4.1e-27   99.6   4.5   1   1   4.4e-21   2.4e-18   70.8   3.0     4   281    38   287    36   291 0.81 [190263/457/1]
190263/439/1.f:KGLJGB_01210 -            673 GH13_16.hmm          -            353   4.7e-27   99.4   3.3   1   1   1.9e-28   1.1e-25   95.0   3.3     1   351   170   542   170   544 0.84 [190263/439/1]
190263/580/1.f:JCPJNN_23320 -            440 GH13_16.hmm          -            353   6.5e-27   99.0   1.5   1   1   7.9e-17   4.4e-14   56.8   0.0     4   100    36   131    33   151 0.91 [190263/580/1]
190263/520/1.f:GGDGDE_16030 -            436 GH13_16.hmm          -            353   7.2e-27   98.8   4.9   1   1   4.5e-20   2.5e-17   67.5   2.9     9   263    37   258    31   282 0.82 [190263/520/1]
190263/423/1.f:PDNKFB_07145 -            434 GH13_16.hmm          -            353   9.2e-27   98.5   2.9   1   1   9.8e-17   5.4e-14   56.5   0.1     9    99    37   126    31   139 0.93 [190263/423/1]
190263/549/1.f:CNBDFB_00790 -            682 GH13_16.hmm          -            353   1.2e-26   98.1   7.5   1   1   6.5e-28   3.6e-25   93.2   7.5     1   351   171   546   171   548 0.83 [190263/549/1]
190263/576/1.f:FNMBCG_04310 -            452 GH13_16.hmm          -            353   1.3e-26   97.9   2.1   1   1   5.3e-22     3e-19   73.8   1.4    14   282    45   281    31   286 0.85 [190263/576/1]
190263/369/1.f:JCDIFE_20205 -            441 GH13_16.hmm          -            353   1.5e-26   97.7   3.3   1   1   1.3e-21   7.4e-19   72.5   0.2     3    88    53   141    52   149 0.90 [190263/369/1]
190263/520/1.f:GGDGDE_06845 -           1856 GH13_16.hmm          -            353   1.7e-26   97.6   8.2   1   1   1.1e-23   5.9e-21   79.4   1.2     1   118   904  1023   904  1058 0.79 [190263/520/1]
190263/537/1.f:AHPNMI_00555 -            680 GH13_16.hmm          -            353   2.1e-26   97.3   8.5   1   1   3.1e-27   1.7e-24   91.0   8.5     1   351   171   546   171   548 0.78 [190263/537/1]
190263/380/1.f:GDCFAC_00690 -            620 GH13_16.hmm          -            353   2.7e-26   96.9   0.1   1   1     2e-20   1.1e-17   68.6   0.0     1   108   175   289   175   297 0.85 [190263/380/1]
190263/436/1.f:KEEIED_02150 -           1120 GH13_16.hmm          -            353   2.8e-26   96.9   0.2   1   1   8.6e-22   4.8e-19   73.1   0.0     1   108   197   311   197   329 0.90 [190263/436/1]
190263/496/1.f:JJBAFO_04445 -           1096 GH13_16.hmm          -            353   2.9e-26   96.8   0.1   1   1   9.8e-19   5.5e-16   63.0   0.0     1   105   195   305   195   313 0.90 [190263/496/1]
190263/507/1.f:KPMKPI_02625 -            699 GH13_16.hmm          -            353   4.4e-26   96.3   8.2   1   1   4.4e-24   2.5e-21   80.6   8.1     1   237   193   447   193   472 0.82 [190263/507/1]
190263/368/1.f:HPMDBE_16250 -            612 GH13_16.hmm          -            353   4.9e-26   96.1   7.9   1   1   6.4e-26   3.5e-23   86.7   4.2     1   177   163   329   163   435 0.83 [190263/368/1]
190263/379/1.f:LOJHAC_16715 -            612 GH13_16.hmm          -            353   4.9e-26   96.1   7.9   1   1   6.4e-26   3.5e-23   86.7   4.2     1   177   163   329   163   435 0.83 [190263/379/1]
190263/516/1.f:MGNFBC_14160 -            612 GH13_16.hmm          -            353   4.9e-26   96.1   7.9   1   1   6.4e-26   3.5e-23   86.7   4.2     1   177   163   329   163   435 0.83 [190263/516/1]
190263/560/1.f:OAGBLH_03685 -            533 GH13_16.hmm          -            353   6.6e-26   95.7   6.3   1   1   9.4e-21   5.2e-18   69.7   4.2     5   178    35   192    32   283 0.79 [190263/560/1]
190263/434/1.f:NCAOKI_06450 -            529 GH13_16.hmm          -            353   7.4e-26   95.5   0.8   1   1   6.5e-16   3.6e-13   53.8   0.1     6   102    44   139    40   152 0.91 [190263/434/1]
190263/583/1.f:BCCKNC_06565 -            624 GH13_16.hmm          -            353   7.7e-26   95.4   0.6   1   1   1.3e-24   7.2e-22   82.4   0.4     1   177   163   333   163   338 0.82 [190263/583/1]
190263/487/1.f:MPKEFC_01960 -            707 GH13_16.hmm          -            353   8.3e-26   95.3  12.0   1   1   1.8e-27   9.8e-25   91.8  12.0     1   351   198   571   198   573 0.82 [190263/487/1]
190263/495/1.f:ANKNCD_06835 -            701 GH13_16.hmm          -            353   8.8e-26   95.3   3.0   1   1   3.3e-27   1.8e-24   90.9   3.0     1   351   194   568   194   570 0.84 [190263/495/1]
190263/578/1.f:HIHCLH_08785 -            436 GH13_16.hmm          -            353     1e-25   95.0   2.1   1   1   3.5e-17     2e-14   57.9   0.3     7    99    35   126    30   150 0.90 [190263/578/1]
190263/421/1.f:PBKEAC_13760 -            423 GH13_16.hmm          -            353   1.1e-25   94.9   5.5   1   1   2.6e-22   1.5e-19   74.8   0.0     1    86    22   113    22   122 0.87 [190263/421/1]
190263/514/1.f:MMHOAN_14475 -            693 GH13_16.hmm          -            353   1.2e-25   94.8   7.5   1   1   9.7e-27   5.4e-24   89.4   7.5     1   351   171   546   171   548 0.79 [190263/514/1]
190263/390/1.f:OLPOLE_07045 -            435 GH13_16.hmm          -            353   1.4e-25   94.5   0.1   1   1   2.5e-16   1.4e-13   55.1   0.0     6    99    34   126    31   130 0.92 [190263/390/1]
190263/434/1.f:NCAOKI_09055 -           1104 GH13_16.hmm          -            353   1.7e-25   94.3   0.0   1   1   5.4e-19     3e-16   63.9   0.0     1   105   195   306   195   314 0.91 [190263/434/1]
190263/596/1.f:GDHELL_00025 -            558 GH13_16.hmm          -            353   1.7e-25   94.3   5.2   1   1   3.9e-19   2.2e-16   64.4   2.8     6   216    35   216    31   283 0.71 [190263/596/1]
190263/531/1.f:KJIPPC_00425 -            689 GH13_16.hmm          -            353   2.5e-25   93.8   7.3   1   1   1.5e-26   8.3e-24   88.7   7.3     1   351   171   546   171   548 0.80 [190263/531/1]
190263/366/1.f:DBJPFP_13280 -            423 GH13_16.hmm          -            353   3.1e-25   93.5   4.1   1   1   4.2e-22   2.3e-19   74.1   0.0     1    88    22   115    22   123 0.87 [190263/366/1]
190263/523/1.f:MDNHKG_06170 -            426 GH13_16.hmm          -            353   3.8e-25   93.2   2.8   1   1   2.2e-22   1.2e-19   75.0   0.0     1    87    24   116    24   126 0.86 [190263/523/1]
190263/386/1.f:DBGIOG_11970 -            701 GH13_16.hmm          -            353   3.9e-25   93.1  11.8   1   1   4.6e-26   2.6e-23   87.1  11.8     1   351   193   566   193   568 0.80 [190263/386/1]
190263/512/1.f:JBCLGH_11560 -            688 GH13_16.hmm          -            353     4e-25   93.1   6.9   1   1   7.3e-26   4.1e-23   86.5   6.9     1   351   171   546   171   548 0.79 [190263/512/1]
190263/409/1.f:AJJCMD_29540 -            688 GH13_16.hmm          -            353   4.2e-25   93.0   8.5   1   1   1.1e-25   6.3e-23   85.9   8.5     1   351   181   554   181   556 0.79 [190263/409/1]
190263/375/1.f:CNGHJF_20490 -            687 GH13_16.hmm          -            353   4.3e-25   93.0   7.3   1   1   1.2e-25   6.5e-23   85.8   7.3     1   351   180   553   180   555 0.80 [190263/375/1]
190263/490/1.f:OIBLLI_08280 -            704 GH13_16.hmm          -            353   4.8e-25   92.8   8.2   1   1   2.7e-22   1.5e-19   74.8   8.4     1   223   197   443   197   475 0.86 [190263/490/1]
190263/580/1.f:JCPJNN_12915 -            718 GH13_16.hmm          -            353   1.1e-24   91.7   6.6   1   1   9.6e-26   5.4e-23   86.1   6.6     1   351   192   565   192   567 0.81 [190263/580/1]
190263/520/1.f:GGDGDE_17165 -            734 GH13_16.hmm          -            353   1.4e-24   91.3  10.4   1   1   6.1e-27   3.4e-24   90.0   6.6     1   351   194   568   194   570 0.78 [190263/520/1]
190263/455/1.f:GDGJDA_01855 -            680 GH13_16.hmm          -            353   1.5e-24   91.2   6.3   1   1   2.4e-26   1.4e-23   88.0   4.0     1   351   171   546   171   548 0.81 [190263/455/1]
190263/565/1.f:PAEINE_06670 -           1098 GH13_16.hmm          -            353   1.8e-24   90.9   0.0   1   1   3.4e-18   1.9e-15   61.3   0.0     1   102   194   302   194   309 0.86 [190263/565/1]
190263/502/1.f:NONHGB_03625 -            447 GH13_16.hmm          -            353   2.1e-24   90.7   0.2   1   1   2.3e-20   1.3e-17   68.4   0.0     3    86    58   144    57   154 0.92 [190263/502/1]
190263/405/1.f:EHKDKA_03925 -            447 GH13_16.hmm          -            353   2.4e-24   90.5   0.6   1   1   2.1e-20   1.1e-17   68.6   0.0     3    86    58   144    57   154 0.92 [190263/405/1]
190263/557/1.f:DOLMEB_12030 -            684 GH13_16.hmm          -            353   4.2e-24   89.7  14.8   1   1   1.4e-26   7.6e-24   88.9   9.0     1   351   171   546   171   548 0.82 [190263/557/1]
190263/565/1.f:PAEINE_09665 -            458 GH13_16.hmm          -            353   4.3e-24   89.7   1.8   1   1   1.3e-17     7e-15   59.4   1.0     6   262    49   272    46   300 0.75 [190263/565/1]
190263/596/1.f:GDHELL_06780 -            751 GH13_16.hmm          -            353   6.2e-24   89.2   2.0   1   1   8.4e-18   4.7e-15   60.0   0.2     1    77   177   256   177   260 0.89 [190263/596/1]
190263/595/1.f:HGDLEC_06210 -            450 GH13_16.hmm          -            353   6.8e-24   89.0   0.7   1   1   1.9e-20     1e-17   68.7   0.0     3    86    49   135    48   147 0.91 [190263/595/1]
190263/490/1.f:OIBLLI_01470 -            436 GH13_16.hmm          -            353     7e-24   89.0   9.4   1   1   2.1e-17   1.2e-14   58.7   5.4     7   265    35   260    31   285 0.76 [190263/490/1]
190263/562/1.f:KJGNCK_01560 -            454 GH13_16.hmm          -            353   9.4e-24   88.6   1.2   1   1   8.7e-19   4.8e-16   63.2   0.0     2    84    59   147    58   164 0.90 [190263/562/1]
190263/474/1.f:AMDJJA_04205 -            431 GH13_16.hmm          -            353   1.3e-23   88.1   2.0   1   1   7.1e-16   3.9e-13   53.6   0.0     4    92    47   133    45   138 0.93 [190263/474/1]
190263/541/1.f:IDEEIE_16565 -            676 GH13_16.hmm          -            353   1.5e-23   87.9   8.3   1   1   3.9e-24   2.2e-21   80.8   8.3     1   351   171   543   171   545 0.78 [190263/541/1]
190263/425/1.f:HPANHD_10050 -            607 GH13_16.hmm          -            353   1.6e-23   87.8   2.8   1   1   8.6e-26   4.8e-23   86.2   2.8     1   176   180   346   180   365 0.84 [190263/425/1]
190263/556/1.f:EMIPPF_12930 -            425 GH13_16.hmm          -            353   1.8e-23   87.7   6.3   1   1   4.3e-20   2.4e-17   67.5   0.0     1    84    24   113    24   123 0.88 [190263/556/1]
190263/446/1.f:LHJMMB_14315 -            427 GH13_16.hmm          -            353     2e-23   87.5   4.6   1   1   1.4e-19   7.5e-17   65.9   0.0     1    86    26   117    26   128 0.88 [190263/446/1]
190263/461/1.f:DHPHOK_18795 -            445 GH13_16.hmm          -            353   2.1e-23   87.4   0.6   1   1     1e-19   5.7e-17   66.3   0.0     3    86    58   144    56   156 0.90 [190263/461/1]
190263/447/1.f:OLODHC_15070 -            694 GH13_16.hmm          -            353     3e-23   86.9  10.2   1   1   6.3e-25   3.5e-22   83.4   6.9     1   351   185   560   185   562 0.73 [190263/447/1]
190263/423/1.f:PDNKFB_06835 -           1368 GH13_16.hmm          -            353   1.4e-22   84.7   4.4   1   1   1.2e-19   6.8e-17   66.0   0.1     1    90   841   944   841   955 0.83 [190263/423/1]
190263/596/1.f:GDHELL_07000 -            804 GH13_16.hmm          -            353   1.7e-22   84.5   8.3   1   1   1.6e-16   8.9e-14   55.8   0.2     1    78   187   267   187   273 0.90 [190263/596/1]
190263/495/1.f:ANKNCD_08725 -           1674 GH13_16.hmm          -            353   5.7e-22   82.7   6.1   1   1     3e-19   1.7e-16   64.7   0.2     1    78   963  1053   963  1072 0.86 [190263/495/1]
190263/368/1.f:HPMDBE_05465 -            106 GH13_16.hmm          -            353   1.7e-21   81.1   0.1   1   1   3.7e-24   2.1e-21   80.9   0.1     1    60    43   102    43   106 0.97 [190263/368/1]
190263/382/1.f:JACGKO_00555 -           1160 GH13_16.hmm          -            353   1.8e-21   81.1   6.8   1   1   3.8e-20   2.1e-17   67.7   0.8     1   108   671   775   671   819 0.78 [190263/382/1]
190263/573/1.f:LIDFCI_15620 -            783 GH13_16.hmm          -            353   6.9e-20   75.9   1.6   1   1   1.5e-16   8.5e-14   55.8   0.1     1    94   340   434   340   449 0.84 [190263/573/1]
190263/475/1.f:MCKEEP_01675 -            793 GH13_16.hmm          -            353   7.1e-20   75.8   1.6   1   1   1.5e-16   8.4e-14   55.8   0.1     1    94   350   444   350   461 0.84 [190263/475/1]
190263/585/1.f:DLBDDB_01385 -            809 GH13_16.hmm          -            353   1.6e-19   74.6   0.2   1   1     3e-17   1.7e-14   58.1   0.1     1    79   372   451   372   480 0.90 [190263/585/1]
190263/502/1.f:NONHGB_22065 -            944 GH13_16.hmm          -            353   9.3e-19   72.1   0.0   1   1   5.4e-17     3e-14   57.3   0.0     3    93   395   486   394   506 0.85 [190263/502/1]
190263/578/1.f:HIHCLH_02510 -            433 GH13_16.hmm          -            353   1.5e-18   71.4   2.1   1   1     4e-18   2.2e-15   61.0   0.0     1    80    26   111    26   127 0.89 [190263/578/1]
190263/596/1.f:GDHELL_04035 -            427 GH13_16.hmm          -            353   1.8e-18   71.2   0.8   1   1   1.4e-16   7.9e-14   55.9   0.0     1    79    26   110    26   114 0.92 [190263/596/1]
190263/552/1.f:EMALNL_07955 -            758 GH13_16.hmm          -            353   5.6e-18   69.6   0.6   1   1   7.1e-17     4e-14   56.9   0.0     1    81   329   410   329   415 0.95 [190263/552/1]
190263/562/1.f:KJGNCK_02055 -            758 GH13_16.hmm          -            353   5.7e-18   69.6   0.6   1   1   7.1e-17     4e-14   56.9   0.0     1    81   329   410   329   415 0.95 [190263/562/1]
190263/510/1.f:DELAEA_06680 -            480 GH13_16.hmm          -            353   5.9e-18   69.5   2.3   1   1   1.5e-20   8.5e-18   69.0   1.9    17   345    34   372    19   377 0.79 [190263/510/1]
190263/422/1.f:HJBCNJ_14695 -            443 GH13_16.hmm          -            353   6.6e-18   69.3   0.1   1   1   1.6e-20   8.8e-18   68.9   0.1     1   109   175   290   175   314 0.89 [190263/422/1]
190263/405/1.f:EHKDKA_23960 -            941 GH13_16.hmm          -            353   6.9e-18   69.3   0.0   1   1   3.2e-16   1.8e-13   54.8   0.0     3    90   391   479   390   502 0.84 [190263/405/1]
190263/420/1.f:GMHOLO_00305 -            504 GH13_16.hmm          -            353   1.7e-17   68.0   0.0   1   1   1.2e-19   6.6e-17   66.1   0.0    20   266    36   280    30   322 0.78 [190263/420/1]
190263/496/1.f:JJBAFO_05545 -            425 GH13_16.hmm          -            353   1.8e-17   67.9   0.1   1   1     2e-17   1.1e-14   58.7   0.0     1    84    26   115    26   123 0.92 [190263/496/1]
190263/527/1.f:HGADJN_00325 -            504 GH13_16.hmm          -            353   1.9e-17   67.9   0.0   1   1   1.3e-19   7.1e-17   66.0   0.0    20   266    36   280    30   322 0.78 [190263/527/1]
190263/474/1.f:AMDJJA_00460 -            508 GH13_16.hmm          -            353   5.9e-17   66.2   0.0   1   1   4.1e-19   2.3e-16   64.3   0.0    20   266    36   280    31   322 0.78 [190263/474/1]
190263/520/1.f:GGDGDE_20015 -            495 GH13_16.hmm          -            353   3.8e-15   60.3   3.6   1   1   9.6e-18   5.4e-15   59.8   2.7     4   266    38   299    35   398 0.85 [190263/520/1]
190263/423/1.f:PDNKFB_09535 -            491 GH13_16.hmm          -            353   1.3e-14   58.5   0.1   1   1   2.4e-16   1.4e-13   55.2   0.1    21   345    37   390    33   395 0.76 [190263/423/1]
190263/409/1.f:AJJCMD_26145 -            486 GH13_16.hmm          -            353     2e-14   57.9   0.3   1   1     7e-17   3.9e-14   56.9   0.1    18   269    33   283    18   372 0.82 [190263/409/1]
190263/584/1.f:DDCNLE_09090 -            483 GH13_16.hmm          -            353   4.1e-14   56.9   1.2   1   1   1.5e-16   8.6e-14   55.8   1.0    18   345    35   372    20   377 0.73 [190263/584/1]
190263/580/1.f:JCPJNN_10370 -            487 GH13_16.hmm          -            353   9.7e-14   55.6   0.3   1   1   4.8e-16   2.7e-13   54.2   0.1    17   270    32   284    17   372 0.72 [190263/580/1]
#
# Program:         hmmsearch
# Version:         3.3.2 (Nov 2020)
# Pipeline mode:   SEARCH
# Query file:      /kb/module/work/tmp/output.1725388484971/GH13_16/GH13_16.hmm
# Target file:     /kb/module/work/tmp/output.1725388484971/hCom2_RAST.fasta
# Option settings: /kb/module/hmmer/bin/hmmsearch --domtblout /kb/module/work/tmp/output.1725388484971/GH13_16/GH13_16-hCom2_RAST.hitout.txt --noali --notextw --domE 1e-15 /kb/module/work/tmp/output.1725388484971/GH13_16/GH13_16.hmm /kb/module/work/tmp/output.1725388484971/hCom2_RAST.fasta 
# Current dir:     /kb/module/work/tmp/output.1725388484971
# Date:            Tue Sep  3 18:48:31 2024
# [ok]
