#                                                                                   --- full sequence --- -------------- this domain -------------   hmm coord   ali coord   env coord
# target name               accession   tlen query name           accession   qlen   E-value  score  bias   #  of  c-Evalue  i-Evalue  score  bias  from    to  from    to  from    to  acc description of target
#       ------------------- ---------- ----- -------------------- ---------- ----- --------- ------ ----- --- --- --------- --------- ------ ----- ----- ----- ----- ----- ----- ----- ---- ---------------------
190263/562/1.f:KJGNCK_05805 -            339 GH130.hmm            -            296  7.7e-106  357.7   0.0   1   1  1.4e-108  8.9e-106  357.5   0.0     2   295     4   334     3   335 0.94 [190263/562/1]
190263/421/1.f:PBKEAC_15425 -            342 GH130.hmm            -            296  1.7e-105  356.6   0.0   1   1  3.1e-108  1.9e-105  356.4   0.0     1   295     3   335     3   336 0.95 [190263/421/1]
190263/405/1.f:EHKDKA_06815 -            343 GH130.hmm            -            296  1.1e-103  350.6   0.0   1   1  2.1e-106  1.3e-103  350.4   0.0     1   295     3   335     3   336 0.94 [190263/405/1]
190263/475/1.f:MCKEEP_04755 -            341 GH130.hmm            -            296  1.9e-103  349.9   0.0   1   1  3.5e-106  2.2e-103  349.7   0.0     1   295     3   335     3   336 0.94 [190263/475/1]
190263/573/1.f:LIDFCI_18860 -            341 GH130.hmm            -            296  1.9e-103  349.9   0.0   1   1  3.5e-106  2.2e-103  349.7   0.0     1   295     3   335     3   336 0.94 [190263/573/1]
190263/369/1.f:JCDIFE_03585 -            344 GH130.hmm            -            296  6.6e-102  344.8   0.0   1   1  1.2e-104  7.6e-102  344.6   0.0     1   295     3   335     3   336 0.93 [190263/369/1]
190263/507/1.f:KPMKPI_15005 -            328 GH130.hmm            -            296     5e-95  322.2   0.0   1   1   9.2e-98   5.7e-95  322.0   0.0     1   296    25   324    25   324 0.95 [190263/507/1]
190263/583/1.f:BCCKNC_03425 -            323 GH130.hmm            -            296   5.2e-94  318.9   0.0   1   1   9.7e-97     6e-94  318.7   0.0     1   296    20   318    20   318 0.96 [190263/583/1]
190263/437/1.f:LBKKEJ_03010 -            323 GH130.hmm            -            296   8.7e-94  318.2   0.0   1   1   1.6e-96   9.9e-94  318.0   0.0     1   296    20   318    20   318 0.96 [190263/437/1]
190263/399/1.f:CDLIDF_06845 -            323 GH130.hmm            -            296   1.2e-93  317.6   0.0   1   1   2.3e-96   1.4e-93  317.4   0.0     1   296    20   318    20   318 0.96 [190263/399/1]
190263/475/1.f:MCKEEP_17235 -            322 GH130.hmm            -            296   2.6e-93  316.6   0.0   1   1   4.9e-96     3e-93  316.4   0.0     1   296    19   317    19   317 0.96 [190263/475/1]
190263/573/1.f:LIDFCI_06935 -            322 GH130.hmm            -            296   2.6e-93  316.6   0.0   1   1   4.9e-96     3e-93  316.4   0.0     1   296    19   317    19   317 0.96 [190263/573/1]
190263/585/1.f:DLBDDB_14375 -            322 GH130.hmm            -            296   2.6e-93  316.6   0.0   1   1   4.9e-96     3e-93  316.4   0.0     1   296    19   317    19   317 0.96 [190263/585/1]
190263/502/1.f:NONHGB_10980 -            323 GH130.hmm            -            296   3.6e-93  316.1   0.0   1   1   6.7e-96   4.1e-93  315.9   0.0     1   296    20   318    20   318 0.96 [190263/502/1]
190263/396/1.f:KAAOMA_14570 -            339 GH130.hmm            -            296   4.4e-93  315.8   0.0   1   1   8.4e-96   5.2e-93  315.6   0.0     1   295    27   323    27   324 0.96 [190263/396/1]
190263/562/1.f:KJGNCK_17845 -            322 GH130.hmm            -            296   5.9e-93  315.4   0.0   1   1   1.1e-95   6.7e-93  315.2   0.0     1   296    19   317    19   317 0.96 [190263/562/1]
190263/552/1.f:EMALNL_16885 -            322 GH130.hmm            -            296   6.8e-93  315.2   0.0   1   1   1.3e-95   7.8e-93  315.0   0.0     1   296    19   317    19   317 0.96 [190263/552/1]
190263/375/1.f:CNGHJF_15115 -            366 GH130.hmm            -            296   1.8e-92  313.8   0.0   1   1   4.2e-93   2.6e-90  306.7   0.0     2   293    13   361    12   364 0.95 [190263/375/1]
190263/409/1.f:AJJCMD_13295 -            359 GH130.hmm            -            296     2e-92  313.6   0.0   1   1   3.4e-93   2.1e-90  307.0   0.0     2   295     5   356     4   357 0.95 [190263/409/1]
190263/504/1.f:DOAHDM_19230 -            322 GH130.hmm            -            296   3.2e-92  313.0   0.0   1   1   5.8e-95   3.6e-92  312.8   0.0     1   296    19   317    19   317 0.96 [190263/504/1]
190263/401/1.f:DMFJNH_18025 -            322 GH130.hmm            -            296   3.6e-92  312.9   0.0   1   1   6.6e-95   4.1e-92  312.7   0.0     1   296    19   317    19   317 0.96 [190263/401/1]
190263/405/1.f:EHKDKA_12625 -            323 GH130.hmm            -            296     5e-92  312.4   0.0   1   1   9.2e-95   5.7e-92  312.2   0.0     1   296    20   318    20   318 0.96 [190263/405/1]
190263/404/1.f:BGJBIG_14245 -            322 GH130.hmm            -            296   5.6e-92  312.2   0.0   1   1     1e-94   6.3e-92  312.0   0.0     1   296    19   317    19   317 0.96 [190263/404/1]
190263/513/1.f:MKNBNH_01785 -            341 GH130.hmm            -            296   1.8e-91  310.5   0.0   1   1   3.4e-94   2.1e-91  310.3   0.0     2   296    30   326    29   326 0.95 [190263/513/1]
190263/520/1.f:GGDGDE_05485 -            392 GH130.hmm            -            296   4.8e-91  309.1   0.1   1   1   9.4e-94   5.8e-91  308.9   0.1     2   295    48   359    47   360 0.95 [190263/520/1]
190263/520/1.f:GGDGDE_01210 -            328 GH130.hmm            -            296     7e-91  308.6   0.0   1   1   1.3e-93     8e-91  308.4   0.0     1   295    25   325    25   326 0.94 [190263/520/1]
190263/513/1.f:MKNBNH_01780 -            392 GH130.hmm            -            296   1.9e-90  307.2   0.1   1   1   3.8e-93   2.3e-90  306.9   0.1     2   295    48   359    47   360 0.95 [190263/513/1]
190263/461/1.f:DHPHOK_09055 -            323 GH130.hmm            -            296   2.9e-90  306.6   0.0   1   1   5.4e-93   3.3e-90  306.4   0.0     1   296    20   318    20   318 0.96 [190263/461/1]
190263/400/1.f:EIBLKL_10400 -            335 GH130.hmm            -            296   3.2e-90  306.4   0.0   1   1     6e-93   3.7e-90  306.2   0.0     2   296    28   330    27   330 0.95 [190263/400/1]
190263/401/1.f:DMFJNH_04155 -            396 GH130.hmm            -            296   3.4e-90  306.4   0.0   1   1   7.2e-93   4.4e-90  306.0   0.0     2   296    50   362    49   362 0.96 [190263/401/1]
190263/504/1.f:DOAHDM_04645 -            396 GH130.hmm            -            296   4.5e-90  305.9   0.0   1   1   9.7e-93     6e-90  305.6   0.0     2   296    50   362    49   362 0.95 [190263/504/1]
190263/520/1.f:GGDGDE_05490 -            340 GH130.hmm            -            296   4.6e-90  305.9   0.0   1   1   8.7e-93   5.4e-90  305.7   0.0     1   296    28   325    28   325 0.96 [190263/520/1]
190263/369/1.f:JCDIFE_09855 -            323 GH130.hmm            -            296   9.4e-90  304.9   0.0   1   1   1.7e-92   1.1e-89  304.7   0.0     1   296    20   318    20   318 0.96 [190263/369/1]
190263/546/1.f:GEHMID_10810 -            341 GH130.hmm            -            296   1.1e-89  304.7   0.0   1   1     2e-92   1.3e-89  304.5   0.0     1   296    29   326    29   326 0.95 [190263/546/1]
190263/466/1.f:PGJOII_07075 -            327 GH130.hmm            -            296   1.6e-89  304.2   0.0   1   1   2.9e-92   1.8e-89  304.0   0.0     1   296    22   322    22   322 0.95 [190263/466/1]
190263/520/1.f:GGDGDE_07410 -            340 GH130.hmm            -            296   2.4e-89  303.6   0.0   1   1   4.4e-92   2.7e-89  303.4   0.0     1   296    28   325    28   325 0.94 [190263/520/1]
190263/556/1.f:EMIPPF_05965 -            346 GH130.hmm            -            296   3.4e-89  303.1   0.0   1   1   2.3e-90   1.4e-87  297.7   0.0     3   295     2   342     1   343 0.97 [190263/556/1]
190263/368/1.f:HPMDBE_04115 -            332 GH130.hmm            -            296   3.7e-89  303.0   0.0   1   1   6.9e-92   4.2e-89  302.8   0.0     1   296    27   327    27   327 0.94 [190263/368/1]
190263/379/1.f:LOJHAC_04735 -            332 GH130.hmm            -            296   3.7e-89  303.0   0.0   1   1   6.9e-92   4.2e-89  302.8   0.0     1   296    27   327    27   327 0.94 [190263/379/1]
190263/516/1.f:MGNFBC_03265 -            332 GH130.hmm            -            296   3.7e-89  303.0   0.0   1   1   6.9e-92   4.2e-89  302.8   0.0     1   296    27   327    27   327 0.94 [190263/516/1]
190263/391/1.f:NONBJF_23565 -            390 GH130.hmm            -            296   4.9e-89  302.6   0.1   1   1   9.7e-92     6e-89  302.3   0.1     3   295    50   360    48   361 0.93 [190263/391/1]
190263/461/1.f:DHPHOK_02060 -            390 GH130.hmm            -            296   6.1e-89  302.2   0.1   1   1   1.6e-91   9.6e-89  301.6   0.1     9   295    57   361    49   362 0.93 [190263/461/1]
190263/522/1.f:NPJBCH_14045 -            332 GH130.hmm            -            296   7.7e-89  301.9   0.0   1   1   1.4e-91   8.7e-89  301.7   0.0     1   296    27   327    27   327 0.95 [190263/522/1]
190263/405/1.f:EHKDKA_01920 -            392 GH130.hmm            -            296   7.8e-89  301.9   0.1   1   1   1.6e-91   9.7e-89  301.6   0.1     2   295    50   361    49   362 0.95 [190263/405/1]
190263/456/1.f:LKAJBD_04805 -            401 GH130.hmm            -            296   1.6e-88  300.8   0.1   1   1   3.3e-91     2e-88  300.5   0.1     9   295    62   366    54   367 0.93 [190263/456/1]
190263/488/1.f:DNPFAC_10355 -            332 GH130.hmm            -            296   1.8e-88  300.7   0.0   1   1   3.3e-91   2.1e-88  300.5   0.0     2   296    28   327    27   327 0.95 [190263/488/1]
190263/417/1.f:MHBJAE_09215 -            332 GH130.hmm            -            296   1.9e-88  300.6   0.0   1   1   3.5e-91   2.1e-88  300.4   0.0     2   296    28   327    27   327 0.95 [190263/417/1]
190263/417/1.f:MHBJAE_07165 -            390 GH130.hmm            -            296   2.7e-88  300.1   0.0   1   1   5.4e-91   3.3e-88  299.8   0.0     2   295    50   361    49   362 0.94 [190263/417/1]
190263/399/1.f:CDLIDF_02980 -            390 GH130.hmm            -            296   2.8e-88  300.1   0.1   1   1   5.6e-91   3.4e-88  299.8   0.1     3   295    51   361    49   362 0.93 [190263/399/1]
190263/497/1.f:HENFFC_04170 -            349 GH130.hmm            -            296   2.9e-88  300.0   0.0   1   1   1.1e-89   7.1e-87  295.5   0.0     2   295     6   346     5   347 0.96 [190263/497/1]
190263/379/1.f:LOJHAC_00280 -            390 GH130.hmm            -            296     3e-88  300.0   0.1   1   1   6.5e-91     4e-88  299.6   0.1     2   295    50   361    49   362 0.95 [190263/379/1]
190263/368/1.f:HPMDBE_00305 -            390 GH130.hmm            -            296   3.2e-88  299.9   0.2   1   1     7e-91   4.4e-88  299.4   0.2     2   295    50   361    49   362 0.95 [190263/368/1]
190263/516/1.f:MGNFBC_00300 -            390 GH130.hmm            -            296   3.2e-88  299.9   0.2   1   1     7e-91   4.4e-88  299.4   0.2     2   295    50   361    49   362 0.95 [190263/516/1]
190263/369/1.f:JCDIFE_07235 -            391 GH130.hmm            -            296   3.7e-88  299.7   0.1   1   1   9.4e-91   5.8e-88  299.0   0.1     9   295    57   361    49   362 0.93 [190263/369/1]
190263/421/1.f:PBKEAC_05755 -            335 GH130.hmm            -            296   4.5e-88  299.4   0.0   1   1   8.3e-91   5.1e-88  299.2   0.0     1   296    27   330    27   330 0.94 [190263/421/1]
190263/562/1.f:KJGNCK_01515 -            386 GH130.hmm            -            296   5.1e-88  299.2   0.1   1   1   1.1e-90   6.7e-88  298.8   0.1    14   286    66   374    56   378 0.94 [190263/562/1]
190263/562/1.f:KJGNCK_05265 -            392 GH130.hmm            -            296   7.2e-88  298.7   0.0   1   1   1.4e-90   8.8e-88  298.4   0.0     8   295    56   361    49   362 0.93 [190263/562/1]
190263/488/1.f:DNPFAC_08305 -            390 GH130.hmm            -            296   8.2e-88  298.5   0.0   1   1   1.6e-90   9.8e-88  298.3   0.0     2   295    50   361    49   362 0.94 [190263/488/1]
190263/573/1.f:LIDFCI_15070 -            386 GH130.hmm            -            296   8.6e-88  298.5   0.1   1   1   1.9e-90   1.1e-87  298.1   0.1    14   286    66   374    56   378 0.94 [190263/573/1]
190263/552/1.f:EMALNL_08475 -            386 GH130.hmm            -            296   8.6e-88  298.5   0.1   1   1   1.9e-90   1.1e-87  298.1   0.1    14   286    66   374    56   378 0.94 [190263/552/1]
190263/475/1.f:MCKEEP_01275 -            386 GH130.hmm            -            296   8.6e-88  298.5   0.1   1   1   1.9e-90   1.1e-87  298.1   0.1    14   286    66   374    56   378 0.94 [190263/475/1]
190263/412/1.f:OOIBGL_17710 -            335 GH130.hmm            -            296     1e-87  298.3   0.0   1   1   1.8e-90   1.1e-87  298.1   0.0     2   296    28   330    27   330 0.93 [190263/412/1]
190263/552/1.f:EMALNL_03560 -            390 GH130.hmm            -            296   1.3e-87  297.9   0.0   1   1   2.5e-90   1.6e-87  297.6   0.0    11   295    59   361    49   362 0.93 [190263/552/1]
190263/437/1.f:LBKKEJ_11810 -            391 GH130.hmm            -            296   1.8e-87  297.4   0.1   1   1   3.7e-90   2.3e-87  297.1   0.1     3   295    52   362    50   363 0.93 [190263/437/1]
190263/400/1.f:EIBLKL_07205 -            391 GH130.hmm            -            296   1.9e-87  297.4   0.1   1   1   3.5e-90   2.2e-87  297.1   0.1     2   295    50   361    49   362 0.96 [190263/400/1]
190263/404/1.f:BGJBIG_03060 -            399 GH130.hmm            -            296   2.3e-87  297.0   0.0   1   1   4.6e-90   2.8e-87  296.8   0.0     2   295    52   363    51   364 0.94 [190263/404/1]
190263/502/1.f:NONHGB_01780 -            391 GH130.hmm            -            296   2.4e-87  297.0   0.1   1   1   4.8e-90     3e-87  296.7   0.1     2   295    50   361    49   362 0.94 [190263/502/1]
190263/595/1.f:HGDLEC_01640 -            389 GH130.hmm            -            296   2.7e-87  296.8   0.2   1   1   5.2e-90   3.2e-87  296.6   0.2     7   295    55   360    49   361 0.93 [190263/595/1]
190263/446/1.f:LHJMMB_11525 -            336 GH130.hmm            -            296   4.1e-87  296.3   0.0   1   1   7.5e-90   4.6e-87  296.1   0.0     1   295    28   330    28   331 0.93 [190263/446/1]
190263/388/1.f:FDDJJK_03200 -            333 GH130.hmm            -            296   1.1e-86  294.9   0.0   1   1     2e-89   1.2e-86  294.7   0.0     1   296    27   328    27   328 0.95 [190263/388/1]
190263/534/1.f:OHCFJE_08560 -            333 GH130.hmm            -            296   1.1e-86  294.8   0.0   1   1   2.1e-89   1.3e-86  294.6   0.0     1   296    27   328    27   328 0.95 [190263/534/1]
190263/391/1.f:NONBJF_03110 -            333 GH130.hmm            -            296   1.4e-86  294.5   0.0   1   1   2.6e-89   1.6e-86  294.3   0.0     1   296    27   328    27   328 0.95 [190263/391/1]
190263/401/1.f:DMFJNH_08065 -            383 GH130.hmm            -            296   1.5e-86  294.4   0.2   1   1   3.3e-89   2.1e-86  293.9   0.2    14   287    63   372    53   375 0.93 [190263/401/1]
190263/504/1.f:DOAHDM_08560 -            383 GH130.hmm            -            296   1.5e-86  294.4   0.2   1   1   3.3e-89   2.1e-86  293.9   0.2    14   287    63   372    53   375 0.93 [190263/504/1]
190263/497/1.f:HENFFC_19040 -            379 GH130.hmm            -            296   2.6e-86  293.6   0.1   1   1     6e-89   3.7e-86  293.1   0.1    13   286    55   366    34   370 0.92 [190263/497/1]
190263/545/1.f:NCJBIN_03465 -            333 GH130.hmm            -            296   2.6e-86  293.6   0.0   1   1   4.9e-89     3e-86  293.4   0.0     1   296    27   328    27   328 0.95 [190263/545/1]
190263/421/1.f:PBKEAC_03000 -            335 GH130.hmm            -            296   3.3e-86  293.3   0.0   1   1   6.1e-89   3.8e-86  293.1   0.0     1   296    27   330    27   330 0.94 [190263/421/1]
190263/421/1.f:PBKEAC_11705 -            335 GH130.hmm            -            296   3.3e-86  293.3   0.0   1   1   6.1e-89   3.8e-86  293.1   0.0     1   296    27   330    27   330 0.94 [190263/421/1]
190263/552/1.f:EMALNL_05280 -            352 GH130.hmm            -            296   3.4e-86  293.2   0.0   1   1   7.2e-88   4.4e-85  289.6   0.0     2   296     5   347     4   347 0.96 [190263/552/1]
190263/556/1.f:EMIPPF_02365 -            335 GH130.hmm            -            296   3.6e-86  293.1   0.0   1   1   6.7e-89   4.1e-86  293.0   0.0     1   296    27   330    27   330 0.93 [190263/556/1]
190263/584/1.f:DDCNLE_04625 -            341 GH130.hmm            -            296     4e-86  293.0   0.0   1   1   7.4e-89   4.5e-86  292.8   0.0     1   296    29   326    29   326 0.96 [190263/584/1]
190263/368/1.f:HPMDBE_18230 -            386 GH130.hmm            -            296   4.5e-86  292.8   0.1   1   1   9.4e-89   5.8e-86  292.5   0.1    14   287    71   381    63   384 0.94 [190263/368/1]
190263/552/1.f:EMALNL_03905 -            381 GH130.hmm            -            296   7.5e-86  292.1   0.1   1   1   1.7e-88     1e-85  291.7   0.1    13   287    63   373    55   379 0.92 [190263/552/1]
190263/365/1.f:JJMMAK_17830 -            379 GH130.hmm            -            296   1.1e-85  291.6   0.1   1   1   2.5e-88   1.6e-85  291.1   0.1    13   286    55   366    34   370 0.91 [190263/365/1]
190263/412/1.f:OOIBGL_10180 -            391 GH130.hmm            -            296   1.2e-85  291.5   0.0   1   1   2.2e-88   1.4e-85  291.2   0.0     2   295    50   361    49   362 0.95 [190263/412/1]
190263/475/1.f:MCKEEP_05390 -            352 GH130.hmm            -            296   1.3e-85  291.3   0.0   1   1   2.7e-87   1.7e-84  287.7   0.0     2   296     5   347     4   347 0.96 [190263/475/1]
190263/573/1.f:LIDFCI_18285 -            352 GH130.hmm            -            296   1.4e-85  291.2   0.0   1   1     3e-87   1.9e-84  287.5   0.0     2   296     5   347     4   347 0.96 [190263/573/1]
190263/516/1.f:MGNFBC_16190 -            386 GH130.hmm            -            296   1.5e-85  291.1   0.0   1   1   3.2e-88     2e-85  290.7   0.0    14   287    71   381    63   384 0.94 [190263/516/1]
190263/546/1.f:GEHMID_10820 -            392 GH130.hmm            -            296   1.6e-85  291.0   0.0   1   1   3.1e-88   1.9e-85  290.8   0.0     2   295    48   359    47   360 0.93 [190263/546/1]
190263/379/1.f:LOJHAC_19470 -            386 GH130.hmm            -            296     2e-85  290.7   0.1   1   1   4.2e-88   2.6e-85  290.3   0.1    14   287    71   381    63   384 0.94 [190263/379/1]
190263/556/1.f:EMIPPF_02590 -            335 GH130.hmm            -            296   2.1e-85  290.6   0.0   1   1   3.9e-88   2.4e-85  290.4   0.0     1   296    27   330    27   330 0.94 [190263/556/1]
190263/562/1.f:KJGNCK_05565 -            348 GH130.hmm            -            296   2.8e-85  290.2   0.0   1   1   1.4e-86   8.4e-84  285.4   0.0     2   295     5   346     4   347 0.96 [190263/562/1]
190263/466/1.f:PGJOII_04475 -            347 GH130.hmm            -            296   4.7e-85  289.5   0.0   1   1     3e-86   1.9e-83  284.2   0.0     2   296     5   347     4   347 0.96 [190263/466/1]
190263/366/1.f:DBJPFP_08040 -            396 GH130.hmm            -            296   5.4e-85  289.3   0.0   1   1   1.1e-87   6.5e-85  289.0   0.0     2   295    51   363    50   364 0.95 [190263/366/1]
190263/552/1.f:EMALNL_10660 -            377 GH130.hmm            -            296   5.6e-85  289.2   0.0   1   1   1.3e-87   8.1e-85  288.7   0.0    13   286    62   372    58   375 0.94 [190263/552/1]
190263/475/1.f:MCKEEP_09650 -            377 GH130.hmm            -            296   2.7e-84  287.0   0.0   1   1   5.7e-87   3.5e-84  286.6   0.0    14   286    63   372    57   376 0.94 [190263/475/1]
190263/573/1.f:LIDFCI_13565 -            377 GH130.hmm            -            296   3.4e-84  286.6   0.0   1   1     8e-87   4.9e-84  286.1   0.0    14   286    63   372    58   375 0.94 [190263/573/1]
190263/562/1.f:KJGNCK_10715 -            377 GH130.hmm            -            296   3.5e-84  286.6   0.0   1   1     8e-87   4.9e-84  286.1   0.0    14   286    63   372    57   375 0.94 [190263/562/1]
190263/401/1.f:DMFJNH_09840 -            377 GH130.hmm            -            296   5.3e-84  286.0   0.1   1   1   1.2e-86   7.2e-84  285.6   0.1    14   286    63   372    57   374 0.94 [190263/401/1]
190263/584/1.f:DDCNLE_04635 -            392 GH130.hmm            -            296   5.7e-84  285.9   0.0   1   1   1.1e-86     7e-84  285.6   0.0    18   295    64   359    48   360 0.94 [190263/584/1]
190263/504/1.f:DOAHDM_10185 -            377 GH130.hmm            -            296   7.5e-84  285.5   0.1   1   1   1.7e-86     1e-83  285.1   0.1    14   286    63   372    57   374 0.94 [190263/504/1]
190263/562/1.f:KJGNCK_06245 -            389 GH130.hmm            -            296   8.3e-84  285.4   0.0   1   1   1.6e-86   9.9e-84  285.1   0.0    10   295    56   359    47   360 0.93 [190263/562/1]
190263/562/1.f:KJGNCK_05575 -            386 GH130.hmm            -            296   1.4e-83  284.6   0.1   1   1   3.2e-86     2e-83  284.2   0.1    14   287    65   375    55   381 0.94 [190263/562/1]
190263/475/1.f:MCKEEP_04345 -            389 GH130.hmm            -            296     2e-83  284.1   0.0   1   1   3.9e-86   2.4e-83  283.9   0.0    10   295    56   359    47   360 0.93 [190263/475/1]
190263/552/1.f:EMALNL_04210 -            389 GH130.hmm            -            296     2e-83  284.1   0.0   1   1   3.9e-86   2.4e-83  283.9   0.0    10   295    56   359    47   360 0.93 [190263/552/1]
190263/573/1.f:LIDFCI_19265 -            389 GH130.hmm            -            296     2e-83  284.1   0.0   1   1   3.9e-86   2.4e-83  283.9   0.0    10   295    56   359    47   360 0.93 [190263/573/1]
190263/502/1.f:NONHGB_04325 -            376 GH130.hmm            -            296   3.6e-83  283.3   0.0   1   1   7.2e-86   4.5e-83  283.0   0.0    13   293    57   374    50   376 0.92 [190263/502/1]
190263/388/1.f:FDDJJK_03050 -            392 GH130.hmm            -            296   7.2e-83  282.3   0.0   1   1   1.5e-85   9.5e-83  281.9   0.0     2   295    51   362    50   363 0.95 [190263/388/1]
190263/369/1.f:JCDIFE_04815 -            384 GH130.hmm            -            296   8.3e-83  282.1   0.0   1   1   1.7e-85     1e-82  281.8   0.0    13   294    64   382    57   384 0.93 [190263/369/1]
190263/369/1.f:JCDIFE_10520 -            376 GH130.hmm            -            296   1.6e-82  281.2   0.1   1   1   3.3e-85     2e-82  280.8   0.1    14   287    62   372    56   375 0.93 [190263/369/1]
190263/562/1.f:KJGNCK_06555 -            381 GH130.hmm            -            296   1.7e-82  281.1   0.0   1   1   3.6e-85   2.2e-82  280.7   0.0    13   287    63   373    55   379 0.93 [190263/562/1]
190263/405/1.f:EHKDKA_04805 -            389 GH130.hmm            -            296   1.4e-81  278.1   0.1   1   1   2.9e-84   1.8e-81  277.7   0.1    13   292    70   386    63   389 0.91 [190263/405/1]
190263/366/1.f:DBJPFP_05385 -            389 GH130.hmm            -            296   1.1e-77  265.3   0.0   1   1   2.4e-80   1.5e-77  264.9   0.0    15   286    65   373    58   376 0.95 [190263/366/1]
190263/546/1.f:GEHMID_11570 -            333 GH130.hmm            -            296   2.7e-30  109.7   0.1   1   1   8.7e-17   5.4e-14   56.2   0.1     7   120    92   212    86   214 0.91 [190263/546/1]
190263/429/1.f:OMPHBF_03850 -            347 GH130.hmm            -            296   2.5e-26   96.7   0.0   1   1   4.3e-18   2.7e-15   60.5   0.0     9   120    73   192    65   194 0.90 [190263/429/1]
#
# Program:         hmmsearch
# Version:         3.3.2 (Nov 2020)
# Pipeline mode:   SEARCH
# Query file:      /kb/module/work/tmp/output.1725388484971/GH130/GH130.hmm
# Target file:     /kb/module/work/tmp/output.1725388484971/hCom2_RAST.fasta
# Option settings: /kb/module/hmmer/bin/hmmsearch --domtblout /kb/module/work/tmp/output.1725388484971/GH130/GH130-hCom2_RAST.hitout.txt --noali --notextw --domE 1e-15 /kb/module/work/tmp/output.1725388484971/GH130/GH130.hmm /kb/module/work/tmp/output.1725388484971/hCom2_RAST.fasta 
# Current dir:     /kb/module/work/tmp/output.1725388484971
# Date:            Tue Sep  3 18:56:06 2024
# [ok]
