#                                                                                   --- full sequence --- -------------- this domain -------------   hmm coord   ali coord   env coord
# target name               accession   tlen query name           accession   qlen   E-value  score  bias   #  of  c-Evalue  i-Evalue  score  bias  from    to  from    to  from    to  acc description of target
#       ------------------- ---------- ----- -------------------- ---------- ----- --------- ------ ----- --- --- --------- --------- ------ ----- ----- ----- ----- ----- ----- ----- ---- ---------------------
190263/514/1.f:MMHOAN_12730 -            647 GH13_25.hmm          -            434   2.9e-44  155.8   0.1   1   2   2.2e-19   1.4e-15   61.3   0.0     7    93   293   375   289   396 0.88 [190263/514/1]
190263/514/1.f:MMHOAN_12730 -            647 GH13_25.hmm          -            434   2.9e-44  155.8   0.1   2   2   6.3e-29   4.1e-25   92.7   0.1   157   434   399   636   382   636 0.90 [190263/514/1]
190263/409/1.f:AJJCMD_08065 -            649 GH13_25.hmm          -            434   1.1e-43  153.9   0.0   1   2   2.7e-19   1.7e-15   61.0   0.0     7    92   293   374   289   393 0.89 [190263/409/1]
190263/409/1.f:AJJCMD_08065 -            649 GH13_25.hmm          -            434   1.1e-43  153.9   0.0   2   2   2.1e-28   1.4e-24   91.0   0.0   157   434   399   640   388   640 0.88 [190263/409/1]
190263/447/1.f:OLODHC_11570 -            642 GH13_25.hmm          -            434   1.5e-42  150.2   0.0   1   2   1.1e-20     7e-17   65.6   0.0     6    90   290   370   286   389 0.92 [190263/447/1]
190263/447/1.f:OLODHC_11570 -            642 GH13_25.hmm          -            434   1.5e-42  150.2   0.0   2   2   8.2e-26   5.3e-22   82.4   0.0   162   434   401   635   381   635 0.90 [190263/447/1]
190263/495/1.f:ANKNCD_06900 -            673 GH13_25.hmm          -            434   5.3e-42  148.3   0.0   1   2   1.3e-23   8.7e-20   75.1   0.1     4    98   310   402   307   420 0.85 [190263/495/1]
190263/495/1.f:ANKNCD_06900 -            673 GH13_25.hmm          -            434   5.3e-42  148.3   0.0   2   2   2.4e-22   1.5e-18   71.0   0.0   162   434   427   662   414   662 0.87 [190263/495/1]
190263/423/1.f:PDNKFB_08695 -            679 GH13_25.hmm          -            434     6e-42  148.2   0.0   1   2   1.3e-22   8.2e-19   71.9   0.0     6   101   316   409   312   421 0.87 [190263/423/1]
190263/423/1.f:PDNKFB_08695 -            679 GH13_25.hmm          -            434     6e-42  148.2   0.0   2   2     3e-23   1.9e-19   74.0   0.0   154   434   424   663   416   663 0.87 [190263/423/1]
190263/541/1.f:IDEEIE_03890 -            647 GH13_25.hmm          -            434   9.2e-42  147.5   0.1   1   2   1.3e-19   8.3e-16   62.0   0.0     7    91   292   372   288   388 0.89 [190263/541/1]
190263/541/1.f:IDEEIE_03890 -            647 GH13_25.hmm          -            434   9.2e-42  147.5   0.1   2   2   4.4e-26   2.8e-22   83.3   0.2   162   434   402   635   390   635 0.89 [190263/541/1]
190263/363/1.f:CIHHOC_04780 -            646 GH13_25.hmm          -            434   1.6e-39  140.2   0.0   1   2   3.3e-18   2.1e-14   57.4   0.0     5    91   290   372   287   395 0.86 [190263/363/1]
190263/363/1.f:CIHHOC_04780 -            646 GH13_25.hmm          -            434   1.6e-39  140.2   0.0   2   2   2.4e-25   1.6e-21   80.9   0.0   158   434   399   636   387   636 0.89 [190263/363/1]
190263/578/1.f:HIHCLH_02525 -            679 GH13_25.hmm          -            434   4.7e-39  138.6   0.1   1   2     9e-20   5.8e-16   62.5   0.1     6    93   318   401   313   424 0.86 [190263/578/1]
190263/578/1.f:HIHCLH_02525 -            679 GH13_25.hmm          -            434   4.7e-39  138.6   0.1   2   2   2.6e-23   1.7e-19   74.2   0.0   158   433   431   670   416   671 0.86 [190263/578/1]
190263/580/1.f:JCPJNN_26935 -            653 GH13_25.hmm          -            434   9.4e-39  137.6   0.0   1   2   4.4e-20   2.9e-16   63.6   0.0     6    92   294   376   291   399 0.87 [190263/580/1]
190263/580/1.f:JCPJNN_26935 -            653 GH13_25.hmm          -            434   9.4e-39  137.6   0.0   2   2   1.3e-22   8.1e-19   71.9   0.0   154   434   400   639   389   639 0.89 [190263/580/1]
190263/520/1.f:GGDGDE_02805 -            746 GH13_25.hmm          -            434   2.8e-38  136.1   0.1   1   1   4.3e-22   2.8e-18   70.2   0.1     5    93   338   422   335   449 0.86 [190263/520/1]
190263/409/1.f:AJJCMD_18555 -            659 GH13_25.hmm          -            434   1.2e-34  124.1   0.0   1   2   7.6e-18   4.9e-14   56.2   0.0     5    88   297   376   294   387 0.93 [190263/409/1]
190263/409/1.f:AJJCMD_18555 -            659 GH13_25.hmm          -            434   1.2e-34  124.1   0.0   2   2   8.4e-21   5.5e-17   65.9   0.0   157   434   406   647   380   647 0.86 [190263/409/1]
190263/364/1.f:DKBBKL_13540 -            648 GH13_25.hmm          -            434   1.6e-32  117.1   0.2   1   1   9.6e-23   6.2e-19   72.3   0.0   178   434   419   637   378   637 0.85 [190263/364/1]
190263/473/1.f:MLHPCA_05950 -            677 GH13_25.hmm          -            434   4.2e-32  115.7   0.0   1   2   5.3e-18   3.4e-14   56.7   0.0    16    98   307   389   299   397 0.92 [190263/473/1]
190263/473/1.f:MLHPCA_05950 -            677 GH13_25.hmm          -            434   4.2e-32  115.7   0.0   2   2   7.2e-18   4.7e-14   56.3   0.0   163   431   415   648   409   651 0.83 [190263/473/1]
190263/526/1.f:GBBCGM_01465 -            651 GH13_25.hmm          -            434   1.6e-30  110.5   0.0   1   1   5.2e-20   3.3e-16   63.3   0.0   166   434   407   637   391   637 0.82 [190263/526/1]
190263/415/1.f:OLCEDN_06080 -            681 GH13_25.hmm          -            434   8.1e-30  108.2   0.0   1   2   6.3e-16   4.1e-12   49.9   0.1    16    98   310   392   301   402 0.91 [190263/415/1]
190263/415/1.f:OLCEDN_06080 -            681 GH13_25.hmm          -            434   8.1e-30  108.2   0.0   2   2   2.2e-17   1.5e-13   54.6   0.0   162   431   417   652   409   655 0.83 [190263/415/1]
190263/564/1.f:KIHMBJ_09705 -            651 GH13_25.hmm          -            434   1.7e-28  103.8   0.1   1   1   5.6e-21   3.6e-17   66.5   0.0   176   434   411   631   390   631 0.88 [190263/564/1]
190263/540/1.f:BCGFLB_09045 -            645 GH13_25.hmm          -            434   4.8e-23   85.9   0.0   1   1     4e-16   2.6e-12   50.5   0.0   177   434   413   632   388   632 0.84 [190263/540/1]
190263/502/1.f:NONHGB_10835 -            646 GH13_25.hmm          -            434     3e-19   73.4   0.0   1   1   3.1e-18     2e-14   57.5   0.0   163   431   403   632   395   635 0.74 [190263/502/1]
190263/461/1.f:DHPHOK_08915 -            646 GH13_25.hmm          -            434   6.4e-19   72.3   0.0   1   1   2.7e-18   1.8e-14   57.6   0.0   162   431   402   632   390   635 0.82 [190263/461/1]
190263/456/1.f:LKAJBD_08030 -            646 GH13_25.hmm          -            434   6.7e-19   72.2   0.0   1   1   7.1e-19   4.6e-15   59.6   0.0   162   431   402   632   391   635 0.76 [190263/456/1]
190263/405/1.f:EHKDKA_12505 -            646 GH13_25.hmm          -            434   9.4e-19   71.7   0.0   1   1   2.6e-18   1.7e-14   57.7   0.0   163   431   403   632   394   635 0.76 [190263/405/1]
190263/369/1.f:JCDIFE_09705 -            646 GH13_25.hmm          -            434   1.2e-18   71.4   0.0   1   1   5.2e-18   3.4e-14   56.7   0.0   162   431   402   632   392   635 0.81 [190263/369/1]
190263/466/1.f:PGJOII_06955 -            646 GH13_25.hmm          -            434   2.3e-18   70.5   0.0   1   1   1.5e-18   9.5e-15   58.5   0.0   191   431   424   632   394   635 0.74 [190263/466/1]
190263/401/1.f:DMFJNH_10945 -            645 GH13_25.hmm          -            434   2.3e-17   67.2   0.0   1   1   1.4e-17     9e-14   55.3   0.0   281   428   493   629   394   635 0.84 [190263/401/1]
190263/504/1.f:DOAHDM_11280 -            645 GH13_25.hmm          -            434   2.3e-17   67.1   0.0   1   1   1.4e-17     9e-14   55.3   0.0   281   428   493   629   394   635 0.84 [190263/504/1]
190263/417/1.f:MHBJAE_07865 -            646 GH13_25.hmm          -            434   4.5e-17   66.2   0.0   1   1   1.4e-17   8.8e-14   55.4   0.0   281   431   493   632   396   635 0.82 [190263/417/1]
190263/552/1.f:EMALNL_11625 -            645 GH13_25.hmm          -            434   4.8e-17   66.1   0.0   1   1     3e-17     2e-13   54.2   0.0   281   429   493   630   394   635 0.77 [190263/552/1]
190263/562/1.f:KJGNCK_11675 -            645 GH13_25.hmm          -            434   4.8e-17   66.1   0.0   1   1     3e-17     2e-13   54.2   0.0   281   429   493   630   394   635 0.77 [190263/562/1]
190263/475/1.f:MCKEEP_10865 -            645 GH13_25.hmm          -            434   4.8e-17   66.1   0.0   1   1   3.1e-17     2e-13   54.2   0.0   281   429   493   630   397   635 0.78 [190263/475/1]
190263/573/1.f:LIDFCI_01280 -            645 GH13_25.hmm          -            434   4.8e-17   66.1   0.0   1   1   3.1e-17     2e-13   54.2   0.0   281   429   493   630   397   635 0.78 [190263/573/1]
190263/488/1.f:DNPFAC_09025 -            646 GH13_25.hmm          -            434   4.9e-17   66.1   0.0   1   1   1.6e-17     1e-13   55.1   0.0   281   431   493   632   396   635 0.82 [190263/488/1]
190263/404/1.f:BGJBIG_07790 -            645 GH13_25.hmm          -            434   9.3e-17   65.2   0.0   1   1   9.6e-17   6.2e-13   52.6   0.0   281   400   493   601   392   635 0.77 [190263/404/1]
190263/585/1.f:DLBDDB_08955 -            645 GH13_25.hmm          -            434   1.6e-16   64.3   0.0   1   1   1.3e-16   8.5e-13   52.1   0.0   281   399   493   600   393   635 0.73 [190263/585/1]
190263/522/1.f:NPJBCH_04210 -            647 GH13_25.hmm          -            434   3.6e-16   63.2   0.0   1   1   2.2e-17   1.4e-13   54.7   0.0   189   431   423   633   409   636 0.85 [190263/522/1]
#
# Program:         hmmsearch
# Version:         3.3.2 (Nov 2020)
# Pipeline mode:   SEARCH
# Query file:      /kb/module/work/tmp/output.1725388484971/GH13_25/GH13_25.hmm
# Target file:     /kb/module/work/tmp/output.1725388484971/hCom2_RAST.fasta
# Option settings: /kb/module/hmmer/bin/hmmsearch --domtblout /kb/module/work/tmp/output.1725388484971/GH13_25/GH13_25-hCom2_RAST.hitout.txt --noali --notextw --domE 1e-15 /kb/module/work/tmp/output.1725388484971/GH13_25/GH13_25.hmm /kb/module/work/tmp/output.1725388484971/hCom2_RAST.fasta 
# Current dir:     /kb/module/work/tmp/output.1725388484971
# Date:            Tue Sep  3 18:48:57 2024
# [ok]
