#                                                                                   --- full sequence --- -------------- this domain -------------   hmm coord   ali coord   env coord
# target name               accession   tlen query name           accession   qlen   E-value  score  bias   #  of  c-Evalue  i-Evalue  score  bias  from    to  from    to  from    to  acc description of target
#       ------------------- ---------- ----- -------------------- ---------- ----- --------- ------ ----- --- --- --------- --------- ------ ----- ----- ----- ----- ----- ----- ----- ---- ---------------------
190263/433/1.f:ADFNDI_13085 -            556 GH13_40.hmm          -            359  2.4e-148  498.3   9.2   1   1  5.7e-150  3.2e-147  494.6   6.6     1   359    28   376    28   376 0.98 [190263/433/1]
190263/455/1.f:GDGJDA_15340 -            557 GH13_40.hmm          -            359    1e-147  496.3   9.4   1   1  2.4e-149  1.4e-146  492.5   5.9     1   359    28   376    28   376 0.98 [190263/455/1]
190263/429/1.f:OMPHBF_12730 -            589 GH13_40.hmm          -            359  2.9e-146  491.5   1.8   1   1  7.3e-149  4.2e-146  491.0   1.8     1   358    52   402    52   403 0.98 [190263/429/1]
190263/478/1.f:BOCJFA_07705 -            558 GH13_40.hmm          -            359  4.7e-146  490.8   4.3   1   1  1.3e-148  7.6e-146  490.1   4.3     1   358    28   375    28   376 0.98 [190263/478/1]
190263/375/1.f:CNGHJF_04595 -            557 GH13_40.hmm          -            359  2.1e-144  485.4   4.3   1   1  3.7e-147  2.1e-144  485.4   4.3     1   359    27   374    27   374 0.97 [190263/375/1]
190263/507/1.f:KPMKPI_12330 -            554 GH13_40.hmm          -            359  2.2e-144  485.3   5.4   1   1    5e-147  2.9e-144  484.9   5.4     1   358    28   375    28   376 0.98 [190263/507/1]
190263/546/1.f:GEHMID_00295 -            565 GH13_40.hmm          -            359  1.3e-143  482.7   5.6   1   1  1.4e-145  8.3e-143  480.1   4.1     1   358    28   375    28   376 0.98 [190263/546/1]
190263/452/1.f:PEIHBN_10935 -            559 GH13_40.hmm          -            359    1e-142  479.8   2.2   1   1  1.8e-145    1e-142  479.8   2.2     1   358    29   374    29   375 0.99 [190263/452/1]
190263/557/1.f:DOLMEB_09075 -            560 GH13_40.hmm          -            359  1.3e-142  479.5   2.8   1   1  2.3e-145  1.3e-142  479.5   2.8     1   358    30   375    30   376 0.99 [190263/557/1]
190263/520/1.f:GGDGDE_05590 -            557 GH13_40.hmm          -            359    2e-142  478.8  10.5   1   1  4.2e-145  2.4e-142  478.6   9.0     1   359    28   377    28   377 0.98 [190263/520/1]
190263/512/1.f:JBCLGH_07570 -            562 GH13_40.hmm          -            359  2.9e-142  478.3   2.5   1   1    8e-145  4.6e-142  477.7   2.5     1   358    30   375    30   376 0.99 [190263/512/1]
190263/520/1.f:GGDGDE_20000 -            560 GH13_40.hmm          -            359  7.7e-142  476.9   5.8   1   1  1.9e-144  1.1e-141  476.4   5.8     1   358    29   377    29   378 0.98 [190263/520/1]
190263/384/1.f:CDKGIA_00625 -            570 GH13_40.hmm          -            359  1.6e-141  475.8   0.2   1   1  4.4e-144  2.5e-141  475.2   0.2     1   359    30   379    30   379 0.98 [190263/384/1]
190263/549/1.f:CNBDFB_11805 -            558 GH13_40.hmm          -            359  1.9e-141  475.6   2.4   1   1  3.4e-144  1.9e-141  475.6   2.4     1   358    28   376    28   377 0.98 [190263/549/1]
190263/472/1.f:NMGHJI_04910 -            559 GH13_40.hmm          -            359    8e-141  473.6   6.8   1   1    2e-143  1.1e-140  473.1   6.8     1   358    28   377    28   378 0.96 [190263/472/1]
190263/382/1.f:JACGKO_03265 -            561 GH13_40.hmm          -            359  1.3e-140  472.9   0.5   1   1    3e-143  1.7e-140  472.5   0.5     1   358    31   381    31   382 0.97 [190263/382/1]
190263/580/1.f:JCPJNN_24345 -            560 GH13_40.hmm          -            359  1.3e-140  472.9   0.4   1   1    3e-143  1.7e-140  472.5   0.4     1   358    28   375    28   376 0.97 [190263/580/1]
190263/452/1.f:PEIHBN_09925 -            552 GH13_40.hmm          -            359  7.9e-140  470.3   4.1   1   1  1.8e-142  1.1e-139  469.9   4.1     1   358    28   375    28   376 0.98 [190263/452/1]
190263/478/1.f:BOCJFA_01370 -            559 GH13_40.hmm          -            359  1.3e-139  469.6   5.0   1   1  3.9e-142  2.2e-139  468.8   5.0     1   359    27   378    27   378 0.96 [190263/478/1]
190263/541/1.f:IDEEIE_02835 -            559 GH13_40.hmm          -            359  5.3e-139  467.6   6.3   1   1  1.4e-141  7.9e-139  467.0   6.3     1   359    27   378    27   378 0.96 [190263/541/1]
190263/363/1.f:CIHHOC_11415 -            558 GH13_40.hmm          -            359  3.9e-138  464.7   2.5   1   1  1.2e-140  6.7e-138  464.0   2.5     1   359    27   378    27   378 0.95 [190263/363/1]
190263/425/1.f:HPANHD_03210 -            554 GH13_40.hmm          -            359  7.6e-138  463.8   6.8   1   1  1.8e-140    1e-137  463.4   6.8     1   359    27   373    27   373 0.98 [190263/425/1]
190263/584/1.f:DDCNLE_03830 -            556 GH13_40.hmm          -            359  1.7e-137  462.6   0.4   1   1  3.8e-140  2.2e-137  462.3   0.4     1   359    28   376    28   376 0.97 [190263/584/1]
190263/458/1.f:AMPCAI_01140 -            559 GH13_40.hmm          -            359    4e-136  458.1   3.9   1   1  9.5e-139  5.4e-136  457.7   3.9     1   358    29   376    29   377 0.95 [190263/458/1]
190263/425/1.f:HPANHD_03290 -            554 GH13_40.hmm          -            359  2.9e-135  455.3   3.3   1   1  7.1e-138    4e-135  454.8   3.3     1   358    27   374    27   375 0.96 [190263/425/1]
190263/409/1.f:AJJCMD_00615 -            565 GH13_40.hmm          -            359  3.1e-135  455.2   1.5   1   1  8.1e-138  4.7e-135  454.6   1.0     1   359    28   374    28   374 0.97 [190263/409/1]
190263/474/1.f:AMDJJA_02480 -            604 GH13_40.hmm          -            359  3.4e-128  432.0   0.0   1   1  8.4e-131  4.8e-128  431.6   0.0     1   358    46   413    46   414 0.91 [190263/474/1]
190263/448/1.f:IBJDOL_08635 -            554 GH13_40.hmm          -            359  4.1e-128  431.8  12.4   1   1  7.1e-131  4.1e-128  431.8  12.4     1   359    28   372    28   372 0.96 [190263/448/1]
190263/420/1.f:GMHOLO_08275 -            607 GH13_40.hmm          -            359    2e-126  426.2   0.0   1   1  4.5e-129  2.6e-126  425.8   0.0     1   358    46   413    46   414 0.92 [190263/420/1]
190263/527/1.f:HGADJN_09155 -            602 GH13_40.hmm          -            359  9.4e-126  424.0   0.0   1   1  2.9e-128  1.7e-125  423.2   0.0     1   358    46   412    46   413 0.92 [190263/527/1]
190263/514/1.f:MMHOAN_03820 -            569 GH13_40.hmm          -            359  6.2e-125  421.3   7.8   1   1  2.4e-127  1.4e-124  420.2   4.9     1   359    28   362    28   362 0.96 [190263/514/1]
190263/474/1.f:AMDJJA_09650 -            608 GH13_40.hmm          -            359  1.2e-123  417.0   0.0   1   1  2.9e-126  1.7e-123  416.6   0.0     1   358    46   412    46   413 0.90 [190263/474/1]
190263/530/1.f:LBOGMJ_11355 -            566 GH13_40.hmm          -            359  1.8e-123  416.5   0.3   1   1  4.2e-126  2.4e-123  416.1   0.3     1   359    36   384    36   384 0.97 [190263/530/1]
190263/527/1.f:HGADJN_09225 -            606 GH13_40.hmm          -            359  2.3e-123  416.2   0.0   1   1  5.5e-126  3.1e-123  415.7   0.0     1   358    46   412    46   413 0.91 [190263/527/1]
190263/425/1.f:HPANHD_02620 -            541 GH13_40.hmm          -            359  1.6e-121  410.1   2.6   1   1  7.3e-123  4.2e-120  405.4   2.6     1   358    28   361    28   362 0.95 [190263/425/1]
190263/516/1.f:MGNFBC_04840 -            588 GH13_40.hmm          -            359    3e-121  409.2   0.8   1   1  8.5e-124  4.8e-121  408.5   0.8     1   359    43   391    43   391 0.95 [190263/516/1]
190263/379/1.f:LOJHAC_03790 -            588 GH13_40.hmm          -            359  4.4e-120  405.4   0.6   1   1  1.2e-122  7.1e-120  404.7   0.6     1   359    43   391    43   391 0.95 [190263/379/1]
190263/526/1.f:GBBCGM_01410 -            561 GH13_40.hmm          -            359  4.7e-119  402.0   0.0   1   1  1.1e-121  6.5e-119  401.5   0.0     1   358    31   376    31   377 0.95 [190263/526/1]
190263/448/1.f:IBJDOL_10285 -            559 GH13_40.hmm          -            359    1e-118  400.8  11.8   1   1  1.8e-121    1e-118  400.8  11.8     1   358    26   368    26   369 0.96 [190263/448/1]
190263/382/1.f:JACGKO_00540 -            554 GH13_40.hmm          -            359  9.3e-118  397.7   0.0   1   1  2.1e-120  1.2e-117  397.3   0.0     1   358    29   376    29   377 0.94 [190263/382/1]
190263/363/1.f:CIHHOC_02445 -            551 GH13_40.hmm          -            359  9.7e-118  397.7   4.7   1   1  1.7e-120  9.7e-118  397.7   4.7     1   358    26   368    26   369 0.95 [190263/363/1]
190263/540/1.f:BCGFLB_01175 -            585 GH13_40.hmm          -            359  4.6e-117  395.4   0.0   1   1  1.2e-119    7e-117  394.8   0.0     1   359    45   393    45   393 0.95 [190263/540/1]
190263/423/1.f:PDNKFB_07745 -            541 GH13_40.hmm          -            359  7.9e-117  394.7   1.5   1   1  3.3e-118  1.9e-115  390.1   1.5     1   359    32   366    32   366 0.97 [190263/423/1]
190263/409/1.f:AJJCMD_25500 -            555 GH13_40.hmm          -            359  8.6e-117  394.5   2.3   1   1  2.4e-119  1.4e-116  393.9   2.3     1   358    26   368    26   369 0.96 [190263/409/1]
190263/580/1.f:JCPJNN_28235 -            543 GH13_40.hmm          -            359  1.2e-116  394.1   2.4   1   1  3.7e-118  2.1e-115  390.0   1.1     1   359    31   365    31   365 0.96 [190263/580/1]
190263/523/1.f:MDNHKG_08680 -            568 GH13_40.hmm          -            359  2.5e-116  393.0   0.0   1   1  5.3e-119    3e-116  392.7   0.0     1   359    38   386    38   386 0.95 [190263/523/1]
190263/455/1.f:GDGJDA_14820 -            543 GH13_40.hmm          -            359  3.9e-116  392.4   4.9   1   1  1.5e-117  8.5e-115  388.0   4.9     1   359    30   364    30   364 0.96 [190263/455/1]
190263/447/1.f:OLODHC_03415 -            554 GH13_40.hmm          -            359  5.2e-116  392.0   7.9   1   1    9e-119  5.2e-116  392.0   7.9     1   358    28   370    28   371 0.95 [190263/447/1]
190263/406/1.f:DKNBGD_12580 -            551 GH13_40.hmm          -            359  8.7e-116  391.2   0.1   1   1  2.5e-118  1.4e-115  390.5   0.1     1   358    26   377    26   378 0.95 [190263/406/1]
190263/514/1.f:MMHOAN_12710 -            542 GH13_40.hmm          -            359  1.1e-115  390.8   3.8   1   1  2.7e-117  1.5e-114  387.1   3.8     1   359    32   366    32   366 0.96 [190263/514/1]
190263/363/1.f:CIHHOC_04800 -            542 GH13_40.hmm          -            359  2.9e-115  389.5   6.8   1   1  3.7e-117  2.1e-114  386.7   4.0     1   359    31   365    31   365 0.96 [190263/363/1]
190263/390/1.f:OLPOLE_06095 -            631 GH13_40.hmm          -            359    5e-115  388.7   0.0   1   1  1.3e-117  7.2e-115  388.2   0.0     1   359   109   455   109   455 0.95 [190263/390/1]
190263/447/1.f:OLODHC_03105 -            539 GH13_40.hmm          -            359  8.2e-115  388.0   3.7   1   1  7.1e-116    4e-113  382.5   2.3     1   359    28   362    28   362 0.96 [190263/447/1]
190263/586/1.f:KBDCAC_00925 -            570 GH13_40.hmm          -            359  3.9e-114  385.8   0.1   1   1  8.5e-117  4.9e-114  385.5   0.1     1   358    27   370    27   371 0.95 [190263/586/1]
190263/409/1.f:AJJCMD_08075 -            543 GH13_40.hmm          -            359  4.5e-114  385.6   0.2   1   1  2.2e-115  1.2e-112  380.9   0.2     1   358    34   367    34   368 0.96 [190263/409/1]
190263/375/1.f:CNGHJF_16955 -            552 GH13_40.hmm          -            359  8.1e-114  384.8   1.1   1   1  1.8e-116    1e-113  384.4   1.1     1   358    26   368    26   369 0.96 [190263/375/1]
190263/383/1.f:KCEMEB_04450 -            525 GH13_40.hmm          -            359  4.7e-112  378.9   0.3   1   1  1.3e-114  7.4e-112  378.3   0.3     1   359    28   378    28   378 0.95 [190263/383/1]
190263/580/1.f:JCPJNN_03710 -            629 GH13_40.hmm          -            359  4.9e-112  378.9   0.6   1   1  8.5e-115  4.9e-112  378.9   0.6     1   358   112   462   112   463 0.95 [190263/580/1]
190263/375/1.f:CNGHJF_04955 -            539 GH13_40.hmm          -            359  1.3e-111  377.5   0.0   1   1  8.2e-113  4.7e-110  372.4   0.0     1   359    28   362    28   362 0.96 [190263/375/1]
190263/586/1.f:KBDCAC_04650 -            560 GH13_40.hmm          -            359  1.7e-111  377.1   1.6   1   1  5.3e-114  3.1e-111  376.3   1.6     1   357    26   365    26   366 0.95 [190263/586/1]
190263/384/1.f:CDKGIA_03450 -            548 GH13_40.hmm          -            359  2.5e-111  376.6   0.7   1   1  8.1e-114  4.6e-111  375.7   0.3     1   358    26   366    26   367 0.96 [190263/384/1]
190263/541/1.f:IDEEIE_03910 -            541 GH13_40.hmm          -            359  9.8e-110  371.3   6.8   1   1  1.1e-111  6.3e-109  368.7   4.0     1   359    30   364    30   364 0.96 [190263/541/1]
190263/406/1.f:DKNBGD_03735 -            567 GH13_40.hmm          -            359  3.3e-108  366.3   0.0   1   1  7.3e-111  4.2e-108  366.0   0.0     1   359    28   386    28   386 0.95 [190263/406/1]
190263/472/1.f:NMGHJI_16290 -            552 GH13_40.hmm          -            359  1.1e-107  364.6   0.8   1   1  3.9e-110  2.2e-107  363.6   0.8     1   359    30   366    30   366 0.93 [190263/472/1]
190263/382/1.f:JACGKO_02195 -            543 GH13_40.hmm          -            359  3.7e-107  362.8   0.1   1   1  8.7e-110    5e-107  362.4   0.1     1   358    25   364    25   365 0.95 [190263/382/1]
190263/370/1.f:MFKGBO_21105 -            550 GH13_40.hmm          -            359  4.6e-107  362.5   0.9   1   1  1.1e-109  6.1e-107  362.1   0.9     1   358    26   366    26   367 0.96 [190263/370/1]
190263/513/1.f:MKNBNH_02055 -            565 GH13_40.hmm          -            359  2.6e-105  356.8   0.1   1   1  6.2e-108  3.6e-105  356.3   0.1     1   358    28   375    28   376 0.93 [190263/513/1]
190263/384/1.f:CDKGIA_15920 -            590 GH13_40.hmm          -            359  3.5e-104  353.0   0.0   1   1  7.7e-107  4.4e-104  352.7   0.0     1   359    38   384    38   384 0.94 [190263/384/1]
190263/409/1.f:AJJCMD_26280 -            550 GH13_40.hmm          -            359  7.8e-103  348.6   0.5   1   1  1.7e-105  9.6e-103  348.3   0.5     1   358    28   368    28   369 0.91 [190263/409/1]
190263/433/1.f:ADFNDI_01880 -            557 GH13_40.hmm          -            359  2.4e-102  347.0   1.0   1   1  8.6e-105  4.9e-102  346.0   0.1     1   358    28   374    28   375 0.95 [190263/433/1]
190263/495/1.f:ANKNCD_08970 -            565 GH13_40.hmm          -            359  2.9e-102  346.8   0.1   1   1  6.7e-105  3.8e-102  346.3   0.1     1   358    28   374    28   375 0.95 [190263/495/1]
190263/423/1.f:PDNKFB_07750 -            561 GH13_40.hmm          -            359  3.1e-102  346.6   0.0   1   1  7.4e-105  4.2e-102  346.2   0.0     1   358    28   374    28   375 0.95 [190263/423/1]
190263/439/1.f:KGLJGB_07065 -            557 GH13_40.hmm          -            359  9.7e-102  345.0   0.1   1   1  2.5e-104  1.5e-101  344.4   0.1     1   358    28   374    28   375 0.95 [190263/439/1]
190263/546/1.f:GEHMID_11585 -            555 GH13_40.hmm          -            359  1.5e-101  344.4   0.0   1   1  3.3e-104  1.9e-101  344.1   0.0     1   359    28   375    28   375 0.95 [190263/546/1]
190263/531/1.f:KJIPPC_09425 -            557 GH13_40.hmm          -            359  1.9e-101  344.1   0.0   1   1  4.7e-104  2.7e-101  343.6   0.0     1   358    28   374    28   375 0.95 [190263/531/1]
190263/580/1.f:JCPJNN_29355 -            566 GH13_40.hmm          -            359    2e-101  344.0   0.0   1   1  4.4e-104  2.5e-101  343.7   0.0     1   358    28   375    28   376 0.96 [190263/580/1]
190263/584/1.f:DDCNLE_03835 -            557 GH13_40.hmm          -            359  4.5e-101  342.8   0.0   1   1    1e-103  5.7e-101  342.5   0.0     1   358    28   377    28   378 0.94 [190263/584/1]
190263/520/1.f:GGDGDE_10805 -            560 GH13_40.hmm          -            359  7.9e-101  342.0   0.9   1   1    2e-103  1.2e-100  341.5   0.9     1   358    28   374    28   375 0.94 [190263/520/1]
190263/423/1.f:PDNKFB_11910 -            541 GH13_40.hmm          -            359  1.6e-100  341.0   5.5   1   1  3.7e-103  2.1e-100  340.6   5.5     1   359    28   369    28   369 0.89 [190263/423/1]
190263/472/1.f:NMGHJI_04900 -            554 GH13_40.hmm          -            359  3.4e-100  339.9   0.0   1   1    8e-103  4.6e-100  339.5   0.0     1   359    28   375    28   375 0.95 [190263/472/1]
190263/455/1.f:GDGJDA_05900 -            561 GH13_40.hmm          -            359  8.2e-100  338.7   0.0   1   1  1.8e-102     1e-99  338.3   0.0     1   358    28   374    28   375 0.95 [190263/455/1]
190263/478/1.f:BOCJFA_10845 -            558 GH13_40.hmm          -            359   1.1e-98  334.9   0.1   1   1  4.5e-101   2.6e-98  333.7   0.0     1   359    28   377    28   377 0.93 [190263/478/1]
190263/532/1.f:BGDBBA_06200 -            558 GH13_40.hmm          -            359   2.2e-98  334.0   1.2   1   1  5.1e-101   2.9e-98  333.6   1.2     1   358    28   374    28   375 0.93 [190263/532/1]
190263/409/1.f:AJJCMD_20400 -            565 GH13_40.hmm          -            359   1.6e-97  331.1   0.0   1   1  3.6e-100   2.1e-97  330.8   0.0     1   358    28   374    28   375 0.94 [190263/409/1]
190263/375/1.f:CNGHJF_04990 -            554 GH13_40.hmm          -            359   4.5e-96  326.4   0.0   1   1   9.8e-99   5.6e-96  326.1   0.0     1   358    28   374    28   375 0.95 [190263/375/1]
190263/507/1.f:KPMKPI_03005 -            556 GH13_40.hmm          -            359   4.7e-96  326.3   0.1   1   1   1.2e-98   6.8e-96  325.8   0.1     1   359    28   376    28   376 0.93 [190263/507/1]
190263/425/1.f:HPANHD_10085 -            559 GH13_40.hmm          -            359   4.5e-92  313.2   0.1   1   1   1.1e-94   6.1e-92  312.8   0.1     1   357    28   381    28   383 0.92 [190263/425/1]
190263/368/1.f:HPMDBE_05310 -            486 GH13_40.hmm          -            359   1.4e-87  298.4   0.2   1   1     4e-90   2.3e-87  297.7   0.2    63   359     3   289     1   289 0.93 [190263/368/1]
190263/409/1.f:AJJCMD_13305 -            517 GH13_40.hmm          -            359   8.3e-87  295.9   0.0   1   1   2.6e-89   1.5e-86  295.1   0.0     3   357    29   358    27   360 0.90 [190263/409/1]
190263/527/1.f:HGADJN_08895 -            586 GH13_40.hmm          -            359     5e-72  247.3   0.2   1   1   3.9e-72   2.2e-69  238.6   0.2     1   357    37   402    37   404 0.84 [190263/527/1]
190263/565/1.f:PAEINE_04520 -            577 GH13_40.hmm          -            359   6.2e-72  247.0   0.1   1   1   1.2e-70   6.6e-68  233.7   0.0     1   326    34   345    34   358 0.89 [190263/565/1]
190263/474/1.f:AMDJJA_00490 -            604 GH13_40.hmm          -            359   1.2e-70  242.7   0.0   1   1   5.8e-69   3.3e-66  228.1   0.0     1   323    33   344    33   351 0.84 [190263/474/1]
190263/420/1.f:GMHOLO_08475 -            583 GH13_40.hmm          -            359   4.5e-70  240.8   0.2   1   1   3.5e-69     2e-66  228.9   0.0     1   348    33   367    33   376 0.83 [190263/420/1]
190263/513/1.f:MKNBNH_04310 -            604 GH13_40.hmm          -            359   7.5e-53  184.2   8.4   1   1   1.2e-54   6.6e-52  181.1   8.4     1   357   133   458   133   459 0.80 [190263/513/1]
190263/596/1.f:GDHELL_05465 -            511 GH13_40.hmm          -            359   2.6e-52  182.4   0.7   1   1     3e-50   1.7e-47  166.5   0.8     1   188    27   218    27   252 0.86 [190263/596/1]
190263/429/1.f:OMPHBF_06140 -            518 GH13_40.hmm          -            359   7.2e-51  177.7   0.1   1   1   1.1e-48   6.5e-46  161.4   0.2     1   187    27   220    27   237 0.83 [190263/429/1]
190263/468/1.f:DIOFOH_01755 -            517 GH13_40.hmm          -            359   2.4e-50  175.9   4.3   1   1   2.3e-48   1.3e-45  160.4   2.9     1   190    27   219    27   250 0.78 [190263/468/1]
190263/423/1.f:PDNKFB_09310 -            564 GH13_40.hmm          -            359   3.4e-49  172.2   7.6   1   1   8.4e-44   4.8e-41  145.4   4.9     1   188    96   275    96   298 0.89 [190263/423/1]
190263/443/1.f:LNLACP_11920 -            522 GH13_40.hmm          -            359   3.1e-48  169.0   0.1   1   1   8.5e-49   4.9e-46  161.8   0.0     1   188    27   217    27   231 0.86 [190263/443/1]
190263/513/1.f:MKNBNH_10810 -            530 GH13_40.hmm          -            359   5.6e-48  168.2   2.9   1   1     5e-49   2.9e-46  162.5   2.9     1   357    27   376    27   377 0.69 [190263/513/1]
190263/460/1.f:IHFGKI_10500 -            578 GH13_40.hmm          -            359   2.6e-47  166.0   4.5   1   1   6.1e-47   3.5e-44  155.7   2.8     1   187    53   261    53   304 0.77 [190263/460/1]
190263/409/1.f:AJJCMD_12165 -            510 GH13_40.hmm          -            359   9.7e-47  164.1   0.2   1   1   1.4e-46   7.8e-44  154.5   0.2     1   188    27   217    27   234 0.81 [190263/409/1]
190263/400/1.f:EIBLKL_04930 -            512 GH13_40.hmm          -            359   2.6e-46  162.7   1.4   1   1   8.8e-47   5.1e-44  155.2   0.4     1   186    27   215    27   236 0.82 [190263/400/1]
190263/527/1.f:HGADJN_08845 -            535 GH13_40.hmm          -            359   7.8e-46  161.1   0.1   1   1   1.2e-45   6.9e-43  151.4   0.1     1   188    35   225    35   242 0.86 [190263/527/1]
190263/421/1.f:PBKEAC_02115 -            559 GH13_40.hmm          -            359   1.3e-45  160.4   1.8   1   1   2.2e-47   1.3e-44  157.1   1.7     1   191    50   245    50   263 0.79 [190263/421/1]
190263/580/1.f:JCPJNN_09070 -            521 GH13_40.hmm          -            359   1.3e-45  160.3   0.6   1   1   6.9e-40   3.9e-37  132.5   0.1     1   109    27   135    27   141 0.97 [190263/580/1]
190263/456/1.f:LKAJBD_15395 -            681 GH13_40.hmm          -            359   5.2e-45  158.4   3.1   1   1   1.4e-36   8.1e-34  121.6   0.3     1   129    74   202    74   206 0.92 [190263/456/1]
190263/400/1.f:EIBLKL_02735 -            553 GH13_40.hmm          -            359   8.9e-45  157.6   3.0   1   1   5.1e-40   2.9e-37  132.9   2.9     1   184    75   261    75   282 0.80 [190263/400/1]
190263/466/1.f:PGJOII_04855 -            554 GH13_40.hmm          -            359     3e-44  155.9   6.5   1   1   2.7e-45   1.5e-42  150.3   4.7     1   186    47   236    47   258 0.77 [190263/466/1]
190263/578/1.f:HIHCLH_07765 -            543 GH13_40.hmm          -            359     5e-44  155.2   4.8   1   1     7e-42     4e-39  139.0   3.9     1   184    71   247    71   266 0.89 [190263/578/1]
190263/456/1.f:LKAJBD_04210 -            560 GH13_40.hmm          -            359   5.8e-44  155.0   4.9   1   1   2.3e-45   1.3e-42  150.5   4.9     1   196    50   250    50   392 0.81 [190263/456/1]
190263/466/1.f:PGJOII_04830 -            560 GH13_40.hmm          -            359     7e-44  154.7   5.1   1   1   2.6e-45   1.5e-42  150.3   4.5     1   195    50   249    50   285 0.75 [190263/466/1]
190263/456/1.f:LKAJBD_04235 -            560 GH13_40.hmm          -            359     1e-43  154.1   6.4   1   1   9.5e-45   5.5e-42  148.5   4.6     1   186    53   242    53   276 0.75 [190263/456/1]
190263/495/1.f:ANKNCD_06875 -            582 GH13_40.hmm          -            359   1.9e-42  150.0   9.9   1   1   1.2e-37   6.6e-35  125.2   5.7     1   182    99   280    99   291 0.84 [190263/495/1]
190263/466/1.f:PGJOII_07605 -            686 GH13_40.hmm          -            359   2.9e-42  149.4  10.0   1   1   9.6e-36   5.5e-33  118.9   1.4     1   123    79   201    79   220 0.89 [190263/466/1]
190263/520/1.f:GGDGDE_02775 -            587 GH13_40.hmm          -            359   5.5e-42  148.5   7.5   1   1   9.1e-38   5.2e-35  125.5   3.2     1   183   107   289   107   296 0.82 [190263/520/1]
190263/504/1.f:DOAHDM_08100 -            692 GH13_40.hmm          -            359   1.8e-41  146.8   7.2   1   1   1.3e-34   7.7e-32  115.1   0.1     1   108    80   187    80   214 0.90 [190263/504/1]
190263/401/1.f:DMFJNH_07595 -            692 GH13_40.hmm          -            359   3.1e-41  146.0   8.0   1   1   1.3e-34   7.7e-32  115.1   0.1     1   108    80   187    80   214 0.90 [190263/401/1]
190263/474/1.f:AMDJJA_00520 -            628 GH13_40.hmm          -            359   3.2e-40  142.7   0.0   1   1   2.4e-33   1.4e-30  110.9   0.0     1    88    39   126    39   133 0.97 [190263/474/1]
190263/596/1.f:GDHELL_05010 -            551 GH13_40.hmm          -            359   9.1e-40  141.2   4.8   1   1   5.1e-27   2.9e-24   90.1   0.6     1   111    76   198    76   208 0.81 [190263/596/1]
190263/545/1.f:NCJBIN_08240 -            693 GH13_40.hmm          -            359   1.7e-39  140.3   5.9   1   1   2.5e-33   1.5e-30  110.9   0.1     1   104    83   185    83   214 0.91 [190263/545/1]
190263/534/1.f:OHCFJE_04840 -            693 GH13_40.hmm          -            359   2.1e-39  140.0   6.2   1   1   2.5e-33   1.5e-30  110.9   0.1     1   104    83   185    83   214 0.91 [190263/534/1]
190263/391/1.f:NONBJF_08120 -            693 GH13_40.hmm          -            359   2.1e-39  140.0   6.2   1   1   2.5e-33   1.5e-30  110.9   0.1     1   104    83   185    83   214 0.91 [190263/391/1]
190263/527/1.f:HGADJN_00335 -            625 GH13_40.hmm          -            359   5.6e-39  138.6   0.1   1   1   7.2e-38   4.1e-35  125.8   0.2     1   186    27   221    27   234 0.84 [190263/527/1]
190263/455/1.f:GDGJDA_03815 -            611 GH13_40.hmm          -            359   1.2e-38  137.4   0.0   1   1   7.4e-39   4.3e-36  129.1   0.0     1   188    82   269    82   333 0.95 [190263/455/1]
190263/421/1.f:PBKEAC_05055 -            772 GH13_40.hmm          -            359   2.1e-38  136.7   0.4   1   1   4.9e-30   2.8e-27  100.1   0.0     1   103   161   262   161   289 0.92 [190263/421/1]
190263/446/1.f:LHJMMB_09610 -            772 GH13_40.hmm          -            359   2.1e-38  136.7   0.4   1   1   4.9e-30   2.8e-27  100.1   0.0     1   103   161   262   161   289 0.92 [190263/446/1]
190263/556/1.f:EMIPPF_02175 -            772 GH13_40.hmm          -            359   2.4e-38  136.5   0.4   1   1   1.4e-30   8.2e-28  101.8   0.0     1   103   161   262   161   289 0.92 [190263/556/1]
190263/362/1.f:KJODLM_11060 -            151 GH13_40.hmm          -            359   2.2e-36  130.0   1.2   1   1   5.5e-39   3.1e-36  129.5   1.2     1   128    26   142    26   146 0.95 [190263/362/1]
190263/546/1.f:GEHMID_12200 -            622 GH13_40.hmm          -            359   2.3e-35  126.7   0.1   1   1   1.4e-35   7.9e-33  118.3   0.0     1   187    91   277    91   292 0.94 [190263/546/1]
190263/409/1.f:AJJCMD_00170 -            628 GH13_40.hmm          -            359   4.9e-35  125.6   0.0   1   1   2.4e-35   1.4e-32  117.6   0.0     1   187    82   268    82   280 0.94 [190263/409/1]
190263/433/1.f:ADFNDI_16890 -            659 GH13_40.hmm          -            359   2.5e-34  123.3   0.4   1   1   7.2e-36   4.1e-33  119.3   0.4     1   188   129   316   129   334 0.90 [190263/433/1]
190263/549/1.f:CNBDFB_11595 -            622 GH13_40.hmm          -            359   6.4e-34  121.9   0.5   1   1     2e-34   1.1e-31  114.5   0.2     1   188    84   271    84   288 0.90 [190263/549/1]
190263/443/1.f:LNLACP_05295 -            749 GH13_40.hmm          -            359   1.1e-33  121.2   0.0   1   1   2.1e-34   1.2e-31  114.4   0.0     1   187   216   402   216   421 0.91 [190263/443/1]
190263/478/1.f:BOCJFA_00930 -            611 GH13_40.hmm          -            359   1.4e-33  120.8   0.0   1   1   2.7e-35   1.6e-32  117.3   0.0     1   191    82   272    82   293 0.92 [190263/478/1]
190263/507/1.f:KPMKPI_15040 -            616 GH13_40.hmm          -            359   5.3e-33  118.9   1.0   1   1   4.5e-33   2.5e-30  110.1   0.1     2   187    88   273    87   285 0.95 [190263/507/1]
190263/447/1.f:OLODHC_03835 -            613 GH13_40.hmm          -            359   6.6e-33  118.6   0.4   1   1   5.2e-33     3e-30  109.9   0.1     1   188    85   272    85   291 0.93 [190263/447/1]
190263/472/1.f:NMGHJI_14085 -            743 GH13_40.hmm          -            359     2e-32  117.0   0.1   1   1   4.2e-33   2.4e-30  110.2   0.1     3   187   214   398   212   412 0.89 [190263/472/1]
190263/384/1.f:CDKGIA_19560 -            614 GH13_40.hmm          -            359   4.2e-32  115.9   0.0   1   1   9.4e-33   5.4e-30  109.0   0.0     1   187    81   267    81   287 0.89 [190263/384/1]
190263/513/1.f:MKNBNH_04430 -            616 GH13_40.hmm          -            359   6.1e-32  115.4   0.1   1   1   1.5e-32   8.4e-30  108.4   0.0     1   188    88   275    88   288 0.90 [190263/513/1]
190263/520/1.f:GGDGDE_20340 -            572 GH13_40.hmm          -            359     2e-31  113.7   4.4   1   1   8.1e-28   4.6e-25   92.8   0.5     1   104   170   273   170   293 0.88 [190263/520/1]
190263/495/1.f:ANKNCD_04135 -            572 GH13_40.hmm          -            359     3e-31  113.1   5.8   1   1   1.1e-28   6.4e-26   95.6   0.7     1   104   170   273   170   293 0.88 [190263/495/1]
190263/578/1.f:HIHCLH_03535 -            574 GH13_40.hmm          -            359   5.3e-31  112.3   2.3   1   1   1.4e-26   7.9e-24   88.7   0.3     1   103   172   274   172   287 0.91 [190263/578/1]
190263/433/1.f:ADFNDI_04815 -            730 GH13_40.hmm          -            359   7.3e-31  111.9   3.8   1   1   1.8e-32     1e-29  108.1   0.1     1   187   198   384   198   396 0.89 [190263/433/1]
190263/423/1.f:PDNKFB_13510 -            572 GH13_40.hmm          -            359     1e-30  111.4   7.9   1   1   1.1e-27   6.2e-25   92.4   0.6     1   101   170   270   170   284 0.93 [190263/423/1]
190263/516/1.f:MGNFBC_18275 -            615 GH13_40.hmm          -            359   1.1e-30  111.2   7.7   1   1   2.3e-30   1.3e-27  101.1   8.3     1   182   162   332   162   374 0.82 [190263/516/1]
190263/368/1.f:HPMDBE_20180 -            615 GH13_40.hmm          -            359   1.5e-30  110.8   7.6   1   1   3.3e-30   1.9e-27  100.6   8.7     1   182   162   332   162   371 0.83 [190263/368/1]
190263/379/1.f:LOJHAC_21325 -            615 GH13_40.hmm          -            359   1.5e-30  110.8   7.6   1   1   3.3e-30   1.9e-27  100.6   8.7     1   182   162   332   162   371 0.83 [190263/379/1]
190263/368/1.f:HPMDBE_16265 -            613 GH13_40.hmm          -            359   1.2e-29  107.9   2.4   1   1   6.6e-27   3.8e-24   89.8   2.5     1   101   158   261   158   333 0.87 [190263/368/1]
190263/516/1.f:MGNFBC_14175 -            613 GH13_40.hmm          -            359   1.3e-29  107.7   2.2   1   1   6.2e-27   3.5e-24   89.9   2.3     1   101   158   261   158   333 0.88 [190263/516/1]
190263/379/1.f:LOJHAC_16730 -            613 GH13_40.hmm          -            359   1.3e-29  107.7   2.2   1   1   6.2e-27   3.5e-24   89.9   2.3     1   101   158   261   158   333 0.88 [190263/379/1]
190263/421/1.f:PBKEAC_05060 -            445 GH13_40.hmm          -            359   2.1e-29  107.1   0.0   1   1   8.7e-20     5e-17   66.4   0.0     2    86    48   138    47   158 0.86 [190263/421/1]
190263/446/1.f:LHJMMB_09605 -            445 GH13_40.hmm          -            359   2.1e-29  107.1   0.0   1   1   8.7e-20     5e-17   66.4   0.0     2    86    48   138    47   158 0.86 [190263/446/1]
190263/556/1.f:EMIPPF_02180 -            445 GH13_40.hmm          -            359   3.1e-29  106.5   0.0   1   1   1.2e-19   6.9e-17   65.9   0.0     2    86    48   138    47   148 0.87 [190263/556/1]
190263/502/1.f:NONHGB_11410 -            616 GH13_40.hmm          -            359   4.9e-28  102.6   9.8   1   1   8.1e-28   4.7e-25   92.8   7.0     1   180   163   334   163   342 0.84 [190263/502/1]
190263/369/1.f:JCDIFE_19125 -            616 GH13_40.hmm          -            359   9.3e-28  101.6   9.3   1   1   2.4e-27   1.4e-24   91.2   6.4     1   180   163   334   163   339 0.83 [190263/369/1]
190263/405/1.f:EHKDKA_13290 -            616 GH13_40.hmm          -            359   1.3e-27  101.2   9.6   1   1   1.4e-27     8e-25   92.0   6.6     1   180   163   334   163   337 0.84 [190263/405/1]
190263/472/1.f:NMGHJI_18160 -            584 GH13_40.hmm          -            359   1.3e-27  101.2   1.4   1   1   4.6e-25   2.7e-22   83.7   0.4     1   185   180   346   180   351 0.91 [190263/472/1]
190263/461/1.f:DHPHOK_10950 -            616 GH13_40.hmm          -            359   2.3e-27  100.3   8.1   1   1     1e-26     6e-24   89.1   6.8     1   182   163   336   163   374 0.76 [190263/461/1]
190263/595/1.f:HGDLEC_06160 -            640 GH13_40.hmm          -            359   2.6e-27  100.2   2.1   1   1   4.4e-27   2.5e-24   90.4   0.5     1   180   162   359   162   368 0.76 [190263/595/1]
190263/417/1.f:MHBJAE_19300 -            616 GH13_40.hmm          -            359   2.9e-27  100.0  10.2   1   1   7.5e-28   4.3e-25   92.9   6.1     1   180   163   334   163   337 0.86 [190263/417/1]
190263/522/1.f:NPJBCH_12425 -            639 GH13_40.hmm          -            359   4.4e-27   99.4   5.3   1   1   2.6e-28   1.5e-25   94.4   2.4     1   183   162   361   162   398 0.77 [190263/522/1]
190263/580/1.f:JCPJNN_26940 -            585 GH13_40.hmm          -            359   4.5e-27   99.4   0.9   1   1   1.3e-22   7.4e-20   75.7   0.0     1   101   179   279   179   289 0.94 [190263/580/1]
190263/405/1.f:EHKDKA_03425 -            619 GH13_40.hmm          -            359   4.6e-27   99.4   2.5   1   1   7.9e-26   4.5e-23   86.2   2.5     1   187   163   338   163   372 0.84 [190263/405/1]
190263/460/1.f:IHFGKI_10900 -            641 GH13_40.hmm          -            359     6e-27   99.0   3.2   1   1   3.2e-28   1.8e-25   94.1   1.0     1   182   162   362   162   393 0.81 [190263/460/1]
190263/514/1.f:MMHOAN_10920 -            617 GH13_40.hmm          -            359   6.2e-27   98.9   4.5   1   1   2.9e-25   1.7e-22   84.4   1.3     1   182   188   361   188   366 0.89 [190263/514/1]
190263/488/1.f:DNPFAC_20990 -            616 GH13_40.hmm          -            359   1.2e-26   98.0  11.4   1   1   1.3e-27   7.5e-25   92.1   7.5     1   180   163   334   163   338 0.87 [190263/488/1]
190263/423/1.f:PDNKFB_06345 -            588 GH13_40.hmm          -            359   1.9e-26   97.3   0.5   1   1   7.3e-23   4.2e-20   76.5   0.0     1   104   183   286   183   295 0.92 [190263/423/1]
190263/420/1.f:GMHOLO_01245 -            605 GH13_40.hmm          -            359   2.9e-26   96.7   0.1   1   1   1.3e-28   7.3e-26   95.4   0.0     1   187    86   272    86   284 0.89 [190263/420/1]
190263/514/1.f:MMHOAN_12715 -            584 GH13_40.hmm          -            359   3.5e-26   96.5   3.2   1   1   2.6e-21   1.5e-18   71.4   0.1     1   103   179   281   179   294 0.91 [190263/514/1]
190263/399/1.f:CDLIDF_07515 -            617 GH13_40.hmm          -            359   3.9e-26   96.3  10.2   1   1   9.6e-26   5.5e-23   86.0   8.1     1   180   165   333   165   374 0.84 [190263/399/1]
190263/527/1.f:HGADJN_01360 -            605 GH13_40.hmm          -            359   4.6e-26   96.1   0.1   1   1     2e-28   1.2e-25   94.8   0.0     1   187    86   272    86   284 0.89 [190263/527/1]
190263/456/1.f:LKAJBD_09060 -            616 GH13_40.hmm          -            359   6.5e-26   95.6   8.9   1   1     3e-26   1.7e-23   87.6   8.1     1   183   163   337   163   375 0.76 [190263/456/1]
190263/541/1.f:IDEEIE_03905 -            587 GH13_40.hmm          -            359   8.8e-26   95.2   4.3   1   1   1.8e-25     1e-22   85.1   2.3     1   185   179   345   179   349 0.90 [190263/541/1]
190263/391/1.f:NONBJF_08175 -            616 GH13_40.hmm          -            359   1.2e-25   94.7   7.8   1   1   5.5e-26   3.1e-23   86.7   6.7     1   246   164   400   164   409 0.79 [190263/391/1]
190263/534/1.f:OHCFJE_04790 -            616 GH13_40.hmm          -            359   1.2e-25   94.7   7.8   1   1   5.5e-26   3.1e-23   86.7   6.7     1   246   164   400   164   409 0.79 [190263/534/1]
190263/545/1.f:NCJBIN_08290 -            616 GH13_40.hmm          -            359   1.2e-25   94.7   7.8   1   1   5.5e-26   3.1e-23   86.7   6.7     1   246   164   400   164   409 0.79 [190263/545/1]
190263/388/1.f:FDDJJK_07165 -            616 GH13_40.hmm          -            359   1.2e-25   94.7   7.8   1   1   5.5e-26   3.1e-23   86.7   6.7     1   246   164   400   164   409 0.79 [190263/388/1]
190263/520/1.f:GGDGDE_06845 -           1856 GH13_40.hmm          -            359   1.3e-25   94.6   5.0   1   1     5e-21   2.9e-18   70.4   0.6     1    85   904   987   904   992 0.96 [190263/520/1]
190263/547/1.f:KJCAKO_00600 -            555 GH13_40.hmm          -            359   2.4e-25   93.7   5.5   1   1   5.5e-23   3.2e-20   76.9   0.8     2    93   153   243   152   261 0.89 [190263/547/1]
190263/461/1.f:DHPHOK_10120 -            441 GH13_40.hmm          -            359   3.4e-25   93.2   3.7   1   1   1.2e-20   7.1e-18   69.1   0.4     6    89    56   142    52   148 0.90 [190263/461/1]
190263/466/1.f:PGJOII_14705 -            616 GH13_40.hmm          -            359   6.3e-25   92.3  10.0   1   1   1.1e-25   6.4e-23   85.7   8.9     1   218   163   373   163   381 0.75 [190263/466/1]
190263/595/1.f:HGDLEC_06210 -            450 GH13_40.hmm          -            359   8.8e-25   91.9   1.2   1   1   7.8e-20   4.5e-17   66.5   0.0     3    86    49   135    47   147 0.90 [190263/595/1]
190263/368/1.f:HPMDBE_05465 -            106 GH13_40.hmm          -            359   8.9e-25   91.8   0.1   1   1     2e-27   1.2e-24   91.5   0.1     1    62    43   104    43   106 0.97 [190263/368/1]
190263/447/1.f:OLODHC_11555 -            584 GH13_40.hmm          -            359   9.3e-25   91.8   4.4   1   1   8.5e-24   4.9e-21   79.5   0.9     1   185   180   346   180   353 0.89 [190263/447/1]
190263/502/1.f:NONHGB_22080 -            651 GH13_40.hmm          -            359   1.2e-24   91.4   3.9   1   1   5.7e-25   3.3e-22   83.4   3.0     1   179   200   367   200   375 0.73 [190263/502/1]
190263/405/1.f:EHKDKA_23990 -            628 GH13_40.hmm          -            359   1.4e-24   91.2   5.5   1   1   2.1e-25   1.2e-22   84.8   4.6     1   180   177   345   177   354 0.84 [190263/405/1]
190263/363/1.f:CIHHOC_04795 -            585 GH13_40.hmm          -            359   3.4e-24   89.9   1.0   1   1   3.9e-23   2.2e-20   77.4   0.3     1   185   179   345   179   351 0.91 [190263/363/1]
190263/369/1.f:JCDIFE_20205 -            441 GH13_40.hmm          -            359   3.6e-24   89.9   3.8   1   1   3.4e-20   1.9e-17   67.7   0.5     6    89    56   142    52   148 0.90 [190263/369/1]
190263/382/1.f:JACGKO_09355 -           1151 GH13_40.hmm          -            359   6.7e-24   89.0   4.0   1   1   6.8e-23   3.9e-20   76.6   0.4     1   107   192   305   192   310 0.88 [190263/382/1]
190263/405/1.f:EHKDKA_03925 -            447 GH13_40.hmm          -            359   6.9e-24   88.9   0.4   1   1   4.1e-20   2.4e-17   67.4   0.0     3    88    58   146    56   155 0.91 [190263/405/1]
190263/580/1.f:JCPJNN_00815 -            582 GH13_40.hmm          -            359   8.5e-24   88.6   0.9   1   1   2.5e-22   1.5e-19   74.7   0.1     1   100   181   280   181   294 0.93 [190263/580/1]
190263/576/1.f:FNMBCG_14575 -            609 GH13_40.hmm          -            359   1.3e-23   88.0   0.0   1   1   4.8e-26   2.8e-23   86.9   0.0     1   187    81   267    81   280 0.87 [190263/576/1]
190263/425/1.f:HPANHD_10080 -            587 GH13_40.hmm          -            359     2e-23   87.4   7.7   1   1     8e-24   4.6e-21   79.6   1.8     1   184   180   349   180   382 0.85 [190263/425/1]
190263/502/1.f:NONHGB_03625 -            447 GH13_40.hmm          -            359   2.9e-23   86.9   0.5   1   1   1.6e-19   9.4e-17   65.5   0.0     3    88    58   146    56   155 0.91 [190263/502/1]
190263/421/1.f:PBKEAC_13760 -            423 GH13_40.hmm          -            359   4.1e-23   86.4   0.1   1   1   1.1e-19     6e-17   66.1   0.0     1    90    22   117    22   124 0.87 [190263/421/1]
190263/401/1.f:DMFJNH_07625 -            617 GH13_40.hmm          -            359     5e-23   86.1   6.9   1   1   9.1e-23   5.2e-20   76.2   5.6     1   243   165   398   165   411 0.72 [190263/401/1]
190263/504/1.f:DOAHDM_08130 -            617 GH13_40.hmm          -            359     5e-23   86.1   6.9   1   1   9.1e-23   5.2e-20   76.2   5.6     1   243   165   398   165   411 0.72 [190263/504/1]
190263/437/1.f:LBKKEJ_03795 -            617 GH13_40.hmm          -            359   6.7e-23   85.7   8.0   1   1   6.4e-23   3.6e-20   76.7   5.6     1   179   165   332   165   338 0.83 [190263/437/1]
190263/413/1.f:NMLDCG_06385 -            622 GH13_40.hmm          -            359     9e-23   85.2   0.3   1   1   2.3e-21   1.3e-18   71.6   0.1     1   100   184   290   184   303 0.83 [190263/413/1]
190263/383/1.f:KCEMEB_04820 -            437 GH13_40.hmm          -            359     2e-22   84.1   2.1   1   1   1.4e-19   7.8e-17   65.7   0.4     7   102    33   127    27   149 0.86 [190263/383/1]
190263/502/1.f:NONHGB_03620 -            441 GH13_40.hmm          -            359   2.2e-22   83.9   2.4   1   1     1e-17   5.8e-15   59.6   0.1     4    86    55   140    53   152 0.90 [190263/502/1]
190263/562/1.f:KJGNCK_02025 -            684 GH13_40.hmm          -            359   2.4e-22   83.9   7.7   1   1   2.9e-22   1.7e-19   74.5   5.4     1   180   232   400   232   440 0.82 [190263/562/1]
190263/552/1.f:EMALNL_07985 -            684 GH13_40.hmm          -            359   2.4e-22   83.9   7.7   1   1   2.9e-22   1.7e-19   74.5   5.4     1   180   232   400   232   440 0.82 [190263/552/1]
190263/390/1.f:OLPOLE_18085 -            605 GH13_40.hmm          -            359   2.5e-22   83.8   0.0   1   1   3.4e-19     2e-16   64.4   0.0     1   102   183   291   183   299 0.83 [190263/390/1]
190263/405/1.f:EHKDKA_03920 -            441 GH13_40.hmm          -            359   2.6e-22   83.7   2.4   1   1   1.1e-17   6.1e-15   59.5   0.1     4    86    55   140    53   152 0.90 [190263/405/1]
190263/375/1.f:CNGHJF_00695 -            444 GH13_40.hmm          -            359   2.6e-22   83.7   0.0   1   1   1.2e-17   6.7e-15   59.4   0.0     9    99    40   129    35   140 0.93 [190263/375/1]
190263/573/1.f:LIDFCI_15590 -            617 GH13_40.hmm          -            359   3.3e-22   83.4   9.2   1   1   4.7e-22   2.7e-19   73.8   7.4     1   180   165   333   165   377 0.81 [190263/573/1]
190263/461/1.f:DHPHOK_18795 -            445 GH13_40.hmm          -            359   3.4e-22   83.4   2.1   1   1   2.1e-18   1.2e-15   61.8   0.1     5    86    60   144    57   154 0.90 [190263/461/1]
190263/421/1.f:PBKEAC_05065 -            625 GH13_40.hmm          -            359   3.8e-22   83.2   3.7   1   1     1e-23   5.9e-21   79.3   2.4     1   186   170   344   170   378 0.85 [190263/421/1]
190263/446/1.f:LHJMMB_09600 -            625 GH13_40.hmm          -            359   3.8e-22   83.2   3.7   1   1     1e-23   5.9e-21   79.3   2.4     1   186   170   344   170   378 0.85 [190263/446/1]
190263/556/1.f:EMIPPF_02185 -            625 GH13_40.hmm          -            359   3.9e-22   83.2   3.5   1   1     1e-23   5.9e-21   79.3   2.4     1   186   170   344   170   378 0.85 [190263/556/1]
190263/475/1.f:MCKEEP_01645 -            617 GH13_40.hmm          -            359   5.3e-22   82.7   9.1   1   1   4.1e-22   2.3e-19   74.0   7.5     1   181   165   334   165   400 0.80 [190263/475/1]
190263/568/1.f:ABMLLK_04030 -            626 GH13_40.hmm          -            359   7.7e-22   82.2   5.6   1   1   3.9e-20   2.2e-17   67.5   0.4     1   104   198   308   198   326 0.86 [190263/568/1]
190263/366/1.f:DBJPFP_13280 -            423 GH13_40.hmm          -            359   7.9e-22   82.1   0.1   1   1   2.4e-19   1.4e-16   64.9   0.0     1    90    22   117    22   124 0.86 [190263/366/1]
190263/523/1.f:MDNHKG_06170 -            426 GH13_40.hmm          -            359   1.7e-21   81.1   0.1   1   1   8.8e-19     5e-16   63.1   0.0     1    87    24   116    24   138 0.83 [190263/523/1]
190263/425/1.f:HPANHD_08465 -            599 GH13_40.hmm          -            359   2.2e-21   80.7   1.9   1   1   6.5e-21   3.7e-18   70.1   0.2     1    86   186   270   186   303 0.90 [190263/425/1]
190263/446/1.f:LHJMMB_14315 -            427 GH13_40.hmm          -            359   2.7e-21   80.4   0.2   1   1   3.5e-17     2e-14   57.8   0.0     1    90    26   121    26   128 0.86 [190263/446/1]
190263/562/1.f:KJGNCK_01560 -            454 GH13_40.hmm          -            359   2.9e-21   80.3   2.5   1   1   9.7e-17   5.5e-14   56.3   0.0     3    84    60   147    58   153 0.90 [190263/562/1]
190263/595/1.f:HGDLEC_07220 -           1077 GH13_40.hmm          -            359   3.2e-21   80.2   9.5   1   1   2.5e-22   1.4e-19   74.7   8.3     1   185    76   285    76   307 0.82 [190263/595/1]
190263/409/1.f:AJJCMD_01560 -            444 GH13_40.hmm          -            359   5.4e-21   79.4   1.2   1   1   1.5e-17   8.3e-15   59.0   0.0    10    99    41   129    34   139 0.91 [190263/409/1]
190263/596/1.f:GDHELL_04035 -            427 GH13_40.hmm          -            359   6.7e-21   79.1   4.3   1   1   7.7e-17   4.4e-14   56.7   0.1     1    80    26   111    26   137 0.82 [190263/596/1]
190263/368/1.f:HPMDBE_16250 -            612 GH13_40.hmm          -            359   9.2e-21   78.6   2.3   1   1   9.5e-21   5.4e-18   69.5   2.4     1   129   163   288   163   331 0.91 [190263/368/1]
190263/379/1.f:LOJHAC_16715 -            612 GH13_40.hmm          -            359   9.2e-21   78.6   2.3   1   1   9.5e-21   5.4e-18   69.5   2.4     1   129   163   288   163   331 0.91 [190263/379/1]
190263/516/1.f:MGNFBC_14160 -            612 GH13_40.hmm          -            359   9.2e-21   78.6   2.3   1   1   9.5e-21   5.4e-18   69.5   2.4     1   129   163   288   163   331 0.91 [190263/516/1]
190263/556/1.f:EMIPPF_12930 -            425 GH13_40.hmm          -            359   1.1e-20   78.4   0.7   1   1   8.6e-17   4.9e-14   56.5   0.0     1    86    24   115    24   125 0.87 [190263/556/1]
190263/477/1.f:PCLDCI_13415 -            621 GH13_40.hmm          -            359   1.9e-20   77.6   0.1   1   1   1.3e-20   7.2e-18   69.1   0.1     1   180   184   344   184   364 0.80 [190263/477/1]
190263/576/1.f:FNMBCG_05375 -            618 GH13_40.hmm          -            359   3.7e-20   76.6   0.1   1   1   3.6e-20     2e-17   67.6   0.0     1   180   183   344   183   354 0.85 [190263/576/1]
190263/396/1.f:KAAOMA_12335 -            628 GH13_40.hmm          -            359   3.8e-20   76.6   3.6   1   1   4.4e-18   2.5e-15   60.8   0.3     1   101   182   289   182   307 0.87 [190263/396/1]
190263/583/1.f:BCCKNC_06565 -            624 GH13_40.hmm          -            359   3.8e-20   76.6   1.1   1   1     7e-20     4e-17   66.7   0.4     1   104   163   263   163   340 0.79 [190263/583/1]
190263/547/1.f:KJCAKO_04325 -            433 GH13_40.hmm          -            359   4.5e-20   76.4   4.0   1   1   6.7e-19   3.8e-16   63.4   0.3    10   100    38   127    31   140 0.91 [190263/547/1]
190263/400/1.f:EIBLKL_06495 -            439 GH13_40.hmm          -            359   5.5e-20   76.1   0.7   1   1   1.4e-20   8.1e-18   68.9   0.1     3   105    34   133    33   144 0.92 [190263/400/1]
190263/452/1.f:PEIHBN_02820 -            435 GH13_40.hmm          -            359   5.7e-20   76.0   5.5   1   1   8.8e-20     5e-17   66.3   1.6     4   100    32   127    30   139 0.92 [190263/452/1]
190263/567/1.f:NOEGFN_16430 -            620 GH13_40.hmm          -            359   5.9e-20   76.0   0.3   1   1   2.6e-20   1.5e-17   68.1   0.3     1   179   186   345   186   365 0.75 [190263/567/1]
190263/549/1.f:CNBDFB_03745 -            437 GH13_40.hmm          -            359   6.6e-20   75.8   2.7   1   1   3.6e-20   2.1e-17   67.6   0.9     4   101    32   128    30   139 0.92 [190263/549/1]
190263/588/1.f:LGPOLK_03735 -           1132 GH13_40.hmm          -            359   7.4e-20   75.7   0.7   1   1   8.4e-17   4.8e-14   56.5   0.0     1   103   188   297   188   306 0.85 [190263/588/1]
190263/400/1.f:EIBLKL_01635 -            626 GH13_40.hmm          -            359   9.7e-20   75.3   2.1   1   1   3.9e-19   2.2e-16   64.2   2.0     1   180   182   343   182   361 0.81 [190263/400/1]
190263/382/1.f:JACGKO_00555 -           1160 GH13_40.hmm          -            359   1.1e-19   75.0   3.5   1   1   2.7e-20   1.5e-17   68.0   0.9     1    93   671   762   671   824 0.89 [190263/382/1]
190263/380/1.f:GDCFAC_00690 -            620 GH13_40.hmm          -            359   1.3e-19   74.9   0.1   1   1   1.3e-18   7.2e-16   62.5   0.0     1   102   175   283   175   297 0.85 [190263/380/1]
190263/423/1.f:PDNKFB_06835 -           1368 GH13_40.hmm          -            359   1.4e-19   74.8   2.7   1   1   1.9e-18   1.1e-15   61.9   0.1     1    81   841   934   841   948 0.90 [190263/423/1]
190263/458/1.f:AMPCAI_06050 -            434 GH13_40.hmm          -            359   1.4e-19   74.8   0.2   1   1   8.7e-18     5e-15   59.8   0.0     6   101    34   128    30   150 0.91 [190263/458/1]
190263/384/1.f:CDKGIA_01545 -            446 GH13_40.hmm          -            359   2.3e-19   74.0   5.3   1   1   8.6e-20   4.9e-17   66.4   2.6    10   183    41   193    35   230 0.86 [190263/384/1]
190263/537/1.f:AHPNMI_04290 -            436 GH13_40.hmm          -            359   2.3e-19   74.0   2.6   1   1   1.1e-18   6.3e-16   62.7   0.5    11   101    39   128    31   150 0.91 [190263/537/1]
190263/532/1.f:BGDBBA_08525 -            550 GH13_40.hmm          -            359   2.5e-19   73.9   5.8   1   1   2.1e-18   1.2e-15   61.8   0.7    11   106    40   138    33   151 0.86 [190263/532/1]
190263/478/1.f:BOCJFA_08205 -            581 GH13_40.hmm          -            359   2.8e-19   73.7   1.6   1   1   1.3e-17   7.3e-15   59.2   0.0     7   101    37   130    32   151 0.89 [190263/478/1]
190263/494/1.f:LHPBBO_03380 -            727 GH13_40.hmm          -            359   3.1e-19   73.6   0.0   1   1   3.2e-19   1.8e-16   64.5   0.0     1    88   238   324   238   357 0.86 [190263/494/1]
190263/596/1.f:GDHELL_06085 -            629 GH13_40.hmm          -            359   3.6e-19   73.4   7.9   1   1   1.7e-18   9.6e-16   62.1   5.0     1   102   191   288   191   356 0.80 [190263/596/1]
190263/439/1.f:KGLJGB_08645 -            433 GH13_40.hmm          -            359   3.7e-19   73.4   3.8   1   1   1.3e-17   7.4e-15   59.2   0.1     5    99    33   126    30   139 0.90 [190263/439/1]
190263/447/1.f:OLODHC_03420 -            676 GH13_40.hmm          -            359   4.1e-19   73.2   1.0   1   1   3.9e-18   2.2e-15   60.9   0.1     9   101    37   128    30   139 0.91 [190263/447/1]
190263/513/1.f:MKNBNH_11095 -            598 GH13_40.hmm          -            359   4.1e-19   73.2   4.4   1   1   3.2e-18   1.8e-15   61.2   0.3     7   106    37   139    32   152 0.85 [190263/513/1]
190263/578/1.f:HIHCLH_08785 -            436 GH13_40.hmm          -            359   4.6e-19   73.0   4.0   1   1   2.2e-18   1.3e-15   61.7   0.2     7   100    35   127    25   138 0.89 [190263/578/1]
190263/370/1.f:MFKGBO_01025 -            448 GH13_40.hmm          -            359   4.7e-19   73.0   2.0   1   1   5.5e-17   3.1e-14   57.1   0.1    10   103    41   133    35   155 0.86 [190263/370/1]
190263/510/1.f:DELAEA_05540 -            616 GH13_40.hmm          -            359   5.1e-19   72.9   4.5   1   1   2.3e-18   1.3e-15   61.7   0.6     1    89   184   271   184   300 0.84 [190263/510/1]
190263/531/1.f:KJIPPC_09870 -            435 GH13_40.hmm          -            359   5.3e-19   72.8   5.9   1   1   5.1e-19   2.9e-16   63.8   0.7    11   100    39   127    31   139 0.92 [190263/531/1]
190263/457/1.f:IIKDLL_06125 -            442 GH13_40.hmm          -            359   5.6e-19   72.8   4.9   1   1   8.4e-20   4.8e-17   66.4   0.6     3   104    37   137    35   157 0.86 [190263/457/1]
190263/472/1.f:NMGHJI_09485 -            582 GH13_40.hmm          -            359   6.4e-19   72.6   2.0   1   1     7e-17     4e-14   56.8   0.0     7   101    37   130    32   152 0.88 [190263/472/1]
190263/496/1.f:JJBAFO_05545 -            425 GH13_40.hmm          -            359   8.3e-19   72.2   0.1   1   1   5.9e-16   3.4e-13   53.8   0.0     2    85    27   116    26   121 0.89 [190263/496/1]
190263/423/1.f:PDNKFB_07145 -            434 GH13_40.hmm          -            359   8.5e-19   72.2   2.8   1   1   1.2e-17   6.9e-15   59.3   0.1     9    99    37   126    31   139 0.90 [190263/423/1]
190263/433/1.f:ADFNDI_04915 -            563 GH13_40.hmm          -            359   1.3e-18   71.6   4.4   1   1   1.4e-17     8e-15   59.1   0.3     7   106    37   139    32   153 0.85 [190263/433/1]
190263/507/1.f:KPMKPI_14695 -            453 GH13_40.hmm          -            359   1.3e-18   71.5   4.3   1   1   4.9e-17   2.8e-14   57.3   0.0    10   100    40   129    34   154 0.89 [190263/507/1]
190263/475/1.f:MCKEEP_01675 -            793 GH13_40.hmm          -            359   1.5e-18   71.3   2.0   1   1   5.3e-18   3.1e-15   60.5   0.2     1   104   350   457   350   463 0.89 [190263/475/1]
190263/436/1.f:KEEIED_02150 -           1120 GH13_40.hmm          -            359   1.6e-18   71.3   0.0   1   1   7.8e-18   4.5e-15   59.9   0.0     1    86   197   281   197   312 0.86 [190263/436/1]
190263/546/1.f:GEHMID_08575 -            456 GH13_40.hmm          -            359   1.8e-18   71.1   2.6   1   1   3.2e-17   1.8e-14   57.9   1.1     9   180    40   190    35   220 0.76 [190263/546/1]
190263/443/1.f:LNLACP_02900 -            616 GH13_40.hmm          -            359   2.4e-18   70.7   0.0   1   1   8.9e-18   5.1e-15   59.7   0.0     1    99   183   288   183   299 0.83 [190263/443/1]
190263/496/1.f:JJBAFO_04445 -           1096 GH13_40.hmm          -            359   2.6e-18   70.6   0.1   1   1   7.9e-16   4.5e-13   53.3   0.0     1   105   195   305   195   313 0.88 [190263/496/1]
190263/573/1.f:LIDFCI_15620 -            783 GH13_40.hmm          -            359   2.6e-18   70.6   2.0   1   1   5.6e-18   3.2e-15   60.4   0.2     1   103   340   446   340   451 0.89 [190263/573/1]
190263/434/1.f:NCAOKI_09055 -           1104 GH13_40.hmm          -            359   2.7e-18   70.5   0.0   1   1   1.6e-16   9.1e-14   55.6   0.0     1   104   195   305   195   311 0.89 [190263/434/1]
190263/443/1.f:LNLACP_13505 -            440 GH13_40.hmm          -            359   3.3e-18   70.2   0.8   1   1   6.5e-18   3.7e-15   60.2   0.9     7   180    39   190    35   196 0.85 [190263/443/1]
190263/412/1.f:OOIBGL_10985 -            436 GH13_40.hmm          -            359   4.2e-18   69.9   2.9   1   1   2.2e-18   1.2e-15   61.8   0.2     6   100    34   127    30   140 0.91 [190263/412/1]
190263/578/1.f:HIHCLH_02510 -            433 GH13_40.hmm          -            359   4.3e-18   69.9   9.1   1   1     3e-17   1.7e-14   58.0   0.1     1    80    26   117    26   138 0.78 [190263/578/1]
190263/520/1.f:GGDGDE_16030 -            436 GH13_40.hmm          -            359   5.2e-18   69.6   3.8   1   1   5.3e-18     3e-15   60.5   0.4     9   100    37   127    31   140 0.91 [190263/520/1]
190263/386/1.f:DBGIOG_09510 -            457 GH13_40.hmm          -            359   5.2e-18   69.6   1.1   1   1     8e-18   4.6e-15   59.9   0.5    10   168    41   177    34   210 0.74 [190263/386/1]
190263/383/1.f:KCEMEB_11095 -            641 GH13_40.hmm          -            359   5.7e-18   69.5   1.3   1   1   2.8e-18   1.6e-15   61.4   0.3     1   102   187   295   187   313 0.87 [190263/383/1]
190263/495/1.f:ANKNCD_19165 -            436 GH13_40.hmm          -            359   6.3e-18   69.3   3.3   1   1     1e-17   5.7e-15   59.6   0.3     9   100    37   127    31   140 0.90 [190263/495/1]
190263/557/1.f:DOLMEB_10490 -            442 GH13_40.hmm          -            359   8.6e-18   68.9   1.7   1   1   3.5e-17     2e-14   57.8   0.2    10   100    38   127    31   139 0.92 [190263/557/1]
190263/584/1.f:DDCNLE_10135 -            626 GH13_40.hmm          -            359   9.1e-18   68.8   0.0   1   1   3.3e-18   1.9e-15   61.2   0.0     1   101   187   294   187   304 0.87 [190263/584/1]
190263/576/1.f:FNMBCG_04310 -            452 GH13_40.hmm          -            359     1e-17   68.6   2.3   1   1   5.3e-16   3.1e-13   53.9   0.0    14   106    45   140    39   151 0.88 [190263/576/1]
190263/580/1.f:JCPJNN_23320 -            440 GH13_40.hmm          -            359   1.1e-17   68.5   0.3   1   1   3.5e-16     2e-13   54.5   0.0     4   100    36   131    32   143 0.89 [190263/580/1]
190263/429/1.f:OMPHBF_00070 -            645 GH13_40.hmm          -            359   1.9e-17   67.7   0.8   1   1   7.5e-17   4.3e-14   56.7   0.0     1   106   183   297   183   300 0.84 [190263/429/1]
190263/390/1.f:OLPOLE_07045 -            435 GH13_40.hmm          -            359   1.9e-17   67.7   0.0   1   1   2.1e-17   1.2e-14   58.5   0.0     9   100    37   127    31   132 0.91 [190263/390/1]
190263/468/1.f:DIOFOH_00365 -            527 GH13_40.hmm          -            359   2.4e-17   67.4   9.4   1   1   1.4e-17   7.8e-15   59.1   0.5    10   118    40   148    33   153 0.86 [190263/468/1]
190263/425/1.f:HPANHD_10050 -            607 GH13_40.hmm          -            359   2.4e-17   67.4   1.6   1   1   9.4e-18   5.4e-15   59.7   0.2     1   101   180   280   180   294 0.92 [190263/425/1]
190263/422/1.f:HJBCNJ_14695 -            443 GH13_40.hmm          -            359     3e-17   67.1   0.0   1   1     7e-20     4e-17   66.7   0.0     1   107   175   290   175   295 0.85 [190263/422/1]
190263/490/1.f:OIBLLI_01470 -            436 GH13_40.hmm          -            359   3.4e-17   66.9   4.8   1   1   5.2e-18     3e-15   60.5   0.3    10   100    38   127    31   139 0.92 [190263/490/1]
190263/502/1.f:NONHGB_22065 -            944 GH13_40.hmm          -            359   4.3e-17   66.6   0.7   1   1   1.2e-16   6.9e-14   56.0   0.1     7    97   399   490   394   507 0.84 [190263/502/1]
190263/541/1.f:IDEEIE_03490 -            435 GH13_40.hmm          -            359   4.4e-17   66.5   0.9   1   1   1.5e-17   8.4e-15   59.0   0.3     8   101    36   128    30   150 0.91 [190263/541/1]
190263/560/1.f:OAGBLH_03685 -            533 GH13_40.hmm          -            359   4.7e-17   66.4   2.7   1   1   1.7e-17   9.8e-15   58.8   0.4     7   110    37   137    32   153 0.82 [190263/560/1]
190263/512/1.f:JBCLGH_10695 -            448 GH13_40.hmm          -            359   5.2e-17   66.3   1.0   1   1     2e-16   1.1e-13   55.3   0.2    10   101    38   128    31   147 0.91 [190263/512/1]
190263/495/1.f:ANKNCD_08725 -           1674 GH13_40.hmm          -            359   1.2e-16   65.1   4.3   1   1   2.2e-16   1.2e-13   55.2   0.3     1    81   963  1056   963  1069 0.90 [190263/495/1]
190263/565/1.f:PAEINE_06670 -           1098 GH13_40.hmm          -            359   1.3e-16   64.9   0.0   1   1   6.1e-16   3.5e-13   53.7   0.0     1   106   194   307   194   311 0.83 [190263/565/1]
190263/405/1.f:EHKDKA_23960 -            941 GH13_40.hmm          -            359   1.6e-16   64.7   0.5   1   1   4.6e-16   2.6e-13   54.1   0.0     7    99   395   490   390   499 0.83 [190263/405/1]
190263/455/1.f:GDGJDA_12270 -            434 GH13_40.hmm          -            359   1.7e-16   64.6   4.1   1   1   6.5e-18   3.7e-15   60.2   1.2    11   100    39   127    33   143 0.93 [190263/455/1]
190263/562/1.f:KJGNCK_02055 -            758 GH13_40.hmm          -            359   2.1e-16   64.3   0.7   1   1   4.3e-16   2.4e-13   54.2   0.0     1    82   329   411   329   440 0.88 [190263/562/1]
190263/552/1.f:EMALNL_07955 -            758 GH13_40.hmm          -            359   2.1e-16   64.3   0.7   1   1   4.3e-16   2.4e-13   54.2   0.0     1    82   329   411   329   440 0.88 [190263/552/1]
190263/496/1.f:JJBAFO_01220 -            456 GH13_40.hmm          -            359   3.2e-16   63.7   0.0   1   1   7.5e-17   4.3e-14   56.7   0.0    10   100    43   132    40   153 0.90 [190263/496/1]
190263/488/1.f:DNPFAC_21035 -            952 GH13_40.hmm          -            359   1.4e-15   61.6   0.1   1   1   9.6e-16   5.5e-13   53.0   0.0     1   106   517   627   517   629 0.91 [190263/488/1]
190263/417/1.f:MHBJAE_19340 -            953 GH13_40.hmm          -            359   3.5e-15   60.3   0.1   1   1   7.9e-16   4.5e-13   53.3   0.0     1   106   518   628   518   630 0.91 [190263/417/1]
190263/596/1.f:GDHELL_06780 -            751 GH13_40.hmm          -            359   6.7e-15   59.3  11.1   1   1     5e-17   2.9e-14   57.3   5.2     1   185   177   393   177   399 0.84 [190263/596/1]
190263/363/1.f:CIHHOC_15755 -            564 GH13_40.hmm          -            359     2e-14   57.8   0.1   1   1   8.1e-17   4.6e-14   56.6   0.1    18   187    84   240    69   255 0.81 [190263/363/1]
190263/585/1.f:DLBDDB_01385 -            809 GH13_40.hmm          -            359   6.3e-14   56.1   7.4   1   1   1.3e-16   7.7e-14   55.9   0.0     1   100   372   475   372   484 0.87 [190263/585/1]
#
# Program:         hmmsearch
# Version:         3.3.2 (Nov 2020)
# Pipeline mode:   SEARCH
# Query file:      /kb/module/work/tmp/output.1725388484971/GH13_40/GH13_40.hmm
# Target file:     /kb/module/work/tmp/output.1725388484971/hCom2_RAST.fasta
# Option settings: /kb/module/hmmer/bin/hmmsearch --domtblout /kb/module/work/tmp/output.1725388484971/GH13_40/GH13_40-hCom2_RAST.hitout.txt --noali --notextw --domE 1e-15 /kb/module/work/tmp/output.1725388484971/GH13_40/GH13_40.hmm /kb/module/work/tmp/output.1725388484971/hCom2_RAST.fasta 
# Current dir:     /kb/module/work/tmp/output.1725388484971
# Date:            Tue Sep  3 18:49:41 2024
# [ok]
