#                                                                                   --- full sequence --- -------------- this domain -------------   hmm coord   ali coord   env coord
# target name               accession   tlen query name           accession   qlen   E-value  score  bias   #  of  c-Evalue  i-Evalue  score  bias  from    to  from    to  from    to  acc description of target
#       ------------------- ---------- ----- -------------------- ---------- ----- --------- ------ ----- --- --- --------- --------- ------ ----- ----- ----- ----- ----- ----- ----- ---- ---------------------
190263/557/1.f:DOLMEB_09075 -            560 GH13_17.hmm          -            350   2.2e-87  297.9   7.0   1   1   8.2e-90   4.7e-87  296.8   7.0     1   349    30   375    30   376 0.85 [190263/557/1]
190263/458/1.f:AMPCAI_01140 -            559 GH13_17.hmm          -            350   9.2e-87  295.8   7.5   1   1     3e-89   1.7e-86  295.0   7.5     1   350    29   377    29   377 0.86 [190263/458/1]
190263/478/1.f:BOCJFA_01370 -            559 GH13_17.hmm          -            350   5.1e-86  293.4   6.3   1   1   1.2e-88   7.1e-86  292.9   6.3     1   349    27   377    27   378 0.89 [190263/478/1]
190263/425/1.f:HPANHD_03210 -            554 GH13_17.hmm          -            350   1.3e-85  292.1   8.6   1   1   4.7e-88   2.7e-85  291.0   8.6     1   349    27   372    27   373 0.83 [190263/425/1]
190263/580/1.f:JCPJNN_24345 -            560 GH13_17.hmm          -            350   1.4e-85  292.0   0.6   1   1   3.7e-88   2.2e-85  291.4   0.6     1   349    28   375    28   376 0.87 [190263/580/1]
190263/433/1.f:ADFNDI_13085 -            556 GH13_17.hmm          -            350   1.5e-85  291.9  13.0   1   1   1.7e-87     1e-84  289.2  13.0     1   349    28   375    28   376 0.87 [190263/433/1]
190263/520/1.f:GGDGDE_05590 -            557 GH13_17.hmm          -            350   2.3e-85  291.3  12.2   1   1   7.2e-88   4.1e-85  290.4  12.2     1   349    28   376    28   377 0.85 [190263/520/1]
190263/474/1.f:AMDJJA_09650 -            608 GH13_17.hmm          -            350     4e-85  290.5   1.5   1   1     6e-87   3.5e-84  287.4   1.5     1   349    46   412    46   413 0.81 [190263/474/1]
190263/455/1.f:GDGJDA_15340 -            557 GH13_17.hmm          -            350   4.3e-85  290.4  12.6   1   1   8.3e-87   4.8e-84  286.9  12.6     1   349    28   375    28   376 0.87 [190263/455/1]
190263/429/1.f:OMPHBF_12730 -            589 GH13_17.hmm          -            350     5e-85  290.1   3.4   1   1   1.4e-87     8e-85  289.5   3.4     1   349    52   402    52   403 0.84 [190263/429/1]
190263/478/1.f:BOCJFA_07705 -            558 GH13_17.hmm          -            350   9.5e-85  289.2  12.4   1   1   1.4e-86   8.2e-84  286.2  12.4     1   349    28   375    28   376 0.87 [190263/478/1]
190263/452/1.f:PEIHBN_09925 -            552 GH13_17.hmm          -            350   1.3e-84  288.8   9.9   1   1   1.6e-86   9.5e-84  285.9   9.9     1   349    28   375    28   376 0.86 [190263/452/1]
190263/512/1.f:JBCLGH_07570 -            562 GH13_17.hmm          -            350   1.5e-84  288.6   8.6   1   1     1e-86     6e-84  286.6   8.6     1   349    30   375    30   376 0.82 [190263/512/1]
190263/472/1.f:NMGHJI_04910 -            559 GH13_17.hmm          -            350   4.6e-84  287.0  11.1   1   1   2.1e-86   1.2e-83  285.6  11.1     1   349    28   377    28   378 0.87 [190263/472/1]
190263/425/1.f:HPANHD_03290 -            554 GH13_17.hmm          -            350   7.5e-84  286.3  10.2   1   1   1.6e-86   9.2e-84  286.0   8.7     1   350    27   375    27   375 0.84 [190263/425/1]
190263/452/1.f:PEIHBN_10935 -            559 GH13_17.hmm          -            350   8.1e-84  286.2   9.2   1   1   4.7e-86   2.7e-83  284.4   9.2     1   349    29   374    29   375 0.83 [190263/452/1]
190263/474/1.f:AMDJJA_02480 -            604 GH13_17.hmm          -            350   9.7e-84  285.9   0.5   1   1   4.6e-79   2.7e-76  261.4   0.2     1   185    46   232    46   280 0.93 [190263/474/1]
190263/363/1.f:CIHHOC_11415 -            558 GH13_17.hmm          -            350   1.1e-83  285.7   3.9   1   1   2.7e-86   1.6e-83  285.2   3.9     1   349    27   377    27   378 0.89 [190263/363/1]
190263/549/1.f:CNBDFB_11805 -            558 GH13_17.hmm          -            350   1.7e-83  285.1   6.0   1   1   1.7e-85     1e-82  282.6   6.0     1   349    28   376    28   377 0.84 [190263/549/1]
190263/527/1.f:HGADJN_09155 -            602 GH13_17.hmm          -            350   2.4e-83  284.6   0.9   1   1   1.6e-85     9e-83  282.7   0.9     1   349    46   412    46   413 0.79 [190263/527/1]
190263/507/1.f:KPMKPI_12330 -            554 GH13_17.hmm          -            350   3.8e-83  284.0  10.7   1   1   1.2e-84   6.9e-82  279.8  10.7     1   349    28   375    28   376 0.82 [190263/507/1]
190263/382/1.f:JACGKO_03265 -            561 GH13_17.hmm          -            350   4.2e-83  283.8   6.4   1   1   2.1e-84   1.2e-81  279.0   6.4     1   349    31   381    31   382 0.79 [190263/382/1]
190263/375/1.f:CNGHJF_04595 -            557 GH13_17.hmm          -            350     5e-83  283.6   9.5   1   1   4.8e-85   2.8e-82  281.1   9.5     1   349    27   373    27   374 0.87 [190263/375/1]
190263/420/1.f:GMHOLO_08275 -            607 GH13_17.hmm          -            350   5.6e-83  283.4   0.1   1   1   1.7e-85   9.8e-83  282.6   0.1     1   349    46   413    46   414 0.80 [190263/420/1]
190263/541/1.f:IDEEIE_02835 -            559 GH13_17.hmm          -            350   2.1e-82  281.5  10.3   1   1   7.2e-85   4.1e-82  280.6  10.3     1   349    27   377    27   378 0.87 [190263/541/1]
190263/409/1.f:AJJCMD_00615 -            565 GH13_17.hmm          -            350   2.4e-82  281.3   5.5   1   1   1.4e-84   7.9e-82  279.6   5.5     1   349    28   373    28   374 0.89 [190263/409/1]
190263/382/1.f:JACGKO_00540 -            554 GH13_17.hmm          -            350   2.6e-82  281.2   0.1   1   1   1.8e-79     1e-76  262.8   0.1     1   227    29   246    29   258 0.94 [190263/382/1]
190263/520/1.f:GGDGDE_20000 -            560 GH13_17.hmm          -            350   3.2e-82  280.9   8.6   1   1     3e-84   1.7e-81  278.5   8.6     1   349    29   377    29   378 0.84 [190263/520/1]
190263/425/1.f:HPANHD_02620 -            541 GH13_17.hmm          -            350     8e-82  279.6   3.8   1   1   1.9e-74   1.1e-71  246.3   3.9     1   183    28   206    28   216 0.96 [190263/425/1]
190263/546/1.f:GEHMID_00295 -            565 GH13_17.hmm          -            350   1.1e-81  279.1   9.7   1   1   1.9e-83   1.1e-80  275.9   9.7     1   349    28   375    28   376 0.83 [190263/546/1]
190263/584/1.f:DDCNLE_03830 -            556 GH13_17.hmm          -            350   1.2e-81  279.0   5.1   1   1   8.2e-84   4.7e-81  277.1   5.1     1   349    28   375    28   376 0.86 [190263/584/1]
190263/406/1.f:DKNBGD_03735 -            567 GH13_17.hmm          -            350   1.5e-81  278.7   0.1   1   1   1.2e-83   7.2e-81  276.5   0.1     1   349    28   385    28   386 0.84 [190263/406/1]
190263/448/1.f:IBJDOL_08635 -            554 GH13_17.hmm          -            350   3.5e-81  277.5  14.4   1   1   6.1e-84   3.5e-81  277.5  14.4     1   349    28   371    28   372 0.88 [190263/448/1]
190263/384/1.f:CDKGIA_00625 -            570 GH13_17.hmm          -            350     5e-81  277.0   4.9   1   1   1.1e-82   6.3e-80  273.4   4.9     1   349    30   378    30   379 0.82 [190263/384/1]
190263/530/1.f:LBOGMJ_11355 -            566 GH13_17.hmm          -            350     7e-81  276.5   2.7   1   1   2.2e-83   1.3e-80  275.7   2.7     1   349    36   383    36   384 0.83 [190263/530/1]
190263/514/1.f:MMHOAN_12710 -            542 GH13_17.hmm          -            350   1.2e-80  275.8   6.6   1   1   3.1e-74   1.8e-71  245.6   5.9     1   185    32   212    32   239 0.93 [190263/514/1]
190263/527/1.f:HGADJN_09225 -            606 GH13_17.hmm          -            350     2e-80  275.0   4.7   1   1   4.9e-77   2.8e-74  254.8   3.1     1   184    46   231    46   258 0.94 [190263/527/1]
190263/363/1.f:CIHHOC_02445 -            551 GH13_17.hmm          -            350   3.2e-80  274.4  10.1   1   1   1.1e-81     6e-79  270.1  10.1     1   349    26   368    26   369 0.85 [190263/363/1]
190263/423/1.f:PDNKFB_07745 -            541 GH13_17.hmm          -            350     4e-80  274.0   4.7   1   1   1.6e-73   9.3e-71  243.2   3.3     1   184    32   211    32   225 0.96 [190263/423/1]
190263/455/1.f:GDGJDA_14820 -            543 GH13_17.hmm          -            350   1.2e-79  272.5   8.3   1   1   1.5e-72   8.6e-70  240.0   4.5     1   185    30   210    30   220 0.96 [190263/455/1]
190263/514/1.f:MMHOAN_03820 -            569 GH13_17.hmm          -            350   1.8e-79  271.8   6.6   1   1     1e-72   5.9e-70  240.6   5.8     1   191    28   211    28   223 0.94 [190263/514/1]
190263/580/1.f:JCPJNN_28235 -            543 GH13_17.hmm          -            350   2.5e-79  271.4   3.3   1   1   4.4e-73   2.5e-70  241.8   1.5     1   184    31   210    31   221 0.96 [190263/580/1]
190263/409/1.f:AJJCMD_13305 -            517 GH13_17.hmm          -            350   2.9e-79  271.2   0.0   1   1   7.4e-82   4.3e-79  270.6   0.0     3   348    29   358    27   360 0.90 [190263/409/1]
190263/586/1.f:KBDCAC_04650 -            560 GH13_17.hmm          -            350     5e-79  270.4   5.4   1   1   2.1e-71   1.2e-68  236.2   3.7     1   192    26   212    26   232 0.96 [190263/586/1]
190263/472/1.f:NMGHJI_16290 -            552 GH13_17.hmm          -            350   7.6e-79  269.8   5.1   1   1     2e-79   1.2e-76  262.6   5.1     1   349    30   365    30   366 0.82 [190263/472/1]
190263/447/1.f:OLODHC_03105 -            539 GH13_17.hmm          -            350   8.1e-79  269.7   5.7   1   1   5.7e-73   3.3e-70  241.4   4.2     1   183    28   206    28   215 0.96 [190263/447/1]
190263/409/1.f:AJJCMD_25500 -            555 GH13_17.hmm          -            350   9.4e-79  269.5   6.3   1   1   5.8e-80   3.3e-77  264.4   6.3     1   349    26   368    26   369 0.83 [190263/409/1]
190263/541/1.f:IDEEIE_03910 -            541 GH13_17.hmm          -            350   2.5e-78  268.1   6.5   1   1   5.8e-72   3.3e-69  238.1   4.4     1   185    30   210    30   220 0.96 [190263/541/1]
190263/375/1.f:CNGHJF_04955 -            539 GH13_17.hmm          -            350   2.9e-78  267.9   0.4   1   1   2.5e-72   1.4e-69  239.3   1.0     1   185    28   208    28   233 0.93 [190263/375/1]
190263/409/1.f:AJJCMD_08075 -            543 GH13_17.hmm          -            350   4.1e-78  267.4   2.9   1   1   1.9e-72   1.1e-69  239.7   1.8     1   185    34   214    34   247 0.95 [190263/409/1]
190263/375/1.f:CNGHJF_16955 -            552 GH13_17.hmm          -            350   1.3e-77  265.8   4.5   1   1   2.1e-78   1.2e-75  259.3   4.5     1   349    26   368    26   369 0.83 [190263/375/1]
190263/363/1.f:CIHHOC_04800 -            542 GH13_17.hmm          -            350   1.7e-77  265.4   8.7   1   1   2.1e-72   1.2e-69  239.5   4.9     1   185    31   211    31   224 0.95 [190263/363/1]
190263/447/1.f:OLODHC_03415 -            554 GH13_17.hmm          -            350     3e-77  264.6  14.1   1   1   3.1e-78   1.8e-75  258.7  14.1     1   349    28   370    28   371 0.83 [190263/447/1]
190263/390/1.f:OLPOLE_06095 -            631 GH13_17.hmm          -            350   6.9e-77  263.4   1.8   1   1   9.9e-72   5.7e-69  237.3   1.6     1   183   109   287   109   301 0.96 [190263/390/1]
190263/527/1.f:HGADJN_08895 -            586 GH13_17.hmm          -            350   7.8e-77  263.2   0.2   1   1   4.2e-76   2.4e-73  251.7   0.1     1   324    37   347    37   366 0.88 [190263/527/1]
190263/448/1.f:IBJDOL_10285 -            559 GH13_17.hmm          -            350   9.1e-77  263.0  14.7   1   1   6.4e-78   3.7e-75  257.7  14.7     1   349    26   368    26   369 0.83 [190263/448/1]
190263/420/1.f:GMHOLO_08475 -            583 GH13_17.hmm          -            350   3.3e-76  261.2   0.1   1   1     6e-76   3.5e-73  251.2   0.0     1   324    33   347    33   355 0.89 [190263/420/1]
190263/382/1.f:JACGKO_02195 -            543 GH13_17.hmm          -            350   3.6e-76  261.0   2.5   1   1     4e-76   2.3e-73  251.8   2.5     1   349    25   364    25   365 0.80 [190263/382/1]
190263/406/1.f:DKNBGD_12580 -            551 GH13_17.hmm          -            350   5.2e-76  260.5   1.2   1   1   5.5e-78   3.2e-75  257.9   1.2     1   349    26   377    26   378 0.84 [190263/406/1]
190263/565/1.f:PAEINE_04520 -            577 GH13_17.hmm          -            350   6.7e-76  260.1   0.0   1   1   3.5e-75     2e-72  248.7   0.0     1   330    34   351    34   357 0.87 [190263/565/1]
190263/474/1.f:AMDJJA_00490 -            604 GH13_17.hmm          -            350   8.2e-76  259.8   0.0   1   1     4e-75   2.3e-72  248.5   0.0     1   324    33   347    33   354 0.88 [190263/474/1]
190263/580/1.f:JCPJNN_29355 -            566 GH13_17.hmm          -            350   5.4e-75  257.2   0.2   1   1   6.1e-77   3.5e-74  254.5   0.2     1   349    28   375    28   376 0.83 [190263/580/1]
190263/384/1.f:CDKGIA_15920 -            590 GH13_17.hmm          -            350   5.4e-75  257.1   0.5   1   1   5.6e-72   3.2e-69  238.2   0.2     1   196    38   227    38   255 0.94 [190263/384/1]
190263/423/1.f:PDNKFB_07750 -            561 GH13_17.hmm          -            350   1.6e-74  255.6   5.5   1   1     1e-75   5.8e-73  250.5   2.6     1   349    28   374    28   375 0.80 [190263/423/1]
190263/586/1.f:KBDCAC_00925 -            570 GH13_17.hmm          -            350   1.8e-74  255.4   2.3   1   1     5e-75   2.9e-72  248.2   2.3     1   349    27   370    27   371 0.81 [190263/586/1]
190263/409/1.f:AJJCMD_20400 -            565 GH13_17.hmm          -            350   3.4e-74  254.5   0.2   1   1   1.3e-76   7.6e-74  253.4   0.2     1   349    28   374    28   375 0.84 [190263/409/1]
190263/425/1.f:HPANHD_10085 -            559 GH13_17.hmm          -            350   6.4e-74  253.6   4.6   1   1   4.5e-76   2.6e-73  251.6   4.6     1   348    28   381    28   383 0.83 [190263/425/1]
190263/384/1.f:CDKGIA_03450 -            548 GH13_17.hmm          -            350   7.1e-74  253.5   3.8   1   1   3.5e-74     2e-71  245.4   3.8     1   349    26   366    26   367 0.85 [190263/384/1]
190263/455/1.f:GDGJDA_05900 -            561 GH13_17.hmm          -            350   7.8e-74  253.3   2.8   1   1   1.3e-75   7.5e-73  250.1   1.3     1   349    28   374    28   375 0.83 [190263/455/1]
190263/383/1.f:KCEMEB_04450 -            525 GH13_17.hmm          -            350     1e-73  253.0   0.5   1   1   6.9e-71     4e-68  234.6   0.5     1   192    28   215    28   230 0.96 [190263/383/1]
190263/523/1.f:MDNHKG_08680 -            568 GH13_17.hmm          -            350   2.3e-73  251.8   2.7   1   1   1.3e-69   7.3e-67  230.4   1.5     1   190    38   224    38   246 0.93 [190263/523/1]
190263/532/1.f:BGDBBA_06200 -            558 GH13_17.hmm          -            350   5.7e-73  250.5   9.0   1   1   4.5e-75   2.6e-72  248.3   6.7     1   349    28   374    28   375 0.83 [190263/532/1]
190263/516/1.f:MGNFBC_04840 -            588 GH13_17.hmm          -            350   6.1e-73  250.4   6.1   1   1   8.7e-75     5e-72  247.4   6.1     1   349    43   390    43   391 0.81 [190263/516/1]
190263/433/1.f:ADFNDI_01880 -            557 GH13_17.hmm          -            350   8.3e-73  250.0   6.6   1   1   1.1e-74   6.5e-72  247.0   2.5     1   349    28   374    28   375 0.84 [190263/433/1]
190263/379/1.f:LOJHAC_03790 -            588 GH13_17.hmm          -            350   2.5e-72  248.4   5.7   1   1   3.6e-74   2.1e-71  245.4   5.7     1   349    43   390    43   391 0.81 [190263/379/1]
190263/531/1.f:KJIPPC_09425 -            557 GH13_17.hmm          -            350   3.1e-72  248.1   4.0   1   1   2.1e-73   1.2e-70  242.8   1.1     1   349    28   374    28   375 0.84 [190263/531/1]
190263/439/1.f:KGLJGB_07065 -            557 GH13_17.hmm          -            350   3.2e-72  248.0   8.9   1   1   4.5e-74   2.6e-71  245.1   3.7     1   349    28   374    28   375 0.84 [190263/439/1]
190263/495/1.f:ANKNCD_08970 -            565 GH13_17.hmm          -            350   1.7e-71  245.7   5.4   1   1   1.7e-72     1e-69  239.8   3.3     1   349    28   374    28   375 0.81 [190263/495/1]
190263/370/1.f:MFKGBO_21105 -            550 GH13_17.hmm          -            350   4.5e-71  244.3   4.4   1   1   3.9e-71   2.2e-68  235.4   4.4     1   349    26   366    26   367 0.81 [190263/370/1]
190263/546/1.f:GEHMID_11585 -            555 GH13_17.hmm          -            350   6.5e-71  243.7   1.0   1   1   2.1e-73   1.2e-70  242.8   0.1     1   349    28   374    28   375 0.88 [190263/546/1]
190263/526/1.f:GBBCGM_01410 -            561 GH13_17.hmm          -            350   1.7e-70  242.4   2.3   1   1   5.2e-67     3e-64  221.8   3.0     1   189    31   214    31   254 0.88 [190263/526/1]
190263/584/1.f:DDCNLE_03835 -            557 GH13_17.hmm          -            350   5.2e-70  240.8   0.0   1   1   5.8e-72   3.4e-69  238.1   0.0     1   349    28   377    28   378 0.85 [190263/584/1]
190263/409/1.f:AJJCMD_26280 -            550 GH13_17.hmm          -            350   5.2e-70  240.8   4.2   1   1     2e-66   1.2e-63  219.9   3.0     1   192    28   214    28   229 0.92 [190263/409/1]
190263/375/1.f:CNGHJF_04990 -            554 GH13_17.hmm          -            350   4.2e-68  234.5   0.9   1   1   2.5e-70   1.4e-67  232.8   0.9     1   349    28   374    28   375 0.85 [190263/375/1]
190263/472/1.f:NMGHJI_04900 -            554 GH13_17.hmm          -            350   4.9e-68  234.3   2.6   1   1   2.3e-67   1.3e-64  223.0   1.2     1   189    28   212    28   232 0.93 [190263/472/1]
190263/520/1.f:GGDGDE_10805 -            560 GH13_17.hmm          -            350   6.4e-68  233.9   5.1   1   1   8.3e-70   4.8e-67  231.0   5.1     1   349    28   374    28   375 0.81 [190263/520/1]
190263/513/1.f:MKNBNH_02055 -            565 GH13_17.hmm          -            350   1.3e-66  229.5   0.6   1   1   7.4e-66   4.3e-63  218.0   0.7     1   191    28   211    28   227 0.93 [190263/513/1]
190263/580/1.f:JCPJNN_03710 -            629 GH13_17.hmm          -            350   2.7e-66  228.5   4.7   1   1   2.7e-63   1.6e-60  209.6   3.7     1   190   112   303   112   325 0.92 [190263/580/1]
190263/540/1.f:BCGFLB_01175 -            585 GH13_17.hmm          -            350   2.9e-66  228.5   7.5   1   1   1.8e-62     1e-59  206.9   7.3     1   212    45   255    45   267 0.87 [190263/540/1]
190263/507/1.f:KPMKPI_03005 -            556 GH13_17.hmm          -            350   4.6e-66  227.8   1.0   1   1   8.7e-66     5e-63  217.8   1.4     1   191    28   215    28   234 0.92 [190263/507/1]
190263/478/1.f:BOCJFA_10845 -            558 GH13_17.hmm          -            350   5.7e-66  227.5   0.3   1   1   9.3e-65   5.3e-62  214.4   1.3     1   192    28   216    28   225 0.93 [190263/478/1]
190263/423/1.f:PDNKFB_11910 -            541 GH13_17.hmm          -            350   1.1e-64  223.2   9.2   1   1   1.9e-67   1.1e-64  223.2   9.2     1   349    28   368    28   369 0.80 [190263/423/1]
190263/513/1.f:MKNBNH_04310 -            604 GH13_17.hmm          -            350   1.8e-53  186.4   9.9   1   1   4.9e-49   2.8e-46  162.7   8.0     1   204   133   330   133   371 0.82 [190263/513/1]
190263/460/1.f:IHFGKI_10500 -            578 GH13_17.hmm          -            350   1.6e-52  183.2   1.9   1   1   9.3e-49   5.3e-46  161.8   2.1     1   190    53   266    53   293 0.81 [190263/460/1]
190263/513/1.f:MKNBNH_10810 -            530 GH13_17.hmm          -            350   3.6e-52  182.1   1.2   1   1   1.9e-52   1.1e-49  174.0   1.2     1   348    27   376    27   377 0.74 [190263/513/1]
190263/596/1.f:GDHELL_05465 -            511 GH13_17.hmm          -            350   1.3e-51  180.3   2.1   1   1   1.9e-45   1.1e-42  150.9   1.9     1   185    27   217    27   249 0.81 [190263/596/1]
190263/527/1.f:HGADJN_08845 -            535 GH13_17.hmm          -            350     6e-51  178.1   0.0   1   1   3.2e-44   1.8e-41  146.9   0.3     1   185    35   224    35   236 0.85 [190263/527/1]
190263/468/1.f:DIOFOH_01755 -            517 GH13_17.hmm          -            350   9.3e-51  177.4   1.5   1   1   8.5e-46   4.9e-43  152.0   3.6     1   190    27   221    27   250 0.77 [190263/468/1]
190263/443/1.f:LNLACP_11920 -            522 GH13_17.hmm          -            350   1.2e-49  173.7   0.0   1   1   1.9e-50   1.1e-47  167.3   0.0     1   348    27   368    27   370 0.78 [190263/443/1]
190263/423/1.f:PDNKFB_09310 -            564 GH13_17.hmm          -            350   3.4e-49  172.3   9.6   1   1   3.1e-45   1.8e-42  150.2   2.7     1   186    96   275    96   281 0.85 [190263/423/1]
190263/429/1.f:OMPHBF_06140 -            518 GH13_17.hmm          -            350   8.7e-49  171.0   0.0   1   1   5.5e-38   3.2e-35  126.4   0.0     1   104    27   131    27   147 0.95 [190263/429/1]
190263/456/1.f:LKAJBD_04210 -            560 GH13_17.hmm          -            350     1e-48  170.7   5.8   1   1     9e-47   5.2e-44  155.3   6.5     1   187    50   243    50   272 0.79 [190263/456/1]
190263/421/1.f:PBKEAC_02115 -            559 GH13_17.hmm          -            350   1.2e-48  170.5   1.0   1   1   1.7e-48   9.7e-46  160.9   0.6     1   186    50   242    50   264 0.86 [190263/421/1]
190263/466/1.f:PGJOII_04830 -            560 GH13_17.hmm          -            350   2.6e-48  169.4   6.2   1   1   1.5e-47   8.9e-45  157.8   6.2     1   348    50   390    50   392 0.66 [190263/466/1]
190263/466/1.f:PGJOII_04855 -            554 GH13_17.hmm          -            350     9e-48  167.6   7.0   1   1   1.5e-43   8.5e-41  144.7   7.8     1   184    47   236    47   246 0.80 [190263/466/1]
190263/456/1.f:LKAJBD_04235 -            560 GH13_17.hmm          -            350   2.4e-47  166.2   7.0   1   1   2.1e-43   1.2e-40  144.2   7.4     1   184    53   242    53   258 0.76 [190263/456/1]
190263/409/1.f:AJJCMD_12165 -            510 GH13_17.hmm          -            350   6.1e-47  164.9   0.1   1   1   3.6e-44   2.1e-41  146.7   0.4     1   196    27   224    27   255 0.75 [190263/409/1]
190263/400/1.f:EIBLKL_04930 -            512 GH13_17.hmm          -            350   1.1e-46  164.0   0.2   1   1   2.4e-43   1.4e-40  144.0   0.6     1   185    27   216    27   244 0.81 [190263/400/1]
190263/580/1.f:JCPJNN_09070 -            521 GH13_17.hmm          -            350   1.7e-46  163.4   0.7   1   1   3.7e-36   2.1e-33  120.3   0.1     1   106    27   133    27   141 0.94 [190263/580/1]
190263/474/1.f:AMDJJA_00520 -            628 GH13_17.hmm          -            350     4e-46  162.2   0.0   1   1   2.8e-32   1.6e-29  107.6   0.0     1    91    39   129    39   134 0.97 [190263/474/1]
190263/456/1.f:LKAJBD_15395 -            681 GH13_17.hmm          -            350   4.1e-46  162.1   1.4   1   1   3.5e-34     2e-31  113.8   0.3     1   106    74   180    74   204 0.88 [190263/456/1]
190263/400/1.f:EIBLKL_02735 -            553 GH13_17.hmm          -            350   1.4e-45  160.4   2.8   1   1   1.8e-39     1e-36  131.3   2.9     1   184    75   263    75   283 0.80 [190263/400/1]
190263/578/1.f:HIHCLH_07765 -            543 GH13_17.hmm          -            350   1.6e-45  160.2   3.7   1   1   1.2e-39   7.1e-37  131.8   3.7     1   188    71   253    71   270 0.85 [190263/578/1]
190263/466/1.f:PGJOII_07605 -            686 GH13_17.hmm          -            350   3.4e-45  159.1   5.9   1   1   3.5e-34     2e-31  113.9   0.8     1   105    79   183    79   208 0.89 [190263/466/1]
190263/520/1.f:GGDGDE_02775 -            587 GH13_17.hmm          -            350   2.2e-44  156.5   5.5   1   1   2.9e-39   1.7e-36  130.6   1.3     1   179   107   287   107   293 0.81 [190263/520/1]
190263/504/1.f:DOAHDM_08100 -            692 GH13_17.hmm          -            350   1.6e-43  153.6   0.6   1   1   2.9e-32   1.7e-29  107.5   0.1     1   103    80   182    80   197 0.91 [190263/504/1]
190263/401/1.f:DMFJNH_07595 -            692 GH13_17.hmm          -            350   1.6e-43  153.6   0.6   1   1   2.9e-32   1.7e-29  107.5   0.1     1   103    80   182    80   197 0.91 [190263/401/1]
190263/545/1.f:NCJBIN_08240 -            693 GH13_17.hmm          -            350   5.2e-43  152.0   4.6   1   1     2e-30   1.2e-27  101.5   0.2     1   106    83   188    83   217 0.90 [190263/545/1]
190263/534/1.f:OHCFJE_04840 -            693 GH13_17.hmm          -            350   8.6e-43  151.2   5.3   1   1     2e-30   1.2e-27  101.5   0.2     1   106    83   188    83   217 0.90 [190263/534/1]
190263/391/1.f:NONBJF_08120 -            693 GH13_17.hmm          -            350   8.6e-43  151.2   5.3   1   1     2e-30   1.2e-27  101.5   0.2     1   106    83   188    83   217 0.90 [190263/391/1]
190263/455/1.f:GDGJDA_03815 -            611 GH13_17.hmm          -            350   1.8e-42  150.2   1.0   1   1   1.2e-42   6.9e-40  141.7   0.1     1   185    82   268    82   288 0.92 [190263/455/1]
190263/495/1.f:ANKNCD_06875 -            582 GH13_17.hmm          -            350   4.9e-42  148.8  11.9   1   1     2e-39   1.1e-36  131.1   5.2     1   183    99   283    99   299 0.81 [190263/495/1]
190263/368/1.f:HPMDBE_05310 -            486 GH13_17.hmm          -            350   5.4e-42  148.6   5.9   1   1   8.4e-44   4.8e-41  145.5   5.9    64   349     4   288     1   289 0.76 [190263/368/1]
190263/443/1.f:LNLACP_05295 -            749 GH13_17.hmm          -            350   1.1e-41  147.7   0.2   1   1   8.9e-43   5.1e-40  142.1   0.1     1   183   216   400   216   411 0.93 [190263/443/1]
190263/472/1.f:NMGHJI_14085 -            743 GH13_17.hmm          -            350   3.8e-41  145.8   2.2   1   1   2.7e-42   1.5e-39  140.5   0.2     3   184   214   397   212   422 0.92 [190263/472/1]
190263/409/1.f:AJJCMD_00170 -            628 GH13_17.hmm          -            350   8.6e-41  144.7   0.1   1   1   3.2e-41   1.9e-38  137.0   0.0     1   184    82   267    82   284 0.92 [190263/409/1]
190263/527/1.f:HGADJN_00335 -            625 GH13_17.hmm          -            350   6.7e-40  141.7   0.7   1   1   1.9e-35   1.1e-32  118.0   0.5     1   185    27   222    27   252 0.79 [190263/527/1]
190263/546/1.f:GEHMID_12200 -            622 GH13_17.hmm          -            350   1.1e-39  141.1   0.7   1   1   2.9e-41   1.7e-38  137.1   0.1     1   184    91   276    91   294 0.91 [190263/546/1]
190263/433/1.f:ADFNDI_16890 -            659 GH13_17.hmm          -            350   1.3e-39  140.7   2.8   1   1   4.7e-41   2.7e-38  136.5   1.5     1   184   129   314   129   334 0.91 [190263/433/1]
190263/549/1.f:CNBDFB_11595 -            622 GH13_17.hmm          -            350   1.4e-39  140.7   2.1   1   1   9.8e-41   5.6e-38  135.4   0.4     1   184    84   269    84   285 0.91 [190263/549/1]
190263/596/1.f:GDHELL_05010 -            551 GH13_17.hmm          -            350   1.4e-39  140.6   6.9   1   1   1.1e-34   6.4e-32  115.5   2.4     1   185    76   257    76   271 0.84 [190263/596/1]
190263/384/1.f:CDKGIA_19560 -            614 GH13_17.hmm          -            350   2.7e-39  139.8   0.0   1   1   1.3e-39   7.4e-37  131.7   0.0     1   184    81   266    81   286 0.92 [190263/384/1]
190263/433/1.f:ADFNDI_04815 -            730 GH13_17.hmm          -            350   9.8e-39  137.9   0.1   1   1   3.9e-40   2.3e-37  133.4   0.1     1   184   198   383   198   403 0.91 [190263/433/1]
190263/478/1.f:BOCJFA_00930 -            611 GH13_17.hmm          -            350   3.8e-38  136.0   0.4   1   1   4.9e-39   2.8e-36  129.8   0.2     1   184    82   267    82   280 0.92 [190263/478/1]
190263/507/1.f:KPMKPI_15040 -            616 GH13_17.hmm          -            350     8e-38  134.9   2.8   1   1   8.7e-40     5e-37  132.3   0.1     2   184    88   272    87   287 0.91 [190263/507/1]
190263/362/1.f:KJODLM_11060 -            151 GH13_17.hmm          -            350   4.5e-37  132.4   2.2   1   1     1e-39     6e-37  132.0   2.2     1   127    26   142    26   146 0.97 [190263/362/1]
190263/513/1.f:MKNBNH_04430 -            616 GH13_17.hmm          -            350   1.7e-36  130.5   0.1   1   1   9.3e-38   5.3e-35  125.6   0.1     1   184    88   273    88   290 0.90 [190263/513/1]
190263/447/1.f:OLODHC_03835 -            613 GH13_17.hmm          -            350   4.7e-36  129.1   1.9   1   1   5.7e-38   3.3e-35  126.3   0.4     1   184    85   270    85   289 0.92 [190263/447/1]
190263/420/1.f:GMHOLO_01245 -            605 GH13_17.hmm          -            350     5e-35  125.7   0.0   1   1   1.2e-36   6.7e-34  122.0   0.1     1   184    86   271    86   288 0.91 [190263/420/1]
190263/527/1.f:HGADJN_01360 -            605 GH13_17.hmm          -            350   9.3e-35  124.8   0.0   1   1   2.1e-36   1.2e-33  121.1   0.1     1   184    86   271    86   285 0.90 [190263/527/1]
190263/556/1.f:EMIPPF_02175 -            772 GH13_17.hmm          -            350   3.3e-34  123.0   0.2   1   1   3.9e-26   2.2e-23   87.4   0.0     1   103   161   263   161   275 0.91 [190263/556/1]
190263/446/1.f:LHJMMB_09610 -            772 GH13_17.hmm          -            350   4.3e-34  122.6   0.2   1   1   1.2e-25   7.1e-23   85.7   0.0     1   103   161   263   161   275 0.91 [190263/446/1]
190263/421/1.f:PBKEAC_05055 -            772 GH13_17.hmm          -            350   4.3e-34  122.6   0.2   1   1   1.2e-25   7.1e-23   85.7   0.0     1   103   161   263   161   275 0.91 [190263/421/1]
190263/576/1.f:FNMBCG_14575 -            609 GH13_17.hmm          -            350   6.7e-33  118.7   0.4   1   1   7.4e-35   4.3e-32  116.1   0.4     1   183    81   265    81   273 0.92 [190263/576/1]
190263/514/1.f:MMHOAN_10920 -            617 GH13_17.hmm          -            350   1.3e-29  107.9   0.4   1   1   1.2e-24   7.1e-22   82.5   1.8     1   180   188   361   188   380 0.88 [190263/514/1]
190263/421/1.f:PBKEAC_05060 -            445 GH13_17.hmm          -            350   2.7e-29  106.9   0.0   1   1   9.9e-20   5.7e-17   66.3   0.0     3    86    49   138    47   145 0.87 [190263/421/1]
190263/446/1.f:LHJMMB_09605 -            445 GH13_17.hmm          -            350   2.7e-29  106.9   0.0   1   1   9.9e-20   5.7e-17   66.3   0.0     3    86    49   138    47   145 0.87 [190263/446/1]
190263/556/1.f:EMIPPF_02180 -            445 GH13_17.hmm          -            350   3.1e-29  106.6   0.0   1   1   8.7e-20     5e-17   66.5   0.0     3    86    49   138    47   149 0.87 [190263/556/1]
190263/520/1.f:GGDGDE_20340 -            572 GH13_17.hmm          -            350   4.6e-29  106.1   2.1   1   1   1.6e-23     9e-21   78.8   0.6     1   100   170   270   170   287 0.86 [190263/520/1]
190263/461/1.f:DHPHOK_10120 -            441 GH13_17.hmm          -            350   2.9e-27  100.2   4.1   1   1   7.7e-20   4.5e-17   66.7   0.4     4    87    54   140    52   148 0.89 [190263/461/1]
190263/405/1.f:EHKDKA_03425 -            619 GH13_17.hmm          -            350   7.7e-27   98.8   1.4   1   1   1.5e-25   8.7e-23   85.4   1.4     1   185   163   338   163   377 0.85 [190263/405/1]
190263/578/1.f:HIHCLH_03535 -            574 GH13_17.hmm          -            350   1.2e-26   98.2   1.1   1   1   3.5e-24     2e-21   81.0   1.6     1   177   172   331   172   353 0.81 [190263/578/1]
190263/514/1.f:MMHOAN_12715 -            584 GH13_17.hmm          -            350   1.4e-26   98.0   8.5   1   1   6.2e-23   3.6e-20   76.9   1.2     1   179   179   341   179   361 0.86 [190263/514/1]
190263/495/1.f:ANKNCD_04135 -            572 GH13_17.hmm          -            350   1.4e-26   97.9  13.3   1   1   1.4e-24   7.9e-22   82.3   1.0     1   100   170   270   170   291 0.86 [190263/495/1]
190263/472/1.f:NMGHJI_18160 -            584 GH13_17.hmm          -            350   2.3e-26   97.2   4.0   1   1   7.1e-22   4.1e-19   73.4   0.2     1   177   180   340   180   348 0.86 [190263/472/1]
190263/369/1.f:JCDIFE_20205 -            441 GH13_17.hmm          -            350   2.7e-26   97.0   3.9   1   1   1.1e-19   6.3e-17   66.2   0.5     4    87    54   140    52   148 0.89 [190263/369/1]
190263/541/1.f:IDEEIE_03905 -            587 GH13_17.hmm          -            350     4e-26   96.4  12.1   1   1   3.8e-23   2.2e-20   77.5   3.0     1   178   179   340   179   357 0.83 [190263/541/1]
190263/502/1.f:NONHGB_03625 -            447 GH13_17.hmm          -            350   1.2e-25   94.8   0.2   1   1   2.6e-19   1.5e-16   65.0   0.0     3    86    58   144    56   155 0.90 [190263/502/1]
190263/516/1.f:MGNFBC_18275 -            615 GH13_17.hmm          -            350   1.4e-25   94.7   2.9   1   1   2.3e-26   1.4e-23   88.1   2.7     1   181   162   333   162   353 0.81 [190263/516/1]
190263/423/1.f:PDNKFB_13510 -            572 GH13_17.hmm          -            350   1.5e-25   94.6  16.0   1   1   3.9e-24   2.2e-21   80.8   0.6     1    99   170   269   170   284 0.90 [190263/423/1]
190263/595/1.f:HGDLEC_06160 -            640 GH13_17.hmm          -            350   1.9e-25   94.2   3.7   1   1   4.3e-21   2.5e-18   70.8   0.0     1    85   162   254   162   268 0.88 [190263/595/1]
190263/368/1.f:HPMDBE_20180 -            615 GH13_17.hmm          -            350   1.9e-25   94.2   3.0   1   1   2.3e-26   1.3e-23   88.1   2.8     1   181   162   333   162   358 0.81 [190263/368/1]
190263/379/1.f:LOJHAC_21325 -            615 GH13_17.hmm          -            350   1.9e-25   94.2   3.0   1   1   2.3e-26   1.3e-23   88.1   2.8     1   181   162   333   162   358 0.81 [190263/379/1]
190263/405/1.f:EHKDKA_03925 -            447 GH13_17.hmm          -            350   2.7e-25   93.7   0.2   1   1   5.9e-19   3.4e-16   63.8   0.0     3    86    58   144    56   155 0.90 [190263/405/1]
190263/580/1.f:JCPJNN_26940 -            585 GH13_17.hmm          -            350   4.3e-25   93.0   2.9   1   1   1.3e-21   7.4e-19   72.5   0.1     1   177   179   339   179   347 0.82 [190263/580/1]
190263/460/1.f:IHFGKI_10900 -            641 GH13_17.hmm          -            350   4.9e-25   92.9   1.0   1   1   3.4e-21     2e-18   71.1   0.1     1    86   162   254   162   279 0.87 [190263/460/1]
190263/478/1.f:BOCJFA_08205 -            581 GH13_17.hmm          -            350   5.1e-25   92.8   2.6   1   1   5.1e-19   2.9e-16   64.0   1.0     8   181    38   192    32   216 0.83 [190263/478/1]
190263/400/1.f:EIBLKL_06495 -            439 GH13_17.hmm          -            350   6.5e-25   92.4   0.4   1   1   1.7e-21   9.9e-19   72.1   0.6     3   179    34   187    32   200 0.88 [190263/400/1]
190263/433/1.f:ADFNDI_04915 -            563 GH13_17.hmm          -            350   1.6e-24   91.2   4.6   1   1   1.1e-18   6.5e-16   62.8   2.1     8   181    38   192    32   209 0.82 [190263/433/1]
190263/447/1.f:OLODHC_11555 -            584 GH13_17.hmm          -            350   2.2e-24   90.7  11.1   1   1   5.7e-22   3.3e-19   73.7   2.3     1   177   180   340   180   347 0.82 [190263/447/1]
190263/417/1.f:MHBJAE_19300 -            616 GH13_17.hmm          -            350   3.1e-24   90.2   6.4   1   1   5.4e-27   3.1e-24   90.2   6.4     1   180   163   336   163   340 0.88 [190263/417/1]
190263/520/1.f:GGDGDE_06845 -           1856 GH13_17.hmm          -            350   3.1e-24   90.2   3.2   1   1   3.6e-23   2.1e-20   77.6   0.4     1    89   904   991   904  1022 0.92 [190263/520/1]
190263/502/1.f:NONHGB_11410 -            616 GH13_17.hmm          -            350   3.4e-24   90.1  12.9   1   1   1.6e-26   8.9e-24   88.7   6.1     1   180   163   336   163   343 0.88 [190263/502/1]
190263/522/1.f:NPJBCH_12425 -            639 GH13_17.hmm          -            350     5e-24   89.5   3.7   1   1   2.4e-25   1.4e-22   84.8   2.4     1   186   162   371   162   431 0.72 [190263/522/1]
190263/488/1.f:DNPFAC_20990 -            616 GH13_17.hmm          -            350   6.4e-24   89.2   7.1   1   1   1.1e-26   6.4e-24   89.2   7.1     1   180   163   336   163   338 0.87 [190263/488/1]
190263/421/1.f:PBKEAC_13760 -            423 GH13_17.hmm          -            350     7e-24   89.0   0.1   1   1   3.5e-19     2e-16   64.5   0.0     1    86    22   113    22   121 0.87 [190263/421/1]
190263/405/1.f:EHKDKA_13290 -            616 GH13_17.hmm          -            350   7.9e-24   88.9  13.0   1   1   2.1e-26   1.2e-23   88.3   6.0     1   180   163   336   163   338 0.88 [190263/405/1]
190263/502/1.f:NONHGB_03620 -            441 GH13_17.hmm          -            350   9.4e-24   88.6   1.1   1   1   1.2e-17   6.7e-15   59.5   0.1     4    86    55   140    53   155 0.88 [190263/502/1]
190263/405/1.f:EHKDKA_03920 -            441 GH13_17.hmm          -            350     1e-23   88.5   1.1   1   1   1.5e-17   8.7e-15   59.1   0.1     4    86    55   140    53   155 0.88 [190263/405/1]
190263/425/1.f:HPANHD_08465 -            599 GH13_17.hmm          -            350     1e-23   88.5   0.7   1   1   5.5e-21   3.2e-18   70.4   0.1     1    86   186   270   186   296 0.91 [190263/425/1]
190263/383/1.f:KCEMEB_04820 -            437 GH13_17.hmm          -            350   1.4e-23   88.0   3.8   1   1   4.5e-18   2.6e-15   60.9   1.0     6   106    32   133    28   150 0.86 [190263/383/1]
190263/369/1.f:JCDIFE_19125 -            616 GH13_17.hmm          -            350   1.9e-23   87.6  12.8   1   1   6.4e-26   3.7e-23   86.7   9.4     1   183   163   339   163   369 0.84 [190263/369/1]
190263/461/1.f:DHPHOK_10950 -            616 GH13_17.hmm          -            350     2e-23   87.5  10.7   1   1   1.2e-25   6.8e-23   85.8   6.0     1   181   163   337   163   355 0.81 [190263/461/1]
190263/595/1.f:HGDLEC_06210 -            450 GH13_17.hmm          -            350   2.9e-23   87.0   1.6   1   1   3.1e-18   1.8e-15   61.4   0.0     3    86    49   135    47   148 0.89 [190263/595/1]
190263/388/1.f:FDDJJK_07165 -            616 GH13_17.hmm          -            350   3.3e-23   86.8   5.7   1   1   4.3e-25   2.5e-22   83.9   2.0     1   180   164   334   164   341 0.87 [190263/388/1]
190263/391/1.f:NONBJF_08175 -            616 GH13_17.hmm          -            350   3.3e-23   86.8   5.7   1   1   4.3e-25   2.5e-22   83.9   2.0     1   180   164   334   164   341 0.87 [190263/391/1]
190263/534/1.f:OHCFJE_04790 -            616 GH13_17.hmm          -            350   3.3e-23   86.8   5.7   1   1   4.3e-25   2.5e-22   83.9   2.0     1   180   164   334   164   341 0.87 [190263/534/1]
190263/545/1.f:NCJBIN_08290 -            616 GH13_17.hmm          -            350   3.3e-23   86.8   5.7   1   1   4.3e-25   2.5e-22   83.9   2.0     1   180   164   334   164   341 0.87 [190263/545/1]
190263/363/1.f:CIHHOC_04795 -            585 GH13_17.hmm          -            350   3.5e-23   86.8   1.5   1   1     6e-19   3.5e-16   63.7   0.0     1   102   179   281   179   291 0.87 [190263/363/1]
190263/382/1.f:JACGKO_09355 -           1151 GH13_17.hmm          -            350   4.6e-23   86.4   3.6   1   1   3.3e-21   1.9e-18   71.2   0.3     1    89   192   279   192   309 0.88 [190263/382/1]
190263/546/1.f:GEHMID_08575 -            456 GH13_17.hmm          -            350   4.8e-23   86.3   1.0   1   1   1.4e-20   8.3e-18   69.1   0.9     7   181    38   193    34   217 0.86 [190263/546/1]
190263/523/1.f:MDNHKG_06170 -            426 GH13_17.hmm          -            350   5.4e-23   86.1   0.0   1   1   4.6e-18   2.6e-15   60.8   0.0     2    86    25   115    24   124 0.86 [190263/523/1]
190263/366/1.f:DBJPFP_13280 -            423 GH13_17.hmm          -            350   6.1e-23   86.0   0.1   1   1   1.6e-19   8.9e-17   65.7   0.0     1    87    22   114    22   122 0.86 [190263/366/1]
190263/477/1.f:PCLDCI_13985 -            551 GH13_17.hmm          -            350   6.3e-23   85.9   1.9   1   1   3.8e-19   2.2e-16   64.4   0.7     8   181    39   193    34   200 0.87 [190263/477/1]
190263/399/1.f:CDLIDF_07515 -            617 GH13_17.hmm          -            350   6.6e-23   85.8   8.8   1   1   1.1e-24   6.1e-22   82.7   4.8     1   180   165   335   165   352 0.86 [190263/399/1]
190263/456/1.f:LKAJBD_09060 -            616 GH13_17.hmm          -            350   6.9e-23   85.8   8.3   1   1   1.2e-25   6.9e-23   85.8   8.3     1   183   163   339   163   370 0.85 [190263/456/1]
190263/516/1.f:MGNFBC_14175 -            613 GH13_17.hmm          -            350   7.4e-23   85.7   3.3   1   1   1.1e-23   6.4e-21   79.3   1.8     1   180   158   328   158   344 0.78 [190263/516/1]
190263/379/1.f:LOJHAC_16730 -            613 GH13_17.hmm          -            350   7.4e-23   85.7   3.3   1   1   1.1e-23   6.4e-21   79.3   1.8     1   180   158   328   158   344 0.78 [190263/379/1]
190263/368/1.f:HPMDBE_16265 -            613 GH13_17.hmm          -            350   7.5e-23   85.7   3.6   1   1   1.1e-23   6.4e-21   79.3   2.1     1   180   158   328   158   344 0.79 [190263/368/1]
190263/584/1.f:DDCNLE_10135 -            626 GH13_17.hmm          -            350   7.7e-23   85.6   0.1   1   1   5.6e-21   3.2e-18   70.4   0.0     1   102   187   293   187   304 0.85 [190263/584/1]
190263/401/1.f:DMFJNH_07625 -            617 GH13_17.hmm          -            350   8.5e-23   85.5   5.1   1   1     5e-24   2.9e-21   80.4   2.6     1   180   165   335   165   341 0.80 [190263/401/1]
190263/504/1.f:DOAHDM_08130 -            617 GH13_17.hmm          -            350   8.5e-23   85.5   5.1   1   1     5e-24   2.9e-21   80.4   2.6     1   180   165   335   165   341 0.80 [190263/504/1]
190263/423/1.f:PDNKFB_06345 -            588 GH13_17.hmm          -            350   9.4e-23   85.3   0.1   1   1   7.1e-20   4.1e-17   66.8   0.0     1   106   183   286   183   298 0.87 [190263/423/1]
190263/466/1.f:PGJOII_14705 -            616 GH13_17.hmm          -            350   1.4e-22   84.7   8.8   1   1   2.5e-25   1.4e-22   84.7   8.8     1   184   163   340   163   375 0.84 [190263/466/1]
190263/477/1.f:PCLDCI_13415 -            621 GH13_17.hmm          -            350   2.3e-22   84.1   0.0   1   1   1.3e-21   7.6e-19   72.5   0.0     1   183   184   349   184   510 0.73 [190263/477/1]
190263/368/1.f:HPMDBE_05465 -            106 GH13_17.hmm          -            350   2.6e-22   83.9   0.1   1   1   5.4e-25   3.1e-22   83.6   0.1     1    61    43   103    43   106 0.97 [190263/368/1]
190263/547/1.f:KJCAKO_00600 -            555 GH13_17.hmm          -            350   3.3e-22   83.6   3.3   1   1   7.7e-22   4.5e-19   73.2   0.6     2    96   153   246   152   263 0.90 [190263/547/1]
190263/562/1.f:KJGNCK_02025 -            684 GH13_17.hmm          -            350   3.3e-22   83.5   2.4   1   1   1.6e-23   9.4e-21   78.8   1.7     1   181   232   403   232   428 0.80 [190263/562/1]
190263/552/1.f:EMALNL_07985 -            684 GH13_17.hmm          -            350   3.3e-22   83.5   2.4   1   1   1.6e-23   9.4e-21   78.8   1.7     1   181   232   403   232   428 0.80 [190263/552/1]
190263/461/1.f:DHPHOK_18795 -            445 GH13_17.hmm          -            350   3.8e-22   83.3   0.6   1   1   2.9e-16   1.7e-13   54.9   0.1     5    85    60   143    57   157 0.90 [190263/461/1]
190263/370/1.f:MFKGBO_01025 -            448 GH13_17.hmm          -            350   3.9e-22   83.3   0.5   1   1   2.2e-17   1.3e-14   58.6   0.6     8   181    39   193    34   214 0.81 [190263/370/1]
190263/556/1.f:EMIPPF_12930 -            425 GH13_17.hmm          -            350   6.1e-22   82.7   0.2   1   1   3.8e-17   2.2e-14   57.8   0.0     1    84    24   113    24   122 0.86 [190263/556/1]
190263/510/1.f:DELAEA_05540 -            616 GH13_17.hmm          -            350   6.1e-22   82.7   5.5   1   1   5.7e-20   3.3e-17   67.1   0.8     1    92   184   274   184   303 0.88 [190263/510/1]
190263/396/1.f:KAAOMA_12335 -            628 GH13_17.hmm          -            350   7.7e-22   82.3   1.2   1   1   2.2e-18   1.2e-15   61.9   0.2     1    89   182   269   182   297 0.85 [190263/396/1]
190263/507/1.f:KPMKPI_14695 -            453 GH13_17.hmm          -            350   1.8e-21   81.1   0.2   1   1   9.8e-20   5.6e-17   66.3   0.5     8   199    38   208    33   243 0.79 [190263/507/1]
190263/588/1.f:LGPOLK_03735 -           1132 GH13_17.hmm          -            350     2e-21   81.0   1.8   1   1     8e-18   4.6e-15   60.0   0.1     1   104   188   296   188   309 0.85 [190263/588/1]
190263/409/1.f:AJJCMD_01560 -            444 GH13_17.hmm          -            350   2.2e-21   80.9   0.4   1   1   1.1e-17   6.4e-15   59.6   0.4     8   181    39   193    34   212 0.81 [190263/409/1]
190263/576/1.f:FNMBCG_05375 -            618 GH13_17.hmm          -            350   2.2e-21   80.8   0.1   1   1   1.1e-19   6.6e-17   66.1   0.0     1    87   183   268   183   290 0.94 [190263/576/1]
190263/413/1.f:NMLDCG_06385 -            622 GH13_17.hmm          -            350   2.2e-21   80.8   0.0   1   1   2.5e-19   1.4e-16   65.0   0.0     1    86   184   268   184   296 0.93 [190263/413/1]
190263/446/1.f:LHJMMB_14315 -            427 GH13_17.hmm          -            350   2.4e-21   80.7   0.0   1   1   3.9e-17   2.3e-14   57.8   0.0     1    86    26   117    26   125 0.87 [190263/446/1]
190263/547/1.f:KJCAKO_04325 -            433 GH13_17.hmm          -            350   2.4e-21   80.7   6.2   1   1   5.6e-17   3.2e-14   57.3   1.6     7   104    35   133    31   148 0.86 [190263/547/1]
190263/437/1.f:LBKKEJ_03795 -            617 GH13_17.hmm          -            350   2.6e-21   80.6   6.5   1   1   4.2e-23   2.4e-20   77.4   4.3     1   180   165   335   165   351 0.86 [190263/437/1]
190263/468/1.f:DIOFOH_00365 -            527 GH13_17.hmm          -            350     3e-21   80.4   5.4   1   1   2.3e-16   1.3e-13   55.2   3.1    10   181    40   192    33   208 0.83 [190263/468/1]
190263/400/1.f:EIBLKL_01635 -            626 GH13_17.hmm          -            350   3.3e-21   80.2   0.1   1   1   6.1e-18   3.5e-15   60.4   0.0     1    87   182   267   182   294 0.92 [190263/400/1]
190263/390/1.f:OLPOLE_18085 -            605 GH13_17.hmm          -            350   3.4e-21   80.2   0.1   1   1   7.9e-19   4.5e-16   63.4   0.0     1   100   183   277   183   295 0.90 [190263/390/1]
190263/475/1.f:MCKEEP_01645 -            617 GH13_17.hmm          -            350   3.6e-21   80.1   5.9   1   1   1.2e-22   7.2e-20   75.9   4.1     1   180   165   335   165   354 0.79 [190263/475/1]
190263/568/1.f:ABMLLK_04030 -            626 GH13_17.hmm          -            350   4.5e-21   79.8   5.8   1   1   6.1e-19   3.5e-16   63.7   0.5     1    89   198   285   198   318 0.90 [190263/568/1]
190263/421/1.f:PBKEAC_05065 -            625 GH13_17.hmm          -            350   4.7e-21   79.8   2.4   1   1   1.2e-20   6.9e-18   69.3   0.8     1   180   170   340   170   366 0.79 [190263/421/1]
190263/446/1.f:LHJMMB_09600 -            625 GH13_17.hmm          -            350   4.7e-21   79.8   2.4   1   1   1.2e-20   6.9e-18   69.3   0.8     1   180   170   340   170   366 0.79 [190263/446/1]
190263/573/1.f:LIDFCI_15590 -            617 GH13_17.hmm          -            350   4.9e-21   79.7   6.9   1   1   1.3e-22   7.2e-20   75.9   3.9     1   180   165   335   165   341 0.79 [190263/573/1]
190263/384/1.f:CDKGIA_01545 -            446 GH13_17.hmm          -            350   5.1e-21   79.6   1.8   1   1   1.4e-17   8.2e-15   59.2   1.9     9   181    40   193    34   218 0.79 [190263/384/1]
190263/560/1.f:OAGBLH_03685 -            533 GH13_17.hmm          -            350   5.2e-21   79.6   5.6   1   1   1.1e-19   6.6e-17   66.1   2.8     8   181    38   192    33   208 0.87 [190263/560/1]
190263/425/1.f:HPANHD_10080 -            587 GH13_17.hmm          -            350   6.9e-21   79.2   6.7   1   1   4.7e-20   2.7e-17   67.4   2.6     1   180   180   347   180   366 0.83 [190263/425/1]
190263/556/1.f:EMIPPF_02185 -            625 GH13_17.hmm          -            350     7e-21   79.2   2.4   1   1   1.2e-20   6.9e-18   69.3   0.8     1   180   170   340   170   366 0.79 [190263/556/1]
190263/502/1.f:NONHGB_22080 -            651 GH13_17.hmm          -            350   7.9e-21   79.0   3.6   1   1   7.2e-21   4.2e-18   70.1   0.2     1    85   200   287   200   328 0.89 [190263/502/1]
190263/562/1.f:KJGNCK_01560 -            454 GH13_17.hmm          -            350   8.3e-21   78.9   4.7   1   1     2e-16   1.1e-13   55.5   0.0     3    85    60   148    58   164 0.86 [190263/562/1]
190263/595/1.f:HGDLEC_07220 -           1077 GH13_17.hmm          -            350   1.1e-20   78.6   4.2   1   1     8e-18   4.6e-15   60.1   0.1     1    79    76   157    76   171 0.90 [190263/595/1]
190263/457/1.f:IIKDLL_06125 -            442 GH13_17.hmm          -            350   1.1e-20   78.5   3.7   1   1   3.2e-16   1.8e-13   54.8   0.8     5   117    39   151    36   157 0.85 [190263/457/1]
190263/452/1.f:PEIHBN_02820 -            435 GH13_17.hmm          -            350   1.3e-20   78.3   3.0   1   1   1.4e-16   8.3e-14   55.9   1.1     5    98    33   126    30   139 0.86 [190263/452/1]
190263/434/1.f:NCAOKI_09055 -           1104 GH13_17.hmm          -            350   1.3e-20   78.3   0.0   1   1   1.9e-18   1.1e-15   62.1   0.0     1    87   195   280   195   310 0.86 [190263/434/1]
190263/458/1.f:AMPCAI_06050 -            434 GH13_17.hmm          -            350   1.4e-20   78.2   1.1   1   1   4.2e-17   2.4e-14   57.7   0.7     6   178    34   186    31   191 0.81 [190263/458/1]
190263/583/1.f:BCCKNC_06565 -            624 GH13_17.hmm          -            350   1.5e-20   78.1   0.5   1   1   1.2e-20   7.1e-18   69.3   0.1     1    86   163   251   163   270 0.92 [190263/583/1]
190263/429/1.f:OMPHBF_00070 -            645 GH13_17.hmm          -            350   1.8e-20   77.8   0.2   1   1   1.7e-18     1e-15   62.2   0.1     1   181   183   346   183   380 0.71 [190263/429/1]
190263/567/1.f:NOEGFN_16430 -            620 GH13_17.hmm          -            350   1.8e-20   77.8   0.1   1   1   1.6e-19   9.5e-17   65.6   0.1     1   179   186   347   186   368 0.76 [190263/567/1]
190263/443/1.f:LNLACP_02900 -            616 GH13_17.hmm          -            350   1.9e-20   77.7   0.0   1   1   1.5e-18   8.8e-16   62.4   0.0     1    87   183   268   183   288 0.95 [190263/443/1]
190263/494/1.f:LHPBBO_03380 -            727 GH13_17.hmm          -            350     2e-20   77.7   0.0   1   1   2.7e-20   1.6e-17   68.2   0.0     1   106   238   348   238   359 0.84 [190263/494/1]
190263/363/1.f:CIHHOC_14895 -            450 GH13_17.hmm          -            350   4.4e-20   76.5   0.2   1   1   2.1e-18   1.2e-15   61.9   0.7     8   192    39   209    36   227 0.84 [190263/363/1]
190263/532/1.f:BGDBBA_08525 -            550 GH13_17.hmm          -            350   4.7e-20   76.4   6.3   1   1   8.7e-16     5e-13   53.3   0.5     9   103    38   132    32   151 0.83 [190263/532/1]
190263/405/1.f:EHKDKA_23990 -            628 GH13_17.hmm          -            350   4.8e-20   76.4   8.9   1   1   2.5e-21   1.4e-18   71.6   2.7     1   177   177   344   177   353 0.78 [190263/405/1]
190263/439/1.f:KGLJGB_08645 -            433 GH13_17.hmm          -            350   6.8e-20   75.9   3.7   1   1   1.8e-17     1e-14   58.9   2.5     6   180    34   188    30   208 0.85 [190263/439/1]
190263/549/1.f:CNBDFB_03745 -            437 GH13_17.hmm          -            350   7.5e-20   75.8   1.5   1   1   2.8e-17   1.6e-14   58.2   1.6     4   179    32   187    30   203 0.77 [190263/549/1]
190263/567/1.f:NOEGFN_05575 -            550 GH13_17.hmm          -            350   9.3e-20   75.5   0.4   1   1   2.1e-17   1.2e-14   58.7   0.2     6   180    36   191    32   210 0.86 [190263/567/1]
190263/557/1.f:DOLMEB_10490 -            442 GH13_17.hmm          -            350   1.3e-19   75.0   0.9   1   1   4.4e-17   2.5e-14   57.6   1.1     8   180    36   188    31   197 0.77 [190263/557/1]
190263/396/1.f:KAAOMA_13065 -            528 GH13_17.hmm          -            350   1.4e-19   74.9   1.4   1   1   5.2e-17     3e-14   57.4   0.7     6   181    37   193    33   199 0.84 [190263/396/1]
190263/386/1.f:DBGIOG_09510 -            457 GH13_17.hmm          -            350   1.6e-19   74.7   0.1   1   1   4.2e-18   2.4e-15   61.0   0.4    10   181    41   193    34   215 0.85 [190263/386/1]
190263/436/1.f:KEEIED_02150 -           1120 GH13_17.hmm          -            350   1.6e-19   74.7   0.0   1   1   2.8e-17   1.6e-14   58.2   0.0     1    87   197   282   197   309 0.91 [190263/436/1]
190263/429/1.f:OMPHBF_14120 -            535 GH13_17.hmm          -            350   1.6e-19   74.7   0.0   1   1     1e-16   5.9e-14   56.4   0.0     7   181    38   193    33   209 0.85 [190263/429/1]
190263/580/1.f:JCPJNN_23320 -            440 GH13_17.hmm          -            350   1.6e-19   74.7   0.7   1   1   2.2e-16   1.3e-13   55.3   0.5     5   180    37   192    33   206 0.82 [190263/580/1]
190263/596/1.f:GDHELL_06085 -            629 GH13_17.hmm          -            350   1.6e-19   74.7   2.7   1   1     2e-19   1.2e-16   65.3   0.7     1   115   191   303   191   314 0.82 [190263/596/1]
190263/578/1.f:HIHCLH_08785 -            436 GH13_17.hmm          -            350     4e-19   73.4   4.8   1   1   3.1e-17   1.8e-14   58.1   3.4     8   180    36   188    28   207 0.85 [190263/578/1]
190263/383/1.f:KCEMEB_11095 -            641 GH13_17.hmm          -            350     4e-19   73.4   0.8   1   1   3.6e-18   2.1e-15   61.2   0.1     1    91   187   276   187   302 0.85 [190263/383/1]
190263/531/1.f:KJIPPC_09870 -            435 GH13_17.hmm          -            350   4.7e-19   73.2   4.3   1   1   7.8e-16   4.5e-13   53.5   0.5    10    98    38   126    31   139 0.86 [190263/531/1]
190263/565/1.f:PAEINE_06670 -           1098 GH13_17.hmm          -            350     6e-19   72.8   1.7   1   1   2.1e-18   1.2e-15   62.0   0.0     1    86   194   278   194   284 0.96 [190263/565/1]
190263/596/1.f:GDHELL_00025 -            558 GH13_17.hmm          -            350   6.3e-19   72.8   7.7   1   1   8.4e-17   4.9e-14   56.7   3.8     6   181    35   191    31   237 0.83 [190263/596/1]
190263/537/1.f:AHPNMI_04290 -            436 GH13_17.hmm          -            350   6.3e-19   72.8   1.8   1   1   2.9e-17   1.6e-14   58.2   2.7    11   179    39   187    31   203 0.83 [190263/537/1]
190263/496/1.f:JJBAFO_04445 -           1096 GH13_17.hmm          -            350   1.1e-18   72.0   0.0   1   1   5.8e-16   3.3e-13   53.9   0.0     1    87   195   280   195   310 0.86 [190263/496/1]
190263/423/1.f:PDNKFB_07145 -            434 GH13_17.hmm          -            350   2.5e-18   70.8   3.2   1   1   3.8e-16   2.2e-13   54.5   2.0     7   181    35   190    31   204 0.82 [190263/423/1]
190263/382/1.f:JACGKO_00555 -           1160 GH13_17.hmm          -            350   3.5e-18   70.3   2.2   1   1   5.7e-20   3.3e-17   67.1   0.4     1    89   671   758   671   808 0.88 [190263/382/1]
190263/530/1.f:LBOGMJ_11835 -            672 GH13_17.hmm          -            350   4.9e-18   69.8   0.0   1   1   1.3e-16   7.5e-14   56.1   0.0     1    92   199   289   199   315 0.85 [190263/530/1]
190263/380/1.f:GDCFAC_00690 -            620 GH13_17.hmm          -            350   8.6e-18   69.0   0.1   1   1   7.4e-17   4.3e-14   56.9   0.1     1   177   175   335   175   349 0.74 [190263/380/1]
190263/363/1.f:CIHHOC_15755 -            564 GH13_17.hmm          -            350   9.7e-18   68.9   0.1   1   1   1.2e-19   7.1e-17   66.0   0.0    10   182    76   237    68   242 0.84 [190263/363/1]
190263/425/1.f:HPANHD_10050 -            607 GH13_17.hmm          -            350   1.5e-17   68.2   2.0   1   1   2.3e-16   1.3e-13   55.2   0.2     1    85   180   264   180   286 0.86 [190263/425/1]
190263/368/1.f:HPMDBE_16250 -            612 GH13_17.hmm          -            350   1.9e-17   67.9   3.2   1   1   3.9e-18   2.2e-15   61.1   4.4     1   167   163   315   163   360 0.80 [190263/368/1]
190263/379/1.f:LOJHAC_16715 -            612 GH13_17.hmm          -            350   1.9e-17   67.9   3.2   1   1   3.9e-18   2.2e-15   61.1   4.4     1   167   163   315   163   360 0.80 [190263/379/1]
190263/516/1.f:MGNFBC_14160 -            612 GH13_17.hmm          -            350   1.9e-17   67.9   3.2   1   1   3.9e-18   2.2e-15   61.1   4.4     1   167   163   315   163   360 0.80 [190263/516/1]
190263/580/1.f:JCPJNN_00815 -            582 GH13_17.hmm          -            350   2.2e-17   67.7   8.0   1   1   4.9e-18   2.8e-15   60.7   0.9     1   179   181   342   181   355 0.78 [190263/580/1]
190263/409/1.f:AJJCMD_03115 -            560 GH13_17.hmm          -            350   1.1e-16   65.4   0.0   1   1   6.1e-19   3.5e-16   63.7   0.0    17   181    82   235    71   252 0.87 [190263/409/1]
190263/422/1.f:HJBCNJ_14695 -            443 GH13_17.hmm          -            350   1.1e-14   58.8   0.0   1   1   2.4e-17   1.4e-14   58.5   0.0     1    86   175   259   175   297 0.85 [190263/422/1]
190263/423/1.f:PDNKFB_06835 -           1368 GH13_17.hmm          -            350   2.7e-13   54.3   0.2   1   1   4.6e-16   2.7e-13   54.3   0.2     1    91   841   945   841   967 0.81 [190263/423/1]
#
# Program:         hmmsearch
# Version:         3.3.2 (Nov 2020)
# Pipeline mode:   SEARCH
# Query file:      /kb/module/work/tmp/output.1725388484971/GH13_17/GH13_17.hmm
# Target file:     /kb/module/work/tmp/output.1725388484971/hCom2_RAST.fasta
# Option settings: /kb/module/hmmer/bin/hmmsearch --domtblout /kb/module/work/tmp/output.1725388484971/GH13_17/GH13_17-hCom2_RAST.hitout.txt --noali --notextw --domE 1e-15 /kb/module/work/tmp/output.1725388484971/GH13_17/GH13_17.hmm /kb/module/work/tmp/output.1725388484971/hCom2_RAST.fasta 
# Current dir:     /kb/module/work/tmp/output.1725388484971
# Date:            Tue Sep  3 18:48:34 2024
# [ok]
