#                                                                                   --- full sequence --- -------------- this domain -------------   hmm coord   ali coord   env coord
# target name               accession   tlen query name           accession   qlen   E-value  score  bias   #  of  c-Evalue  i-Evalue  score  bias  from    to  from    to  from    to  acc description of target
#       ------------------- ---------- ----- -------------------- ---------- ----- --------- ------ ----- --- --- --------- --------- ------ ----- ----- ----- ----- ----- ----- ----- ---- ---------------------
190263/379/1.f:LOJHAC_05890 -            672 GH13_8.hmm           -            293  1.4e-147  495.0   3.8   1   1  2.3e-150  1.4e-147  495.0   3.8     1   293   219   510   219   510 1.00 [190263/379/1]
190263/516/1.f:MGNFBC_09025 -            672 GH13_8.hmm           -            293  1.4e-147  495.0   3.8   1   1  2.3e-150  1.4e-147  495.0   3.8     1   293   219   510   219   510 1.00 [190263/516/1]
190263/368/1.f:HPMDBE_03000 -            672 GH13_8.hmm           -            293  1.5e-147  494.9   3.8   1   1  2.4e-150  1.5e-147  494.9   3.8     1   293   219   510   219   510 1.00 [190263/368/1]
190263/417/1.f:MHBJAE_14810 -            670 GH13_8.hmm           -            293    1e-146  492.2   2.6   1   1  1.6e-149    1e-146  492.2   2.6     1   293   220   511   220   511 1.00 [190263/417/1]
190263/456/1.f:LKAJBD_12020 -            669 GH13_8.hmm           -            293  1.3e-146  491.8   3.5   1   1  2.1e-149  1.3e-146  491.8   3.5     1   293   219   510   219   510 1.00 [190263/456/1]
190263/466/1.f:PGJOII_12210 -            669 GH13_8.hmm           -            293  1.3e-146  491.8   3.7   1   1  2.1e-149  1.3e-146  491.8   3.7     1   293   219   510   219   510 1.00 [190263/466/1]
190263/506/1.f:IKGMED_09040 -            668 GH13_8.hmm           -            293  1.7e-146  491.4   0.0   1   1  1.7e-144  1.1e-141  475.7   0.0     1   293   214   504   214   504 0.99 [190263/506/1]
190263/552/1.f:EMALNL_18240 -            670 GH13_8.hmm           -            293  1.8e-146  491.4   2.5   1   1  2.9e-149  1.8e-146  491.4   2.5     1   293   220   511   220   511 1.00 [190263/552/1]
190263/562/1.f:KJGNCK_19710 -            670 GH13_8.hmm           -            293  1.8e-146  491.4   2.5   1   1  2.9e-149  1.8e-146  491.4   2.5     1   293   220   511   220   511 1.00 [190263/562/1]
190263/404/1.f:BGJBIG_13350 -            670 GH13_8.hmm           -            293  2.1e-146  491.1   2.3   1   1  3.3e-149  2.1e-146  491.1   2.3     1   293   220   511   220   511 1.00 [190263/404/1]
190263/530/1.f:LBOGMJ_04540 -            654 GH13_8.hmm           -            293  2.6e-146  490.8   1.7   1   1  4.2e-149  2.6e-146  490.8   1.7     1   293   218   509   218   509 1.00 [190263/530/1]
190263/585/1.f:DLBDDB_13475 -            670 GH13_8.hmm           -            293  2.9e-146  490.6   2.3   1   1  4.8e-149  2.9e-146  490.6   2.3     1   293   220   511   220   511 1.00 [190263/585/1]
190263/488/1.f:DNPFAC_16585 -            670 GH13_8.hmm           -            293  3.2e-146  490.5   2.1   1   1  5.2e-149  3.2e-146  490.5   2.1     1   293   220   511   220   511 1.00 [190263/488/1]
190263/475/1.f:MCKEEP_18800 -            670 GH13_8.hmm           -            293  4.9e-146  489.9   2.5   1   1    8e-149  4.9e-146  489.9   2.5     1   293   220   511   220   511 1.00 [190263/475/1]
190263/573/1.f:LIDFCI_08220 -            670 GH13_8.hmm           -            293  4.9e-146  489.9   2.5   1   1    8e-149  4.9e-146  489.9   2.5     1   293   220   511   220   511 1.00 [190263/573/1]
190263/497/1.f:HENFFC_09025 -            669 GH13_8.hmm           -            293  5.9e-146  489.6   7.5   1   1  1.1e-148  6.6e-146  489.5   5.5     1   293   219   510   219   510 1.00 [190263/497/1]
190263/365/1.f:JJMMAK_02655 -            672 GH13_8.hmm           -            293  8.1e-146  489.2   5.7   1   1  1.3e-148  8.1e-146  489.2   5.7     1   293   219   510   219   510 1.00 [190263/365/1]
190263/405/1.f:EHKDKA_19230 -            669 GH13_8.hmm           -            293  1.3e-145  488.5   2.5   1   1  2.1e-148  1.3e-145  488.5   2.5     1   293   219   510   219   510 1.00 [190263/405/1]
190263/502/1.f:NONHGB_17590 -            669 GH13_8.hmm           -            293  1.3e-145  488.5   2.5   1   1  2.1e-148  1.3e-145  488.5   2.5     1   293   219   510   219   510 1.00 [190263/502/1]
190263/401/1.f:DMFJNH_19205 -            670 GH13_8.hmm           -            293  1.3e-145  488.5   1.7   1   1  2.1e-148  1.3e-145  488.5   1.7     1   293   220   511   220   511 1.00 [190263/401/1]
190263/504/1.f:DOAHDM_17820 -            670 GH13_8.hmm           -            293  1.3e-145  488.5   1.7   1   1  2.1e-148  1.3e-145  488.5   1.7     1   293   220   511   220   511 1.00 [190263/504/1]
190263/583/1.f:BCCKNC_14215 -            670 GH13_8.hmm           -            293    3e-145  487.3   0.8   1   1  4.9e-148    3e-145  487.3   0.8     1   293   219   510   219   510 1.00 [190263/583/1]
190263/369/1.f:JCDIFE_14845 -            669 GH13_8.hmm           -            293  3.4e-145  487.1   3.6   1   1  5.6e-148  3.4e-145  487.1   3.6     1   293   219   510   219   510 1.00 [190263/369/1]
190263/461/1.f:DHPHOK_14875 -            669 GH13_8.hmm           -            293  3.4e-145  487.1   3.6   1   1  5.6e-148  3.4e-145  487.1   3.6     1   293   219   510   219   510 1.00 [190263/461/1]
190263/388/1.f:FDDJJK_17140 -            675 GH13_8.hmm           -            293  3.6e-145  487.1   1.6   1   1  5.9e-148  3.6e-145  487.1   1.6     1   293   224   515   224   515 1.00 [190263/388/1]
190263/391/1.f:NONBJF_18990 -            675 GH13_8.hmm           -            293  4.2e-145  486.9   1.7   1   1  6.7e-148  4.2e-145  486.9   1.7     1   293   224   515   224   515 1.00 [190263/391/1]
190263/534/1.f:OHCFJE_17985 -            675 GH13_8.hmm           -            293  4.2e-145  486.9   1.7   1   1  6.7e-148  4.2e-145  486.9   1.7     1   293   224   515   224   515 1.00 [190263/534/1]
190263/545/1.f:NCJBIN_19455 -            675 GH13_8.hmm           -            293  4.2e-145  486.9   1.7   1   1  6.7e-148  4.2e-145  486.9   1.7     1   293   224   515   224   515 1.00 [190263/545/1]
190263/437/1.f:LBKKEJ_13660 -            669 GH13_8.hmm           -            293  1.6e-144  484.9   1.1   1   1  2.6e-147  1.6e-144  484.9   1.1     1   293   219   510   219   510 1.00 [190263/437/1]
190263/399/1.f:CDLIDF_11765 -            670 GH13_8.hmm           -            293  2.2e-144  484.5   0.6   1   1  3.6e-147  2.2e-144  484.5   0.6     1   293   219   510   219   510 1.00 [190263/399/1]
190263/460/1.f:IHFGKI_05370 -            699 GH13_8.hmm           -            293  1.9e-143  481.4   8.3   1   1  1.7e-145    1e-142  479.0   3.2     1   293   250   541   250   541 1.00 [190263/460/1]
190263/522/1.f:NPJBCH_02890 -            689 GH13_8.hmm           -            293    5e-143  480.0   4.6   1   1  9.7e-146    6e-143  479.8   1.2     1   293   240   531   240   531 1.00 [190263/522/1]
190263/364/1.f:DKBBKL_13535 -            660 GH13_8.hmm           -            293  6.6e-143  479.6   3.4   1   1  1.7e-145    1e-142  479.0   3.4     1   293   216   507   216   507 1.00 [190263/364/1]
190263/526/1.f:GBBCGM_01460 -            668 GH13_8.hmm           -            293  5.5e-142  476.6   3.3   1   1  1.2e-144  7.3e-142  476.2   3.3     1   293   217   508   217   508 1.00 [190263/526/1]
190263/366/1.f:DBJPFP_12805 -            678 GH13_8.hmm           -            293  2.6e-136  458.0   0.4   1   1  4.3e-139  2.6e-136  458.0   0.4     1   293   228   518   228   518 0.99 [190263/366/1]
190263/421/1.f:PBKEAC_13085 -            678 GH13_8.hmm           -            293  2.7e-136  457.9   0.6   1   1  4.4e-139  2.7e-136  457.9   0.6     1   293   228   518   228   518 0.99 [190263/421/1]
190263/556/1.f:EMIPPF_12280 -            677 GH13_8.hmm           -            293  4.1e-136  457.3   0.6   1   1  1.3e-138  8.2e-136  456.4   0.6     1   293   227   517   227   517 0.99 [190263/556/1]
190263/540/1.f:BCGFLB_00575 -            678 GH13_8.hmm           -            293  8.2e-136  456.3   0.1   1   1  1.3e-138  8.2e-136  456.3   0.1     1   293   228   517   228   517 0.99 [190263/540/1]
190263/564/1.f:KIHMBJ_00050 -            680 GH13_8.hmm           -            293  2.6e-134  451.4   0.3   1   1  4.2e-137  2.6e-134  451.4   0.3     1   293   229   518   229   518 0.99 [190263/564/1]
190263/523/1.f:MDNHKG_05785 -            674 GH13_8.hmm           -            293  6.5e-134  450.1   0.5   1   1  1.1e-136  6.5e-134  450.1   0.5     1   293   227   517   227   517 0.99 [190263/523/1]
190263/446/1.f:LHJMMB_00145 -            687 GH13_8.hmm           -            293    1e-133  449.5   1.4   1   1  2.9e-136  1.8e-133  448.7   1.4     1   293   227   517   227   517 0.99 [190263/446/1]
190263/578/1.f:HIHCLH_00160 -            639 GH13_8.hmm           -            293   3.7e-53  185.0   2.6   1   1   1.2e-55   7.4e-53  184.0   2.6     1   244   206   445   206   460 0.88 [190263/578/1]
190263/530/1.f:LBOGMJ_11810 -            639 GH13_8.hmm           -            293   6.2e-50  174.5   0.1   1   1   1.5e-52   9.2e-50  173.9   0.1     1   249   200   444   200   456 0.91 [190263/530/1]
190263/382/1.f:JACGKO_09365 -            762 GH13_8.hmm           -            293   1.1e-49  173.6   4.2   1   1   3.5e-52   2.2e-49  172.7   4.2     1   247   202   444   202   453 0.88 [190263/382/1]
190263/436/1.f:KEEIED_02140 -            663 GH13_8.hmm           -            293   3.9e-49  171.8   2.0   1   1   2.3e-51   1.4e-48  170.0   0.1     1   247   200   442   200   451 0.89 [190263/436/1]
190263/390/1.f:OLPOLE_04195 -            671 GH13_8.hmm           -            293   6.3e-49  171.1   0.3   1   1   4.7e-51   2.9e-48  169.0   0.2     1   201   204   401   204   448 0.91 [190263/390/1]
190263/363/1.f:CIHHOC_14890 -            628 GH13_8.hmm           -            293   1.1e-48  170.3   2.7   1   1   2.8e-51   1.7e-48  169.7   2.7     1   243   207   445   207   461 0.90 [190263/363/1]
190263/413/1.f:NMLDCG_10435 -            640 GH13_8.hmm           -            293   1.2e-48  170.3   1.0   1   1   2.9e-51   1.8e-48  169.6   1.0     1   218   195   410   195   438 0.90 [190263/413/1]
190263/546/1.f:GEHMID_08570 -            710 GH13_8.hmm           -            293   2.2e-48  169.3   1.3   1   1   5.8e-51   3.6e-48  168.7   1.3     1   240   217   452   217   467 0.89 [190263/546/1]
190263/386/1.f:DBGIOG_18135 -            733 GH13_8.hmm           -            293   2.5e-48  169.2   1.7   1   1   6.4e-51     4e-48  168.5   1.7     1   247   303   545   303   571 0.84 [190263/386/1]
190263/396/1.f:KAAOMA_20510 -            657 GH13_8.hmm           -            293   4.2e-48  168.4   1.8   1   1   6.9e-51   4.2e-48  168.4   1.8     1   201   201   398   201   454 0.86 [190263/396/1]
190263/409/1.f:AJJCMD_01555 -            636 GH13_8.hmm           -            293   4.3e-48  168.4   5.5   1   1   1.9e-50   1.2e-47  167.0   3.2     1   243   211   449   211   463 0.89 [190263/409/1]
190263/596/1.f:GDHELL_04955 -            761 GH13_8.hmm           -            293   4.7e-48  168.3   5.1   1   1   8.2e-51   5.1e-48  168.2   3.5     1   244   202   442   202   454 0.84 [190263/596/1]
190263/384/1.f:CDKGIA_01540 -            642 GH13_8.hmm           -            293   9.8e-48  167.2   2.5   1   1   2.2e-50   1.3e-47  166.8   1.9     1   222   219   438   219   468 0.88 [190263/384/1]
190263/439/1.f:KGLJGB_01840 -            645 GH13_8.hmm           -            293   1.1e-47  167.1   1.4   1   1   1.8e-50   1.1e-47  167.1   1.4     1   201   207   404   207   450 0.90 [190263/439/1]
190263/546/1.f:GEHMID_20235 -            835 GH13_8.hmm           -            293   1.2e-47  167.0   1.6   1   1   4.9e-50     3e-47  165.7   1.5     1   203   304   503   304   559 0.85 [190263/546/1]
190263/527/1.f:HGADJN_03860 -            751 GH13_8.hmm           -            293   1.3e-47  166.8   0.1   1   1   3.3e-50     2e-47  166.2   0.1     1   247   324   566   324   579 0.89 [190263/527/1]
190263/457/1.f:IIKDLL_01575 -            683 GH13_8.hmm           -            293   2.2e-47  166.1   1.4   1   1   7.8e-50   4.8e-47  165.0   1.4     1   236   248   480   248   498 0.88 [190263/457/1]
190263/541/1.f:IDEEIE_16725 -            637 GH13_8.hmm           -            293   2.4e-47  165.9   1.9   1   1   6.1e-50   3.8e-47  165.3   1.9     1   235   210   440   210   458 0.88 [190263/541/1]
190263/375/1.f:CNGHJF_00690 -            636 GH13_8.hmm           -            293   2.7e-47  165.8   2.9   1   1   4.4e-50   2.7e-47  165.8   2.9     1   218   211   426   211   459 0.87 [190263/375/1]
190263/477/1.f:PCLDCI_09550 -            756 GH13_8.hmm           -            293   2.9e-47  165.7   0.2   1   1     1e-49   6.4e-47  164.6   0.2     1   200   202   398   202   413 0.93 [190263/477/1]
190263/586/1.f:KBDCAC_15535 -            919 GH13_8.hmm           -            293   3.4e-47  165.5   3.5   1   1   9.6e-50   5.9e-47  164.7   3.5     1   255   314   564   314   577 0.89 [190263/586/1]
190263/580/1.f:JCPJNN_03145 -            808 GH13_8.hmm           -            293   3.7e-47  165.3   2.3   1   1   1.1e-49   6.8e-47  164.5   2.3     1   250   304   549   304   563 0.88 [190263/580/1]
190263/420/1.f:GMHOLO_03600 -            751 GH13_8.hmm           -            293   4.3e-47  165.1   0.2   1   1   1.1e-49   6.7e-47  164.5   0.2     1   244   324   563   324   578 0.89 [190263/420/1]
190263/409/1.f:AJJCMD_28105 -            962 GH13_8.hmm           -            293   4.9e-47  164.9   1.5   1   1   1.4e-49   8.4e-47  164.2   1.5     1   256   314   565   314   579 0.90 [190263/409/1]
190263/447/1.f:OLODHC_15300 -            637 GH13_8.hmm           -            293     5e-47  164.9   3.0   1   1   1.3e-49   8.1e-47  164.2   3.0     1   238   210   443   210   465 0.88 [190263/447/1]
190263/537/1.f:AHPNMI_17455 -            636 GH13_8.hmm           -            293   5.9e-47  164.7   2.5   1   1   1.5e-49   9.4e-47  164.0   2.5     1   236   209   440   209   467 0.87 [190263/537/1]
190263/429/1.f:OMPHBF_11125 -            675 GH13_8.hmm           -            293   5.9e-47  164.7   0.8   1   1   9.6e-50   5.9e-47  164.7   0.8     1   201   205   402   205   459 0.86 [190263/429/1]
190263/586/1.f:KBDCAC_00150 -            657 GH13_8.hmm           -            293   6.1e-47  164.6   1.9   1   1   1.8e-49   1.1e-46  163.8   1.9     1   243   232   470   232   484 0.89 [190263/586/1]
190263/452/1.f:PEIHBN_14525 -            635 GH13_8.hmm           -            293   7.4e-47  164.4   2.2   1   1   1.9e-49   1.2e-46  163.7   2.2     1   241   208   444   208   463 0.89 [190263/452/1]
190263/520/1.f:GGDGDE_19510 -            632 GH13_8.hmm           -            293     8e-47  164.2   2.7   1   1     2e-49   1.2e-46  163.7   2.7     1   247   205   447   205   464 0.87 [190263/520/1]
190263/423/1.f:PDNKFB_11650 -            652 GH13_8.hmm           -            293   8.4e-47  164.2   2.8   1   1   2.2e-49   1.3e-46  163.5   2.8     1   238   207   440   207   456 0.88 [190263/423/1]
190263/490/1.f:OIBLLI_07415 -            643 GH13_8.hmm           -            293   9.6e-47  164.0   2.7   1   1   2.6e-49   1.6e-46  163.3   2.7     1   220   210   428   210   461 0.87 [190263/490/1]
190263/580/1.f:JCPJNN_13540 -            640 GH13_8.hmm           -            293   1.1e-46  163.8   0.4   1   1   2.8e-49   1.7e-46  163.2   0.4     1   203   213   412   213   459 0.91 [190263/580/1]
190263/507/1.f:KPMKPI_14600 -            634 GH13_8.hmm           -            293   1.4e-46  163.5   1.9   1   1   4.3e-49   2.7e-46  162.5   1.9     1   238   207   440   207   460 0.87 [190263/507/1]
190263/510/1.f:DELAEA_05535 -            617 GH13_8.hmm           -            293   1.5e-46  163.4   2.7   1   1   4.1e-49   2.6e-46  162.6   2.7     1   244   190   429   190   437 0.87 [190263/510/1]
190263/567/1.f:NOEGFN_14265 -            672 GH13_8.hmm           -            293   1.5e-46  163.4   1.3   1   1     4e-49   2.5e-46  162.7   1.3     1   218   206   421   206   458 0.85 [190263/567/1]
190263/557/1.f:DOLMEB_00910 -            640 GH13_8.hmm           -            293   1.6e-46  163.3   1.9   1   1   3.9e-49   2.4e-46  162.7   1.9     1   244   213   452   213   472 0.91 [190263/557/1]
190263/549/1.f:CNBDFB_17415 -            636 GH13_8.hmm           -            293   2.3e-46  162.7   1.9   1   1   5.6e-49   3.5e-46  162.2   1.9     1   205   209   410   209   466 0.87 [190263/549/1]
190263/494/1.f:LHPBBO_03355 -            654 GH13_8.hmm           -            293   2.6e-46  162.6   1.6   1   1   8.1e-49     5e-46  161.6   1.6     1   252   208   453   208   464 0.88 [190263/494/1]
190263/370/1.f:MFKGBO_25905 -           1011 GH13_8.hmm           -            293   3.8e-46  162.0   0.8   1   1   1.2e-48   7.6e-46  161.0   0.8     1   258   314   567   314   582 0.89 [190263/370/1]
190263/375/1.f:CNGHJF_19620 -            773 GH13_8.hmm           -            293   3.8e-46  162.0   1.6   1   1   9.6e-49   5.9e-46  161.4   1.6     1   257   314   566   314   583 0.90 [190263/375/1]
190263/455/1.f:GDGJDA_15855 -            681 GH13_8.hmm           -            293   4.1e-46  161.9   3.2   1   1   1.1e-48   6.7e-46  161.2   3.2     1   202   254   452   254   493 0.94 [190263/455/1]
190263/487/1.f:MPKEFC_08050 -            634 GH13_8.hmm           -            293   4.8e-46  161.7   4.1   1   1   1.5e-48   9.4e-46  160.7   4.1     1   220   207   424   207   463 0.87 [190263/487/1]
190263/514/1.f:MMHOAN_00550 -            641 GH13_8.hmm           -            293   5.2e-46  161.6   1.7   1   1   1.2e-48   7.6e-46  161.0   1.7     1   202   214   412   214   462 0.92 [190263/514/1]
190263/370/1.f:MFKGBO_01020 -            690 GH13_8.hmm           -            293   7.5e-46  161.1   2.3   1   1   1.8e-48   1.1e-45  160.5   2.3     1   222   266   485   266   518 0.88 [190263/370/1]
190263/443/1.f:LNLACP_12750 -            672 GH13_8.hmm           -            293   1.1e-45  160.6   1.6   1   1   2.5e-48   1.5e-45  160.0   0.8     1   203   206   405   206   454 0.90 [190263/443/1]
190263/478/1.f:BOCJFA_01295 -            628 GH13_8.hmm           -            293   1.1e-45  160.5   2.3   1   1   2.9e-48   1.8e-45  159.8   2.3     1   243   207   445   207   461 0.89 [190263/478/1]
190263/472/1.f:NMGHJI_00720 -            628 GH13_8.hmm           -            293   1.2e-45  160.4   2.0   1   1   2.7e-48   1.7e-45  159.9   2.0     1   244   207   446   207   461 0.88 [190263/472/1]
190263/384/1.f:CDKGIA_28380 -           1035 GH13_8.hmm           -            293   1.4e-45  160.2   1.3   1   1   4.2e-48   2.6e-45  159.3   1.3     1   259   316   570   316   587 0.89 [190263/384/1]
190263/512/1.f:JBCLGH_11775 -            692 GH13_8.hmm           -            293   1.4e-45  160.1   1.8   1   1   3.7e-48   2.3e-45  159.5   1.8     1   244   265   504   265   514 0.92 [190263/512/1]
190263/576/1.f:FNMBCG_01070 -            753 GH13_8.hmm           -            293   2.1e-45  159.6   0.6   1   1   3.4e-48   2.1e-45  159.6   0.6     1   203   207   406   207   454 0.88 [190263/576/1]
190263/495/1.f:ANKNCD_04975 -            632 GH13_8.hmm           -            293   2.4e-45  159.4   3.3   1   1   3.8e-48   2.4e-45  159.4   3.3     1   206   205   407   205   449 0.87 [190263/495/1]
190263/532/1.f:BGDBBA_05875 -            823 GH13_8.hmm           -            293   2.7e-45  159.2   0.6   1   1   4.4e-48   2.7e-45  159.2   0.6     1   244   311   550   311   563 0.88 [190263/532/1]
190263/531/1.f:KJIPPC_13215 -            636 GH13_8.hmm           -            293   4.2e-45  158.6   2.0   1   1   1.2e-47   7.2e-45  157.8   2.0     1   238   209   442   209   464 0.90 [190263/531/1]
190263/568/1.f:ABMLLK_04005 -            657 GH13_8.hmm           -            293   6.2e-45  158.0   4.6   1   1   2.4e-47   1.5e-44  156.8   4.6     1   248   159   400   159   420 0.87 [190263/568/1]
190263/380/1.f:GDCFAC_13255 -            699 GH13_8.hmm           -            293   7.8e-45  157.7   2.8   1   1   1.3e-47   7.8e-45  157.7   2.8     1   204   207   407   207   444 0.92 [190263/380/1]
190263/474/1.f:AMDJJA_03535 -            750 GH13_8.hmm           -            293   9.5e-45  157.4   0.1   1   1     3e-47   1.9e-44  156.5   0.1     1   242   323   560   323   574 0.89 [190263/474/1]
190263/584/1.f:DDCNLE_10110 -            634 GH13_8.hmm           -            293   1.4e-44  156.9   1.5   1   1   2.3e-47   1.4e-44  156.9   1.5     1   250   205   450   205   468 0.84 [190263/584/1]
190263/433/1.f:ADFNDI_16145 -            628 GH13_8.hmm           -            293   1.9e-44  156.4   2.3   1   1   4.7e-47   2.9e-44  155.9   2.3     1   239   207   441   207   457 0.87 [190263/433/1]
190263/422/1.f:HJBCNJ_02670 -            673 GH13_8.hmm           -            293   2.1e-44  156.3   1.7   1   1   5.3e-47   3.2e-44  155.7   1.7     1   220   199   420   199   457 0.87 [190263/422/1]
190263/400/1.f:EIBLKL_02855 -            696 GH13_8.hmm           -            293   2.4e-44  156.1  13.1   1   1   5.6e-47   3.4e-44  155.6   1.6     1   243   204   442   204   456 0.85 [190263/400/1]
190263/588/1.f:LGPOLK_03725 -            684 GH13_8.hmm           -            293   2.4e-44  156.1   0.9   1   1   8.4e-47   5.2e-44  155.0   0.9     1   243   201   439   201   450 0.83 [190263/588/1]
190263/507/1.f:KPMKPI_08900 -            763 GH13_8.hmm           -            293     3e-44  155.8   2.6   1   1   9.8e-47     6e-44  154.8   2.6     1   244   304   543   304   557 0.85 [190263/507/1]
190263/412/1.f:OOIBGL_02975 -            663 GH13_8.hmm           -            293   3.1e-44  155.8   1.5   1   1     5e-47   3.1e-44  155.8   1.5     1   257   202   454   202   471 0.88 [190263/412/1]
190263/513/1.f:MKNBNH_04415 -            839 GH13_8.hmm           -            293   6.8e-44  154.6   1.2   1   1   1.8e-46   1.1e-43  153.9   1.2     1   251   311   557   311   567 0.90 [190263/513/1]
190263/386/1.f:DBGIOG_09515 -            633 GH13_8.hmm           -            293   1.4e-43  153.6   2.7   1   1   3.3e-46     2e-43  153.1   2.7     1   244   206   445   206   461 0.88 [190263/386/1]
190263/434/1.f:NCAOKI_09030 -            712 GH13_8.hmm           -            293   6.5e-43  151.4   0.1   1   1   1.6e-45   9.7e-43  150.8   0.1     1   212   249   451   249   494 0.86 [190263/434/1]
190263/565/1.f:PAEINE_06695 -            748 GH13_8.hmm           -            293   4.9e-42  148.5   1.5   1   1   1.3e-44   7.7e-42  147.9   1.5     1   212   243   445   243   486 0.88 [190263/565/1]
190263/383/1.f:KCEMEB_11120 -            766 GH13_8.hmm           -            293     5e-42  148.5   4.0   1   1   1.2e-44   7.4e-42  147.9   2.8     1   250   200   446   200   459 0.85 [190263/383/1]
190263/496/1.f:JJBAFO_04420 -            699 GH13_8.hmm           -            293   3.4e-41  145.8   0.6   1   1   5.5e-44   3.4e-41  145.8   0.6     1   246   220   457   220   489 0.86 [190263/496/1]
190263/390/1.f:OLPOLE_09855 -            612 GH13_8.hmm           -            293   3.5e-41  145.7   9.6   1   1   1.2e-43   7.3e-41  144.7   0.6     1   250   187   421   187   435 0.88 [190263/390/1]
190263/458/1.f:AMPCAI_12070 -            634 GH13_8.hmm           -            293   1.7e-40  143.4  12.6   1   1   3.6e-43   2.2e-40  143.1   6.9     1   248   197   429   197   457 0.88 [190263/458/1]
190263/455/1.f:GDGJDA_05760 -            594 GH13_8.hmm           -            293     2e-40  143.2   1.6   1   1   1.3e-42   7.8e-40  141.3   1.6     1   249   186   419   186   447 0.89 [190263/455/1]
190263/596/1.f:GDHELL_04090 -            638 GH13_8.hmm           -            293   5.1e-40  141.9   1.7   1   1   1.5e-42   9.2e-40  141.1   1.7     1   201   201   398   201   447 0.89 [190263/596/1]
190263/568/1.f:ABMLLK_12505 -            693 GH13_8.hmm           -            293   1.3e-39  140.6   3.3   1   1   8.9e-42   5.5e-39  138.5   3.3     1   249   241   474   241   487 0.87 [190263/568/1]
190263/478/1.f:BOCJFA_05710 -            757 GH13_8.hmm           -            293   1.6e-39  140.3   1.6   1   1   4.6e-42   2.9e-39  139.5   1.6     2   204   289   488   288   513 0.91 [190263/478/1]
190263/409/1.f:AJJCMD_25835 -            628 GH13_8.hmm           -            293   4.3e-38  135.6   1.6   1   1     7e-41   4.3e-38  135.6   1.6     1   249   218   451   218   460 0.86 [190263/409/1]
190263/458/1.f:AMPCAI_01310 -            591 GH13_8.hmm           -            293   6.2e-38  135.1   4.3   1   1   1.6e-40     1e-37  134.4   0.7     1   253   185   422   185   434 0.86 [190263/458/1]
190263/443/1.f:LNLACP_02815 -            592 GH13_8.hmm           -            293   8.9e-38  134.6   3.9   1   1   1.5e-40   9.2e-38  134.5   0.5     1   249   180   413   180   429 0.91 [190263/443/1]
190263/425/1.f:HPANHD_08490 -            673 GH13_8.hmm           -            293   1.3e-37  134.0   2.6   1   1   3.5e-40   2.2e-37  133.3   2.6     1   252   196   441   196   456 0.90 [190263/425/1]
190263/412/1.f:OOIBGL_09460 -            592 GH13_8.hmm           -            293   6.5e-37  131.7   3.1   1   1   2.3e-39   1.4e-36  130.6   3.1     1   252   184   420   184   429 0.86 [190263/412/1]
190263/396/1.f:KAAOMA_06255 -            611 GH13_8.hmm           -            293   1.6e-36  130.5   2.0   1   1   6.6e-39   4.1e-36  129.1   2.0     1   247   202   433   202   445 0.87 [190263/396/1]
190263/472/1.f:NMGHJI_11660 -            766 GH13_8.hmm           -            293   1.7e-36  130.3   1.0   1   1   4.1e-39   2.5e-36  129.8   0.1     3   206   290   490   288   520 0.90 [190263/472/1]
190263/580/1.f:JCPJNN_31365 -            594 GH13_8.hmm           -            293   2.2e-36  130.0   0.5   1   1   1.6e-38     1e-35  127.8   0.5     1   247   187   418   187   428 0.86 [190263/580/1]
190263/541/1.f:IDEEIE_14160 -            593 GH13_8.hmm           -            293   3.4e-36  129.4   2.4   1   1   5.4e-39   3.4e-36  129.4   2.4     1   250   187   421   187   431 0.86 [190263/541/1]
190263/560/1.f:OAGBLH_00725 -            616 GH13_8.hmm           -            293   1.7e-35  127.0   5.0   1   1   2.8e-38   1.7e-35  127.0   5.0     1   249   194   427   194   442 0.90 [190263/560/1]
190263/547/1.f:KJCAKO_10240 -            608 GH13_8.hmm           -            293   4.2e-35  125.8   9.5   1   1   1.2e-37   7.6e-35  124.9   5.2     1   249   190   424   190   438 0.88 [190263/547/1]
190263/468/1.f:DIOFOH_11010 -            608 GH13_8.hmm           -            293   6.3e-35  125.2   6.7   1   1     1e-37   6.3e-35  125.2   6.7     1   250   190   424   190   439 0.85 [190263/468/1]
190263/433/1.f:ADFNDI_03875 -            594 GH13_8.hmm           -            293   6.3e-35  125.2   2.3   1   1     1e-37   6.3e-35  125.2   2.3     1   254   187   425   187   445 0.89 [190263/433/1]
190263/487/1.f:MPKEFC_03400 -            636 GH13_8.hmm           -            293   7.2e-35  125.0   7.0   1   1   1.2e-37   7.2e-35  125.0   7.0     1   250   190   424   190   439 0.89 [190263/487/1]
190263/363/1.f:CIHHOC_09370 -            749 GH13_8.hmm           -            293   7.2e-35  125.0   0.9   1   1   2.4e-37   1.5e-34  124.0   0.9     1   203   303   502   303   525 0.92 [190263/363/1]
190263/363/1.f:CIHHOC_14300 -            606 GH13_8.hmm           -            293   2.3e-34  123.4   3.4   1   1   8.7e-37   5.4e-34  122.1   0.6     1   254   187   425   187   449 0.86 [190263/363/1]
190263/406/1.f:DKNBGD_04045 -            655 GH13_8.hmm           -            293   1.2e-33  121.0   7.7   1   1   1.3e-35   7.9e-33  118.3   4.2     1   249   194   427   194   442 0.88 [190263/406/1]
190263/490/1.f:OIBLLI_03580 -            793 GH13_8.hmm           -            293   1.4e-33  120.8   0.7   1   1   4.7e-36   2.9e-33  119.8   0.7     3   199   299   492   297   500 0.93 [190263/490/1]
190263/576/1.f:FNMBCG_04305 -            647 GH13_8.hmm           -            293   2.2e-33  120.1   2.8   1   1     1e-35   6.4e-33  118.6   2.8     1   251   200   434   200   444 0.82 [190263/576/1]
190263/438/1.f:IKAFOJ_09095 -            627 GH13_8.hmm           -            293   7.9e-33  118.3   5.5   1   1   1.3e-35   7.9e-33  118.3   5.5     1   253   201   438   201   463 0.84 [190263/438/1]
190263/537/1.f:AHPNMI_10720 -            595 GH13_8.hmm           -            293   1.9e-32  117.1   2.5   1   1   1.3e-34     8e-32  115.0   2.5     1   250   187   421   187   432 0.88 [190263/537/1]
190263/578/1.f:HIHCLH_01360 -            592 GH13_8.hmm           -            293     2e-32  117.0   6.6   1   1   3.2e-35     2e-32  117.0   6.6     1   250   184   418   184   446 0.88 [190263/578/1]
190263/513/1.f:MKNBNH_00670 -            625 GH13_8.hmm           -            293   2.6e-32  116.6   3.5   1   1   1.5e-34   9.4e-32  114.8   3.4     1   249   216   449   216   463 0.83 [190263/513/1]
190263/433/1.f:ADFNDI_10815 -            761 GH13_8.hmm           -            293   2.7e-32  116.5   0.1   1   1   9.7e-35     6e-32  115.4   0.1     4   205   291   489   289   518 0.88 [190263/433/1]
190263/531/1.f:KJIPPC_08760 -            594 GH13_8.hmm           -            293   9.8e-32  114.7   3.3   1   1   5.7e-34   3.5e-31  112.9   3.3     1   250   187   421   187   432 0.88 [190263/531/1]
190263/549/1.f:CNBDFB_01560 -            595 GH13_8.hmm           -            293     1e-31  114.6   5.0   1   1   2.1e-34   1.3e-31  114.3   2.4     1   247   187   418   187   429 0.83 [190263/549/1]
190263/532/1.f:BGDBBA_02740 -            623 GH13_8.hmm           -            293   2.8e-30  110.0   7.9   1   1   6.9e-33   4.3e-30  109.3   4.9     1   253   214   449   214   476 0.84 [190263/532/1]
190263/437/1.f:LBKKEJ_03770 -            787 GH13_8.hmm           -            293   9.2e-17   65.6   1.1   1   1   2.9e-19   1.8e-16   64.6   1.1     1   262   371   621   371   635 0.73 [190263/437/1]
190263/405/1.f:EHKDKA_03360 -            859 GH13_8.hmm           -            293   2.3e-16   64.2   0.7   1   1   9.3e-19   5.8e-16   63.0   0.2     2   110   368   484   367   499 0.83 [190263/405/1]
190263/573/1.f:LIDFCI_15620 -            783 GH13_8.hmm           -            293   3.9e-15   60.2   3.9   1   1   1.8e-17   1.1e-14   58.7   3.9     1   240   373   597   373   633 0.65 [190263/573/1]
190263/475/1.f:MCKEEP_01675 -            793 GH13_8.hmm           -            293   4.2e-15   60.1   4.6   1   1   2.1e-17   1.3e-14   58.5   4.6     1   256   383   624   383   643 0.67 [190263/475/1]
190263/461/1.f:DHPHOK_10125 -            859 GH13_8.hmm           -            293   6.2e-15   59.6   2.1   1   1   1.1e-17   6.8e-15   59.4   0.6     1   111   468   580   468   623 0.85 [190263/461/1]
190263/585/1.f:DLBDDB_01385 -            809 GH13_8.hmm           -            293   1.2e-14   58.6   2.5   1   1     2e-17   1.2e-14   58.6   2.5     1   111   405   519   405   560 0.86 [190263/585/1]
190263/552/1.f:EMALNL_07955 -            758 GH13_8.hmm           -            293   3.7e-14   57.0   6.0   1   1   2.8e-16   1.7e-13   54.9   4.4     1   112   362   479   362   593 0.90 [190263/552/1]
190263/369/1.f:JCDIFE_20170 -            859 GH13_8.hmm           -            293   4.3e-14   56.8   2.1   1   1     7e-17   4.3e-14   56.8   2.1     1   115   468   584   468   625 0.80 [190263/369/1]
190263/412/1.f:OOIBGL_12215 -            698 GH13_8.hmm           -            293   6.6e-14   56.2   0.2   1   1   2.2e-16   1.3e-13   55.2   0.2     2   112   227   348   226   360 0.81 [190263/412/1]
190263/502/1.f:NONHGB_22065 -            944 GH13_8.hmm           -            293   1.3e-13   55.3   0.4   1   1   6.7e-16   4.1e-13   53.6   0.6     1   110   426   541   426   566 0.81 [190263/502/1]
190263/596/1.f:GDHELL_00020 -            694 GH13_8.hmm           -            293   1.7e-13   54.9   0.3   1   1   5.1e-16   3.2e-13   54.0   0.3     3   112   226   346   224   357 0.76 [190263/596/1]
190263/562/1.f:KJGNCK_02055 -            758 GH13_8.hmm           -            293   1.7e-13   54.9   4.4   1   1   2.8e-16   1.7e-13   54.9   4.4     1   112   362   479   362   593 0.90 [190263/562/1]
#
# Program:         hmmsearch
# Version:         3.3.2 (Nov 2020)
# Pipeline mode:   SEARCH
# Query file:      /kb/module/work/tmp/output.1725388484971/GH13_8/GH13_8.hmm
# Target file:     /kb/module/work/tmp/output.1725388484971/hCom2_RAST.fasta
# Option settings: /kb/module/hmmer/bin/hmmsearch --domtblout /kb/module/work/tmp/output.1725388484971/GH13_8/GH13_8-hCom2_RAST.hitout.txt --noali --notextw --domE 1e-15 /kb/module/work/tmp/output.1725388484971/GH13_8/GH13_8.hmm /kb/module/work/tmp/output.1725388484971/hCom2_RAST.fasta 
# Current dir:     /kb/module/work/tmp/output.1725388484971
# Date:            Tue Sep  3 18:48:03 2024
# [ok]
