#                                                                                   --- full sequence --- -------------- this domain -------------   hmm coord   ali coord   env coord
# target name               accession   tlen query name           accession   qlen   E-value  score  bias   #  of  c-Evalue  i-Evalue  score  bias  from    to  from    to  from    to  acc description of target
#       ------------------- ---------- ----- -------------------- ---------- ----- --------- ------ ----- --- --- --------- --------- ------ ----- ----- ----- ----- ----- ----- ----- ---- ---------------------
190263/401/1.f:DMFJNH_07595 -            692 GH13_36.hmm          -            314  8.7e-135  453.5   2.5   1   1  1.1e-136  6.1e-134  450.8   1.7     1   314    80   540    80   540 0.95 [190263/401/1]
190263/504/1.f:DOAHDM_08100 -            692 GH13_36.hmm          -            314  1.7e-134  452.6   3.6   1   1  1.1e-136  6.1e-134  450.8   1.7     1   314    80   540    80   540 0.95 [190263/504/1]
190263/466/1.f:PGJOII_07605 -            686 GH13_36.hmm          -            314  7.2e-123  414.4   2.7   1   1  1.3e-125  7.2e-123  414.4   2.7     1   314    79   536    79   536 0.94 [190263/466/1]
190263/456/1.f:LKAJBD_15395 -            681 GH13_36.hmm          -            314  6.3e-122  411.3   3.1   1   1  1.1e-124  6.3e-122  411.3   3.1     1   314    74   531    74   531 0.94 [190263/456/1]
190263/391/1.f:NONBJF_08120 -            693 GH13_36.hmm          -            314  1.9e-119  403.1   6.2   1   1  3.5e-122  1.9e-119  403.1   6.2     1   314    83   539    83   539 0.93 [190263/391/1]
190263/534/1.f:OHCFJE_04840 -            693 GH13_36.hmm          -            314  1.9e-119  403.1   6.2   1   1  3.5e-122  1.9e-119  403.1   6.2     1   314    83   539    83   539 0.93 [190263/534/1]
190263/545/1.f:NCJBIN_08240 -            693 GH13_36.hmm          -            314  1.9e-119  403.1   6.2   1   1  3.5e-122  1.9e-119  403.1   6.2     1   314    83   539    83   539 0.93 [190263/545/1]
190263/513/1.f:MKNBNH_04310 -            604 GH13_36.hmm          -            314  1.7e-117  396.7   7.0   1   1  3.1e-120  1.7e-117  396.7   7.0     1   313   133   459   133   460 0.97 [190263/513/1]
190263/520/1.f:GGDGDE_02775 -            587 GH13_36.hmm          -            314    1e-111  377.7   6.1   1   1  2.9e-114  1.6e-111  377.1   6.1     1   313   107   434   107   435 0.98 [190263/520/1]
190263/423/1.f:PDNKFB_09310 -            564 GH13_36.hmm          -            314  8.3e-111  374.8   8.8   1   1  2.2e-113  1.2e-110  374.2   8.8     1   314    96   419    96   419 0.96 [190263/423/1]
190263/400/1.f:EIBLKL_02735 -            553 GH13_36.hmm          -            314  1.9e-110  373.6   0.9   1   1  5.4e-113  2.9e-110  373.0   0.9     1   313    75   407    75   408 0.97 [190263/400/1]
190263/495/1.f:ANKNCD_06875 -            582 GH13_36.hmm          -            314  2.9e-109  369.7   9.2   1   1  8.3e-112  4.5e-109  369.1   9.2     1   313    99   427    99   428 0.97 [190263/495/1]
190263/556/1.f:EMIPPF_02175 -            772 GH13_36.hmm          -            314  3.9e-106  359.4   1.2   1   1  9.9e-109  5.4e-106  359.0   1.2     1   313   161   618   161   619 0.92 [190263/556/1]
190263/421/1.f:PBKEAC_05055 -            772 GH13_36.hmm          -            314  1.2e-105  357.8   0.9   1   1    3e-108  1.7e-105  357.3   0.9     1   313   161   618   161   619 0.92 [190263/421/1]
190263/446/1.f:LHJMMB_09610 -            772 GH13_36.hmm          -            314  1.2e-105  357.8   0.9   1   1  3.1e-108  1.7e-105  357.3   0.9     1   313   161   618   161   619 0.92 [190263/446/1]
190263/596/1.f:GDHELL_05010 -            551 GH13_36.hmm          -            314  4.6e-101  342.7   2.1   1   1  8.5e-104  4.6e-101  342.7   2.1     1   312    76   395    76   397 0.92 [190263/596/1]
190263/578/1.f:HIHCLH_07765 -            543 GH13_36.hmm          -            314   4.1e-95  323.2   4.6   1   1   1.1e-97   5.8e-95  322.7   4.6     1   314    71   394    71   394 0.90 [190263/578/1]
190263/512/1.f:JBCLGH_07570 -            562 GH13_36.hmm          -            314   8.6e-87  295.9   4.4   1   1   2.2e-89   1.2e-86  295.4   4.4     1   313    30   375    30   376 0.90 [190263/512/1]
190263/478/1.f:BOCJFA_07705 -            558 GH13_36.hmm          -            314   3.4e-86  293.9   4.7   1   1   8.7e-89   4.7e-86  293.4   4.7     1   313    28   375    28   376 0.90 [190263/478/1]
190263/455/1.f:GDGJDA_15340 -            557 GH13_36.hmm          -            314   1.4e-85  291.9   5.3   1   1   3.9e-88   2.1e-85  291.3   5.3     1   313    28   375    28   376 0.90 [190263/455/1]
190263/507/1.f:KPMKPI_12330 -            554 GH13_36.hmm          -            314   1.9e-85  291.4   4.6   1   1   4.8e-88   2.6e-85  291.0   4.6     1   313    28   375    28   376 0.89 [190263/507/1]
190263/433/1.f:ADFNDI_13085 -            556 GH13_36.hmm          -            314     2e-85  291.4   6.3   1   1   5.2e-88   2.8e-85  290.9   6.3     1   313    28   375    28   376 0.89 [190263/433/1]
190263/425/1.f:HPANHD_10085 -            559 GH13_36.hmm          -            314   2.2e-85  291.3   0.2   1   1   6.4e-88   3.5e-85  290.6   0.2     1   312    28   381    28   383 0.89 [190263/425/1]
190263/452/1.f:PEIHBN_10935 -            559 GH13_36.hmm          -            314   2.5e-85  291.1   3.3   1   1   6.4e-88   3.5e-85  290.6   3.3     1   313    29   374    29   375 0.90 [190263/452/1]
190263/425/1.f:HPANHD_02620 -            541 GH13_36.hmm          -            314     1e-84  289.0   0.6   1   1   3.3e-87   1.8e-84  288.2   0.6     1   313    28   361    28   362 0.86 [190263/425/1]
190263/452/1.f:PEIHBN_09925 -            552 GH13_36.hmm          -            314   8.1e-84  286.1   2.4   1   1   2.1e-86   1.1e-83  285.6   2.4     1   313    28   375    28   376 0.88 [190263/452/1]
190263/447/1.f:OLODHC_03105 -            539 GH13_36.hmm          -            314   1.2e-83  285.6   0.2   1   1   2.8e-86   1.5e-83  285.2   0.2     1   313    28   361    28   362 0.85 [190263/447/1]
190263/409/1.f:AJJCMD_00615 -            565 GH13_36.hmm          -            314   2.5e-83  284.5   1.0   1   1     7e-86   3.8e-83  283.9   1.0     1   313    28   373    28   374 0.86 [190263/409/1]
190263/580/1.f:JCPJNN_24345 -            560 GH13_36.hmm          -            314   3.1e-83  284.2   0.2   1   1   7.7e-86   4.2e-83  283.8   0.2     1   313    28   375    28   376 0.87 [190263/580/1]
190263/472/1.f:NMGHJI_04910 -            559 GH13_36.hmm          -            314   4.6e-83  283.6   3.9   1   1   1.2e-85   6.5e-83  283.1   3.9     1   313    28   377    28   378 0.86 [190263/472/1]
190263/429/1.f:OMPHBF_12730 -            589 GH13_36.hmm          -            314   8.2e-83  282.8   1.0   1   1     2e-85   1.1e-82  282.4   1.0     1   313    52   402    52   403 0.87 [190263/429/1]
190263/409/1.f:AJJCMD_13305 -            517 GH13_36.hmm          -            314   9.7e-83  282.6   0.0   1   1   2.9e-85   1.6e-82  281.9   0.0     3   312    29   358    28   360 0.91 [190263/409/1]
190263/549/1.f:CNBDFB_11805 -            558 GH13_36.hmm          -            314   1.1e-82  282.4   1.2   1   1   2.5e-85   1.4e-82  282.1   1.2     1   313    28   376    28   377 0.87 [190263/549/1]
190263/557/1.f:DOLMEB_09075 -            560 GH13_36.hmm          -            314   1.2e-82  282.2   3.4   1   1   3.7e-85     2e-82  281.5   3.4     1   313    30   375    30   376 0.88 [190263/557/1]
190263/375/1.f:CNGHJF_04595 -            557 GH13_36.hmm          -            314   1.3e-82  282.1   2.7   1   1   3.8e-85   2.1e-82  281.5   2.7     1   313    27   373    27   374 0.89 [190263/375/1]
190263/514/1.f:MMHOAN_12710 -            542 GH13_36.hmm          -            314   2.1e-82  281.4   0.3   1   1   5.3e-85   2.9e-82  281.0   0.3     1   313    32   365    32   366 0.82 [190263/514/1]
190263/455/1.f:GDGJDA_14820 -            543 GH13_36.hmm          -            314   3.9e-82  280.6   0.9   1   1   9.7e-85   5.3e-82  280.1   0.9     1   313    30   363    30   364 0.84 [190263/455/1]
190263/514/1.f:MMHOAN_03820 -            569 GH13_36.hmm          -            314   6.2e-82  279.9   1.3   1   1   1.7e-84   9.2e-82  279.3   1.3     1   313    28   361    28   362 0.86 [190263/514/1]
190263/448/1.f:IBJDOL_08635 -            554 GH13_36.hmm          -            314   1.7e-81  278.4   9.4   1   1   3.2e-84   1.7e-81  278.4   9.4     1   313    28   371    28   372 0.87 [190263/448/1]
190263/425/1.f:HPANHD_03210 -            554 GH13_36.hmm          -            314   2.2e-81  278.1   7.4   1   1   5.4e-84     3e-81  277.7   7.4     1   313    27   372    27   373 0.91 [190263/425/1]
190263/541/1.f:IDEEIE_02835 -            559 GH13_36.hmm          -            314   2.6e-81  277.9   4.8   1   1   7.3e-84     4e-81  277.3   4.8     1   313    27   377    27   378 0.88 [190263/541/1]
190263/363/1.f:CIHHOC_04800 -            542 GH13_36.hmm          -            314   3.6e-81  277.4   0.4   1   1   9.3e-84   5.1e-81  276.9   0.4     1   313    31   364    31   365 0.85 [190263/363/1]
190263/409/1.f:AJJCMD_08075 -            543 GH13_36.hmm          -            314   4.8e-81  277.0   0.0   1   1   1.1e-83   6.1e-81  276.6   0.0     1   313    34   367    34   368 0.87 [190263/409/1]
190263/423/1.f:PDNKFB_07745 -            541 GH13_36.hmm          -            314   9.6e-81  276.0   0.2   1   1   2.5e-83   1.4e-80  275.5   0.2     1   313    32   365    32   366 0.82 [190263/423/1]
190263/382/1.f:JACGKO_00540 -            554 GH13_36.hmm          -            314   2.2e-80  274.8   0.0   1   1   5.9e-83   3.2e-80  274.3   0.0     1   313    29   376    29   377 0.84 [190263/382/1]
190263/382/1.f:JACGKO_03265 -            561 GH13_36.hmm          -            314   2.5e-80  274.6   0.6   1   1   6.8e-83   3.7e-80  274.1   0.2     1   313    31   381    31   382 0.88 [190263/382/1]
190263/363/1.f:CIHHOC_11415 -            558 GH13_36.hmm          -            314     3e-80  274.4   1.3   1   1   5.5e-83     3e-80  274.4   1.3     1   313    27   377    27   378 0.87 [190263/363/1]
190263/580/1.f:JCPJNN_28235 -            543 GH13_36.hmm          -            314   5.8e-80  273.4   0.0   1   1   1.5e-82   7.9e-80  273.0   0.0     1   313    31   364    31   365 0.85 [190263/580/1]
190263/541/1.f:IDEEIE_03910 -            541 GH13_36.hmm          -            314     6e-80  273.4   0.3   1   1   1.5e-82   8.2e-80  272.9   0.3     1   313    30   363    30   364 0.82 [190263/541/1]
190263/516/1.f:MGNFBC_04840 -            588 GH13_36.hmm          -            314   2.5e-79  271.3   0.3   1   1   6.2e-82   3.4e-79  270.9   0.3     1   313    43   390    43   391 0.86 [190263/516/1]
190263/472/1.f:NMGHJI_16290 -            552 GH13_36.hmm          -            314   3.2e-79  271.0   0.3   1   1   8.6e-82   4.7e-79  270.5   0.3     1   313    30   365    30   366 0.88 [190263/472/1]
190263/523/1.f:MDNHKG_08680 -            568 GH13_36.hmm          -            314     4e-79  270.7   0.0   1   1   9.1e-82     5e-79  270.4   0.0     1   313    38   385    38   386 0.87 [190263/523/1]
190263/520/1.f:GGDGDE_05590 -            557 GH13_36.hmm          -            314   6.3e-79  270.0   6.6   1   1     2e-81   1.1e-78  269.3   6.6     1   313    28   376    28   377 0.89 [190263/520/1]
190263/383/1.f:KCEMEB_04450 -            525 GH13_36.hmm          -            314   1.2e-78  269.1   0.8   1   1   2.9e-81   1.6e-78  268.7   0.2     1   313    28   377    28   378 0.86 [190263/383/1]
190263/478/1.f:BOCJFA_01370 -            559 GH13_36.hmm          -            314   1.3e-78  269.0   3.6   1   1   3.8e-81   2.1e-78  268.3   3.6     1   313    27   377    27   378 0.89 [190263/478/1]
190263/425/1.f:HPANHD_03290 -            554 GH13_36.hmm          -            314   1.4e-78  268.9   3.6   1   1   3.6e-81     2e-78  268.4   3.6     1   313    27   374    27   375 0.86 [190263/425/1]
190263/495/1.f:ANKNCD_08970 -            565 GH13_36.hmm          -            314   2.1e-78  268.3   0.6   1   1   5.4e-81   2.9e-78  267.8   0.6     1   313    28   374    28   375 0.88 [190263/495/1]
190263/458/1.f:AMPCAI_01140 -            559 GH13_36.hmm          -            314   2.7e-78  268.0   4.4   1   1   6.8e-81   3.7e-78  267.5   4.4     1   313    29   376    29   377 0.87 [190263/458/1]
190263/455/1.f:GDGJDA_05900 -            561 GH13_36.hmm          -            314   2.8e-78  267.9   0.1   1   1   8.2e-81   4.5e-78  267.2   0.1     1   313    28   374    28   375 0.89 [190263/455/1]
190263/363/1.f:CIHHOC_02445 -            551 GH13_36.hmm          -            314   4.2e-78  267.3   4.9   1   1   1.3e-80   7.1e-78  266.6   4.9     1   313    26   368    26   369 0.88 [190263/363/1]
190263/379/1.f:LOJHAC_03790 -            588 GH13_36.hmm          -            314   1.1e-77  266.0   0.2   1   1   2.6e-80   1.4e-77  265.6   0.2     1   313    43   390    43   391 0.86 [190263/379/1]
190263/433/1.f:ADFNDI_01880 -            557 GH13_36.hmm          -            314   1.4e-77  265.6   0.3   1   1   2.6e-80   1.4e-77  265.6   0.3     1   313    28   374    28   375 0.90 [190263/433/1]
190263/439/1.f:KGLJGB_07065 -            557 GH13_36.hmm          -            314   2.2e-77  265.0   0.3   1   1   6.2e-80   3.4e-77  264.3   0.3     1   313    28   374    28   375 0.90 [190263/439/1]
190263/586/1.f:KBDCAC_00925 -            570 GH13_36.hmm          -            314   2.4e-77  264.8   0.1   1   1   5.9e-80   3.2e-77  264.4   0.1     1   313    27   370    27   371 0.90 [190263/586/1]
190263/520/1.f:GGDGDE_20000 -            560 GH13_36.hmm          -            314   2.8e-77  264.6   3.7   1   1     7e-80   3.8e-77  264.2   3.7     1   313    29   377    29   378 0.87 [190263/520/1]
190263/375/1.f:CNGHJF_04955 -            539 GH13_36.hmm          -            314   3.6e-77  264.3   0.0   1   1   9.5e-80   5.2e-77  263.7   0.0     1   313    28   361    28   362 0.87 [190263/375/1]
190263/406/1.f:DKNBGD_12580 -            551 GH13_36.hmm          -            314     4e-77  264.1   0.0   1   1   7.4e-80     4e-77  264.1   0.0     1   313    26   377    26   378 0.86 [190263/406/1]
190263/390/1.f:OLPOLE_06095 -            631 GH13_36.hmm          -            314   9.5e-77  262.9   0.0   1   1   2.3e-79   1.2e-76  262.5   0.0     1   312   109   453   109   455 0.87 [190263/390/1]
190263/584/1.f:DDCNLE_03835 -            557 GH13_36.hmm          -            314   1.2e-76  262.5   0.0   1   1   3.4e-79   1.8e-76  261.9   0.0     1   313    28   377    28   378 0.86 [190263/584/1]
190263/423/1.f:PDNKFB_07750 -            561 GH13_36.hmm          -            314   1.5e-76  262.3   0.2   1   1     4e-79   2.2e-76  261.7   0.2     1   313    28   374    28   375 0.85 [190263/423/1]
190263/532/1.f:BGDBBA_06200 -            558 GH13_36.hmm          -            314   1.5e-76  262.2   2.7   1   1   3.9e-79   2.1e-76  261.7   2.7     1   313    28   374    28   375 0.87 [190263/532/1]
190263/448/1.f:IBJDOL_10285 -            559 GH13_36.hmm          -            314   1.9e-76  261.9  10.9   1   1     5e-79   2.7e-76  261.4  10.9     1   313    26   368    26   369 0.87 [190263/448/1]
190263/384/1.f:CDKGIA_00625 -            570 GH13_36.hmm          -            314   2.2e-76  261.7   0.1   1   1   5.3e-79   2.9e-76  261.3   0.1     1   313    30   378    30   379 0.88 [190263/384/1]
190263/447/1.f:OLODHC_03415 -            554 GH13_36.hmm          -            314   2.4e-76  261.6   7.2   1   1   6.4e-79   3.5e-76  261.0   7.2     1   313    28   370    28   371 0.89 [190263/447/1]
190263/546/1.f:GEHMID_00295 -            565 GH13_36.hmm          -            314   2.6e-76  261.4   2.0   1   1   7.5e-79   4.1e-76  260.8   2.0     1   313    28   375    28   376 0.88 [190263/546/1]
190263/531/1.f:KJIPPC_09425 -            557 GH13_36.hmm          -            314     3e-76  261.2   0.0   1   1   7.9e-79   4.3e-76  260.7   0.0     1   313    28   374    28   375 0.89 [190263/531/1]
190263/409/1.f:AJJCMD_20400 -            565 GH13_36.hmm          -            314   3.3e-76  261.1   0.0   1   1   8.1e-79   4.4e-76  260.7   0.0     1   313    28   374    28   375 0.86 [190263/409/1]
190263/520/1.f:GGDGDE_10805 -            560 GH13_36.hmm          -            314     5e-76  260.5   1.9   1   1   1.3e-78     7e-76  260.0   1.9     1   313    28   374    28   375 0.89 [190263/520/1]
190263/530/1.f:LBOGMJ_11355 -            566 GH13_36.hmm          -            314     1e-75  259.5   0.5   1   1   2.4e-78   1.3e-75  259.1   0.5     1   313    36   383    36   384 0.90 [190263/530/1]
190263/580/1.f:JCPJNN_29355 -            566 GH13_36.hmm          -            314   1.1e-75  259.3   0.0   1   1     3e-78   1.6e-75  258.8   0.0     1   313    28   375    28   376 0.85 [190263/580/1]
190263/409/1.f:AJJCMD_25500 -            555 GH13_36.hmm          -            314   1.9e-75  258.6   3.0   1   1   4.6e-78   2.5e-75  258.2   3.0     1   313    26   368    26   369 0.87 [190263/409/1]
190263/586/1.f:KBDCAC_04650 -            560 GH13_36.hmm          -            314   2.4e-75  258.3   0.6   1   1   6.4e-78   3.5e-75  257.7   0.6     1   313    26   366    26   367 0.85 [190263/586/1]
190263/526/1.f:GBBCGM_01410 -            561 GH13_36.hmm          -            314   3.7e-75  257.7   0.0   1   1   1.1e-77   6.1e-75  256.9   0.0     1   312    31   375    31   377 0.89 [190263/526/1]
190263/382/1.f:JACGKO_02195 -            543 GH13_36.hmm          -            314   1.3e-74  255.9   0.2   1   1     3e-77   1.6e-74  255.5   0.2     1   313    25   364    25   365 0.87 [190263/382/1]
190263/423/1.f:PDNKFB_11910 -            541 GH13_36.hmm          -            314   1.8e-74  255.4   3.3   1   1   4.3e-77   2.4e-74  255.0   3.3     1   313    28   368    28   369 0.85 [190263/423/1]
190263/384/1.f:CDKGIA_15920 -            590 GH13_36.hmm          -            314   1.8e-74  255.4   0.1   1   1   4.4e-77   2.4e-74  255.0   0.1     1   312    38   382    38   384 0.86 [190263/384/1]
190263/584/1.f:DDCNLE_03830 -            556 GH13_36.hmm          -            314   2.9e-74  254.7   0.4   1   1   7.7e-77   4.2e-74  254.2   0.4     1   313    28   375    28   376 0.87 [190263/584/1]
190263/474/1.f:AMDJJA_02480 -            604 GH13_36.hmm          -            314   3.7e-74  254.4   0.0   1   1   9.9e-77   5.4e-74  253.8   0.0     1   313    46   413    46   414 0.85 [190263/474/1]
190263/474/1.f:AMDJJA_09650 -            608 GH13_36.hmm          -            314   7.1e-74  253.4   0.0   1   1   1.9e-76     1e-73  252.9   0.0     1   313    46   412    46   413 0.87 [190263/474/1]
190263/384/1.f:CDKGIA_03450 -            548 GH13_36.hmm          -            314   1.4e-73  252.4   0.0   1   1   3.5e-76   1.9e-73  252.0   0.0     1   313    26   366    26   367 0.86 [190263/384/1]
190263/406/1.f:DKNBGD_03735 -            567 GH13_36.hmm          -            314   2.2e-73  251.9   0.0   1   1   5.2e-76   2.9e-73  251.4   0.0     1   313    28   385    28   386 0.84 [190263/406/1]
190263/409/1.f:AJJCMD_26280 -            550 GH13_36.hmm          -            314   3.9e-73  251.0   0.2   1   1   9.6e-76   5.3e-73  250.6   0.2     1   313    28   368    28   369 0.84 [190263/409/1]
190263/375/1.f:CNGHJF_16955 -            552 GH13_36.hmm          -            314   5.5e-73  250.5   0.7   1   1   1.3e-75   7.2e-73  250.1   0.7     1   313    26   368    26   369 0.86 [190263/375/1]
190263/513/1.f:MKNBNH_02055 -            565 GH13_36.hmm          -            314   9.7e-73  249.7   0.0   1   1   2.6e-75   1.4e-72  249.2   0.0     1   313    28   375    28   376 0.85 [190263/513/1]
190263/472/1.f:NMGHJI_04900 -            554 GH13_36.hmm          -            314   1.1e-72  249.6   0.0   1   1   2.8e-75   1.6e-72  249.0   0.0     1   313    28   374    28   375 0.81 [190263/472/1]
190263/420/1.f:GMHOLO_08275 -            607 GH13_36.hmm          -            314   1.1e-72  249.5   0.0   1   1   3.6e-75     2e-72  248.7   0.0     1   313    46   413    46   414 0.87 [190263/420/1]
190263/580/1.f:JCPJNN_03710 -            629 GH13_36.hmm          -            314   1.3e-72  249.3   1.0   1   1   3.5e-75   1.9e-72  248.8   1.0     1   311   112   460   112   463 0.88 [190263/580/1]
190263/527/1.f:HGADJN_09155 -            602 GH13_36.hmm          -            314   1.4e-72  249.1   0.0   1   1     5e-75   2.7e-72  248.2   0.0     1   313    46   412    46   413 0.87 [190263/527/1]
190263/540/1.f:BCGFLB_01175 -            585 GH13_36.hmm          -            314   2.2e-72  248.5   0.0   1   1   6.6e-75   3.6e-72  247.8   0.0     1   313    45   392    45   393 0.86 [190263/540/1]
190263/370/1.f:MFKGBO_21105 -            550 GH13_36.hmm          -            314   2.7e-72  248.2   0.5   1   1   6.6e-75   3.6e-72  247.8   0.5     1   313    26   366    26   367 0.87 [190263/370/1]
190263/375/1.f:CNGHJF_04990 -            554 GH13_36.hmm          -            314   2.7e-72  248.2   0.0   1   1   6.6e-75   3.6e-72  247.8   0.0     1   313    28   374    28   375 0.83 [190263/375/1]
190263/460/1.f:IHFGKI_10500 -            578 GH13_36.hmm          -            314   3.2e-72  248.0   0.3   1   1   8.5e-75   4.6e-72  247.5   0.3     1   312    53   414    53   416 0.83 [190263/460/1]
190263/478/1.f:BOCJFA_10845 -            558 GH13_36.hmm          -            314   1.1e-71  246.3   0.0   1   1   2.6e-74   1.4e-71  245.9   0.0     1   313    28   376    28   377 0.83 [190263/478/1]
190263/507/1.f:KPMKPI_03005 -            556 GH13_36.hmm          -            314   1.5e-71  245.8   0.2   1   1   3.9e-74   2.1e-71  245.3   0.2     1   313    28   375    28   376 0.84 [190263/507/1]
190263/527/1.f:HGADJN_09225 -            606 GH13_36.hmm          -            314   1.6e-71  245.7   0.0   1   1   5.2e-74   2.8e-71  244.9   0.0     1   313    46   412    46   413 0.85 [190263/527/1]
190263/546/1.f:GEHMID_11585 -            555 GH13_36.hmm          -            314     4e-71  244.4   0.0   1   1   1.3e-73   7.1e-71  243.6   0.0     1   313    28   374    28   375 0.85 [190263/546/1]
190263/466/1.f:PGJOII_04855 -            554 GH13_36.hmm          -            314   8.8e-69  236.7   0.3   1   1   2.2e-71   1.2e-68  236.3   0.3     1   312    47   384    47   386 0.86 [190263/466/1]
190263/456/1.f:LKAJBD_04235 -            560 GH13_36.hmm          -            314   1.6e-68  235.9   0.4   1   1   3.8e-71   2.1e-68  235.5   0.4     1   312    53   390    53   392 0.86 [190263/456/1]
190263/527/1.f:HGADJN_08895 -            586 GH13_36.hmm          -            314   1.9e-68  235.6   0.0   1   1   5.6e-71   3.1e-68  234.9   0.0     1   311    37   401    37   404 0.89 [190263/527/1]
190263/468/1.f:DIOFOH_01755 -            517 GH13_36.hmm          -            314   1.4e-67  232.8   2.3   1   1   3.5e-70   1.9e-67  232.3   2.3     1   312    27   363    27   365 0.87 [190263/468/1]
190263/514/1.f:MMHOAN_10920 -            617 GH13_36.hmm          -            314   7.9e-67  230.3   0.2   1   1   2.4e-69   1.3e-66  229.6   0.2     1   313   188   499   188   500 0.84 [190263/514/1]
190263/466/1.f:PGJOII_04830 -            560 GH13_36.hmm          -            314     5e-66  227.7   0.1   1   1   1.3e-68   6.8e-66  227.2   0.1     1   313    50   391    50   392 0.86 [190263/466/1]
190263/513/1.f:MKNBNH_10810 -            530 GH13_36.hmm          -            314   8.4e-66  226.9   0.4   1   1     9e-68   4.9e-65  224.4   0.4     1   312    27   376    27   377 0.86 [190263/513/1]
190263/456/1.f:LKAJBD_04210 -            560 GH13_36.hmm          -            314   8.6e-66  226.9   0.1   1   1   2.1e-68   1.2e-65  226.5   0.1     1   313    50   391    50   392 0.86 [190263/456/1]
190263/429/1.f:OMPHBF_06140 -            518 GH13_36.hmm          -            314   9.7e-66  226.7   0.0   1   1   2.4e-68   1.3e-65  226.3   0.0     1   312    27   359    27   360 0.88 [190263/429/1]
190263/596/1.f:GDHELL_05465 -            511 GH13_36.hmm          -            314   1.5e-65  226.0   0.9   1   1   4.1e-68   2.3e-65  225.5   0.9     1   312    27   361    27   363 0.81 [190263/596/1]
190263/474/1.f:AMDJJA_00490 -            604 GH13_36.hmm          -            314   3.2e-65  225.0   0.0   1   1   9.1e-68     5e-65  224.4   0.0     1   311    33   401    33   404 0.89 [190263/474/1]
190263/578/1.f:HIHCLH_03535 -            574 GH13_36.hmm          -            314   4.2e-65  224.6   0.8   1   1   1.4e-67   7.5e-65  223.8   0.8     1   313   172   467   172   468 0.88 [190263/578/1]
190263/520/1.f:GGDGDE_20340 -            572 GH13_36.hmm          -            314   4.8e-65  224.4   1.7   1   1   8.9e-68   4.8e-65  224.4   1.7     1   313   170   464   170   465 0.89 [190263/520/1]
190263/423/1.f:PDNKFB_13510 -            572 GH13_36.hmm          -            314   7.9e-65  223.7   0.9   1   1   1.5e-67   7.9e-65  223.7   0.9     1   313   170   464   170   465 0.90 [190263/423/1]
190263/565/1.f:PAEINE_04520 -            577 GH13_36.hmm          -            314   7.9e-65  223.7   0.0   1   1   2.5e-67   1.4e-64  222.9   0.0     1   311    34   399    34   402 0.89 [190263/565/1]
190263/495/1.f:ANKNCD_04135 -            572 GH13_36.hmm          -            314     3e-64  221.8   2.2   1   1   5.4e-67     3e-64  221.8   2.2     1   313   170   464   170   465 0.89 [190263/495/1]
190263/541/1.f:IDEEIE_03905 -            587 GH13_36.hmm          -            314   5.5e-64  221.0   4.6   1   1   1.6e-66     9e-64  220.2   4.6     1   313   179   474   179   475 0.89 [190263/541/1]
190263/420/1.f:GMHOLO_08475 -            583 GH13_36.hmm          -            314   9.1e-64  220.2   0.0   1   1   3.5e-66   1.9e-63  219.2   0.0     1   311    33   401    33   404 0.89 [190263/420/1]
190263/421/1.f:PBKEAC_02115 -            559 GH13_36.hmm          -            314   3.1e-63  218.5   0.0   1   1   8.3e-66   4.6e-63  217.9   0.0     1   313    50   393    50   394 0.82 [190263/421/1]
190263/409/1.f:AJJCMD_12165 -            510 GH13_36.hmm          -            314   7.1e-63  217.3   0.0   1   1     2e-65   1.1e-62  216.7   0.0     1   312    27   361    27   362 0.85 [190263/409/1]
190263/472/1.f:NMGHJI_18160 -            584 GH13_36.hmm          -            314   7.7e-63  217.2   1.2   1   1   2.3e-65   1.2e-62  216.5   1.2     1   313   180   475   180   476 0.90 [190263/472/1]
190263/514/1.f:MMHOAN_12715 -            584 GH13_36.hmm          -            314   8.9e-63  217.0   2.9   1   1   1.6e-65   8.9e-63  217.0   2.9     1   313   179   474   179   475 0.91 [190263/514/1]
190263/443/1.f:LNLACP_11920 -            522 GH13_36.hmm          -            314   1.2e-62  216.5   0.0   1   1   4.5e-65   2.5e-62  215.5   0.0     1   312    27   368    27   370 0.88 [190263/443/1]
190263/580/1.f:JCPJNN_26940 -            585 GH13_36.hmm          -            314   2.1e-62  215.8   0.4   1   1   5.5e-65     3e-62  215.3   0.4     1   313   179   474   179   475 0.91 [190263/580/1]
190263/447/1.f:OLODHC_11555 -            584 GH13_36.hmm          -            314   2.4e-62  215.6   4.9   1   1   4.3e-65   2.4e-62  215.6   4.9     1   313   180   475   180   476 0.90 [190263/447/1]
190263/580/1.f:JCPJNN_09070 -            521 GH13_36.hmm          -            314   8.8e-62  213.7   0.0   1   1   2.2e-64   1.2e-61  213.3   0.0     1   312    27   360    27   362 0.84 [190263/580/1]
190263/363/1.f:CIHHOC_04795 -            585 GH13_36.hmm          -            314   1.4e-61  213.1   0.7   1   1   4.2e-64   2.3e-61  212.4   0.7     1   313   179   474   179   475 0.91 [190263/363/1]
190263/400/1.f:EIBLKL_04930 -            512 GH13_36.hmm          -            314   6.7e-61  210.8   0.0   1   1   1.7e-63   9.5e-61  210.3   0.0     1   312    27   356    27   358 0.82 [190263/400/1]
190263/425/1.f:HPANHD_10080 -            587 GH13_36.hmm          -            314   9.3e-61  210.4   6.2   1   1   2.8e-63   1.5e-60  209.6   6.2     1   313   180   480   180   481 0.88 [190263/425/1]
190263/423/1.f:PDNKFB_06345 -            588 GH13_36.hmm          -            314   4.5e-60  208.1   0.2   1   1   1.6e-62   8.8e-60  207.1   0.2     1   313   183   475   183   476 0.88 [190263/423/1]
190263/522/1.f:NPJBCH_12425 -            639 GH13_36.hmm          -            314     1e-58  203.7   4.8   1   1   2.7e-61   1.5e-58  203.1   4.8     1   314   162   505   162   505 0.79 [190263/522/1]
190263/368/1.f:HPMDBE_20180 -            615 GH13_36.hmm          -            314   1.2e-58  203.4   4.8   1   1     3e-61   1.6e-58  203.0   4.8     1   314   162   481   162   481 0.81 [190263/368/1]
190263/379/1.f:LOJHAC_21325 -            615 GH13_36.hmm          -            314   1.2e-58  203.4   4.8   1   1     3e-61   1.6e-58  203.0   4.8     1   314   162   481   162   481 0.81 [190263/379/1]
190263/516/1.f:MGNFBC_18275 -            615 GH13_36.hmm          -            314   1.2e-58  203.4   5.1   1   1     3e-61   1.7e-58  203.0   5.1     1   314   162   481   162   481 0.81 [190263/516/1]
190263/460/1.f:IHFGKI_10900 -            641 GH13_36.hmm          -            314   2.8e-57  198.9   3.1   1   1   7.8e-60   4.3e-57  198.3   3.1     1   314   162   507   162   507 0.77 [190263/460/1]
190263/488/1.f:DNPFAC_20990 -            616 GH13_36.hmm          -            314   4.2e-57  198.3   9.1   1   1   1.1e-59     6e-57  197.8   9.1     1   313   163   481   163   482 0.82 [190263/488/1]
190263/527/1.f:HGADJN_08845 -            535 GH13_36.hmm          -            314   5.7e-57  197.9   0.0   1   1   1.8e-59   9.7e-57  197.1   0.0     1   312    35   378    35   380 0.81 [190263/527/1]
190263/405/1.f:EHKDKA_03425 -            619 GH13_36.hmm          -            314   7.8e-57  197.5   0.1   1   1     2e-59   1.1e-56  197.0   0.1     1   312   163   478   163   480 0.88 [190263/405/1]
190263/417/1.f:MHBJAE_19300 -            616 GH13_36.hmm          -            314   1.2e-56  196.9   9.3   1   1     3e-59   1.6e-56  196.4   9.3     1   313   163   481   163   482 0.82 [190263/417/1]
190263/368/1.f:HPMDBE_16265 -            613 GH13_36.hmm          -            314     2e-56  196.1   0.7   1   1   5.2e-59   2.9e-56  195.6   0.7     1   314   158   477   158   477 0.86 [190263/368/1]
190263/516/1.f:MGNFBC_14175 -            613 GH13_36.hmm          -            314     2e-56  196.1   0.6   1   1   5.4e-59   2.9e-56  195.6   0.6     1   314   158   477   158   477 0.85 [190263/516/1]
190263/379/1.f:LOJHAC_16730 -            613 GH13_36.hmm          -            314     2e-56  196.1   0.6   1   1   5.4e-59   2.9e-56  195.6   0.6     1   314   158   477   158   477 0.85 [190263/379/1]
190263/502/1.f:NONHGB_11410 -            616 GH13_36.hmm          -            314   2.3e-56  195.9   7.0   1   1   5.9e-59   3.2e-56  195.4   7.0     1   313   163   481   163   482 0.84 [190263/502/1]
190263/547/1.f:KJCAKO_00600 -            555 GH13_36.hmm          -            314   4.3e-56  195.0   4.6   1   1   3.3e-58   1.8e-55  193.0   4.6     3   313   154   441   153   442 0.86 [190263/547/1]
190263/405/1.f:EHKDKA_13290 -            616 GH13_36.hmm          -            314   4.9e-56  194.8   7.0   1   1   1.3e-58   6.9e-56  194.3   7.0     1   313   163   481   163   482 0.84 [190263/405/1]
190263/388/1.f:FDDJJK_07165 -            616 GH13_36.hmm          -            314   6.4e-56  194.5   6.7   1   1   1.7e-58   9.5e-56  193.9   6.7     1   312   164   481   164   483 0.86 [190263/388/1]
190263/391/1.f:NONBJF_08175 -            616 GH13_36.hmm          -            314   6.5e-56  194.4   6.7   1   1   1.7e-58   9.5e-56  193.9   6.7     1   312   164   481   164   483 0.86 [190263/391/1]
190263/534/1.f:OHCFJE_04790 -            616 GH13_36.hmm          -            314   6.5e-56  194.4   6.7   1   1   1.7e-58   9.5e-56  193.9   6.7     1   312   164   481   164   483 0.86 [190263/534/1]
190263/545/1.f:NCJBIN_08290 -            616 GH13_36.hmm          -            314   6.5e-56  194.4   6.7   1   1   1.7e-58   9.5e-56  193.9   6.7     1   312   164   481   164   483 0.86 [190263/545/1]
190263/399/1.f:CDLIDF_07515 -            617 GH13_36.hmm          -            314   2.4e-55  192.6   7.4   1   1   6.3e-58   3.4e-55  192.1   7.4     1   313   165   483   165   484 0.83 [190263/399/1]
190263/580/1.f:JCPJNN_00815 -            582 GH13_36.hmm          -            314   2.7e-55  192.4   0.2   1   1   4.8e-57   2.6e-54  189.2   0.1     1   311   181   474   181   477 0.89 [190263/580/1]
190263/461/1.f:DHPHOK_10950 -            616 GH13_36.hmm          -            314   3.7e-55  191.9   7.0   1   1   9.4e-58   5.1e-55  191.5   7.0     1   313   163   481   163   482 0.84 [190263/461/1]
190263/552/1.f:EMALNL_07985 -            684 GH13_36.hmm          -            314   8.3e-55  190.8   7.5   1   1   2.3e-57   1.3e-54  190.2   7.5     1   312   232   549   232   551 0.88 [190263/552/1]
190263/562/1.f:KJGNCK_02025 -            684 GH13_36.hmm          -            314   8.3e-55  190.8   7.5   1   1   2.3e-57   1.3e-54  190.2   7.5     1   312   232   549   232   551 0.88 [190263/562/1]
190263/595/1.f:HGDLEC_06160 -            640 GH13_36.hmm          -            314   1.2e-54  190.3   1.9   1   1     3e-57   1.6e-54  189.8   1.9     1   314   162   506   162   506 0.75 [190263/595/1]
190263/369/1.f:JCDIFE_19125 -            616 GH13_36.hmm          -            314   1.5e-54  190.0   7.7   1   1   3.8e-57   2.1e-54  189.5   7.7     1   313   163   481   163   482 0.83 [190263/369/1]
190263/401/1.f:DMFJNH_07625 -            617 GH13_36.hmm          -            314   1.7e-54  189.8   7.0   1   1   4.4e-57   2.4e-54  189.3   7.0     1   312   165   482   165   484 0.88 [190263/401/1]
190263/504/1.f:DOAHDM_08130 -            617 GH13_36.hmm          -            314   1.7e-54  189.8   7.0   1   1   4.4e-57   2.4e-54  189.3   7.0     1   312   165   482   165   484 0.88 [190263/504/1]
190263/596/1.f:GDHELL_06085 -            629 GH13_36.hmm          -            314   1.5e-53  186.6   1.1   1   1   5.3e-55   2.9e-52  182.4   1.1     1   313   191   516   191   517 0.89 [190263/596/1]
190263/456/1.f:LKAJBD_09060 -            616 GH13_36.hmm          -            314   1.6e-53  186.6   6.9   1   1   4.4e-56   2.4e-53  186.0   6.9     1   313   163   481   163   482 0.84 [190263/456/1]
190263/474/1.f:AMDJJA_00520 -            628 GH13_36.hmm          -            314   1.8e-53  186.4   0.0   1   1   2.1e-55   1.1e-52  183.8   0.0     1   312    39   436    39   438 0.76 [190263/474/1]
190263/466/1.f:PGJOII_14705 -            616 GH13_36.hmm          -            314     3e-53  185.7   7.4   1   1   7.6e-56   4.1e-53  185.2   7.4     1   313   163   481   163   482 0.83 [190263/466/1]
190263/568/1.f:ABMLLK_04030 -            626 GH13_36.hmm          -            314   3.8e-53  185.3   3.3   1   1   1.3e-54   7.3e-52  181.1   3.3     1   313   198   502   198   503 0.86 [190263/568/1]
190263/413/1.f:NMLDCG_06385 -            622 GH13_36.hmm          -            314     5e-53  185.0   0.0   1   1     2e-54   1.1e-51  180.6   0.0     1   313   184   509   184   510 0.84 [190263/413/1]
190263/573/1.f:LIDFCI_15590 -            617 GH13_36.hmm          -            314   9.6e-53  184.0   8.8   1   1   2.5e-55   1.4e-52  183.5   8.8     1   312   165   482   165   484 0.88 [190263/573/1]
190263/475/1.f:MCKEEP_01645 -            617 GH13_36.hmm          -            314   1.2e-52  183.8   8.3   1   1     3e-55   1.6e-52  183.3   8.3     1   312   165   482   165   484 0.88 [190263/475/1]
190263/520/1.f:GGDGDE_06845 -           1856 GH13_36.hmm          -            314   1.5e-52  183.4  10.6   1   1   7.6e-55   4.2e-52  181.9  10.6     1   313   904  1293   904  1294 0.85 [190263/520/1]
190263/405/1.f:EHKDKA_23990 -            628 GH13_36.hmm          -            314   1.6e-52  183.3   1.1   1   1   4.5e-55   2.5e-52  182.7   1.1     1   313   177   493   177   494 0.78 [190263/405/1]
190263/527/1.f:HGADJN_00335 -            625 GH13_36.hmm          -            314   1.7e-52  183.2   0.1   1   1   1.7e-42   9.6e-40  141.3   0.0     1   212    27   258    27   280 0.80 [190263/527/1]
190263/390/1.f:OLPOLE_18085 -            605 GH13_36.hmm          -            314   3.5e-52  182.2   0.0   1   1   3.1e-53   1.7e-50  176.6   0.0     1   313   183   509   183   510 0.85 [190263/390/1]
190263/396/1.f:KAAOMA_12335 -            628 GH13_36.hmm          -            314     1e-51  180.7   5.3   1   1     2e-52   1.1e-49  174.0   5.3     1   313   182   507   182   508 0.87 [190263/396/1]
190263/437/1.f:LBKKEJ_03795 -            617 GH13_36.hmm          -            314   1.2e-51  180.5   7.3   1   1   2.8e-54   1.5e-51  180.1   7.3     1   313   165   483   165   484 0.87 [190263/437/1]
190263/576/1.f:FNMBCG_05375 -            618 GH13_36.hmm          -            314   1.2e-51  180.4   0.0   1   1   1.1e-52   5.8e-50  174.9   0.0     1   313   183   509   183   510 0.88 [190263/576/1]
190263/502/1.f:NONHGB_22080 -            651 GH13_36.hmm          -            314   2.3e-51  179.5   1.1   1   1   5.9e-54   3.2e-51  179.0   1.1     1   313   200   516   200   517 0.81 [190263/502/1]
190263/477/1.f:PCLDCI_13415 -            621 GH13_36.hmm          -            314   5.7e-51  178.2   0.0   1   1   4.6e-52   2.5e-49  172.8   0.0     1   313   184   509   184   510 0.87 [190263/477/1]
190263/382/1.f:JACGKO_09355 -           1151 GH13_36.hmm          -            314   7.2e-51  177.9   1.2   1   1   2.2e-52   1.2e-49  173.8   0.8     1   313   192   520   192   521 0.83 [190263/382/1]
190263/510/1.f:DELAEA_05540 -            616 GH13_36.hmm          -            314   9.1e-51  177.5   1.5   1   1   2.6e-52   1.4e-49  173.6   1.5     1   313   184   510   184   511 0.84 [190263/510/1]
190263/584/1.f:DDCNLE_10135 -            626 GH13_36.hmm          -            314   2.3e-50  176.2   0.0   1   1   1.7e-51   9.5e-49  170.9   0.0     1   313   187   512   187   513 0.86 [190263/584/1]
190263/549/1.f:CNBDFB_03745 -            437 GH13_36.hmm          -            314   6.5e-50  174.7   0.0   1   1     2e-52   1.1e-49  174.0   0.0     9   312    37   320    31   322 0.88 [190263/549/1]
190263/425/1.f:HPANHD_08465 -            599 GH13_36.hmm          -            314   8.9e-50  174.3   0.4   1   1   1.7e-51   9.4e-49  170.9   0.4     1   313   186   490   186   491 0.87 [190263/425/1]
190263/400/1.f:EIBLKL_01635 -            626 GH13_36.hmm          -            314     1e-49  174.1   0.2   1   1   6.6e-51   3.6e-48  169.0   0.2     1   313   182   508   182   509 0.87 [190263/400/1]
190263/375/1.f:CNGHJF_00695 -            444 GH13_36.hmm          -            314   1.3e-49  173.8   0.0   1   1   6.8e-52   3.7e-49  172.2   0.0     8   313    39   318    34   319 0.90 [190263/375/1]
190263/588/1.f:LGPOLK_03735 -           1132 GH13_36.hmm          -            314   1.3e-49  173.7   0.1   1   1   3.4e-51   1.9e-48  169.9   0.1     1   313   188   504   188   505 0.82 [190263/588/1]
190263/520/1.f:GGDGDE_17165 -            734 GH13_36.hmm          -            314   1.4e-49  173.6   4.7   1   2   1.7e-18   9.5e-16   62.5   0.5     1    50   194   243   194   271 0.94 [190263/520/1]
190263/520/1.f:GGDGDE_17165 -            734 GH13_36.hmm          -            314   1.4e-49  173.6   4.7   2   2   9.3e-34   5.1e-31  112.7   0.3    53   313   281   570   276   571 0.84 [190263/520/1]
190263/443/1.f:LNLACP_02900 -            616 GH13_36.hmm          -            314   1.6e-49  173.4   0.0   1   1   5.4e-50     3e-47  166.0   0.0     1   313   183   509   183   510 0.85 [190263/443/1]
190263/370/1.f:MFKGBO_26585 -            707 GH13_36.hmm          -            314     3e-49  172.5   0.4   1   2   1.4e-18   7.5e-16   62.8   0.4     1    57   179   236   179   243 0.90 [190263/370/1]
190263/370/1.f:MFKGBO_26585 -            707 GH13_36.hmm          -            314     3e-49  172.5   0.4   2   2   3.5e-32   1.9e-29  107.5   0.0    53   313   266   556   262   557 0.83 [190263/370/1]
190263/556/1.f:EMIPPF_02185 -            625 GH13_36.hmm          -            314   5.5e-49  171.7   0.0   1   1   1.4e-51   7.9e-49  171.2   0.0     1   309   170   482   170   487 0.83 [190263/556/1]
190263/421/1.f:PBKEAC_05065 -            625 GH13_36.hmm          -            314   7.9e-49  171.2   0.0   1   1   2.1e-51   1.1e-48  170.6   0.0     1   309   170   482   170   487 0.83 [190263/421/1]
190263/446/1.f:LHJMMB_09600 -            625 GH13_36.hmm          -            314   7.9e-49  171.2   0.0   1   1   2.1e-51   1.1e-48  170.6   0.0     1   309   170   482   170   487 0.83 [190263/446/1]
190263/567/1.f:NOEGFN_16430 -            620 GH13_36.hmm          -            314   8.7e-49  171.0   0.0   1   1   9.2e-50     5e-47  165.2   0.0     1   313   186   512   186   513 0.85 [190263/567/1]
190263/368/1.f:HPMDBE_05310 -            486 GH13_36.hmm          -            314   6.1e-48  168.3   0.1   1   1   1.5e-50   8.3e-48  167.8   0.1    62   313     3   288     1   289 0.84 [190263/368/1]
190263/458/1.f:AMPCAI_06050 -            434 GH13_36.hmm          -            314   7.6e-48  167.9   0.4   1   1   2.6e-50   1.4e-47  167.1   0.4     8   313    36   317    33   318 0.89 [190263/458/1]
190263/368/1.f:HPMDBE_16250 -            612 GH13_36.hmm          -            314   1.5e-47  167.0   2.2   1   1   2.7e-50   1.5e-47  167.0   2.2     1   314   163   475   163   475 0.80 [190263/368/1]
190263/379/1.f:LOJHAC_16715 -            612 GH13_36.hmm          -            314   1.5e-47  167.0   2.2   1   1   2.7e-50   1.5e-47  167.0   2.2     1   314   163   475   163   475 0.80 [190263/379/1]
190263/516/1.f:MGNFBC_14160 -            612 GH13_36.hmm          -            314   1.5e-47  167.0   2.2   1   1   2.7e-50   1.5e-47  167.0   2.2     1   314   163   475   163   475 0.80 [190263/516/1]
190263/383/1.f:KCEMEB_11095 -            641 GH13_36.hmm          -            314   1.5e-47  166.9   0.8   1   1   2.6e-48   1.4e-45  160.5   0.8     1   313   187   514   187   515 0.85 [190263/383/1]
190263/507/1.f:KPMKPI_02625 -            699 GH13_36.hmm          -            314   1.7e-47  166.8  11.0   1   2   1.7e-18     9e-16   62.6   2.3     1    50   193   242   193   258 0.94 [190263/507/1]
190263/507/1.f:KPMKPI_02625 -            699 GH13_36.hmm          -            314   1.7e-47  166.8  11.0   2   2   1.4e-32   7.8e-30  108.8   1.6    53   313   280   564   275   565 0.81 [190263/507/1]
190263/472/1.f:NMGHJI_04590 -            701 GH13_36.hmm          -            314   1.7e-47  166.8   3.7   1   2   5.6e-19     3e-16   64.1   0.8     1    50   192   241   192   247 0.96 [190263/472/1]
190263/472/1.f:NMGHJI_04590 -            701 GH13_36.hmm          -            314   1.7e-47  166.8   3.7   2   2   9.5e-31   5.2e-28  102.8   0.1    51   313   278   568   267   569 0.80 [190263/472/1]
190263/383/1.f:KCEMEB_04820 -            437 GH13_36.hmm          -            314   2.9e-47  166.0   1.3   1   1   8.4e-50   4.6e-47  165.4   1.3     7   313    33   319    29   320 0.88 [190263/383/1]
190263/513/1.f:MKNBNH_01175 -            697 GH13_36.hmm          -            314   3.3e-47  165.9   8.6   1   2   1.6e-18   8.7e-16   62.6   2.1     1    52   192   243   192   245 0.96 [190263/513/1]
190263/513/1.f:MKNBNH_01175 -            697 GH13_36.hmm          -            314   3.3e-47  165.9   8.6   2   2   5.8e-32   3.2e-29  106.8   0.5    51   313   277   567   274   568 0.81 [190263/513/1]
190263/436/1.f:KEEIED_02150 -           1120 GH13_36.hmm          -            314   3.4e-47  165.8   0.0   1   1   1.3e-48   7.1e-46  161.5   0.0     1   313   197   507   197   508 0.83 [190263/436/1]
190263/583/1.f:BCCKNC_06565 -            624 GH13_36.hmm          -            314   3.5e-47  165.8   0.0   1   1   8.4e-50   4.6e-47  165.4   0.0     1   313   163   481   163   482 0.86 [190263/583/1]
190263/429/1.f:OMPHBF_00070 -            645 GH13_36.hmm          -            314   4.9e-47  165.3   0.0   1   1   1.3e-48     7e-46  161.5   0.0     1   313   183   508   183   509 0.85 [190263/429/1]
190263/586/1.f:KBDCAC_01405 -            732 GH13_36.hmm          -            314   5.2e-47  165.2   3.1   1   2   9.5e-20   5.2e-17   66.6   0.6     1    57   178   235   178   242 0.91 [190263/586/1]
190263/586/1.f:KBDCAC_01405 -            732 GH13_36.hmm          -            314   5.2e-47  165.2   3.1   2   2   2.6e-29   1.4e-26   98.0   0.1    53   313   265   553   257   554 0.76 [190263/586/1]
190263/546/1.f:GEHMID_12200 -            622 GH13_36.hmm          -            314   7.1e-47  164.7   0.0   1   1   1.3e-46   7.1e-44  154.9   0.0     1   248    91   358    91   381 0.82 [190263/546/1]
190263/478/1.f:BOCJFA_13060 -            705 GH13_36.hmm          -            314   7.3e-47  164.7   4.7   1   2   5.6e-18   3.1e-15   60.8   0.5     1    50   192   241   192   256 0.91 [190263/478/1]
190263/478/1.f:BOCJFA_13060 -            705 GH13_36.hmm          -            314   7.3e-47  164.7   4.7   2   2     3e-31   1.6e-28  104.4   0.3    51   313   277   567   271   568 0.81 [190263/478/1]
190263/363/1.f:CIHHOC_04065 -            700 GH13_36.hmm          -            314   7.7e-47  164.6   3.5   1   2   6.6e-19   3.6e-16   63.9   0.4     1    50   192   241   192   269 0.87 [190263/363/1]
190263/363/1.f:CIHHOC_04065 -            700 GH13_36.hmm          -            314   7.7e-47  164.6   3.5   2   2   2.8e-30   1.6e-27  101.2   0.2    53   313   279   567   274   568 0.80 [190263/363/1]
190263/447/1.f:OLODHC_03420 -            676 GH13_36.hmm          -            314   1.2e-46  164.0   0.0   1   1   3.9e-49   2.1e-46  163.2   0.0    11   313    39   321    31   322 0.88 [190263/447/1]
190263/531/1.f:KJIPPC_09870 -            435 GH13_36.hmm          -            314   1.5e-46  163.7   2.2   1   1   2.8e-49   1.5e-46  163.7   1.0    11   308    39   316    32   322 0.89 [190263/531/1]
190263/409/1.f:AJJCMD_01560 -            444 GH13_36.hmm          -            314   1.9e-46  163.3   0.1   1   1   9.2e-49     5e-46  162.0   0.1     8   313    39   318    34   319 0.88 [190263/409/1]
190263/532/1.f:BGDBBA_00800 -            701 GH13_36.hmm          -            314   2.1e-46  163.2   6.7   1   2   2.7e-17   1.5e-14   58.6   1.6     1    49   192   240   192   243 0.98 [190263/532/1]
190263/532/1.f:BGDBBA_00800 -            701 GH13_36.hmm          -            314   2.1e-46  163.2   6.7   2   2   4.6e-32   2.5e-29  107.1   0.3    52   313   278   567   270   568 0.83 [190263/532/1]
190263/578/1.f:HIHCLH_01010 -            702 GH13_36.hmm          -            314   2.3e-46  163.1   6.4   1   2   2.1e-17   1.2e-14   58.9   0.7     1    50   197   246   197   249 0.97 [190263/578/1]
190263/578/1.f:HIHCLH_01010 -            702 GH13_36.hmm          -            314   2.3e-46  163.1   6.4   2   2   7.9e-32   4.3e-29  106.3   0.6    51   313   282   572   276   573 0.76 [190263/578/1]
190263/496/1.f:JJBAFO_04445 -           1096 GH13_36.hmm          -            314   2.5e-46  162.9   0.0   1   1   3.1e-46   1.7e-43  153.7   0.0     1   313   195   520   195   521 0.87 [190263/496/1]
190263/455/1.f:GDGJDA_12270 -            434 GH13_36.hmm          -            314   2.6e-46  162.9   0.1   1   1   8.3e-49   4.5e-46  162.1   0.1    11   313    39   321    34   322 0.88 [190263/455/1]
190263/433/1.f:ADFNDI_12270 -            702 GH13_36.hmm          -            314   2.7e-46  162.9   8.9   1   2   1.6e-18   8.6e-16   62.6   0.7     1    56   192   248   192   256 0.91 [190263/433/1]
190263/433/1.f:ADFNDI_12270 -            702 GH13_36.hmm          -            314   2.7e-46  162.9   8.9   2   2   4.6e-31   2.5e-28  103.8   1.9    51   313   277   567   267   568 0.82 [190263/433/1]
190263/384/1.f:CDKGIA_01450 -            707 GH13_36.hmm          -            314   3.4e-46  162.5   4.0   1   2   2.1e-17   1.1e-14   59.0   0.2     1    47   179   225   179   231 0.96 [190263/384/1]
190263/384/1.f:CDKGIA_01450 -            707 GH13_36.hmm          -            314   3.4e-46  162.5   4.0   2   2     3e-31   1.6e-28  104.4   0.5    53   313   266   556   261   557 0.83 [190263/384/1]
190263/452/1.f:PEIHBN_02820 -            435 GH13_36.hmm          -            314   3.5e-46  162.5   0.0   1   1   1.3e-48     7e-46  161.5   0.0    10   313    38   321    31   322 0.87 [190263/452/1]
190263/557/1.f:DOLMEB_10490 -            442 GH13_36.hmm          -            314   3.7e-46  162.4   0.0   1   1   1.1e-48     6e-46  161.7   0.0    11   313    39   321    34   322 0.88 [190263/557/1]
190263/472/1.f:NMGHJI_14085 -            743 GH13_36.hmm          -            314   4.2e-46  162.2   0.0   1   1   7.6e-46   4.1e-43  152.4   0.0     3   272   214   499   213   503 0.80 [190263/472/1]
190263/549/1.f:CNBDFB_11595 -            622 GH13_36.hmm          -            314   4.4e-46  162.2   0.1   1   1   1.7e-45   9.2e-43  151.2   0.0     1   271    84   370    84   376 0.81 [190263/549/1]
190263/455/1.f:GDGJDA_03815 -            611 GH13_36.hmm          -            314   4.9e-46  162.0   0.5   1   1   1.1e-45   6.2e-43  151.8   0.0     1   269    82   366    82   375 0.84 [190263/455/1]
190263/565/1.f:PAEINE_06670 -           1098 GH13_36.hmm          -            314   6.7e-46  161.5   0.0   1   1   2.4e-47   1.3e-44  157.3   0.0     1   313   194   520   194   521 0.83 [190263/565/1]
190263/457/1.f:IIKDLL_06125 -            442 GH13_36.hmm          -            314   6.9e-46  161.5   0.6   1   1     2e-48   1.1e-45  160.9   0.6     7   313    41   327    37   328 0.86 [190263/457/1]
190263/557/1.f:DOLMEB_12030 -            684 GH13_36.hmm          -            314   1.2e-45  160.8   7.1   1   2   4.9e-18   2.7e-15   61.0   1.7     1    49   171   219   171   235 0.95 [190263/557/1]
190263/557/1.f:DOLMEB_12030 -            684 GH13_36.hmm          -            314   1.2e-45  160.8   7.1   2   2   1.3e-30   7.3e-28  102.3   0.3    51   313   256   548   249   549 0.83 [190263/557/1]
190263/507/1.f:KPMKPI_14695 -            453 GH13_36.hmm          -            314   1.2e-45  160.7   0.2   1   1   6.6e-48   3.6e-45  159.1   0.2     9   313    39   325    33   326 0.87 [190263/507/1]
190263/452/1.f:PEIHBN_14170 -            683 GH13_36.hmm          -            314   1.2e-45  160.7  12.9   1   2   6.5e-18   3.5e-15   60.6   2.1     1    50   171   220   171   239 0.92 [190263/452/1]
190263/452/1.f:PEIHBN_14170 -            683 GH13_36.hmm          -            314   1.2e-45  160.7  12.9   2   2   5.1e-32   2.8e-29  106.9   0.4    51   313   256   548   233   549 0.83 [190263/452/1]
190263/532/1.f:BGDBBA_08525 -            550 GH13_36.hmm          -            314   1.2e-45  160.7   4.0   1   1   2.3e-48   1.2e-45  160.7   4.0    12   313    34   318    25   319 0.85 [190263/532/1]
190263/512/1.f:JBCLGH_10695 -            448 GH13_36.hmm          -            314   1.5e-45  160.4   0.0   1   1   4.4e-48   2.4e-45  159.7   0.0    12   313    40   321    34   322 0.89 [190263/512/1]
190263/409/1.f:AJJCMD_00170 -            628 GH13_36.hmm          -            314   1.8e-45  160.2   0.0   1   1   9.6e-45   5.2e-42  148.8   0.0     1   272    82   369    82   373 0.83 [190263/409/1]
190263/409/1.f:AJJCMD_29540 -            688 GH13_36.hmm          -            314   1.9e-45  160.1   7.6   1   2   1.8e-17   9.8e-15   59.2   1.5     1    49   181   229   181   233 0.97 [190263/409/1]
190263/409/1.f:AJJCMD_29540 -            688 GH13_36.hmm          -            314   1.9e-45  160.1   7.6   2   2   3.4e-31   1.9e-28  104.2   0.5    53   313   268   556   262   557 0.83 [190263/409/1]
190263/549/1.f:CNBDFB_00790 -            682 GH13_36.hmm          -            314   2.2e-45  159.8   7.2   1   2   6.6e-18   3.6e-15   60.6   1.6     1    49   171   219   171   223 0.97 [190263/549/1]
190263/549/1.f:CNBDFB_00790 -            682 GH13_36.hmm          -            314   2.2e-45  159.8   7.2   2   2   1.5e-30   8.2e-28  102.1   0.4    51   313   256   548   252   549 0.80 [190263/549/1]
190263/541/1.f:IDEEIE_16565 -            676 GH13_36.hmm          -            314   2.4e-45  159.7   5.6   1   2   4.1e-17   2.2e-14   58.0   0.8     1    49   171   219   171   233 0.96 [190263/541/1]
190263/541/1.f:IDEEIE_16565 -            676 GH13_36.hmm          -            314   2.4e-45  159.7   5.6   2   2   6.8e-31   3.7e-28  103.2   0.3    53   313   258   545   245   546 0.81 [190263/541/1]
190263/537/1.f:AHPNMI_04290 -            436 GH13_36.hmm          -            314   2.8e-45  159.5   0.0   1   1   8.5e-48   4.7e-45  158.8   0.0    12   313    40   321    31   322 0.88 [190263/537/1]
190263/439/1.f:KGLJGB_08645 -            433 GH13_36.hmm          -            314     3e-45  159.4   0.8   1   1   1.3e-47   7.3e-45  158.1   0.8     9   312    37   320    31   322 0.87 [190263/439/1]
190263/380/1.f:GDCFAC_00690 -            620 GH13_36.hmm          -            314   3.3e-45  159.3   0.0   1   1   1.4e-46   7.8e-44  154.7   0.0     1   313   175   502   175   503 0.83 [190263/380/1]
190263/370/1.f:MFKGBO_01025 -            448 GH13_36.hmm          -            314   3.7e-45  159.1   0.0   1   1   1.8e-47   9.6e-45  157.7   0.0    10   313    34   318    29   319 0.86 [190263/370/1]
190263/495/1.f:ANKNCD_06835 -            701 GH13_36.hmm          -            314   3.7e-45  159.1   9.6   1   2   5.7e-18   3.1e-15   60.8   0.5     1    50   194   243   194   260 0.95 [190263/495/1]
190263/495/1.f:ANKNCD_06835 -            701 GH13_36.hmm          -            314   3.7e-45  159.1   9.6   2   2   3.2e-31   1.7e-28  104.3   0.3    50   313   278   570   257   571 0.83 [190263/495/1]
190263/375/1.f:CNGHJF_20490 -            687 GH13_36.hmm          -            314   4.1e-45  159.0   7.1   1   2   9.6e-18   5.2e-15   60.1   1.6     1    49   180   228   180   232 0.97 [190263/375/1]
190263/375/1.f:CNGHJF_20490 -            687 GH13_36.hmm          -            314   4.1e-45  159.0   7.1   2   2     2e-30   1.1e-27  101.7   0.3    52   313   266   555   254   556 0.78 [190263/375/1]
190263/477/1.f:PCLDCI_13985 -            551 GH13_36.hmm          -            314   5.1e-45  158.7   0.7   1   1   1.5e-47   8.3e-45  157.9   0.7    13   313    37   323    29   324 0.87 [190263/477/1]
190263/513/1.f:MKNBNH_04430 -            616 GH13_36.hmm          -            314   5.1e-45  158.6   0.0   1   1   1.6e-43   8.7e-41  144.7   0.0     1   271    88   374    88   379 0.79 [190263/513/1]
190263/386/1.f:DBGIOG_11970 -            701 GH13_36.hmm          -            314   5.5e-45  158.5  10.6   1   2   6.6e-19   3.6e-16   63.9   1.9     1    50   193   242   193   257 0.91 [190263/386/1]
190263/386/1.f:DBGIOG_11970 -            701 GH13_36.hmm          -            314   5.5e-45  158.5  10.6   2   2     1e-29   5.7e-27   99.3   1.7    52   313   279   568   275   569 0.79 [190263/386/1]
190263/541/1.f:IDEEIE_03490 -            435 GH13_36.hmm          -            314   6.6e-45  158.3   0.0   1   1     2e-47   1.1e-44  157.5   0.0    10   313    38   321    31   322 0.87 [190263/541/1]
190263/520/1.f:GGDGDE_16030 -            436 GH13_36.hmm          -            314   8.3e-45  158.0   0.4   1   1   2.8e-47   1.5e-44  157.1   0.4    10   312    38   320    33   322 0.87 [190263/520/1]
190263/507/1.f:KPMKPI_15040 -            616 GH13_36.hmm          -            314   8.5e-45  157.9   0.0   1   1   1.7e-44   9.3e-42  147.9   0.0     3   272    89   374    88   378 0.80 [190263/507/1]
190263/537/1.f:AHPNMI_00555 -            680 GH13_36.hmm          -            314   8.5e-45  157.9   9.1   1   2   7.7e-18   4.2e-15   60.4   1.6     1    49   171   219   171   230 0.96 [190263/537/1]
190263/537/1.f:AHPNMI_00555 -            680 GH13_36.hmm          -            314   8.5e-45  157.9   9.1   2   2   2.1e-30   1.1e-27  101.6   1.0    50   313   255   548   240   549 0.82 [190263/537/1]
190263/400/1.f:EIBLKL_06495 -            439 GH13_36.hmm          -            314   9.2e-45  157.8   0.6   1   1   3.2e-47   1.8e-44  156.9   0.6     6   313    37   321    33   322 0.88 [190263/400/1]
190263/513/1.f:MKNBNH_11095 -            598 GH13_36.hmm          -            314   9.2e-45  157.8   2.7   1   1   5.3e-47   2.9e-44  156.2   2.7    10   313    40   318    33   319 0.86 [190263/513/1]
190263/478/1.f:BOCJFA_08205 -            581 GH13_36.hmm          -            314   1.1e-44  157.6   2.2   1   1   5.5e-47     3e-44  156.1   2.2     9   313    39   318    33   319 0.86 [190263/478/1]
190263/433/1.f:ADFNDI_04915 -            563 GH13_36.hmm          -            314   1.2e-44  157.5   3.0   1   1   5.4e-47     3e-44  156.1   3.0     9   313    39   318    33   319 0.85 [190263/433/1]
190263/429/1.f:OMPHBF_14120 -            535 GH13_36.hmm          -            314   1.4e-44  157.2   0.0   1   1     4e-47   2.2e-44  156.6   0.0    10   313    41   323    34   324 0.88 [190263/429/1]
190263/546/1.f:GEHMID_03350 -            698 GH13_36.hmm          -            314   1.4e-44  157.2   6.4   1   2   2.5e-19   1.3e-16   65.3   1.6     1    56   193   249   193   265 0.90 [190263/546/1]
190263/546/1.f:GEHMID_03350 -            698 GH13_36.hmm          -            314   1.4e-44  157.2   6.4   2   2     4e-28   2.2e-25   94.2   0.2    51   313   278   567   249   568 0.78 [190263/546/1]
190263/472/1.f:NMGHJI_09485 -            582 GH13_36.hmm          -            314   1.4e-44  157.2   2.5   1   1   8.7e-47   4.8e-44  155.5   2.5     9   313    39   318    33   319 0.85 [190263/472/1]
190263/433/1.f:ADFNDI_16890 -            659 GH13_36.hmm          -            314   1.5e-44  157.1   0.0   1   1   1.1e-45   5.8e-43  151.9   0.0     1   272   129   416   129   426 0.81 [190263/433/1]
190263/578/1.f:HIHCLH_08785 -            436 GH13_36.hmm          -            314   1.6e-44  157.0   1.2   1   1   5.2e-47   2.8e-44  156.2   1.2    10   312    38   320    28   322 0.86 [190263/578/1]
190263/439/1.f:KGLJGB_01210 -            673 GH13_36.hmm          -            314   1.9e-44  156.7   8.8   1   2   2.1e-17   1.1e-14   58.9   0.9     1    58   170   228   170   236 0.89 [190263/439/1]
190263/439/1.f:KGLJGB_01210 -            673 GH13_36.hmm          -            314   1.9e-44  156.7   8.8   2   2   1.9e-30   1.1e-27  101.8   1.5    51   313   255   544   237   545 0.80 [190263/439/1]
190263/455/1.f:GDGJDA_01855 -            680 GH13_36.hmm          -            314     2e-44  156.7   8.2   1   1   7.1e-33   3.9e-30  109.8   0.1    53   313   258   548   253   549 0.84 [190263/455/1]
190263/384/1.f:CDKGIA_19560 -            614 GH13_36.hmm          -            314   2.1e-44  156.6   0.0   1   1   9.6e-45   5.3e-42  148.7   0.0     1   253    81   353    81   369 0.83 [190263/384/1]
190263/546/1.f:GEHMID_08575 -            456 GH13_36.hmm          -            314   2.7e-44  156.3   1.6   1   1   1.1e-46   6.1e-44  155.1   1.6     7   313    38   324    34   325 0.87 [190263/546/1]
190263/514/1.f:MMHOAN_14475 -            693 GH13_36.hmm          -            314   2.8e-44  156.2   7.4   1   2   2.1e-17   1.2e-14   58.9   1.1     1    49   171   219   171   233 0.96 [190263/514/1]
190263/514/1.f:MMHOAN_14475 -            693 GH13_36.hmm          -            314   2.8e-44  156.2   7.4   2   2   4.2e-30   2.3e-27  100.7   0.6    52   313   257   548   247   549 0.85 [190263/514/1]
190263/423/1.f:PDNKFB_07145 -            434 GH13_36.hmm          -            314   2.8e-44  156.2   0.1   1   1     1e-46   5.7e-44  155.2   0.1    10   311    38   320    33   323 0.86 [190263/423/1]
190263/433/1.f:ADFNDI_04815 -            730 GH13_36.hmm          -            314   3.1e-44  156.1   0.0   1   1   5.4e-44   2.9e-41  146.3   0.0     2   272   199   485   198   489 0.80 [190263/433/1]
190263/596/1.f:GDHELL_00025 -            558 GH13_36.hmm          -            314   3.3e-44  156.0   8.5   1   1   1.1e-46   6.1e-44  155.1   8.5    10   313    39   321    32   322 0.87 [190263/596/1]
190263/495/1.f:ANKNCD_19165 -            436 GH13_36.hmm          -            314   3.8e-44  155.8   0.4   1   1   1.3e-46   7.1e-44  154.9   0.4    10   312    38   320    33   322 0.87 [190263/495/1]
190263/384/1.f:CDKGIA_01545 -            446 GH13_36.hmm          -            314   4.5e-44  155.5   0.2   1   1   1.6e-46   8.8e-44  154.6   0.2    10   313    41   318    30   319 0.86 [190263/384/1]
190263/396/1.f:KAAOMA_13065 -            528 GH13_36.hmm          -            314   4.6e-44  155.5   0.3   1   1   1.6e-46   8.5e-44  154.6   0.3     9   313    40   324    34   325 0.89 [190263/396/1]
190263/494/1.f:LHPBBO_03380 -            727 GH13_36.hmm          -            314   5.9e-44  155.2   0.0   1   1   2.6e-45   1.4e-42  150.6   0.0     1   313   238   572   238   573 0.83 [190263/494/1]
190263/576/1.f:FNMBCG_04310 -            452 GH13_36.hmm          -            314   6.1e-44  155.1   0.2   1   1   2.8e-46   1.5e-43  153.8   0.2    14   313    45   320    31   321 0.88 [190263/576/1]
190263/531/1.f:KJIPPC_00425 -            689 GH13_36.hmm          -            314   7.7e-44  154.8   8.7   1   2   1.7e-17   9.2e-15   59.3   3.0     1    51   171   221   171   223 0.97 [190263/531/1]
190263/531/1.f:KJIPPC_00425 -            689 GH13_36.hmm          -            314   7.7e-44  154.8   8.7   2   2     2e-29   1.1e-26   98.4   0.3    51   313   256   548   247   549 0.80 [190263/531/1]
190263/443/1.f:LNLACP_05295 -            749 GH13_36.hmm          -            314   1.2e-43  154.1   0.0   1   1   4.6e-44   2.5e-41  146.5   0.0     1   242   216   477   216   504 0.83 [190263/443/1]
190263/478/1.f:BOCJFA_00930 -            611 GH13_36.hmm          -            314   1.6e-43  153.7   0.0   1   1   1.1e-44   6.2e-42  148.5   0.0     1   269    82   366    82   374 0.83 [190263/478/1]
190263/567/1.f:NOEGFN_05575 -            550 GH13_36.hmm          -            314   1.8e-43  153.5   0.0   1   1   5.6e-46   3.1e-43  152.8   0.0     6   313    36   322    33   323 0.87 [190263/567/1]
190263/447/1.f:OLODHC_15070 -            694 GH13_36.hmm          -            314   2.2e-43  153.3  12.2   1   1   9.2e-32     5e-29  106.1   0.7    53   313   272   562   267   563 0.87 [190263/447/1]
190263/512/1.f:JBCLGH_11560 -            688 GH13_36.hmm          -            314   2.2e-43  153.3   7.6   1   2   1.8e-17   9.9e-15   59.1   2.2     1    49   171   219   171   223 0.97 [190263/512/1]
190263/512/1.f:JBCLGH_11560 -            688 GH13_36.hmm          -            314   2.2e-43  153.3   7.6   2   2   5.2e-29   2.8e-26   97.1   0.3    50   313   255   548   247   549 0.82 [190263/512/1]
190263/490/1.f:OIBLLI_08280 -            704 GH13_36.hmm          -            314   2.4e-43  153.2   9.9   1   2   2.9e-17   1.6e-14   58.5   1.1     1    52   197   248   197   260 0.95 [190263/490/1]
190263/490/1.f:OIBLLI_08280 -            704 GH13_36.hmm          -            314   2.4e-43  153.2   9.9   2   2   1.4e-29   7.5e-27   99.0   2.1    52   313   283   572   276   573 0.76 [190263/490/1]
190263/490/1.f:OIBLLI_01470 -            436 GH13_36.hmm          -            314   2.9e-43  152.9   1.3   1   1   5.3e-46   2.9e-43  152.9   1.3    10   312    38   320    34   322 0.87 [190263/490/1]
190263/474/1.f:AMDJJA_04205 -            431 GH13_36.hmm          -            314   3.3e-43  152.7   0.0   1   1     7e-45   3.8e-42  149.2   0.0     7   313    50   331    45   332 0.87 [190263/474/1]
190263/363/1.f:CIHHOC_14895 -            450 GH13_36.hmm          -            314   3.9e-43  152.4   0.1   1   1     2e-45   1.1e-42  151.0   0.1     9   313    40   324    34   325 0.87 [190263/363/1]
190263/547/1.f:KJCAKO_04325 -            433 GH13_36.hmm          -            314   4.8e-43  152.1   5.3   1   1   1.6e-45   8.9e-43  151.3   5.3    10   313    38   318    31   319 0.85 [190263/547/1]
190263/434/1.f:NCAOKI_09055 -           1104 GH13_36.hmm          -            314   7.5e-43  151.5   0.0   1   1   3.7e-44     2e-41  146.8   0.0     1   313   195   521   195   522 0.81 [190263/434/1]
190263/457/1.f:IIKDLL_01895 -            704 GH13_36.hmm          -            314   8.9e-43  151.3  11.6   1   2     4e-17   2.2e-14   58.0   2.1     1    52   197   248   197   264 0.90 [190263/457/1]
190263/457/1.f:IIKDLL_01895 -            704 GH13_36.hmm          -            314   8.9e-43  151.3  11.6   2   2   2.5e-29   1.3e-26   98.1   2.3    53   313   284   572   278   573 0.73 [190263/457/1]
190263/386/1.f:DBGIOG_09510 -            457 GH13_36.hmm          -            314     1e-42  151.1   0.1   1   1   6.9e-45   3.8e-42  149.2   0.1    10   313    41   326    28   327 0.85 [190263/386/1]
190263/584/1.f:DDCNLE_06665 -            431 GH13_36.hmm          -            314   1.2e-42  150.9   0.1   1   1   4.2e-45   2.3e-42  149.9   0.1     6   313    34   317    31   318 0.88 [190263/584/1]
190263/468/1.f:DIOFOH_00365 -            527 GH13_36.hmm          -            314   1.6e-42  150.5   4.4   1   1     1e-44   5.6e-42  148.7   4.4    11   313    41   320    33   321 0.85 [190263/468/1]
190263/580/1.f:JCPJNN_12915 -            718 GH13_36.hmm          -            314   1.9e-42  150.2   6.3   1   2   6.8e-16   3.7e-13   54.0   1.2     1    49   192   240   192   250 0.96 [190263/580/1]
190263/580/1.f:JCPJNN_12915 -            718 GH13_36.hmm          -            314   1.9e-42  150.2   6.3   2   2   5.6e-29   3.1e-26   97.0   0.0    52   313   278   567   274   568 0.81 [190263/580/1]
190263/447/1.f:OLODHC_03835 -            613 GH13_36.hmm          -            314   2.1e-42  150.1   0.1   1   1   1.2e-41   6.3e-39  138.6   0.0     1   264    85   364    85   375 0.80 [190263/447/1]
190263/412/1.f:OOIBGL_10985 -            436 GH13_36.hmm          -            314   2.2e-42  150.0   0.1   1   1   8.3e-45   4.5e-42  149.0   0.1     7   312    35   320    32   322 0.86 [190263/412/1]
190263/514/1.f:MMHOAN_01610 -            441 GH13_36.hmm          -            314   2.5e-42  149.8   0.0   1   1   7.9e-45   4.3e-42  149.0   0.0    11   313    39   321    34   322 0.88 [190263/514/1]
190263/560/1.f:OAGBLH_03685 -            533 GH13_36.hmm          -            314   2.6e-42  149.7   5.3   1   1   9.3e-45   5.1e-42  148.8   5.3     8   313    38   322    34   323 0.87 [190263/560/1]
190263/530/1.f:LBOGMJ_11835 -            672 GH13_36.hmm          -            314   2.8e-42  149.7   0.0   1   1   8.9e-44   4.9e-41  145.6   0.0     1   313   199   529   199   530 0.85 [190263/530/1]
190263/487/1.f:MPKEFC_01960 -            707 GH13_36.hmm          -            314     3e-42  149.6  14.5   1   2     4e-17   2.2e-14   58.0   3.0     1    49   198   246   198   253 0.98 [190263/487/1]
190263/487/1.f:MPKEFC_01960 -            707 GH13_36.hmm          -            314     3e-42  149.6  14.5   2   2   6.1e-29   3.3e-26   96.8   3.8    53   313   285   573   275   574 0.80 [190263/487/1]
190263/580/1.f:JCPJNN_23320 -            440 GH13_36.hmm          -            314   3.8e-42  149.2   0.0   1   1   1.5e-44   8.1e-42  148.1   0.0     6   313    35   325    32   326 0.86 [190263/580/1]
190263/382/1.f:JACGKO_00555 -           1160 GH13_36.hmm          -            314     9e-42  148.0   6.1   1   1   1.1e-43   6.2e-41  145.2   6.1     1   313   671  1041   671  1042 0.71 [190263/382/1]
190263/443/1.f:LNLACP_13505 -            440 GH13_36.hmm          -            314   1.6e-41  147.2   0.0   1   1   4.6e-44   2.5e-41  146.5   0.0    10   313    42   325    35   326 0.87 [190263/443/1]
190263/487/1.f:MPKEFC_06950 -            441 GH13_36.hmm          -            314   1.9e-41  146.9   1.5   1   1     6e-44   3.3e-41  146.1   1.5     9   313    41   325    37   326 0.87 [190263/487/1]
190263/495/1.f:ANKNCD_08725 -           1674 GH13_36.hmm          -            314   5.2e-41  145.5  10.1   1   1     6e-42   3.3e-39  139.6  10.1     1   313   963  1271   963  1272 0.81 [190263/495/1]
190263/423/1.f:PDNKFB_06835 -           1368 GH13_36.hmm          -            314   1.5e-40  144.0   6.8   1   1   2.7e-43   1.5e-40  144.0   6.8     1   313   841  1149   841  1150 0.83 [190263/423/1]
190263/461/1.f:DHPHOK_10120 -            441 GH13_36.hmm          -            314   2.2e-40  143.4   1.2   1   2   7.5e-25   4.1e-22   83.4   0.2     4    87    54   141    52   152 0.88 [190263/461/1]
190263/461/1.f:DHPHOK_10120 -            441 GH13_36.hmm          -            314   2.2e-40  143.4   1.2   2   2   1.3e-17   7.3e-15   59.6   0.1   127   311   154   328   138   330 0.80 [190263/461/1]
190263/421/1.f:PBKEAC_13760 -            423 GH13_36.hmm          -            314   1.2e-39  141.0   0.0   1   2   3.3e-24   1.8e-21   81.3   0.0     1    85    22   113    22   119 0.86 [190263/421/1]
190263/421/1.f:PBKEAC_13760 -            423 GH13_36.hmm          -            314   1.2e-39  141.0   0.0   2   2   3.3e-17   1.8e-14   58.3   0.0   116   311   116   301   111   304 0.81 [190263/421/1]
190263/421/1.f:PBKEAC_05060 -            445 GH13_36.hmm          -            314   2.2e-39  140.1   0.0   1   1   1.2e-38   6.6e-36  128.7   0.0     7   311    53   324    47   327 0.84 [190263/421/1]
190263/446/1.f:LHJMMB_09605 -            445 GH13_36.hmm          -            314   2.2e-39  140.1   0.0   1   1   1.2e-38   6.6e-36  128.7   0.0     7   311    53   324    47   327 0.84 [190263/446/1]
190263/369/1.f:JCDIFE_20205 -            441 GH13_36.hmm          -            314   3.1e-39  139.7   1.2   1   2   1.2e-24   6.4e-22   82.8   0.2     4    87    54   141    52   152 0.88 [190263/369/1]
190263/369/1.f:JCDIFE_20205 -            441 GH13_36.hmm          -            314   3.1e-39  139.7   1.2   2   2   1.2e-16   6.7e-14   56.4   0.1   127   311   154   328   138   330 0.80 [190263/369/1]
190263/390/1.f:OLPOLE_07045 -            435 GH13_36.hmm          -            314   5.3e-39  138.9   0.0   1   1   1.9e-41     1e-38  137.9   0.0    10   313    38   321    32   322 0.86 [190263/390/1]
190263/556/1.f:EMIPPF_02180 -            445 GH13_36.hmm          -            314   6.3e-39  138.6   0.0   1   2   1.3e-21   7.1e-19   72.8   0.0     7    85    53   138    47   143 0.85 [190263/556/1]
190263/556/1.f:EMIPPF_02180 -            445 GH13_36.hmm          -            314   6.3e-39  138.6   0.0   2   2   5.1e-19   2.8e-16   64.2   0.0   117   311   142   324   137   327 0.85 [190263/556/1]
190263/502/1.f:NONHGB_03625 -            447 GH13_36.hmm          -            314   8.1e-39  138.3   0.8   1   1   7.5e-39   4.1e-36  129.4   0.8     3   310    58   331    57   335 0.87 [190263/502/1]
190263/496/1.f:JJBAFO_01220 -            456 GH13_36.hmm          -            314     1e-38  138.0   0.0   1   1     6e-41   3.3e-38  136.3   0.0    10   313    43   337    40   338 0.83 [190263/496/1]
190263/366/1.f:DBJPFP_13280 -            423 GH13_36.hmm          -            314   1.1e-38  137.9   0.0   1   1   6.4e-38   3.5e-35  126.3   0.0     3   311    24   301    22   304 0.81 [190263/366/1]
190263/405/1.f:EHKDKA_03925 -            447 GH13_36.hmm          -            314   1.4e-38  137.5   0.9   1   1   1.3e-38   7.3e-36  128.6   0.9     3   310    58   331    57   335 0.87 [190263/405/1]
190263/556/1.f:EMIPPF_12930 -            425 GH13_36.hmm          -            314   4.2e-38  135.9   0.0   1   2   2.4e-21   1.3e-18   71.9   0.0     3    83    26   113    24   120 0.85 [190263/556/1]
190263/556/1.f:EMIPPF_12930 -            425 GH13_36.hmm          -            314   4.2e-38  135.9   0.0   2   2   2.3e-18   1.2e-15   62.1   0.1   117   311   119   303   114   306 0.81 [190263/556/1]
190263/565/1.f:PAEINE_09665 -            458 GH13_36.hmm          -            314   4.5e-38  135.8   0.0   1   1   1.5e-40   8.1e-38  135.0   0.0     8   313    51   336    47   337 0.87 [190263/565/1]
190263/446/1.f:LHJMMB_14315 -            427 GH13_36.hmm          -            314   4.5e-38  135.8   0.0   1   2   1.1e-21   6.1e-19   73.0   0.0     3    86    28   118    26   127 0.85 [190263/446/1]
190263/446/1.f:LHJMMB_14315 -            427 GH13_36.hmm          -            314   4.5e-38  135.8   0.0   2   2     3e-18   1.7e-15   61.7   0.0   116   311   120   305   115   308 0.81 [190263/446/1]
190263/405/1.f:EHKDKA_03920 -            441 GH13_36.hmm          -            314   7.6e-38  135.1   0.1   1   1   1.8e-36   9.9e-34  121.6   0.1     3   310    54   327    53   330 0.81 [190263/405/1]
190263/595/1.f:HGDLEC_07220 -           1077 GH13_36.hmm          -            314   7.7e-38  135.1   1.3   1   1   9.3e-37   5.1e-34  122.5   0.9     1   212    76   325    76   355 0.79 [190263/595/1]
190263/434/1.f:NCAOKI_06450 -            529 GH13_36.hmm          -            314   9.5e-38  134.8   0.0   1   1   3.1e-40   1.7e-37  133.9   0.0    11   313    49   341    42   342 0.85 [190263/434/1]
190263/502/1.f:NONHGB_03620 -            441 GH13_36.hmm          -            314   2.3e-37  133.5   0.1   1   1   1.8e-24     1e-21   82.1   0.0     3    85    54   140    53   150 0.88 [190263/502/1]
190263/562/1.f:KJGNCK_01560 -            454 GH13_36.hmm          -            314   7.8e-37  131.8   1.3   1   1   1.1e-23   5.8e-21   79.6   0.0     3    82    60   146    59   152 0.89 [190263/562/1]
190263/523/1.f:MDNHKG_06170 -            426 GH13_36.hmm          -            314   5.5e-36  129.0   0.0   1   2   1.9e-21     1e-18   72.2   0.0     4    85    27   115    24   119 0.84 [190263/523/1]
190263/523/1.f:MDNHKG_06170 -            426 GH13_36.hmm          -            314   5.5e-36  129.0   0.0   2   2   3.1e-16   1.7e-13   55.1   0.0   117   311   119   302   114   305 0.83 [190263/523/1]
190263/596/1.f:GDHELL_04035 -            427 GH13_36.hmm          -            314   1.3e-35  127.8   3.0   1   2   6.7e-22   3.7e-19   73.7   0.1     1    79    26   111    26   127 0.89 [190263/596/1]
190263/596/1.f:GDHELL_04035 -            427 GH13_36.hmm          -            314   1.3e-35  127.8   3.0   2   2   6.3e-16   3.4e-13   54.1   0.7   133   312   137   316   120   318 0.73 [190263/596/1]
190263/420/1.f:GMHOLO_01245 -            605 GH13_36.hmm          -            314   2.2e-35  127.0   0.0   1   1   7.4e-38     4e-35  126.1   0.0     1   252    86   357    86   374 0.89 [190263/420/1]
190263/362/1.f:KJODLM_11060 -            151 GH13_36.hmm          -            314   2.5e-35  126.8   0.9   1   1   5.5e-38     3e-35  126.5   0.9     1   118    26   141    26   147 0.93 [190263/362/1]
190263/576/1.f:FNMBCG_14575 -            609 GH13_36.hmm          -            314   4.2e-35  126.1   0.0   1   1   1.3e-37   7.2e-35  125.3   0.0     1   251    81   351    81   370 0.87 [190263/576/1]
190263/595/1.f:HGDLEC_06210 -            450 GH13_36.hmm          -            314   4.8e-35  125.9   0.4   1   1   3.3e-23   1.8e-20   78.0   0.0     3    85    49   135    48   143 0.88 [190263/595/1]
190263/527/1.f:HGADJN_01360 -            605 GH13_36.hmm          -            314   5.9e-35  125.6   0.0   1   1   1.9e-37     1e-34  124.8   0.0     1   252    86   357    86   374 0.89 [190263/527/1]
190263/405/1.f:EHKDKA_03440 -            699 GH13_36.hmm          -            314   7.4e-35  125.3   1.1   1   1   1.3e-35   7.2e-33  118.7   1.1     1   313   249   579   249   580 0.84 [190263/405/1]
190263/585/1.f:DLBDDB_01385 -            809 GH13_36.hmm          -            314   1.6e-34  124.1   1.9   1   1   1.1e-35   6.1e-33  119.0   1.9     1   311   372   681   372   684 0.79 [190263/585/1]
190263/425/1.f:HPANHD_10050 -            607 GH13_36.hmm          -            314   2.5e-34  123.5   0.0   1   1   7.3e-37     4e-34  122.9   0.0     1   308   180   474   180   477 0.86 [190263/425/1]
190263/596/1.f:GDHELL_06435 -           1356 GH13_36.hmm          -            314     6e-34  122.3   4.1   1   1   3.8e-36   2.1e-33  120.5   4.1     1   309   107   478   107   480 0.76 [190263/596/1]
190263/461/1.f:DHPHOK_18795 -            445 GH13_36.hmm          -            314   1.2e-33  121.3   0.2   1   1   1.1e-22   6.1e-20   76.3   0.1     6    85    61   144    58   154 0.89 [190263/461/1]
190263/578/1.f:HIHCLH_02510 -            433 GH13_36.hmm          -            314   3.8e-33  119.6   4.6   1   1   2.4e-20   1.3e-17   68.6   0.0     1    79    26   111    26   121 0.88 [190263/578/1]
190263/596/1.f:GDHELL_07000 -            804 GH13_36.hmm          -            314   4.1e-32  116.3  15.5   1   1   3.7e-32     2e-29  107.4  11.0     1   213   187   465   187   521 0.72 [190263/596/1]
190263/596/1.f:GDHELL_06780 -            751 GH13_36.hmm          -            314   1.1e-31  114.9  13.4   1   1   1.3e-31   6.9e-29  105.6   8.2     1   262   177   477   177   496 0.74 [190263/596/1]
190263/573/1.f:LIDFCI_15620 -            783 GH13_36.hmm          -            314   1.5e-30  111.1   5.2   1   1   1.9e-31     1e-28  105.1   5.2     3   310   342   640   340   643 0.81 [190263/573/1]
190263/475/1.f:MCKEEP_01675 -            793 GH13_36.hmm          -            314   1.9e-30  110.7   5.6   1   1   2.4e-31   1.3e-28  104.7   5.6     3   310   352   650   350   653 0.81 [190263/475/1]
190263/405/1.f:EHKDKA_03360 -            859 GH13_36.hmm          -            314   4.2e-30  109.7   0.3   1   1   9.6e-20   5.3e-17   66.6   0.1     2    76   335   411   334   417 0.91 [190263/405/1]
190263/437/1.f:LBKKEJ_03770 -            787 GH13_36.hmm          -            314   1.1e-29  108.3   0.8   1   1     4e-30   2.2e-27  100.7   0.8     1   310   338   641   338   643 0.79 [190263/437/1]
190263/379/1.f:LOJHAC_03785 -            480 GH13_36.hmm          -            314   9.9e-29  105.1   6.1   1   1   2.7e-31   1.5e-28  104.6   6.1    11   313    29   372    22   373 0.78 [190263/379/1]
190263/516/1.f:MGNFBC_04845 -            482 GH13_36.hmm          -            314     1e-28  105.1   6.1   1   1   2.7e-31   1.5e-28  104.5   6.1    11   313    29   372    22   373 0.78 [190263/516/1]
190263/368/1.f:HPMDBE_05470 -            480 GH13_36.hmm          -            314   1.6e-28  104.4   6.1   1   1   4.4e-31   2.4e-28  103.9   6.1    11   313    29   372    22   373 0.78 [190263/368/1]
190263/417/1.f:MHBJAE_19340 -            953 GH13_36.hmm          -            314     6e-28  102.6   0.8   1   1   2.9e-29   1.6e-26   97.9   0.8     1   279   518   778   518   823 0.77 [190263/417/1]
190263/369/1.f:JCDIFE_20170 -            859 GH13_36.hmm          -            314   1.2e-27  101.6   3.6   1   1   3.9e-28   2.1e-25   94.2   3.6     1   310   435   731   435   733 0.80 [190263/369/1]
190263/496/1.f:JJBAFO_05545 -            425 GH13_36.hmm          -            314   1.3e-27  101.5   0.0   1   1     1e-18   5.5e-16   63.3   0.0     2    85    27   117    26   124 0.88 [190263/496/1]
190263/363/1.f:CIHHOC_15755 -            564 GH13_36.hmm          -            314   1.4e-27  101.4   0.0   1   1   7.6e-30   4.1e-27   99.8   0.0    18   273    84   341    73   371 0.86 [190263/363/1]
190263/461/1.f:DHPHOK_10125 -            859 GH13_36.hmm          -            314   1.5e-27  101.3   2.7   1   1   1.1e-18   6.1e-16   63.1   0.1     2    85   436   521   435   544 0.85 [190263/461/1]
190263/488/1.f:DNPFAC_21035 -            952 GH13_36.hmm          -            314   1.6e-27  101.2   0.7   1   1   8.5e-29   4.7e-26   96.4   0.7     1   304   517   814   517   822 0.78 [190263/488/1]
190263/401/1.f:DMFJNH_19195 -            565 GH13_36.hmm          -            314   3.4e-27  100.1   0.0   1   1   1.7e-29   9.2e-27   98.7   0.0    34   313    91   398    81   399 0.77 [190263/401/1]
190263/504/1.f:DOAHDM_17830 -            565 GH13_36.hmm          -            314   3.4e-27  100.1   0.0   1   1   1.7e-29   9.2e-27   98.7   0.0    34   313    91   398    81   399 0.77 [190263/504/1]
190263/422/1.f:HJBCNJ_14695 -            443 GH13_36.hmm          -            314   5.1e-27   99.5   0.1   1   1   1.2e-29   6.6e-27   99.1   0.1     1   114   175   294   175   317 0.86 [190263/422/1]
190263/502/1.f:NONHGB_22065 -            944 GH13_36.hmm          -            314   6.2e-27   99.2   1.3   1   1   1.9e-27     1e-24   92.0   1.3     4   217   396   599   394   717 0.77 [190263/502/1]
190263/502/1.f:NONHGB_17565 -            565 GH13_36.hmm          -            314     7e-27   99.1   0.2   1   1   1.2e-28   6.6e-26   95.9   0.1    34   313    91   398    81   399 0.74 [190263/502/1]
190263/405/1.f:EHKDKA_19205 -            565 GH13_36.hmm          -            314     9e-27   98.7   0.2   1   1   1.5e-28   8.1e-26   95.6   0.2    34   313    91   398    41   399 0.78 [190263/405/1]
190263/437/1.f:LBKKEJ_12165 -            565 GH13_36.hmm          -            314   1.2e-26   98.3   0.4   1   1   6.4e-28   3.5e-25   93.5   0.3    34   313    91   398    83   399 0.76 [190263/437/1]
190263/417/1.f:MHBJAE_14815 -            565 GH13_36.hmm          -            314   1.8e-26   97.7   0.3   1   1   2.5e-28   1.3e-25   94.8   0.1    34   313    91   398    80   399 0.75 [190263/417/1]
190263/552/1.f:EMALNL_07955 -            758 GH13_36.hmm          -            314   1.9e-26   97.6   4.6   1   1   1.1e-27   5.8e-25   92.8   4.6     1   303   329   624   329   633 0.75 [190263/552/1]
190263/562/1.f:KJGNCK_02055 -            758 GH13_36.hmm          -            314   1.9e-26   97.6   4.6   1   1   1.1e-27   5.8e-25   92.8   4.6     1   303   329   624   329   633 0.75 [190263/562/1]
190263/405/1.f:EHKDKA_23960 -            941 GH13_36.hmm          -            314   2.3e-26   97.4   1.2   1   1   5.7e-27   3.1e-24   90.4   1.3     4   212   392   590   390   601 0.86 [190263/405/1]
190263/573/1.f:LIDFCI_08210 -            565 GH13_36.hmm          -            314   3.7e-26   96.7   0.1   1   1     3e-28   1.6e-25   94.6   0.0    34   313    91   398    76   399 0.76 [190263/573/1]
190263/502/1.f:NONHGB_12240 -            481 GH13_36.hmm          -            314   3.8e-26   96.7   5.4   1   1   2.5e-28   1.4e-25   94.8   5.4    11   313    29   372    22   373 0.75 [190263/502/1]
190263/456/1.f:LKAJBD_11995 -            565 GH13_36.hmm          -            314   5.8e-26   96.1   0.1   1   1   2.3e-27   1.2e-24   91.7   0.0    34   313    91   398    76   399 0.75 [190263/456/1]
190263/527/1.f:HGADJN_04155 -           1752 GH13_36.hmm          -            314   6.3e-26   95.9  18.0   1   1   1.1e-17   5.8e-15   59.9   2.8    41   297    99   357    83   364 0.80 [190263/527/1]
190263/388/1.f:FDDJJK_20545 -            565 GH13_36.hmm          -            314   9.4e-26   95.4   0.0   1   1   2.1e-27   1.1e-24   91.8   0.0    34   313    91   398    81   399 0.80 [190263/388/1]
190263/475/1.f:MCKEEP_18790 -            586 GH13_36.hmm          -            314   1.2e-25   95.0   0.1   1   1     9e-28   4.9e-25   93.0   0.1    34   313   112   419    97   420 0.76 [190263/475/1]
190263/460/1.f:IHFGKI_07165 -            730 GH13_36.hmm          -            314   1.6e-25   94.6   0.3   1   1   2.7e-27   1.5e-24   91.4   0.3    34   313    89   408    81   409 0.72 [190263/460/1]
190263/585/1.f:DLBDDB_13485 -            565 GH13_36.hmm          -            314   1.6e-25   94.6   0.2   1   1   9.3e-28   5.1e-25   92.9   0.1    34   313    91   398    80   399 0.76 [190263/585/1]
190263/504/1.f:DOAHDM_13260 -            481 GH13_36.hmm          -            314   2.1e-25   94.2   4.6   1   1   1.6e-27   8.6e-25   92.2   4.6    12   313    30   372    22   373 0.75 [190263/504/1]
190263/466/1.f:PGJOII_12185 -            564 GH13_36.hmm          -            314   2.3e-25   94.1   0.3   1   1   1.8e-27   9.6e-25   92.0   0.3    34   313    90   397    41   398 0.78 [190263/466/1]
190263/562/1.f:KJGNCK_19700 -            565 GH13_36.hmm          -            314     3e-25   93.7   0.3   1   1   3.1e-27   1.7e-24   91.2   0.1    34   313    91   398    80   399 0.76 [190263/562/1]
190263/552/1.f:EMALNL_18230 -            565 GH13_36.hmm          -            314   3.1e-25   93.6   0.2   1   1   2.5e-27   1.4e-24   91.5   0.1    34   313    91   398    76   399 0.76 [190263/552/1]
190263/401/1.f:DMFJNH_14170 -            481 GH13_36.hmm          -            314   3.5e-25   93.5   4.0   1   1   2.6e-27   1.4e-24   91.5   4.0    12   313    30   372    22   373 0.74 [190263/401/1]
190263/446/1.f:LHJMMB_08785 -            474 GH13_36.hmm          -            314   4.1e-25   93.3   0.7   1   1   1.6e-27   8.7e-25   92.2   0.7    12   313    24   366    17   367 0.76 [190263/446/1]
190263/391/1.f:NONBJF_22535 -            565 GH13_36.hmm          -            314   4.6e-25   93.1   0.0   1   1   6.7e-27   3.7e-24   90.1   0.0    34   313    91   398    81   399 0.78 [190263/391/1]
190263/534/1.f:OHCFJE_21330 -            565 GH13_36.hmm          -            314   4.6e-25   93.1   0.0   1   1   6.7e-27   3.7e-24   90.1   0.0    34   313    91   398    81   399 0.78 [190263/534/1]
190263/545/1.f:NCJBIN_22670 -            565 GH13_36.hmm          -            314   4.6e-25   93.1   0.0   1   1   6.7e-27   3.7e-24   90.1   0.0    34   313    91   398    81   399 0.78 [190263/545/1]
190263/404/1.f:BGJBIG_13360 -            565 GH13_36.hmm          -            314   5.2e-25   92.9   0.0   1   1   5.8e-27   3.2e-24   90.3   0.0    34   312    91   397    80   399 0.76 [190263/404/1]
190263/369/1.f:JCDIFE_14875 -            565 GH13_36.hmm          -            314   6.2e-25   92.7   0.1   1   1   5.2e-27   2.9e-24   90.5   0.1    34   313    91   398    81   399 0.77 [190263/369/1]
190263/417/1.f:MHBJAE_18870 -            481 GH13_36.hmm          -            314   6.2e-25   92.7   5.7   1   1   4.8e-27   2.6e-24   90.6   5.7    11   313    29   372    22   373 0.74 [190263/417/1]
190263/399/1.f:CDLIDF_09515 -            566 GH13_36.hmm          -            314   9.2e-25   92.1   0.2   1   1   7.5e-27   4.1e-24   90.0   0.1    34   313    91   398    82   399 0.75 [190263/399/1]
190263/368/1.f:HPMDBE_21520 -            570 GH13_36.hmm          -            314   9.7e-25   92.0   1.1   1   1   9.4e-27   5.2e-24   89.6   0.7    34   313    94   400    84   401 0.71 [190263/368/1]
190263/379/1.f:LOJHAC_22660 -            570 GH13_36.hmm          -            314   9.7e-25   92.0   1.1   1   1   9.4e-27   5.2e-24   89.6   0.7    34   313    94   400    84   401 0.71 [190263/379/1]
190263/516/1.f:MGNFBC_19510 -            570 GH13_36.hmm          -            314   9.7e-25   92.0   1.1   1   1   9.4e-27   5.2e-24   89.6   0.7    34   313    94   400    84   401 0.71 [190263/516/1]
190263/461/1.f:DHPHOK_14900 -            565 GH13_36.hmm          -            314   1.1e-24   91.9   0.1   1   1   8.9e-27   4.8e-24   89.7   0.1    34   313    91   398    81   399 0.77 [190263/461/1]
190263/474/1.f:AMDJJA_00550 -           1708 GH13_36.hmm          -            314   1.3e-24   91.6  19.1   1   1     2e-18   1.1e-15   62.3   1.0    41   306   104   363    87   365 0.78 [190263/474/1]
190263/488/1.f:DNPFAC_16590 -            565 GH13_36.hmm          -            314   1.4e-24   91.5   0.1   1   1     9e-27   4.9e-24   89.7   0.1    34   313    91   398    81   399 0.76 [190263/488/1]
190263/522/1.f:NPJBCH_00510 -            558 GH13_36.hmm          -            314   1.5e-24   91.4   0.0   1   1     8e-26   4.4e-23   86.6   0.0    34   313    85   393    75   394 0.69 [190263/522/1]
190263/583/1.f:BCCKNC_16290 -            565 GH13_36.hmm          -            314     3e-24   90.4   0.2   1   1   1.3e-26   7.4e-24   89.1   0.1    34   313    91   398    82   399 0.76 [190263/583/1]
190263/556/1.f:EMIPPF_05095 -            476 GH13_36.hmm          -            314   3.1e-24   90.4   2.5   1   1   1.2e-26   6.8e-24   89.2   2.5    11   313    23   366    18   367 0.75 [190263/556/1]
190263/526/1.f:GBBCGM_01405 -            476 GH13_36.hmm          -            314   1.4e-23   88.2   8.1   1   1   5.6e-26   3.1e-23   87.1   8.1     9   307    22   361    13   366 0.72 [190263/526/1]
190263/488/1.f:DNPFAC_20230 -            481 GH13_36.hmm          -            314   2.4e-23   87.5   4.4   1   1   1.6e-25   8.5e-23   85.6   4.4    11   313    29   372    22   373 0.73 [190263/488/1]
190263/506/1.f:IKGMED_09345 -            526 GH13_36.hmm          -            314   2.9e-23   87.2   9.4   1   1   9.4e-26   5.1e-23   86.4   9.4    10   313    62   406    56   407 0.73 [190263/506/1]
190263/540/1.f:BCGFLB_10110 -            481 GH13_36.hmm          -            314   6.1e-23   86.1   4.1   1   1   2.2e-25   1.2e-22   85.2   4.1     8   312    26   372    21   374 0.74 [190263/540/1]
190263/409/1.f:AJJCMD_03115 -            560 GH13_36.hmm          -            314   9.6e-23   85.5   0.0   1   1   1.8e-24   9.8e-22   82.2   0.0    18   230    83   301    73   368 0.81 [190263/409/1]
190263/406/1.f:DKNBGD_16975 -            489 GH13_36.hmm          -            314   1.3e-22   85.1   0.0   1   1   5.1e-25   2.8e-22   84.0   0.0    15   308    33   366    25   371 0.75 [190263/406/1]
190263/365/1.f:JJMMAK_18410 -            563 GH13_36.hmm          -            314   2.2e-22   84.3   0.2   1   1   1.5e-24   8.3e-22   82.4   0.1    34   313    91   396    81   397 0.71 [190263/365/1]
190263/468/1.f:DIOFOH_10185 -            489 GH13_36.hmm          -            314   4.2e-22   83.4   1.0   1   1   2.5e-24   1.4e-21   81.7   1.0    14   307    29   366    21   372 0.70 [190263/468/1]
190263/497/1.f:HENFFC_19645 -            579 GH13_36.hmm          -            314   5.1e-22   83.1   0.3   1   1   2.9e-24   1.6e-21   81.5   0.1    34   313   107   412    98   413 0.69 [190263/497/1]
190263/368/1.f:HPMDBE_05465 -            106 GH13_36.hmm          -            314   1.1e-21   82.0   0.1   1   1   2.8e-24   1.5e-21   81.5   0.1     1    60    43   103    43   106 0.95 [190263/368/1]
190263/362/1.f:KJODLM_08930 -            483 GH13_36.hmm          -            314   6.3e-21   79.5  10.3   1   1   3.2e-23   1.8e-20   78.0  10.3     9   313    27   374    21   375 0.68 [190263/362/1]
190263/458/1.f:AMPCAI_09980 -            465 GH13_36.hmm          -            314   2.5e-20   77.5  11.6   1   1   1.1e-22   6.1e-20   76.3  11.6    13   310    31   366    27   369 0.70 [190263/458/1]
190263/596/1.f:GDHELL_09670 -           1063 GH13_36.hmm          -            314   4.7e-20   76.6   1.8   1   1     2e-22   1.1e-19   75.4   1.8    47   247   117   318   101   344 0.79 [190263/596/1]
190263/595/1.f:HGDLEC_06270 -            661 GH13_36.hmm          -            314     7e-20   76.1   4.5   1   1   7.4e-22   4.1e-19   73.6   4.5    27   304    70   339    58   340 0.76 [190263/595/1]
190263/578/1.f:HIHCLH_05700 -            699 GH13_36.hmm          -            314   1.1e-18   72.2   0.2   1   1   3.8e-21   2.1e-18   71.2   0.2    31   272   129   371    88   386 0.82 [190263/578/1]
190263/596/1.f:GDHELL_00370 -            568 GH13_36.hmm          -            314   1.2e-18   72.1   0.6   1   1   1.3e-19   7.1e-17   66.2   0.6    31   240    96   297    55   341 0.78 [190263/596/1]
190263/461/1.f:DHPHOK_03950 -            894 GH13_36.hmm          -            314   1.8e-18   71.5   2.1   1   1   3.7e-21     2e-18   71.3   0.8     3   171   468   639   467   661 0.85 [190263/461/1]
190263/520/1.f:GGDGDE_20015 -            495 GH13_36.hmm          -            314   6.5e-18   69.6   4.5   1   1     2e-19   1.1e-16   65.6   2.3    15   245    49   291    32   310 0.81 [190263/520/1]
190263/580/1.f:JCPJNN_20285 -            601 GH13_36.hmm          -            314   5.5e-17   66.6   0.2   1   1   7.8e-17   4.3e-14   57.1   0.0     3    82    36   121    34   150 0.83 [190263/580/1]
190263/460/1.f:IHFGKI_10990 -            675 GH13_36.hmm          -            314   1.3e-16   65.4   4.6   1   1   2.3e-19   1.3e-16   65.4   4.6    29   304    75   346    61   348 0.77 [190263/460/1]
190263/510/1.f:DELAEA_06680 -            480 GH13_36.hmm          -            314     2e-16   64.7   2.8   1   1   2.9e-18   1.6e-15   61.8   2.8    17   249    34   278    21   376 0.74 [190263/510/1]
190263/522/1.f:NPJBCH_12270 -            490 GH13_36.hmm          -            314     2e-16   64.7   0.1   1   1   1.2e-18   6.8e-16   63.0   0.1    11   307    28   367    21   373 0.66 [190263/522/1]
190263/580/1.f:JCPJNN_09060 -            482 GH13_36.hmm          -            314   8.3e-16   62.7   3.2   1   1   4.4e-17   2.4e-14   57.9   3.2    18   305    36   373    24   376 0.72 [190263/580/1]
190263/584/1.f:DDCNLE_09090 -            483 GH13_36.hmm          -            314   1.2e-15   62.1   0.8   1   1   1.5e-17   8.1e-15   59.4   0.8    18   305    35   372    26   378 0.81 [190263/584/1]
190263/409/1.f:AJJCMD_26145 -            486 GH13_36.hmm          -            314   1.6e-15   61.7   0.0   1   1   2.9e-17   1.6e-14   58.5   0.0    17   241    32   268    19   291 0.75 [190263/409/1]
190263/580/1.f:JCPJNN_10370 -            487 GH13_36.hmm          -            314   1.9e-15   61.5   0.1   1   1   8.3e-17   4.5e-14   57.0   0.0    17   240    32   267    17   291 0.73 [190263/580/1]
190263/522/1.f:NPJBCH_12475 -            600 GH13_36.hmm          -            314   2.3e-15   61.3   0.7   1   1   1.1e-17   5.9e-15   59.9   0.7    34   304    78   336    70   338 0.81 [190263/522/1]
190263/530/1.f:LBOGMJ_11660 -            400 GH13_36.hmm          -            314   2.5e-14   57.8   0.0   1   1   5.2e-16   2.8e-13   54.4   0.0    17   237    35   297    25   305 0.65 [190263/530/1]
190263/527/1.f:HGADJN_07635 -           1463 GH13_36.hmm          -            314     1e-13   55.8   3.2   1   1   6.3e-16   3.5e-13   54.1   2.7    48   217   171   329   163   401 0.75 [190263/527/1]
#
# Program:         hmmsearch
# Version:         3.3.2 (Nov 2020)
# Pipeline mode:   SEARCH
# Query file:      /kb/module/work/tmp/output.1725388484971/GH13_36/GH13_36.hmm
# Target file:     /kb/module/work/tmp/output.1725388484971/hCom2_RAST.fasta
# Option settings: /kb/module/hmmer/bin/hmmsearch --domtblout /kb/module/work/tmp/output.1725388484971/GH13_36/GH13_36-hCom2_RAST.hitout.txt --noali --notextw --domE 1e-15 /kb/module/work/tmp/output.1725388484971/GH13_36/GH13_36.hmm /kb/module/work/tmp/output.1725388484971/hCom2_RAST.fasta 
# Current dir:     /kb/module/work/tmp/output.1725388484971
# Date:            Tue Sep  3 18:49:27 2024
# [ok]
