#                                                                                   --- full sequence --- -------------- this domain -------------   hmm coord   ali coord   env coord
# target name               accession   tlen query name           accession   qlen   E-value  score  bias   #  of  c-Evalue  i-Evalue  score  bias  from    to  from    to  from    to  acc description of target
#       ------------------- ---------- ----- -------------------- ---------- ----- --------- ------ ----- --- --- --------- --------- ------ ----- ----- ----- ----- ----- ----- ----- ---- ---------------------
190263/495/1.f:ANKNCD_08725 -           1674 GH13_41.hmm          -            294  1.2e-109  370.7   9.5   1   1  4.3e-112  2.3e-109  369.8   9.5     1   293   963  1272   963  1273 0.97 [190263/495/1]
190263/423/1.f:PDNKFB_06835 -           1368 GH13_41.hmm          -            294  5.4e-106  358.7   6.9   1   1  1.6e-108    9e-106  358.0   6.9     1   293   841  1150   841  1151 0.97 [190263/423/1]
190263/474/1.f:AMDJJA_00550 -           1708 GH13_41.hmm          -            294   4.7e-91  309.7   8.2   1   2   9.1e-18   4.9e-15   60.1   0.9    55   288   103   366    76   371 0.79 [190263/474/1]
190263/474/1.f:AMDJJA_00550 -           1708 GH13_41.hmm          -            294   4.7e-91  309.7   8.2   2   2   1.5e-76   8.1e-74  253.1   1.3     6   292  1120  1456  1115  1458 0.92 [190263/474/1]
190263/527/1.f:HGADJN_04155 -           1752 GH13_41.hmm          -            294   2.7e-81  277.6  10.4   1   1     7e-72   3.8e-69  237.8   3.3     4   292  1136  1480  1133  1482 0.93 [190263/527/1]
190263/495/1.f:ANKNCD_06830 -            644 GH13_41.hmm          -            294   2.5e-75  258.1   0.4   1   1     7e-78   3.8e-75  257.5   0.4     4   292   176   498   173   500 0.91 [190263/495/1]
190263/412/1.f:OOIBGL_06165 -            657 GH13_41.hmm          -            294   4.7e-73  250.6   0.0   1   1   1.2e-75   6.7e-73  250.1   0.0     8   292   185   513   181   515 0.94 [190263/412/1]
190263/516/1.f:MGNFBC_03455 -            543 GH13_41.hmm          -            294   5.1e-73  250.5   0.0   1   1   1.6e-75   8.5e-73  249.8   0.0     5   292    70   406    68   408 0.93 [190263/516/1]
190263/446/1.f:LHJMMB_08835 -            655 GH13_41.hmm          -            294   7.6e-73  249.9   0.0   1   1   2.8e-75   1.5e-72  248.9   0.0     4   293   180   518   178   519 0.90 [190263/446/1]
190263/578/1.f:HIHCLH_09650 -            874 GH13_41.hmm          -            294   8.7e-73  249.7   1.4   1   1   1.6e-75   8.7e-73  249.7   1.4     5   292   416   730   412   732 0.92 [190263/578/1]
190263/368/1.f:HPMDBE_04305 -            665 GH13_41.hmm          -            294   8.7e-73  249.7   0.0   1   1   2.7e-75   1.5e-72  249.0   0.0     5   292   192   528   190   530 0.93 [190263/368/1]
190263/379/1.f:LOJHAC_04540 -            665 GH13_41.hmm          -            294   8.7e-73  249.7   0.0   1   1   2.7e-75   1.5e-72  249.0   0.0     5   292   192   528   190   530 0.93 [190263/379/1]
190263/520/1.f:GGDGDE_05595 -            663 GH13_41.hmm          -            294   2.6e-72  248.2   1.5   1   1   9.6e-75   5.2e-72  247.2   1.5     4   292   173   507   171   509 0.93 [190263/520/1]
190263/423/1.f:PDNKFB_03325 -            607 GH13_41.hmm          -            294   2.9e-72  248.0   0.0   1   1   7.1e-75   3.9e-72  247.6   0.0     2   292   145   468   144   470 0.92 [190263/423/1]
190263/556/1.f:EMIPPF_05040 -            655 GH13_41.hmm          -            294   2.9e-72  248.0   0.0   1   1   8.3e-75   4.5e-72  247.4   0.0     5   293   181   518   178   519 0.89 [190263/556/1]
190263/504/1.f:DOAHDM_13255 -            655 GH13_41.hmm          -            294   4.1e-72  247.5   0.0   1   1   2.9e-74   1.6e-71  245.6   0.0     6   293   182   518   178   519 0.90 [190263/504/1]
190263/585/1.f:DLBDDB_18780 -            666 GH13_41.hmm          -            294   5.9e-72  247.0   0.1   1   1   2.5e-74   1.4e-71  245.8   0.0     6   293   196   530   192   531 0.89 [190263/585/1]
190263/417/1.f:MHBJAE_19130 -            664 GH13_41.hmm          -            294   9.6e-72  246.3   0.0   1   1   2.9e-74   1.6e-71  245.6   0.0     6   292   194   527   189   529 0.90 [190263/417/1]
190263/502/1.f:NONHGB_21965 -            665 GH13_41.hmm          -            294     1e-71  246.2   0.0   1   1   4.6e-74   2.5e-71  244.9   0.0     6   292   195   528   192   530 0.88 [190263/502/1]
190263/541/1.f:IDEEIE_03885 -            641 GH13_41.hmm          -            294     1e-71  246.2   0.1   1   1   4.2e-74   2.3e-71  245.1   0.1     8   292   185   503   182   505 0.94 [190263/541/1]
190263/401/1.f:DMFJNH_14165 -            655 GH13_41.hmm          -            294   1.7e-71  245.5   0.0   1   1   1.2e-73   6.6e-71  243.6   0.0     6   293   182   518   178   519 0.90 [190263/401/1]
190263/369/1.f:JCDIFE_20070 -            665 GH13_41.hmm          -            294     3e-71  244.7   0.0   1   1   1.1e-73   5.8e-71  243.8   0.0     6   292   195   528   192   530 0.88 [190263/369/1]
190263/461/1.f:DHPHOK_10235 -            665 GH13_41.hmm          -            294     3e-71  244.7   0.0   1   1   1.1e-73   5.8e-71  243.8   0.0     6   292   195   528   192   530 0.88 [190263/461/1]
190263/488/1.f:DNPFAC_20815 -            664 GH13_41.hmm          -            294   3.2e-71  244.6   0.0   1   1   9.3e-74   5.1e-71  243.9   0.0     6   292   194   527   191   529 0.88 [190263/488/1]
190263/456/1.f:LKAJBD_15050 -            665 GH13_41.hmm          -            294   3.9e-71  244.3   0.0   1   1   1.6e-73   8.6e-71  243.2   0.0     6   292   195   528   192   530 0.90 [190263/456/1]
190263/399/1.f:CDLIDF_14210 -            658 GH13_41.hmm          -            294   5.7e-71  243.8   0.0   1   1     2e-73   1.1e-70  242.9   0.0     4   293   185   521   182   522 0.88 [190263/399/1]
190263/562/1.f:KJGNCK_24775 -            666 GH13_41.hmm          -            294   1.1e-70  242.8   0.0   1   1     5e-73   2.7e-70  241.5   0.0     6   293   196   530   192   531 0.90 [190263/562/1]
190263/437/1.f:LBKKEJ_12945 -            666 GH13_41.hmm          -            294   1.2e-70  242.7   0.0   1   1   3.3e-73   1.8e-70  242.1   0.0     4   291   193   527   190   530 0.89 [190263/437/1]
190263/401/1.f:DMFJNH_23255 -            639 GH13_41.hmm          -            294   1.3e-70  242.6   0.0   1   1   4.2e-73   2.3e-70  241.8   0.0     6   293   169   503   165   504 0.92 [190263/401/1]
190263/504/1.f:DOAHDM_22525 -            639 GH13_41.hmm          -            294   1.3e-70  242.6   0.0   1   1   4.2e-73   2.3e-70  241.8   0.0     6   293   169   503   165   504 0.92 [190263/504/1]
190263/466/1.f:PGJOII_07750 -            665 GH13_41.hmm          -            294   1.5e-70  242.4   0.0   1   1     7e-73   3.8e-70  241.0   0.0     6   292   195   528   193   530 0.90 [190263/466/1]
190263/405/1.f:EHKDKA_23855 -            665 GH13_41.hmm          -            294   1.9e-70  242.1   0.0   1   1     1e-72   5.6e-70  240.5   0.0     6   292   195   528   192   530 0.87 [190263/405/1]
190263/400/1.f:EIBLKL_02740 -            634 GH13_41.hmm          -            294   2.4e-70  241.7   0.0   1   1   7.1e-73   3.9e-70  241.0   0.0     9   292   176   502   170   504 0.92 [190263/400/1]
190263/404/1.f:BGJBIG_16565 -            666 GH13_41.hmm          -            294   2.6e-70  241.6   0.0   1   1   1.4e-72   7.8e-70  240.0   0.0     8   292   198   529   194   531 0.89 [190263/404/1]
190263/391/1.f:NONBJF_17690 -            664 GH13_41.hmm          -            294   2.7e-70  241.5   0.1   1   1   6.9e-73   3.8e-70  241.1   0.1     5   292   193   527   189   529 0.89 [190263/391/1]
190263/534/1.f:OHCFJE_16620 -            664 GH13_41.hmm          -            294   2.7e-70  241.5   0.1   1   1   6.9e-73   3.8e-70  241.1   0.1     5   292   193   527   189   529 0.89 [190263/534/1]
190263/545/1.f:NCJBIN_18175 -            664 GH13_41.hmm          -            294   2.7e-70  241.5   0.1   1   1   6.9e-73   3.8e-70  241.1   0.1     5   292   193   527   189   529 0.89 [190263/545/1]
190263/388/1.f:FDDJJK_15650 -            664 GH13_41.hmm          -            294   2.7e-70  241.5   0.1   1   1     7e-73   3.8e-70  241.1   0.1     4   292   192   527   189   529 0.90 [190263/388/1]
190263/596/1.f:GDHELL_03140 -           1059 GH13_41.hmm          -            294   2.9e-70  241.4   0.2   1   1   1.3e-72   7.3e-70  240.1   0.2     7   292   241   573   237   575 0.96 [190263/596/1]
190263/573/1.f:LIDFCI_11895 -            668 GH13_41.hmm          -            294   3.4e-70  241.2   0.0   1   1   1.8e-72   9.9e-70  239.7   0.0     8   293   200   532   195   533 0.91 [190263/573/1]
190263/475/1.f:MCKEEP_22440 -            668 GH13_41.hmm          -            294   3.7e-70  241.1   0.0   1   1     2e-72   1.1e-69  239.6   0.0     8   293   200   532   195   533 0.91 [190263/475/1]
190263/552/1.f:EMALNL_22655 -            666 GH13_41.hmm          -            294   4.4e-70  240.9   0.0   1   1   2.1e-72   1.1e-69  239.5   0.0     6   293   196   530   192   531 0.90 [190263/552/1]
190263/540/1.f:BCGFLB_00640 -            645 GH13_41.hmm          -            294   5.7e-70  240.5   0.0   1   1   1.5e-72   8.4e-70  239.9   0.0     4   292   171   507   169   509 0.94 [190263/540/1]
190263/596/1.f:GDHELL_08465 -           1233 GH13_41.hmm          -            294   1.1e-67  233.0   1.8   1   1   1.3e-69   6.9e-67  230.4   0.0     4   293   222   550   219   551 0.90 [190263/596/1]
190263/576/1.f:FNMBCG_01025 -            651 GH13_41.hmm          -            294   9.4e-67  229.9   0.0   1   1   2.5e-69   1.3e-66  229.4   0.0     8   293   187   514   182   515 0.94 [190263/576/1]
190263/583/1.f:BCCKNC_16240 -            664 GH13_41.hmm          -            294   9.6e-67  229.9   0.0   1   1   3.4e-69   1.8e-66  229.0   0.0     2   291   190   525   189   528 0.94 [190263/583/1]
190263/595/1.f:HGDLEC_06165 -            629 GH13_41.hmm          -            294   1.4e-66  229.3   0.0   1   1   3.6e-69     2e-66  228.9   0.0     9   293   162   493   153   494 0.91 [190263/595/1]
190263/443/1.f:LNLACP_03565 -            642 GH13_41.hmm          -            294   1.7e-66  229.1   0.0   1   1     4e-69   2.2e-66  228.7   0.0     8   293   181   508   177   509 0.92 [190263/443/1]
190263/527/1.f:HGADJN_08825 -            687 GH13_41.hmm          -            294   3.5e-66  228.0   0.0   1   1   1.2e-68   6.4e-66  227.2   0.0     7   293   193   557   189   558 0.94 [190263/527/1]
190263/596/1.f:GDHELL_03145 -            940 GH13_41.hmm          -            294   4.8e-66  227.6   0.1   1   1   8.8e-69   4.8e-66  227.6   0.1     8   292   205   534   199   536 0.90 [190263/596/1]
190263/522/1.f:NPJBCH_12430 -            653 GH13_41.hmm          -            294   2.7e-65  225.2   0.0   1   1     3e-67   1.7e-64  222.5   0.0     8   292   183   514   178   516 0.90 [190263/522/1]
190263/447/1.f:OLODHC_11575 -            647 GH13_41.hmm          -            294   2.3e-64  222.1   0.0   1   1   1.2e-66   6.8e-64  220.5   0.0     8   292   186   505   181   507 0.90 [190263/447/1]
190263/438/1.f:IKAFOJ_09075 -            694 GH13_41.hmm          -            294   2.4e-64  222.0   0.9   1   1   7.8e-67   4.2e-64  221.2   0.2     5   292   256   574   253   576 0.90 [190263/438/1]
190263/460/1.f:IHFGKI_10905 -            650 GH13_41.hmm          -            294   2.9e-64  221.8   0.0   1   1   7.9e-67   4.3e-64  221.2   0.0     8   293   172   513   166   514 0.90 [190263/460/1]
190263/580/1.f:JCPJNN_26930 -            658 GH13_41.hmm          -            294   1.2e-63  219.7   0.0   1   1   3.7e-66     2e-63  219.0   0.0     8   293   185   506   181   507 0.92 [190263/580/1]
190263/458/1.f:AMPCAI_12050 -            695 GH13_41.hmm          -            294   1.5e-63  219.4   0.6   1   1   4.8e-66   2.6e-63  218.6   0.6     4   292   252   568   249   570 0.93 [190263/458/1]
190263/409/1.f:AJJCMD_08060 -            681 GH13_41.hmm          -            294   3.6e-63  218.2   0.0   1   1   9.9e-66   5.4e-63  217.6   0.0     8   293   189   521   185   522 0.95 [190263/409/1]
190263/363/1.f:CIHHOC_04775 -            660 GH13_41.hmm          -            294   5.9e-63  217.5   0.0   1   1   2.5e-65   1.4e-62  216.3   0.0     7   293   184   512   180   513 0.93 [190263/363/1]
190263/547/1.f:KJCAKO_02505 -            702 GH13_41.hmm          -            294   9.8e-63  216.7   0.0   1   1   2.9e-65   1.6e-62  216.1   0.0     6   294   255   575   252   575 0.89 [190263/547/1]
190263/406/1.f:DKNBGD_04055 -            709 GH13_41.hmm          -            294   2.3e-60  209.0   0.0   1   1   5.8e-63   3.2e-60  208.5   0.0     2   293   249   578   248   579 0.89 [190263/406/1]
190263/560/1.f:OAGBLH_00875 -            703 GH13_41.hmm          -            294   1.4e-57  199.8   0.0   1   1   5.5e-60     3e-57  198.7   0.0     4   293   252   579   249   580 0.84 [190263/560/1]
190263/468/1.f:DIOFOH_11005 -            704 GH13_41.hmm          -            294   1.3e-56  196.6   0.1   1   1   4.4e-59   2.4e-56  195.8   0.1     2   293   247   576   246   577 0.91 [190263/468/1]
190263/425/1.f:HPANHD_10080 -            587 GH13_41.hmm          -            294   8.7e-43  151.2   3.5   1   1   1.6e-45   8.7e-43  151.2   3.5     1   291   180   479   180   481 0.84 [190263/425/1]
190263/423/1.f:PDNKFB_13510 -            572 GH13_41.hmm          -            294   8.5e-42  148.0   0.0   1   1   2.6e-44   1.4e-41  147.3   0.0     1   293   170   465   170   466 0.86 [190263/423/1]
190263/383/1.f:KCEMEB_16615 -            703 GH13_41.hmm          -            294   6.9e-41  145.0   0.0   1   1   2.3e-43   1.3e-40  144.1   0.0     1   292   187   541   187   543 0.82 [190263/383/1]
190263/405/1.f:EHKDKA_03440 -            699 GH13_41.hmm          -            294   1.2e-40  144.3   0.1   1   1   3.7e-43     2e-40  143.5   0.0     1   293   249   580   249   581 0.84 [190263/405/1]
190263/409/1.f:AJJCMD_25590 -            699 GH13_41.hmm          -            294   1.2e-40  144.2   0.0   1   1   3.2e-43   1.8e-40  143.7   0.0     1   292   182   536   182   538 0.85 [190263/409/1]
190263/370/1.f:MFKGBO_19565 -            705 GH13_41.hmm          -            294   1.3e-40  144.1   0.0   1   1   3.5e-43   1.9e-40  143.6   0.0     1   292   190   544   190   546 0.86 [190263/370/1]
190263/520/1.f:GGDGDE_20340 -            572 GH13_41.hmm          -            294   1.8e-40  143.7   0.1   1   1   5.2e-43   2.8e-40  143.0   0.1     1   293   170   465   170   466 0.83 [190263/520/1]
190263/433/1.f:ADFNDI_03065 -            714 GH13_41.hmm          -            294   2.3e-40  143.3   0.0   1   1   6.2e-43   3.4e-40  142.8   0.0     1   292   192   553   192   555 0.81 [190263/433/1]
190263/502/1.f:NONHGB_11410 -            616 GH13_41.hmm          -            294   2.7e-40  143.1   2.3   1   1   7.1e-43   3.9e-40  142.6   2.3     1   292   163   481   163   483 0.89 [190263/502/1]
190263/495/1.f:ANKNCD_04135 -            572 GH13_41.hmm          -            294   3.4e-40  142.7   0.1   1   1   9.7e-43   5.3e-40  142.1   0.1     1   293   170   465   170   466 0.83 [190263/495/1]
190263/461/1.f:DHPHOK_10950 -            616 GH13_41.hmm          -            294   3.4e-40  142.7   2.5   1   1   9.4e-43   5.1e-40  142.2   2.5     1   292   163   481   163   483 0.89 [190263/461/1]
190263/522/1.f:NPJBCH_12425 -            639 GH13_41.hmm          -            294   3.6e-40  142.7   3.2   1   1   1.4e-42   7.7e-40  141.6   3.2     1   293   162   505   162   506 0.83 [190263/522/1]
190263/368/1.f:HPMDBE_16265 -            613 GH13_41.hmm          -            294   3.7e-40  142.6   0.1   1   1     1e-42   5.5e-40  142.0   0.1     1   293   158   477   158   478 0.86 [190263/368/1]
190263/405/1.f:EHKDKA_13290 -            616 GH13_41.hmm          -            294   5.1e-40  142.1   2.5   1   1   1.4e-42   7.4e-40  141.6   2.5     1   292   163   481   163   483 0.89 [190263/405/1]
190263/369/1.f:JCDIFE_19125 -            616 GH13_41.hmm          -            294   5.5e-40  142.1   3.3   1   1   1.5e-42   8.1e-40  141.5   3.3     1   292   163   481   163   483 0.89 [190263/369/1]
190263/379/1.f:LOJHAC_16730 -            613 GH13_41.hmm          -            294   5.8e-40  142.0   0.1   1   1   1.6e-42   8.7e-40  141.4   0.1     1   293   158   477   158   478 0.86 [190263/379/1]
190263/516/1.f:MGNFBC_14175 -            613 GH13_41.hmm          -            294   5.8e-40  142.0   0.1   1   1   1.6e-42   8.7e-40  141.4   0.1     1   293   158   477   158   478 0.86 [190263/516/1]
190263/578/1.f:HIHCLH_03535 -            574 GH13_41.hmm          -            294   7.2e-40  141.7   0.5   1   1   2.2e-42   1.2e-39  140.9   0.1     1   293   172   468   172   469 0.87 [190263/578/1]
190263/488/1.f:DNPFAC_20990 -            616 GH13_41.hmm          -            294   7.7e-40  141.6   4.0   1   1   2.1e-42   1.1e-39  141.0   4.0     1   292   163   481   163   483 0.88 [190263/488/1]
190263/595/1.f:HGDLEC_06160 -            640 GH13_41.hmm          -            294   2.2e-39  140.1   0.2   1   1   6.6e-42   3.6e-39  139.4   0.2     1   293   162   506   162   507 0.85 [190263/595/1]
190263/466/1.f:PGJOII_14705 -            616 GH13_41.hmm          -            294   3.5e-39  139.4   2.4   1   1   9.2e-42     5e-39  138.9   2.4     1   292   163   481   163   483 0.88 [190263/466/1]
190263/456/1.f:LKAJBD_09060 -            616 GH13_41.hmm          -            294   4.9e-39  138.9   2.2   1   1   1.3e-41   7.1e-39  138.4   2.2     1   292   163   481   163   483 0.87 [190263/456/1]
190263/417/1.f:MHBJAE_19300 -            616 GH13_41.hmm          -            294   8.9e-39  138.1   3.8   1   1   2.4e-41   1.3e-38  137.5   3.8     1   292   163   481   163   483 0.88 [190263/417/1]
190263/549/1.f:CNBDFB_10425 -            704 GH13_41.hmm          -            294   1.2e-38  137.7   0.0   1   1   3.6e-41     2e-38  136.9   0.0     1   292   194   548   194   550 0.84 [190263/549/1]
190263/455/1.f:GDGJDA_04615 -            694 GH13_41.hmm          -            294   2.1e-38  136.9   0.0   1   1   5.5e-41     3e-38  136.4   0.0     1   292   181   535   181   537 0.85 [190263/455/1]
190263/514/1.f:MMHOAN_10920 -            617 GH13_41.hmm          -            294   3.3e-38  136.2   0.0   1   1   1.1e-40     6e-38  135.4   0.0     2   292   189   499   188   501 0.86 [190263/514/1]
190263/478/1.f:BOCJFA_12315 -            710 GH13_41.hmm          -            294   3.5e-38  136.1   0.0   1   1   1.1e-40   5.7e-38  135.4   0.0     1   293   188   550   188   551 0.81 [190263/478/1]
190263/520/1.f:GGDGDE_18135 -            704 GH13_41.hmm          -            294   4.9e-38  135.6   0.0   1   1   1.3e-40   6.9e-38  135.2   0.0     1   291   192   544   192   547 0.84 [190263/520/1]
190263/580/1.f:JCPJNN_15375 -            732 GH13_41.hmm          -            294   5.2e-38  135.6   0.0   1   1   1.7e-40     9e-38  134.8   0.0     1   292   220   574   220   576 0.86 [190263/580/1]
190263/460/1.f:IHFGKI_10900 -            641 GH13_41.hmm          -            294   8.1e-38  134.9   0.8   1   1   1.5e-40   8.1e-38  134.9   0.8     1   293   162   507   162   508 0.85 [190263/460/1]
190263/541/1.f:IDEEIE_03905 -            587 GH13_41.hmm          -            294   1.1e-37  134.4   1.3   1   1   3.9e-40   2.1e-37  133.6   1.3     1   292   179   474   179   476 0.83 [190263/541/1]
190263/573/1.f:LIDFCI_15590 -            617 GH13_41.hmm          -            294   1.7e-37  133.9   3.5   1   1   4.8e-40   2.6e-37  133.3   3.5     1   291   165   482   165   485 0.83 [190263/573/1]
190263/546/1.f:GEHMID_11790 -            711 GH13_41.hmm          -            294   2.1e-37  133.6   0.0   1   1   6.9e-40   3.7e-37  132.8   0.0     1   292   188   549   188   551 0.83 [190263/546/1]
190263/568/1.f:ABMLLK_04030 -            626 GH13_41.hmm          -            294   2.3e-37  133.4   1.0   1   1   9.4e-40   5.1e-37  132.3   1.0     1   292   198   502   198   504 0.81 [190263/568/1]
190263/475/1.f:MCKEEP_01645 -            617 GH13_41.hmm          -            294   2.6e-37  133.3   3.0   1   1   7.3e-40     4e-37  132.7   3.0     1   291   165   482   165   485 0.82 [190263/475/1]
190263/541/1.f:IDEEIE_11145 -            698 GH13_41.hmm          -            294   4.5e-37  132.5   0.0   1   1   1.2e-39   6.3e-37  132.0   0.0     1   291   185   538   185   541 0.84 [190263/541/1]
190263/596/1.f:GDHELL_00020 -            694 GH13_41.hmm          -            294   4.8e-37  132.4   0.0   1   1   1.3e-39   7.2e-37  131.8   0.0     1   291   179   532   179   535 0.83 [190263/596/1]
190263/382/1.f:JACGKO_09355 -           1151 GH13_41.hmm          -            294   5.5e-37  132.2   0.1   1   1   4.6e-39   2.5e-36  130.0   0.0     1   292   192   520   192   522 0.83 [190263/382/1]
190263/423/1.f:PDNKFB_06345 -            588 GH13_41.hmm          -            294   7.4e-37  131.8   0.0   1   1     2e-39   1.1e-36  131.2   0.0     1   289   183   472   183   477 0.80 [190263/423/1]
190263/516/1.f:MGNFBC_18275 -            615 GH13_41.hmm          -            294   1.9e-36  130.4   0.6   1   1   4.9e-39   2.7e-36  129.9   0.6     1   293   162   481   162   482 0.83 [190263/516/1]
190263/368/1.f:HPMDBE_20180 -            615 GH13_41.hmm          -            294     2e-36  130.3   0.5   1   1   5.2e-39   2.8e-36  129.9   0.5     1   293   162   481   162   482 0.82 [190263/368/1]
190263/379/1.f:LOJHAC_21325 -            615 GH13_41.hmm          -            294     2e-36  130.3   0.5   1   1   5.2e-39   2.8e-36  129.9   0.5     1   293   162   481   162   482 0.82 [190263/379/1]
190263/472/1.f:NMGHJI_18160 -            584 GH13_41.hmm          -            294     4e-36  129.4   0.2   1   1   1.2e-38   6.6e-36  128.7   0.2     2   292   181   475   180   477 0.81 [190263/472/1]
190263/596/1.f:GDHELL_05010 -            551 GH13_41.hmm          -            294   4.2e-36  129.3   1.4   1   1   1.1e-38   6.1e-36  128.8   1.4     1   290    76   394    76   398 0.80 [190263/596/1]
190263/514/1.f:MMHOAN_12715 -            584 GH13_41.hmm          -            294   5.6e-36  128.9   0.6   1   1   1.8e-38   9.7e-36  128.1   0.6     2   291   180   473   179   475 0.83 [190263/514/1]
190263/495/1.f:ANKNCD_06025 -            705 GH13_41.hmm          -            294   6.9e-36  128.6   0.0   1   1   2.2e-38   1.2e-35  127.8   0.0     1   291   189   542   189   545 0.83 [190263/495/1]
190263/423/1.f:PDNKFB_15010 -            710 GH13_41.hmm          -            294   8.2e-36  128.3   0.0   1   1   2.6e-38   1.4e-35  127.6   0.0     1   291   197   550   197   553 0.84 [190263/423/1]
190263/557/1.f:DOLMEB_04165 -            705 GH13_41.hmm          -            294   9.8e-36  128.1   0.0   1   1   2.7e-38   1.5e-35  127.5   0.0     1   292   192   546   192   548 0.84 [190263/557/1]
190263/412/1.f:OOIBGL_12215 -            698 GH13_41.hmm          -            294     1e-35  128.0   0.0   1   1   2.7e-38   1.4e-35  127.5   0.0     1   291   181   533   181   536 0.84 [190263/412/1]
190263/388/1.f:FDDJJK_07165 -            616 GH13_41.hmm          -            294   1.6e-35  127.4   2.4   1   1   4.6e-38   2.5e-35  126.8   2.4     1   291   164   481   164   484 0.80 [190263/388/1]
190263/391/1.f:NONBJF_08175 -            616 GH13_41.hmm          -            294   1.6e-35  127.4   2.4   1   1   4.6e-38   2.5e-35  126.8   2.4     1   291   164   481   164   484 0.80 [190263/391/1]
190263/534/1.f:OHCFJE_04790 -            616 GH13_41.hmm          -            294   1.6e-35  127.4   2.4   1   1   4.6e-38   2.5e-35  126.8   2.4     1   291   164   481   164   484 0.80 [190263/534/1]
190263/545/1.f:NCJBIN_08290 -            616 GH13_41.hmm          -            294   1.6e-35  127.4   2.4   1   1   4.6e-38   2.5e-35  126.8   2.4     1   291   164   481   164   484 0.80 [190263/545/1]
190263/596/1.f:GDHELL_06435 -           1356 GH13_41.hmm          -            294   3.4e-35  126.3   8.3   1   1     2e-36   1.1e-33  121.4   8.3     1   290   107   480   107   483 0.79 [190263/596/1]
190263/363/1.f:CIHHOC_04795 -            585 GH13_41.hmm          -            294     4e-35  126.1   0.1   1   1   1.2e-37   6.4e-35  125.4   0.1     2   291   180   473   179   476 0.82 [190263/363/1]
190263/580/1.f:JCPJNN_00815 -            582 GH13_41.hmm          -            294   5.4e-35  125.7   0.0   1   1   1.5e-37     8e-35  125.1   0.0     1   291   181   475   181   478 0.87 [190263/580/1]
190263/447/1.f:OLODHC_11555 -            584 GH13_41.hmm          -            294   6.8e-35  125.3   1.0   1   1   2.2e-37   1.2e-34  124.5   1.0     2   292   181   475   180   476 0.83 [190263/447/1]
190263/386/1.f:DBGIOG_17300 -            701 GH13_41.hmm          -            294   8.8e-35  125.0   0.0   1   1   2.5e-37   1.3e-34  124.4   0.0     1   292   191   545   191   547 0.84 [190263/386/1]
190263/513/1.f:MKNBNH_04310 -            604 GH13_41.hmm          -            294     1e-34  124.8   4.5   1   1   9.1e-37     5e-34  122.5   4.5     1   292   133   459   133   461 0.81 [190263/513/1]
190263/580/1.f:JCPJNN_26940 -            585 GH13_41.hmm          -            294   1.2e-34  124.5   0.0   1   1   3.5e-37   1.9e-34  123.9   0.0     2   292   180   474   179   476 0.84 [190263/580/1]
190263/537/1.f:AHPNMI_10750 -            719 GH13_41.hmm          -            294   1.7e-34  124.0   0.0   1   1   4.5e-37   2.5e-34  123.5   0.0     1   291   197   550   197   553 0.81 [190263/537/1]
190263/552/1.f:EMALNL_07985 -            684 GH13_41.hmm          -            294   2.4e-34  123.5   2.4   1   1   7.1e-37   3.9e-34  122.9   2.4     1   291   232   549   232   552 0.82 [190263/552/1]
190263/447/1.f:OLODHC_07000 -            703 GH13_41.hmm          -            294   2.4e-34  123.5   0.0   1   1   6.8e-37   3.7e-34  122.9   0.0     1   292   188   542   188   544 0.84 [190263/447/1]
190263/562/1.f:KJGNCK_02025 -            684 GH13_41.hmm          -            294   2.5e-34  123.5   2.4   1   1   7.1e-37   3.9e-34  122.9   2.4     1   291   232   549   232   552 0.82 [190263/562/1]
190263/384/1.f:CDKGIA_16845 -            713 GH13_41.hmm          -            294   3.4e-34  123.0   0.0   1   1   8.4e-37   4.6e-34  122.6   0.0     1   291   209   561   209   564 0.81 [190263/384/1]
190263/474/1.f:AMDJJA_03625 -            703 GH13_41.hmm          -            294   3.7e-34  122.9   0.0   1   1   9.6e-37   5.3e-34  122.4   0.0     8   293   182   527   173   528 0.81 [190263/474/1]
190263/401/1.f:DMFJNH_07625 -            617 GH13_41.hmm          -            294   3.8e-34  122.9   2.3   1   1     1e-36   5.6e-34  122.3   2.3     1   291   165   482   165   485 0.83 [190263/401/1]
190263/504/1.f:DOAHDM_08130 -            617 GH13_41.hmm          -            294   3.8e-34  122.9   2.3   1   1     1e-36   5.6e-34  122.3   2.3     1   291   165   482   165   485 0.83 [190263/504/1]
190263/420/1.f:GMHOLO_03690 -            714 GH13_41.hmm          -            294   4.2e-34  122.8   0.0   1   1   1.1e-36   5.9e-34  122.3   0.0     8   293   189   534   180   535 0.80 [190263/420/1]
190263/595/1.f:HGDLEC_07220 -           1077 GH13_41.hmm          -            294   4.8e-34  122.6   0.1   1   1   2.8e-33   1.5e-30  111.0   0.1     1   195    76   312    76   405 0.84 [190263/595/1]
190263/527/1.f:HGADJN_03955 -            714 GH13_41.hmm          -            294   6.1e-34  122.2   0.0   1   1   1.6e-36   8.9e-34  121.7   0.0     8   293   189   534   180   535 0.80 [190263/527/1]
190263/399/1.f:CDLIDF_07515 -            617 GH13_41.hmm          -            294     9e-34  121.6   2.7   1   1   2.7e-36   1.5e-33  121.0   2.7     1   293   165   484   165   485 0.80 [190263/399/1]
190263/437/1.f:LBKKEJ_03795 -            617 GH13_41.hmm          -            294   1.9e-33  120.6   3.4   1   1   5.5e-36     3e-33  120.0   3.4     1   293   165   484   165   485 0.79 [190263/437/1]
190263/368/1.f:HPMDBE_16250 -            612 GH13_41.hmm          -            294   3.1e-33  119.9   1.1   1   1   7.8e-36   4.3e-33  119.4   0.4     1   293   163   475   163   476 0.85 [190263/368/1]
190263/379/1.f:LOJHAC_16715 -            612 GH13_41.hmm          -            294   3.1e-33  119.9   1.1   1   1   7.8e-36   4.3e-33  119.4   0.4     1   293   163   475   163   476 0.85 [190263/379/1]
190263/516/1.f:MGNFBC_14160 -            612 GH13_41.hmm          -            294   3.1e-33  119.9   1.1   1   1   7.8e-36   4.3e-33  119.4   0.4     1   293   163   475   163   476 0.85 [190263/516/1]
190263/405/1.f:EHKDKA_23990 -            628 GH13_41.hmm          -            294   6.2e-33  118.9   0.1   1   1   2.2e-35   1.2e-32  117.9   0.1     1   293   177   494   177   495 0.82 [190263/405/1]
190263/520/1.f:GGDGDE_06845 -           1856 GH13_41.hmm          -            294     2e-32  117.2   9.1   1   1   2.9e-33   1.6e-30  111.0   9.1     1   293   904  1294   904  1295 0.88 [190263/520/1]
190263/413/1.f:NMLDCG_06385 -            622 GH13_41.hmm          -            294   2.8e-32  116.8   0.0   1   1   7.8e-35   4.2e-32  116.2   0.0     1   292   184   509   184   511 0.84 [190263/413/1]
190263/466/1.f:PGJOII_07605 -            686 GH13_41.hmm          -            294   3.7e-32  116.4   6.1   1   1   9.8e-20   5.3e-17   66.6   0.5     1   112    79   182    79   199 0.88 [190263/466/1]
190263/596/1.f:GDHELL_06085 -            629 GH13_41.hmm          -            294   5.4e-32  115.8   0.0   1   1   1.4e-34   7.6e-32  115.3   0.0     1   292   191   516   191   518 0.85 [190263/596/1]
190263/547/1.f:KJCAKO_00600 -            555 GH13_41.hmm          -            294   6.4e-32  115.6   0.7   1   1   2.2e-34   1.2e-31  114.7   0.7     3   288   154   437   152   443 0.86 [190263/547/1]
190263/504/1.f:DOAHDM_08100 -            692 GH13_41.hmm          -            294   6.6e-32  115.5   0.3   1   1     8e-19   4.4e-16   63.6   0.1     1   113    80   184    80   221 0.87 [190263/504/1]
190263/401/1.f:DMFJNH_07595 -            692 GH13_41.hmm          -            294   6.7e-32  115.5   0.3   1   1     8e-19   4.4e-16   63.6   0.1     1   113    80   184    80   221 0.87 [190263/401/1]
190263/596/1.f:GDHELL_04035 -            427 GH13_41.hmm          -            294   8.1e-32  115.2   0.1   1   1   2.2e-34   1.2e-31  114.7   0.1     1   290    26   315    26   318 0.83 [190263/596/1]
190263/405/1.f:EHKDKA_03425 -            619 GH13_41.hmm          -            294   1.1e-31  114.8   0.0   1   1   6.8e-34   3.7e-31  113.1   0.0     1   291   163   478   163   480 0.84 [190263/405/1]
190263/380/1.f:GDCFAC_00690 -            620 GH13_41.hmm          -            294   1.4e-31  114.5   0.0   1   1   3.9e-34   2.1e-31  113.9   0.0     2   292   176   502   175   504 0.87 [190263/380/1]
190263/456/1.f:LKAJBD_15395 -            681 GH13_41.hmm          -            294   1.4e-31  114.4   2.8   1   1   2.3e-18   1.2e-15   62.1   0.2     1   111    74   176    74   198 0.85 [190263/456/1]
190263/502/1.f:NONHGB_22080 -            651 GH13_41.hmm          -            294   3.2e-31  113.3   0.1   1   1   8.6e-34   4.7e-31  112.7   0.1     1   293   200   517   200   518 0.82 [190263/502/1]
190263/362/1.f:KJODLM_08335 -            159 GH13_41.hmm          -            294   3.8e-31  113.1   0.1   1   1   7.7e-34   4.2e-31  112.9   0.1    84   216     1   150     1   158 0.82 [190263/362/1]
190263/588/1.f:LGPOLK_03735 -           1132 GH13_41.hmm          -            294     1e-30  111.6   0.0   1   1   3.5e-33   1.9e-30  110.7   0.0     1   292   188   504   188   506 0.81 [190263/588/1]
190263/507/1.f:KPMKPI_12330 -            554 GH13_41.hmm          -            294   2.3e-30  110.5   4.0   1   1   8.3e-25   4.5e-22   83.2   1.4     1   161    28   205    28   209 0.80 [190263/507/1]
190263/556/1.f:EMIPPF_02185 -            625 GH13_41.hmm          -            294   2.4e-30  110.4   0.0   1   1   7.1e-33   3.9e-30  109.7   0.0     1   291   170   485   170   488 0.80 [190263/556/1]
190263/425/1.f:HPANHD_10085 -            559 GH13_41.hmm          -            294   2.4e-30  110.4   0.0   1   1   7.5e-24   4.1e-21   80.1   0.3     1   164    28   209    28   224 0.86 [190263/425/1]
190263/596/1.f:GDHELL_07000 -            804 GH13_41.hmm          -            294   2.9e-30  110.2   5.6   1   1     1e-19   5.7e-17   66.5   0.7     1   162   187   332   187   351 0.80 [190263/596/1]
190263/423/1.f:PDNKFB_07745 -            541 GH13_41.hmm          -            294   3.1e-30  110.1   0.0   1   1   1.6e-32   8.8e-30  108.6   0.0     1   292    32   365    32   367 0.79 [190263/423/1]
190263/421/1.f:PBKEAC_05065 -            625 GH13_41.hmm          -            294   3.4e-30  109.9   0.0   1   1   9.8e-33   5.3e-30  109.3   0.0     1   291   170   485   170   488 0.80 [190263/421/1]
190263/446/1.f:LHJMMB_09600 -            625 GH13_41.hmm          -            294   3.4e-30  109.9   0.0   1   1   9.8e-33   5.3e-30  109.3   0.0     1   291   170   485   170   488 0.80 [190263/446/1]
190263/557/1.f:DOLMEB_12030 -            684 GH13_41.hmm          -            294   3.6e-30  109.8   0.4   1   1   9.9e-33   5.4e-30  109.3   0.4     1   292   171   548   171   550 0.84 [190263/557/1]
190263/531/1.f:KJIPPC_09870 -            435 GH13_41.hmm          -            294   4.5e-30  109.5   0.0   1   1   2.4e-32   1.3e-29  108.0   0.0    11   292    39   321    31   323 0.85 [190263/531/1]
190263/425/1.f:HPANHD_03210 -            554 GH13_41.hmm          -            294   5.4e-30  109.3   4.2   1   1   3.8e-23   2.1e-20   77.8   2.4     1   159    27   203    27   210 0.82 [190263/425/1]
190263/583/1.f:BCCKNC_06565 -            624 GH13_41.hmm          -            294   5.4e-30  109.3   0.0   1   1   1.5e-32     8e-30  108.7   0.0     1   292   163   481   163   483 0.82 [190263/583/1]
190263/400/1.f:EIBLKL_02735 -            553 GH13_41.hmm          -            294   5.5e-30  109.2   0.9   1   1   4.2e-32   2.3e-29  107.2   0.5     1   293    75   408    75   409 0.77 [190263/400/1]
190263/472/1.f:NMGHJI_04910 -            559 GH13_41.hmm          -            294   6.6e-30  109.0   3.7   1   1   2.7e-25   1.5e-22   84.8   0.8     1   163    28   208    28   215 0.82 [190263/472/1]
190263/578/1.f:HIHCLH_02510 -            433 GH13_41.hmm          -            294   6.7e-30  108.9   0.2   1   1   2.3e-32   1.2e-29  108.1   0.2     1   290    26   315    26   318 0.85 [190263/578/1]
190263/549/1.f:CNBDFB_03745 -            437 GH13_41.hmm          -            294   6.7e-30  108.9   0.0   1   1   2.8e-32   1.5e-29  107.8   0.0     7   293    35   322    30   323 0.88 [190263/549/1]
190263/362/1.f:KJODLM_06390 -            150 GH13_41.hmm          -            294   8.8e-30  108.6   0.1   1   1   1.9e-32     1e-29  108.4   0.1     7   120     2   127     1   138 0.93 [190263/362/1]
190263/534/1.f:OHCFJE_04840 -            693 GH13_41.hmm          -            294   1.1e-29  108.2   0.4   1   1   2.4e-18   1.3e-15   62.1   0.2     1   107    83   180    83   258 0.78 [190263/534/1]
190263/391/1.f:NONBJF_08120 -            693 GH13_41.hmm          -            294   1.1e-29  108.2   0.4   1   1   2.4e-18   1.3e-15   62.1   0.2     1   107    83   180    83   258 0.78 [190263/391/1]
190263/545/1.f:NCJBIN_08240 -            693 GH13_41.hmm          -            294   1.1e-29  108.2   0.4   1   1   2.4e-18   1.3e-15   62.1   0.2     1   107    83   180    83   258 0.78 [190263/545/1]
190263/514/1.f:MMHOAN_12710 -            542 GH13_41.hmm          -            294   1.5e-29  107.8   0.1   1   1   7.4e-32     4e-29  106.4   0.1     1   292    32   365    32   367 0.79 [190263/514/1]
190263/452/1.f:PEIHBN_09925 -            552 GH13_41.hmm          -            294   1.6e-29  107.7   2.8   1   1     2e-24   1.1e-21   82.0   1.0     1   161    28   205    28   209 0.85 [190263/452/1]
190263/507/1.f:KPMKPI_02625 -            699 GH13_41.hmm          -            294   1.6e-29  107.7   1.6   1   1   5.1e-32   2.8e-29  106.9   1.6     1   292   193   564   193   566 0.80 [190263/507/1]
190263/409/1.f:AJJCMD_13305 -            517 GH13_41.hmm          -            294   3.4e-29  106.6   0.0   1   1   8.1e-20   4.4e-17   66.9   0.2     3   159    29   204    27   209 0.87 [190263/409/1]
190263/423/1.f:PDNKFB_09310 -            564 GH13_41.hmm          -            294   3.4e-29  106.6   3.1   1   1   1.3e-31   6.8e-29  105.6   3.1     1   293    96   419    96   420 0.75 [190263/423/1]
190263/496/1.f:JJBAFO_04445 -           1096 GH13_41.hmm          -            294   3.7e-29  106.5   0.0   1   1     1e-31   5.5e-29  105.9   0.0     1   292   195   520   195   522 0.85 [190263/496/1]
190263/390/1.f:OLPOLE_06095 -            631 GH13_41.hmm          -            294     4e-29  106.4   0.0   1   1   1.2e-21   6.7e-19   72.8   0.1     1   167   109   292   109   302 0.78 [190263/390/1]
190263/436/1.f:KEEIED_02150 -           1120 GH13_41.hmm          -            294   4.6e-29  106.2   0.0   1   1   1.6e-31   8.7e-29  105.3   0.0     1   292   197   507   197   509 0.81 [190263/436/1]
190263/433/1.f:ADFNDI_12270 -            702 GH13_41.hmm          -            294   4.6e-29  106.2   0.3   1   1   1.5e-31   8.4e-29  105.3   0.3     1   292   192   567   192   569 0.85 [190263/433/1]
190263/596/1.f:GDHELL_06780 -            751 GH13_41.hmm          -            294   4.6e-29  106.2  10.7   1   1   1.6e-31   8.7e-29  105.3   3.0     1   288   177   579   177   584 0.78 [190263/596/1]
190263/443/1.f:LNLACP_02900 -            616 GH13_41.hmm          -            294   6.4e-29  105.7   0.0   1   1   3.4e-31   1.8e-28  104.2   0.0     1   293   183   510   183   511 0.84 [190263/443/1]
190263/433/1.f:ADFNDI_04915 -            563 GH13_41.hmm          -            294   7.9e-29  105.4   1.1   1   1   3.3e-31   1.8e-28  104.2   1.1    10   292    40   318    33   320 0.82 [190263/433/1]
190263/468/1.f:DIOFOH_00365 -            527 GH13_41.hmm          -            294   1.1e-28  105.0   1.1   1   1     2e-31   1.1e-28  105.0   1.1    10   292    40   320    34   322 0.81 [190263/468/1]
190263/382/1.f:JACGKO_03265 -            561 GH13_41.hmm          -            294   1.2e-28  104.9   1.5   1   1   1.9e-21     1e-18   72.2   1.0     1   162    31   209    31   213 0.79 [190263/382/1]
190263/461/1.f:DHPHOK_10120 -            441 GH13_41.hmm          -            294   1.2e-28  104.8   0.1   1   1   5.1e-31   2.8e-28  103.6   0.1     3   290    53   328    51   330 0.85 [190263/461/1]
190263/549/1.f:CNBDFB_11805 -            558 GH13_41.hmm          -            294   1.2e-28  104.8   0.6   1   1   5.4e-25   2.9e-22   83.9   0.5     1   161    28   205    28   208 0.82 [190263/549/1]
190263/455/1.f:GDGJDA_14820 -            543 GH13_41.hmm          -            294   1.5e-28  104.5   0.1   1   1   6.1e-31   3.3e-28  103.4   0.1     1   292    30   363    30   365 0.81 [190263/455/1]
190263/461/1.f:DHPHOK_18795 -            445 GH13_41.hmm          -            294     2e-28  104.1   0.0   1   1   5.9e-31   3.2e-28  103.4   0.0     3   289    58   331    56   335 0.84 [190263/461/1]
190263/520/1.f:GGDGDE_05590 -            557 GH13_41.hmm          -            294   2.8e-28  103.6   4.4   1   1   4.6e-25   2.5e-22   84.1   2.4     1   161    28   205    28   210 0.82 [190263/520/1]
190263/512/1.f:JBCLGH_07570 -            562 GH13_41.hmm          -            294   2.9e-28  103.6   1.8   1   1   5.2e-24   2.8e-21   80.6   0.2     1   162    30   204    30   207 0.80 [190263/512/1]
190263/512/1.f:JBCLGH_11560 -            688 GH13_41.hmm          -            294   2.9e-28  103.6   0.2   1   1   7.6e-31   4.1e-28  103.1   0.2     1   292   171   548   171   550 0.82 [190263/512/1]
190263/576/1.f:FNMBCG_05375 -            618 GH13_41.hmm          -            294     3e-28  103.5   0.0   1   1   1.3e-30   7.3e-28  102.3   0.0     1   292   183   509   183   511 0.82 [190263/576/1]
190263/474/1.f:AMDJJA_08535 -            815 GH13_41.hmm          -            294     3e-28  103.5   0.0   1   1   9.1e-31   4.9e-28  102.8   0.0     7   292   239   599   231   601 0.77 [190263/474/1]
190263/567/1.f:NOEGFN_16430 -            620 GH13_41.hmm          -            294   3.5e-28  103.3   0.0   1   1     1e-30   5.6e-28  102.6   0.0     1   292   186   512   186   514 0.82 [190263/567/1]
190263/478/1.f:BOCJFA_07705 -            558 GH13_41.hmm          -            294   3.5e-28  103.3   5.0   1   1   6.7e-24   3.6e-21   80.3   0.7     1   162    28   206    28   209 0.81 [190263/478/1]
190263/565/1.f:PAEINE_06670 -           1098 GH13_41.hmm          -            294     4e-28  103.1   0.0   1   1   2.6e-30   1.4e-27  101.3   0.0     1   292   194   520   194   522 0.81 [190263/565/1]
190263/409/1.f:AJJCMD_00615 -            565 GH13_41.hmm          -            294   4.3e-28  103.0   0.6   1   1   2.4e-22   1.3e-19   75.2   0.1     1   161    28   206    28   210 0.81 [190263/409/1]
190263/537/1.f:AHPNMI_00555 -            680 GH13_41.hmm          -            294   4.3e-28  103.0   0.3   1   1   1.5e-30   8.2e-28  102.1   0.3     1   292   171   548   171   550 0.84 [190263/537/1]
190263/580/1.f:JCPJNN_03710 -            629 GH13_41.hmm          -            294   4.8e-28  102.9   0.2   1   1   1.9e-23     1e-20   78.8   0.2     1   162   112   294   112   303 0.86 [190263/580/1]
190263/429/1.f:OMPHBF_00070 -            645 GH13_41.hmm          -            294   4.9e-28  102.8   0.0   1   1   1.4e-30   7.4e-28  102.2   0.0     1   293   183   509   183   510 0.83 [190263/429/1]
190263/510/1.f:DELAEA_05540 -            616 GH13_41.hmm          -            294   5.3e-28  102.7   0.0   1   1   2.3e-30   1.3e-27  101.5   0.0     1   292   184   510   184   512 0.78 [190263/510/1]
190263/547/1.f:KJCAKO_04325 -            433 GH13_41.hmm          -            294   6.6e-28  102.4   2.3   1   1     3e-30   1.6e-27  101.1   2.3     9   293    37   319    31   320 0.85 [190263/547/1]
190263/433/1.f:ADFNDI_13085 -            556 GH13_41.hmm          -            294   6.7e-28  102.4   6.1   1   1   7.4e-24     4e-21   80.1   1.6     1   162    28   206    28   214 0.83 [190263/433/1]
190263/549/1.f:CNBDFB_00790 -            682 GH13_41.hmm          -            294   7.8e-28  102.2   0.2   1   1   2.5e-30   1.3e-27  101.4   0.2     1   292   171   548   171   550 0.86 [190263/549/1]
190263/455/1.f:GDGJDA_15340 -            557 GH13_41.hmm          -            294     8e-28  102.1   4.5   1   1   3.5e-23   1.9e-20   77.9   1.0     1   162    28   206    28   209 0.83 [190263/455/1]
190263/375/1.f:CNGHJF_00695 -            444 GH13_41.hmm          -            294   8.5e-28  102.0   0.0   1   1   3.2e-30   1.7e-27  101.0   0.0     7   293    38   319    33   320 0.86 [190263/375/1]
190263/400/1.f:EIBLKL_01635 -            626 GH13_41.hmm          -            294   8.8e-28  102.0   0.0   1   1   2.5e-30   1.4e-27  101.4   0.0     1   292   182   508   182   510 0.85 [190263/400/1]
190263/439/1.f:KGLJGB_01210 -            673 GH13_41.hmm          -            294     1e-27  101.8   2.6   1   1   1.9e-30     1e-27  101.8   2.6     1   292   170   544   170   546 0.82 [190263/439/1]
190263/472/1.f:NMGHJI_04590 -            701 GH13_41.hmm          -            294   1.1e-27  101.7   0.7   1   1   2.8e-30   1.5e-27  101.2   0.2     1   292   192   568   192   570 0.83 [190263/472/1]
190263/527/1.f:HGADJN_01680 -            815 GH13_41.hmm          -            294   1.1e-27  101.7   0.0   1   1   3.5e-30   1.9e-27  100.9   0.0     7   292   239   599   231   601 0.77 [190263/527/1]
190263/541/1.f:IDEEIE_03490 -            435 GH13_41.hmm          -            294   1.2e-27  101.6   0.0   1   1   9.2e-30     5e-27   99.5   0.0     8   292    36   321    31   323 0.85 [190263/541/1]
190263/457/1.f:IIKDLL_01895 -            704 GH13_41.hmm          -            294   1.2e-27  101.5   2.3   1   1   2.2e-30   1.2e-27  101.5   2.3     1   292   197   572   197   574 0.85 [190263/457/1]
190263/420/1.f:GMHOLO_01565 -            815 GH13_41.hmm          -            294   1.2e-27  101.5   0.0   1   1     4e-30   2.2e-27  100.7   0.0     7   292   239   599   231   601 0.77 [190263/420/1]
190263/396/1.f:KAAOMA_12335 -            628 GH13_41.hmm          -            294   1.3e-27  101.5   0.1   1   1   3.7e-30     2e-27  100.8   0.1     1   293   182   508   182   509 0.83 [190263/396/1]
190263/363/1.f:CIHHOC_04065 -            700 GH13_41.hmm          -            294   1.4e-27  101.3   0.1   1   1   4.7e-30   2.5e-27  100.5   0.1     1   292   192   567   192   569 0.82 [190263/363/1]
190263/520/1.f:GGDGDE_02775 -            587 GH13_41.hmm          -            294   1.6e-27  101.1   1.3   1   1   6.3e-30   3.4e-27  100.1   1.3     1   292   107   434   107   436 0.78 [190263/520/1]
190263/452/1.f:PEIHBN_02820 -            435 GH13_41.hmm          -            294   1.8e-27  101.0   0.0   1   1     9e-30   4.9e-27   99.5   0.0    10   293    38   322    31   323 0.86 [190263/452/1]
190263/400/1.f:EIBLKL_06495 -            439 GH13_41.hmm          -            294   2.2e-27  100.7   0.0   1   1   7.6e-30   4.1e-27   99.8   0.0     4   292    35   321    33   323 0.88 [190263/400/1]
190263/513/1.f:MKNBNH_01175 -            697 GH13_41.hmm          -            294   2.6e-27  100.5   0.1   1   1   8.3e-30   4.5e-27   99.7   0.1     1   292   192   567   192   569 0.83 [190263/513/1]
190263/513/1.f:MKNBNH_11095 -            598 GH13_41.hmm          -            294   2.6e-27  100.5   0.4   1   1   9.5e-30   5.2e-27   99.5   0.4    47   292    61   318    33   320 0.82 [190263/513/1]
190263/443/1.f:LNLACP_13505 -            440 GH13_41.hmm          -            294   2.7e-27  100.4   0.0   1   1   7.4e-30     4e-27   99.8   0.0    46   292    62   325    37   327 0.85 [190263/443/1]
190263/541/1.f:IDEEIE_03910 -            541 GH13_41.hmm          -            294   2.8e-27  100.4   0.0   1   1   1.3e-29   7.1e-27   99.0   0.0     1   292    30   363    30   365 0.81 [190263/541/1]
190263/457/1.f:IIKDLL_06125 -            442 GH13_41.hmm          -            294   3.2e-27  100.2   0.0   1   1   1.4e-29   7.4e-27   98.9   0.0     6   292    40   327    36   329 0.85 [190263/457/1]
190263/478/1.f:BOCJFA_13060 -            705 GH13_41.hmm          -            294   3.5e-27  100.0   0.0   1   1   1.1e-29   6.1e-27   99.2   0.0     1   292   192   567   192   569 0.80 [190263/478/1]
190263/369/1.f:JCDIFE_20205 -            441 GH13_41.hmm          -            294   3.9e-27   99.9   0.1   1   1   1.8e-29   9.6e-27   98.6   0.1     3   290    53   328    51   330 0.84 [190263/369/1]
190263/490/1.f:OIBLLI_11235 -           1390 GH13_41.hmm          -            294   4.5e-27   99.6   1.5   1   1   2.2e-29   1.2e-26   98.3   1.5     6   195   248   439   244   461 0.85 [190263/490/1]
190263/390/1.f:OLPOLE_18085 -            605 GH13_41.hmm          -            294   4.6e-27   99.6   0.0   1   1   1.6e-29   8.6e-27   98.7   0.0     1   293   183   510   183   511 0.82 [190263/390/1]
190263/383/1.f:KCEMEB_04820 -            437 GH13_41.hmm          -            294   4.8e-27   99.6   0.1   1   1   1.8e-29   9.8e-27   98.6   0.1     8   291    34   318    30   321 0.85 [190263/383/1]
190263/409/1.f:AJJCMD_08075 -            543 GH13_41.hmm          -            294   5.2e-27   99.5   0.0   1   1   1.9e-29     1e-26   98.5   0.0     1   292    34   367    34   369 0.80 [190263/409/1]
190263/375/1.f:CNGHJF_20490 -            687 GH13_41.hmm          -            294   5.2e-27   99.5   0.1   1   1   1.6e-29   8.6e-27   98.7   0.1     1   292   180   555   180   557 0.78 [190263/375/1]
190263/573/1.f:LIDFCI_15620 -            783 GH13_41.hmm          -            294   5.2e-27   99.5   0.9   1   1   1.4e-29   7.8e-27   98.9   0.9     2   259   341   600   340   641 0.77 [190263/573/1]
190263/475/1.f:MCKEEP_01675 -            793 GH13_41.hmm          -            294   5.4e-27   99.4   1.0   1   1   1.5e-29   8.1e-27   98.8   1.0     2   259   351   610   350   651 0.77 [190263/475/1]
190263/580/1.f:JCPJNN_24345 -            560 GH13_41.hmm          -            294   5.4e-27   99.4   0.2   1   1   4.5e-23   2.5e-20   77.5   0.2     1   162    28   206    28   209 0.79 [190263/580/1]
190263/520/1.f:GGDGDE_20000 -            560 GH13_41.hmm          -            294   5.9e-27   99.3   7.1   1   1   8.2e-22   4.5e-19   73.4   0.9     1   162    29   207    29   211 0.82 [190263/520/1]
190263/363/1.f:CIHHOC_04800 -            542 GH13_41.hmm          -            294   6.5e-27   99.1   0.1   1   1   3.4e-29   1.8e-26   97.7   0.1     1   292    31   364    31   366 0.79 [190263/363/1]
190263/532/1.f:BGDBBA_00800 -            701 GH13_41.hmm          -            294   7.7e-27   98.9   0.1   1   1   2.2e-29   1.2e-26   98.3   0.1     1   292   192   567   192   569 0.83 [190263/532/1]
190263/495/1.f:ANKNCD_06875 -            582 GH13_41.hmm          -            294   7.9e-27   98.9   2.9   1   1   4.4e-29   2.4e-26   97.3   2.9     1   292    99   427    99   429 0.75 [190263/495/1]
190263/472/1.f:NMGHJI_09485 -            582 GH13_41.hmm          -            294     8e-27   98.8   3.5   1   1   1.7e-29   9.4e-27   98.6   1.1    10   293    40   319    33   320 0.81 [190263/472/1]
190263/586/1.f:KBDCAC_00925 -            570 GH13_41.hmm          -            294   8.4e-27   98.8   0.0   1   1   3.5e-23   1.9e-20   77.9   0.0     1   165    27   208    27   212 0.87 [190263/586/1]
190263/478/1.f:BOCJFA_08205 -            581 GH13_41.hmm          -            294     1e-26   98.5   1.5   1   1   4.7e-29   2.5e-26   97.2   1.5    10   293    40   319    33   320 0.83 [190263/478/1]
190263/537/1.f:AHPNMI_04290 -            436 GH13_41.hmm          -            294   1.2e-26   98.3   0.0   1   1   5.8e-29   3.1e-26   96.9   0.0    12   293    40   322    31   323 0.86 [190263/537/1]
190263/546/1.f:GEHMID_03350 -            698 GH13_41.hmm          -            294   1.4e-26   98.1   0.2   1   1     4e-29   2.2e-26   97.4   0.2     1   292   193   567   193   569 0.81 [190263/546/1]
190263/578/1.f:HIHCLH_01010 -            702 GH13_41.hmm          -            294   1.5e-26   98.0   0.3   1   1   5.5e-29     3e-26   97.0   0.3     1   292   197   572   197   574 0.78 [190263/578/1]
190263/383/1.f:KCEMEB_11095 -            641 GH13_41.hmm          -            294   1.6e-26   97.9   0.0   1   1   4.7e-29   2.6e-26   97.2   0.0     1   292   187   514   187   516 0.82 [190263/383/1]
190263/580/1.f:JCPJNN_12915 -            718 GH13_41.hmm          -            294   1.6e-26   97.8   0.0   1   1   5.4e-29   2.9e-26   97.0   0.0     1   292   192   567   192   569 0.83 [190263/580/1]
190263/527/1.f:HGADJN_09225 -            606 GH13_41.hmm          -            294   1.9e-26   97.6   1.2   1   1   2.2e-22   1.2e-19   75.3   1.2     1   163    46   231    46   237 0.84 [190263/527/1]
190263/383/1.f:KCEMEB_04450 -            525 GH13_41.hmm          -            294     2e-26   97.6   0.6   1   1   2.5e-21   1.3e-18   71.8   0.2     1   162    28   206    28   210 0.82 [190263/383/1]
190263/447/1.f:OLODHC_03420 -            676 GH13_41.hmm          -            294     2e-26   97.6   0.0   1   1   9.4e-29   5.1e-26   96.2   0.0    10   292    38   321    31   323 0.83 [190263/447/1]
190263/455/1.f:GDGJDA_01855 -            680 GH13_41.hmm          -            294   2.3e-26   97.4   0.1   1   1     8e-29   4.3e-26   96.4   0.1     1   292   171   548   171   550 0.82 [190263/455/1]
190263/520/1.f:GGDGDE_16030 -            436 GH13_41.hmm          -            294   2.3e-26   97.4   0.0   1   1   1.3e-28     7e-26   95.8   0.0     8   290    36   319    32   323 0.84 [190263/520/1]
190263/386/1.f:DBGIOG_11970 -            701 GH13_41.hmm          -            294   2.4e-26   97.3   0.5   1   1   7.2e-29   3.9e-26   96.6   0.5     1   292   193   568   193   570 0.82 [190263/386/1]
190263/425/1.f:HPANHD_02620 -            541 GH13_41.hmm          -            294   2.4e-26   97.3   1.0   1   1   7.8e-29   4.3e-26   96.5   0.1     1   292    28   361    28   363 0.75 [190263/425/1]
190263/546/1.f:GEHMID_00295 -            565 GH13_41.hmm          -            294   2.5e-26   97.2   2.5   1   1   2.1e-22   1.1e-19   75.4   0.9     1   160    28   204    28   207 0.80 [190263/546/1]
190263/412/1.f:OOIBGL_10985 -            436 GH13_41.hmm          -            294   2.9e-26   97.0   0.0   1   1   1.5e-28   8.2e-26   95.5   0.0     7   290    35   319    31   323 0.86 [190263/412/1]
190263/495/1.f:ANKNCD_19165 -            436 GH13_41.hmm          -            294     3e-26   97.0   0.0   1   1   1.7e-28     9e-26   95.4   0.0     8   291    36   320    32   323 0.85 [190263/495/1]
190263/455/1.f:GDGJDA_12270 -            434 GH13_41.hmm          -            294   3.1e-26   96.9   0.0   1   1   1.6e-28   8.6e-26   95.5   0.0    11   292    39   321    34   323 0.86 [190263/455/1]
190263/452/1.f:PEIHBN_10935 -            559 GH13_41.hmm          -            294   3.8e-26   96.6   2.8   1   1   1.8e-23   9.9e-21   78.8   0.6     1   162    29   203    29   206 0.82 [190263/452/1]
190263/531/1.f:KJIPPC_00425 -            689 GH13_41.hmm          -            294   3.9e-26   96.6   0.4   1   1   1.3e-28   7.2e-26   95.7   0.4     1   292   171   548   171   550 0.82 [190263/531/1]
190263/384/1.f:CDKGIA_01545 -            446 GH13_41.hmm          -            294   4.1e-26   96.5   0.0   1   1   1.5e-28   8.3e-26   95.5   0.0     6   292    37   318    33   320 0.83 [190263/384/1]
190263/502/1.f:NONHGB_12240 -            481 GH13_41.hmm          -            294   4.3e-26   96.5   3.1   1   1   4.5e-28   2.4e-25   94.0   3.1     6   293    24   373    20   374 0.80 [190263/502/1]
190263/448/1.f:IBJDOL_08635 -            554 GH13_41.hmm          -            294     6e-26   96.0  17.5   1   1   2.5e-22   1.4e-19   75.1   5.1     1   163    28   207    28   225 0.81 [190263/448/1]
190263/447/1.f:OLODHC_15070 -            694 GH13_41.hmm          -            294   6.1e-26   95.9   0.3   1   1   2.3e-28   1.3e-25   94.9   0.3     1   292   185   562   185   564 0.78 [190263/447/1]
190263/425/1.f:HPANHD_03290 -            554 GH13_41.hmm          -            294   6.8e-26   95.8   2.5   1   1   4.9e-24   2.7e-21   80.7   0.6     1   161    27   205    27   208 0.80 [190263/425/1]
190263/514/1.f:MMHOAN_14475 -            693 GH13_41.hmm          -            294   7.1e-26   95.7   0.3   1   1   2.1e-28   1.1e-25   95.0   0.3     1   292   171   548   171   550 0.79 [190263/514/1]
190263/417/1.f:MHBJAE_18870 -            481 GH13_41.hmm          -            294   8.1e-26   95.5   2.9   1   1   1.2e-27   6.5e-25   92.6   2.9     6   293    24   373    20   374 0.79 [190263/417/1]
190263/520/1.f:GGDGDE_10805 -            560 GH13_41.hmm          -            294   8.8e-26   95.4   1.7   1   1   6.6e-21   3.6e-18   70.4   0.3     1   164    28   208    28   212 0.82 [190263/520/1]
190263/541/1.f:IDEEIE_16565 -            676 GH13_41.hmm          -            294   8.8e-26   95.4   0.9   1   1   2.6e-28   1.4e-25   94.7   0.9     1   292   171   545   171   547 0.79 [190263/541/1]
190263/439/1.f:KGLJGB_08645 -            433 GH13_41.hmm          -            294   9.1e-26   95.4   0.0   1   1   5.3e-28   2.9e-25   93.7   0.0     7   290    35   319    30   323 0.83 [190263/439/1]
190263/423/1.f:PDNKFB_07145 -            434 GH13_41.hmm          -            294   9.2e-26   95.4   0.0   1   1   4.9e-28   2.7e-25   93.8   0.0     8   291    36   321    32   324 0.83 [190263/423/1]
190263/406/1.f:DKNBGD_12580 -            551 GH13_41.hmm          -            294   9.3e-26   95.4   0.0   1   1   2.3e-21   1.2e-18   72.0   0.0     1   161    26   204    26   208 0.81 [190263/406/1]
190263/458/1.f:AMPCAI_06050 -            434 GH13_41.hmm          -            294   9.3e-26   95.3   0.0   1   1   4.3e-28   2.4e-25   94.0   0.0    10   292    38   317    33   319 0.86 [190263/458/1]
190263/596/1.f:GDHELL_00025 -            558 GH13_41.hmm          -            294   9.7e-26   95.3   5.1   1   1   2.5e-28   1.4e-25   94.8   3.1    12   292    41   321    25   323 0.80 [190263/596/1]
190263/370/1.f:MFKGBO_01025 -            448 GH13_41.hmm          -            294     1e-25   95.2   0.0   1   1   4.6e-28   2.5e-25   93.9   0.0     6   292    37   318    33   320 0.83 [190263/370/1]
190263/560/1.f:OAGBLH_03685 -            533 GH13_41.hmm          -            294   1.1e-25   95.1   1.7   1   1   4.3e-28   2.3e-25   94.0   1.7     6   290    36   320    32   324 0.83 [190263/560/1]
190263/490/1.f:OIBLLI_01470 -            436 GH13_41.hmm          -            294   1.1e-25   95.1   0.1   1   1     6e-28   3.3e-25   93.6   0.1     7   289    35   318    31   322 0.84 [190263/490/1]
190263/447/1.f:OLODHC_03105 -            539 GH13_41.hmm          -            294   1.2e-25   95.0   0.0   1   1   7.1e-28   3.9e-25   93.3   0.0     1   292    28   361    28   363 0.78 [190263/447/1]
190263/474/1.f:AMDJJA_02480 -            604 GH13_41.hmm          -            294   1.3e-25   94.9   0.0   1   1   1.2e-21   6.4e-19   72.9   0.0     1   164    46   232    46   237 0.85 [190263/474/1]
190263/585/1.f:DLBDDB_01385 -            809 GH13_41.hmm          -            294   1.3e-25   94.8   1.2   1   1   2.5e-28   1.3e-25   94.8   1.2     1   259   372   639   372   680 0.67 [190263/585/1]
190263/532/1.f:BGDBBA_08525 -            550 GH13_41.hmm          -            294   1.4e-25   94.8   1.4   1   1   4.9e-28   2.7e-25   93.8   1.4    40   293    46   319    31   320 0.81 [190263/532/1]
190263/514/1.f:MMHOAN_03820 -            569 GH13_41.hmm          -            294   1.6e-25   94.6   0.1   1   1   7.5e-28   4.1e-25   93.2   0.1     1   291    28   360    28   362 0.75 [190263/514/1]
190263/375/1.f:CNGHJF_04595 -            557 GH13_41.hmm          -            294   1.7e-25   94.5   2.5   1   1   7.7e-23   4.2e-20   76.8   1.7     1   162    27   205    27   207 0.82 [190263/375/1]
190263/452/1.f:PEIHBN_14170 -            683 GH13_41.hmm          -            294   1.8e-25   94.4   0.7   1   1   6.1e-28   3.3e-25   93.5   0.7     1   292   171   548   171   550 0.81 [190263/452/1]
190263/448/1.f:IBJDOL_10285 -            559 GH13_41.hmm          -            294   1.8e-25   94.4   8.8   1   1   2.1e-25   1.2e-22   85.2   8.8     1   291    26   367    26   369 0.73 [190263/448/1]
190263/495/1.f:ANKNCD_08970 -            565 GH13_41.hmm          -            294   1.9e-25   94.4   1.2   1   1   8.3e-24   4.5e-21   80.0   0.3     1   161    28   205    28   208 0.84 [190263/495/1]
190263/541/1.f:IDEEIE_02835 -            559 GH13_41.hmm          -            294   2.2e-25   94.1   2.2   1   1   3.4e-22   1.9e-19   74.7   2.3     1   162    27   206    27   209 0.81 [190263/541/1]
190263/527/1.f:HGADJN_09155 -            602 GH13_41.hmm          -            294   2.2e-25   94.1   0.5   1   1   5.6e-22     3e-19   74.0   0.8     1   161    46   229    46   237 0.84 [190263/527/1]
190263/512/1.f:JBCLGH_10695 -            448 GH13_41.hmm          -            294   2.6e-25   93.9   0.0   1   1   1.3e-27   7.2e-25   92.4   0.0    12   293    40   322    33   323 0.87 [190263/512/1]
190263/425/1.f:HPANHD_08465 -            599 GH13_41.hmm          -            294   2.7e-25   93.8   0.0   1   1   7.7e-28   4.2e-25   93.2   0.0     2   292   187   490   186   492 0.81 [190263/425/1]
190263/421/1.f:PBKEAC_13760 -            423 GH13_41.hmm          -            294   2.8e-25   93.8   0.0   1   1   7.6e-28   4.1e-25   93.2   0.0     1   290    22   301    22   304 0.80 [190263/421/1]
190263/552/1.f:EMALNL_07955 -            758 GH13_41.hmm          -            294   2.9e-25   93.7   1.4   1   1   1.1e-27   6.1e-25   92.7   1.4     2   262   330   593   329   620 0.73 [190263/552/1]
190263/562/1.f:KJGNCK_02055 -            758 GH13_41.hmm          -            294   2.9e-25   93.7   1.4   1   1   1.1e-27   6.1e-25   92.7   1.4     2   262   330   593   329   620 0.73 [190263/562/1]
190263/366/1.f:DBJPFP_13280 -            423 GH13_41.hmm          -            294   3.7e-25   93.4   0.0   1   1   9.2e-28     5e-25   92.9   0.0     1   290    22   301    22   304 0.83 [190263/366/1]
190263/494/1.f:LHPBBO_03380 -            727 GH13_41.hmm          -            294     4e-25   93.3   0.0   1   1   5.6e-27   3.1e-24   90.4   0.0     1   292   238   572   238   574 0.80 [190263/494/1]
190263/487/1.f:MPKEFC_01960 -            707 GH13_41.hmm          -            294   4.1e-25   93.2   1.9   1   1   1.2e-27   6.7e-25   92.5   1.9     1   292   198   573   198   575 0.79 [190263/487/1]
190263/474/1.f:AMDJJA_09650 -            608 GH13_41.hmm          -            294   4.2e-25   93.2   0.0   1   1   1.5e-21     8e-19   72.6   0.1     1   164    46   232    46   235 0.85 [190263/474/1]
190263/507/1.f:KPMKPI_14695 -            453 GH13_41.hmm          -            294   4.3e-25   93.2   0.0   1   1   1.8e-27   9.9e-25   92.0   0.0     6   292    36   325    32   327 0.78 [190263/507/1]
190263/409/1.f:AJJCMD_29540 -            688 GH13_41.hmm          -            294   4.5e-25   93.1   0.2   1   1   1.5e-27   8.4e-25   92.2   0.2     1   292   181   556   181   558 0.79 [190263/409/1]
190263/384/1.f:CDKGIA_15920 -            590 GH13_41.hmm          -            294   5.1e-25   92.9   0.1   1   1   1.9e-21   1.1e-18   72.2   0.1     1   162    38   214    38   222 0.83 [190263/384/1]
190263/429/1.f:OMPHBF_12730 -            589 GH13_41.hmm          -            294   6.2e-25   92.7   1.1   1   1   2.4e-22   1.3e-19   75.2   1.0     1   162    52   230    52   233 0.78 [190263/429/1]
190263/409/1.f:AJJCMD_01560 -            444 GH13_41.hmm          -            294   6.2e-25   92.6   0.0   1   1   2.4e-27   1.3e-24   91.6   0.0     6   292    37   318    33   320 0.87 [190263/409/1]
190263/455/1.f:GDGJDA_05900 -            561 GH13_41.hmm          -            294   6.8e-25   92.5   0.4   1   1   5.5e-21     3e-18   70.7   0.1     1   161    28   205    28   209 0.81 [190263/455/1]
190263/562/1.f:KJGNCK_01560 -            454 GH13_41.hmm          -            294   6.9e-25   92.5   0.1   1   1   2.4e-27   1.3e-24   91.6   0.1     2   292    59   334    58   336 0.79 [190263/562/1]
190263/434/1.f:NCAOKI_09055 -           1104 GH13_41.hmm          -            294     7e-25   92.5   0.0   1   1   2.4e-27   1.3e-24   91.6   0.0     2   291   196   520   195   523 0.81 [190263/434/1]
190263/488/1.f:DNPFAC_20230 -            481 GH13_41.hmm          -            294   7.3e-25   92.4   2.2   1   1     1e-26   5.5e-24   89.5   2.2     6   292    24   372    20   374 0.79 [190263/488/1]
190263/495/1.f:ANKNCD_06835 -            701 GH13_41.hmm          -            294   7.3e-25   92.4   0.5   1   1   2.5e-27   1.4e-24   91.5   0.5     1   292   194   570   194   572 0.76 [190263/495/1]
190263/580/1.f:JCPJNN_28235 -            543 GH13_41.hmm          -            294     8e-25   92.3   0.0   1   1     4e-27   2.2e-24   90.8   0.0     1   292    31   364    31   366 0.80 [190263/580/1]
190263/363/1.f:CIHHOC_11415 -            558 GH13_41.hmm          -            294   9.5e-25   92.0   0.2   1   1   7.5e-23   4.1e-20   76.8   0.4     1   162    27   206    27   210 0.78 [190263/363/1]
190263/546/1.f:GEHMID_08575 -            456 GH13_41.hmm          -            294   9.8e-25   92.0   0.2   1   1   3.6e-27   1.9e-24   91.0   0.2     5   292    36   324    33   326 0.77 [190263/546/1]
190263/384/1.f:CDKGIA_01450 -            707 GH13_41.hmm          -            294   1.1e-24   91.8   0.0   1   1   4.9e-27   2.7e-24   90.6   0.0     1   292   179   556   179   558 0.75 [190263/384/1]
190263/405/1.f:EHKDKA_03920 -            441 GH13_41.hmm          -            294   1.2e-24   91.7   0.0   1   1   3.4e-27   1.8e-24   91.1   0.0     2   289    53   327    52   331 0.77 [190263/405/1]
190263/520/1.f:GGDGDE_17165 -            734 GH13_41.hmm          -            294   1.2e-24   91.7   0.3   1   1   3.5e-27   1.9e-24   91.0   0.3     1   292   194   570   194   572 0.80 [190263/520/1]
190263/490/1.f:OIBLLI_08280 -            704 GH13_41.hmm          -            294   1.3e-24   91.6   1.2   1   1   4.3e-27   2.3e-24   90.8   1.2     1   292   197   572   197   574 0.81 [190263/490/1]
190263/429/1.f:OMPHBF_14120 -            535 GH13_41.hmm          -            294   1.3e-24   91.6   0.0   1   1   4.7e-27   2.6e-24   90.6   0.0     7   292    38   323    34   325 0.86 [190263/429/1]
190263/472/1.f:NMGHJI_16290 -            552 GH13_41.hmm          -            294   1.4e-24   91.5   0.0   1   1   2.6e-26   1.4e-23   88.2   0.0     1   292    30   365    30   367 0.75 [190263/472/1]
190263/557/1.f:DOLMEB_09075 -            560 GH13_41.hmm          -            294   1.5e-24   91.4   0.8   1   1   2.4e-21   1.3e-18   71.9   0.1     1   160    30   202    30   207 0.80 [190263/557/1]
190263/396/1.f:KAAOMA_13065 -            528 GH13_41.hmm          -            294   1.5e-24   91.3   0.0   1   1   4.4e-27   2.4e-24   90.7   0.0    10   291    41   323    21   326 0.85 [190263/396/1]
190263/513/1.f:MKNBNH_02055 -            565 GH13_41.hmm          -            294   1.8e-24   91.2   0.4   1   1   1.4e-21   7.8e-19   72.6   0.3     1   161    28   202    28   206 0.86 [190263/513/1]
190263/557/1.f:DOLMEB_10490 -            442 GH13_41.hmm          -            294     2e-24   91.0   0.0   1   1   9.7e-27   5.3e-24   89.6   0.0    11   292    39   321    34   323 0.85 [190263/557/1]
190263/576/1.f:FNMBCG_04310 -            452 GH13_41.hmm          -            294   2.1e-24   90.9   0.1   1   1   6.3e-27   3.4e-24   90.2   0.1    15   293    46   321    33   322 0.84 [190263/576/1]
190263/439/1.f:KGLJGB_07065 -            557 GH13_41.hmm          -            294   2.2e-24   90.8   0.9   1   1   9.2e-22     5e-19   73.3   0.1     1   161    28   205    28   208 0.80 [190263/439/1]
190263/502/1.f:NONHGB_03620 -            441 GH13_41.hmm          -            294   2.2e-24   90.8   0.1   1   1     6e-27   3.3e-24   90.3   0.1     2   289    53   327    52   331 0.73 [190263/502/1]
190263/382/1.f:JACGKO_00540 -            554 GH13_41.hmm          -            294   2.4e-24   90.7   0.0   1   1     2e-18   1.1e-15   62.3   0.0     1   160    29   206    29   213 0.79 [190263/382/1]
190263/409/1.f:AJJCMD_25500 -            555 GH13_41.hmm          -            294   2.5e-24   90.6   0.2   1   1   1.5e-24   8.4e-22   82.4   0.2     1   292    26   368    26   370 0.79 [190263/409/1]
190263/363/1.f:CIHHOC_02445 -            551 GH13_41.hmm          -            294   2.8e-24   90.5   1.9   1   1     1e-25   5.7e-23   86.2   1.9     1   291    26   367    26   370 0.81 [190263/363/1]
190263/578/1.f:HIHCLH_08785 -            436 GH13_41.hmm          -            294   2.9e-24   90.4   0.1   1   1   1.5e-26     8e-24   89.0   0.1    10   289    38   318    31   323 0.77 [190263/578/1]
190263/423/1.f:PDNKFB_11910 -            541 GH13_41.hmm          -            294   2.9e-24   90.4   1.6   1   1   4.7e-25   2.6e-22   84.1   1.6     1   292    28   368    28   370 0.72 [190263/423/1]
190263/584/1.f:DDCNLE_03835 -            557 GH13_41.hmm          -            294     3e-24   90.4   0.0   1   1   1.7e-18   9.2e-16   62.5   0.0     1   165    28   209    28   231 0.86 [190263/584/1]
190263/405/1.f:EHKDKA_03925 -            447 GH13_41.hmm          -            294   3.2e-24   90.3   0.1   1   1     9e-27   4.9e-24   89.7   0.1     3   289    58   331    56   335 0.83 [190263/405/1]
190263/447/1.f:OLODHC_03415 -            554 GH13_41.hmm          -            294   3.8e-24   90.1   5.5   1   1   1.7e-24   9.3e-22   82.2   5.5     1   292    28   370    28   372 0.83 [190263/447/1]
190263/556/1.f:EMIPPF_12930 -            425 GH13_41.hmm          -            294   3.8e-24   90.0   0.0   1   1   9.7e-27   5.3e-24   89.6   0.0     1   290    24   303    24   306 0.83 [190263/556/1]
190263/502/1.f:NONHGB_03625 -            447 GH13_41.hmm          -            294   3.9e-24   90.0   0.1   1   1   1.1e-26   5.9e-24   89.4   0.1     3   289    58   331    56   335 0.83 [190263/502/1]
190263/584/1.f:DDCNLE_10135 -            626 GH13_41.hmm          -            294   3.9e-24   90.0   0.0   1   1   1.9e-26     1e-23   88.6   0.0     1   293   187   513   187   514 0.77 [190263/584/1]
190263/375/1.f:CNGHJF_04955 -            539 GH13_41.hmm          -            294   4.3e-24   89.9   0.0   1   1   2.9e-26   1.6e-23   88.0   0.0     1   292    28   361    28   363 0.78 [190263/375/1]
190263/531/1.f:KJIPPC_09425 -            557 GH13_41.hmm          -            294   4.5e-24   89.8   0.2   1   1   6.5e-22   3.5e-19   73.7   0.1     1   162    28   206    28   212 0.81 [190263/531/1]
190263/409/1.f:AJJCMD_20400 -            565 GH13_41.hmm          -            294   4.7e-24   89.7   0.1   1   1   2.2e-21   1.2e-18   72.0   0.0     1   160    28   204    28   208 0.85 [190263/409/1]
190263/586/1.f:KBDCAC_01405 -            732 GH13_41.hmm          -            294   5.1e-24   89.6   0.0   1   1   1.6e-26   8.8e-24   88.9   0.0     1   292   178   553   178   555 0.79 [190263/586/1]
190263/433/1.f:ADFNDI_01880 -            557 GH13_41.hmm          -            294   6.2e-24   89.4   0.3   1   1   1.6e-20   8.8e-18   69.2   0.1     1   161    28   205    28   209 0.81 [190263/433/1]
190263/478/1.f:BOCJFA_01370 -            559 GH13_41.hmm          -            294   6.4e-24   89.3   0.4   1   1   1.5e-21   8.3e-19   72.5   0.7     1   162    27   206    27   212 0.81 [190263/478/1]
190263/496/1.f:JJBAFO_05545 -            425 GH13_41.hmm          -            294   6.5e-24   89.3   0.0   1   1   1.6e-26   8.7e-24   88.9   0.0     1   291    26   316    26   318 0.81 [190263/496/1]
190263/595/1.f:HGDLEC_06210 -            450 GH13_41.hmm          -            294   6.6e-24   89.3   0.0   1   1   1.7e-26   9.2e-24   88.8   0.0     3   290    49   327    47   330 0.80 [190263/595/1]
190263/437/1.f:LBKKEJ_03770 -            787 GH13_41.hmm          -            294   7.5e-24   89.1   0.0   1   1   2.6e-25   1.4e-22   84.9   0.0     1   260   338   601   338   622 0.70 [190263/437/1]
190263/370/1.f:MFKGBO_26585 -            707 GH13_41.hmm          -            294   8.1e-24   89.0   0.0   1   1   3.3e-26   1.8e-23   87.9   0.0     1   292   179   556   179   558 0.76 [190263/370/1]
190263/578/1.f:HIHCLH_07765 -            543 GH13_41.hmm          -            294   9.2e-24   88.8   0.7   1   1   2.8e-26   1.5e-23   88.1   0.7     1   293    71   394    71   395 0.76 [190263/578/1]
190263/516/1.f:MGNFBC_04840 -            588 GH13_41.hmm          -            294   9.2e-24   88.8   0.2   1   1     6e-25   3.2e-22   83.7   0.2     1   290    43   388    43   392 0.79 [190263/516/1]
190263/382/1.f:JACGKO_02195 -            543 GH13_41.hmm          -            294   1.2e-23   88.4   0.0   1   1   1.5e-24     8e-22   82.4   0.0     1   292    25   364    25   366 0.82 [190263/382/1]
190263/540/1.f:BCGFLB_01175 -            585 GH13_41.hmm          -            294   1.4e-23   88.2   0.3   1   1   3.7e-20     2e-17   68.0   1.1     1   160    45   222    45   228 0.78 [190263/540/1]
190263/384/1.f:CDKGIA_00625 -            570 GH13_41.hmm          -            294   1.5e-23   88.1   0.5   1   1   2.6e-21   1.4e-18   71.7   1.0     1   159    30   205    30   211 0.79 [190263/384/1]
190263/421/1.f:PBKEAC_05060 -            445 GH13_41.hmm          -            294   1.6e-23   88.0   0.0   1   1   3.9e-26   2.1e-23   87.6   0.0     2   289    48   323    47   327 0.87 [190263/421/1]
190263/446/1.f:LHJMMB_09605 -            445 GH13_41.hmm          -            294   1.6e-23   88.0   0.0   1   1   3.9e-26   2.1e-23   87.6   0.0     2   289    48   323    47   327 0.87 [190263/446/1]
190263/506/1.f:IKGMED_09345 -            526 GH13_41.hmm          -            294   1.7e-23   87.9   4.0   1   1   7.9e-26   4.3e-23   86.6   4.0     8   292    60   406    55   408 0.85 [190263/506/1]
190263/420/1.f:GMHOLO_08275 -            607 GH13_41.hmm          -            294   1.8e-23   87.8   0.2   1   1   1.3e-20   6.9e-18   69.5   0.4     1   162    46   230    46   237 0.83 [190263/420/1]
190263/423/1.f:PDNKFB_07750 -            561 GH13_41.hmm          -            294   1.8e-23   87.8   0.5   1   1   2.8e-21   1.5e-18   71.6   0.2     1   161    28   205    28   208 0.81 [190263/423/1]
190263/477/1.f:PCLDCI_13985 -            551 GH13_41.hmm          -            294   1.9e-23   87.7   0.1   1   1   5.2e-26   2.8e-23   87.2   0.1    40   292    48   323    25   325 0.81 [190263/477/1]
190263/446/1.f:LHJMMB_14315 -            427 GH13_41.hmm          -            294   5.9e-23   86.2   0.0   1   1   1.6e-25   8.7e-23   85.6   0.0     1   290    26   305    26   308 0.82 [190263/446/1]
190263/386/1.f:DBGIOG_09510 -            457 GH13_41.hmm          -            294     6e-23   86.1   0.0   1   1   2.1e-25   1.1e-22   85.2   0.0     8   293    39   327    33   328 0.82 [190263/386/1]
190263/580/1.f:JCPJNN_23320 -            440 GH13_41.hmm          -            294     7e-23   85.9   0.0   1   1   3.5e-25   1.9e-22   84.5   0.0     7   292    39   325    33   327 0.80 [190263/580/1]
190263/567/1.f:NOEGFN_05575 -            550 GH13_41.hmm          -            294   7.4e-23   85.8   0.0   1   1   1.9e-25   1.1e-22   85.3   0.0     6   293    36   323    32   324 0.81 [190263/567/1]
190263/461/1.f:DHPHOK_10125 -            859 GH13_41.hmm          -            294   9.3e-23   85.5   0.4   1   1   7.4e-25     4e-22   83.4   0.4     2   278   436   720   435   733 0.69 [190263/461/1]
190263/556/1.f:EMIPPF_02180 -            445 GH13_41.hmm          -            294   9.5e-23   85.5   0.0   1   1   2.4e-25   1.3e-22   85.0   0.0     2   289    48   323    47   327 0.86 [190263/556/1]
190263/565/1.f:PAEINE_09665 -            458 GH13_41.hmm          -            294   9.6e-23   85.4   0.0   1   1   5.5e-25     3e-22   83.8   0.0    10   292    53   336    47   338 0.83 [190263/565/1]
190263/409/1.f:AJJCMD_26280 -            550 GH13_41.hmm          -            294     1e-22   85.4   0.3   1   1   7.9e-20   4.3e-17   66.9   0.2     1   163    28   206    28   227 0.84 [190263/409/1]
190263/546/1.f:GEHMID_11585 -            555 GH13_41.hmm          -            294     1e-22   85.4   0.0   1   1   8.7e-19   4.7e-16   63.5   0.0     1   161    28   205    28   209 0.83 [190263/546/1]
190263/477/1.f:PCLDCI_13415 -            621 GH13_41.hmm          -            294   1.3e-22   85.0   0.0   1   1   4.2e-25   2.3e-22   84.2   0.0     1   293   184   510   184   511 0.83 [190263/477/1]
190263/580/1.f:JCPJNN_29355 -            566 GH13_41.hmm          -            294   1.3e-22   85.0   0.1   1   1   4.4e-22   2.4e-19   74.3   0.1     1   161    28   205    28   209 0.83 [190263/580/1]
190263/369/1.f:JCDIFE_20170 -            859 GH13_41.hmm          -            294   1.4e-22   84.9   0.3   1   1     1e-24   5.7e-22   82.9   0.3     1   283   435   725   435   733 0.72 [190263/369/1]
190263/507/1.f:KPMKPI_03005 -            556 GH13_41.hmm          -            294   1.4e-22   84.9   0.1   1   1   1.1e-18   5.8e-16   63.2   0.1     1   162    28   207    28   213 0.84 [190263/507/1]
190263/458/1.f:AMPCAI_01140 -            559 GH13_41.hmm          -            294   1.8e-22   84.6   2.3   1   1   1.5e-21   8.4e-19   72.5   0.5     1   159    29   205    29   210 0.82 [190263/458/1]
190263/584/1.f:DDCNLE_03830 -            556 GH13_41.hmm          -            294     2e-22   84.4   0.2   1   1   1.7e-18   9.1e-16   62.5   0.1     1   161    28   205    28   208 0.80 [190263/584/1]
190263/514/1.f:MMHOAN_01610 -            441 GH13_41.hmm          -            294   2.2e-22   84.3   0.0   1   1   7.1e-25   3.9e-22   83.5   0.0    46   292    58   321    34   323 0.85 [190263/514/1]
190263/375/1.f:CNGHJF_16955 -            552 GH13_41.hmm          -            294   2.6e-22   84.1   0.1   1   1   1.6e-22   8.9e-20   75.7   0.1     1   291    26   367    26   370 0.72 [190263/375/1]
190263/379/1.f:LOJHAC_03790 -            588 GH13_41.hmm          -            294   2.7e-22   84.0   0.2   1   1   1.7e-23   9.5e-21   78.9   0.2     1   290    43   388    43   392 0.78 [190263/379/1]
190263/478/1.f:BOCJFA_10845 -            558 GH13_41.hmm          -            294   2.8e-22   83.9   0.1   1   1   8.8e-18   4.8e-15   60.2   0.1     1   162    28   207    28   210 0.83 [190263/478/1]
190263/586/1.f:KBDCAC_04650 -            560 GH13_41.hmm          -            294   3.2e-22   83.8   0.1   1   1   4.4e-20   2.4e-17   67.7   0.1     1   162    26   203    26   212 0.84 [190263/586/1]
190263/532/1.f:BGDBBA_06200 -            558 GH13_41.hmm          -            294   3.4e-22   83.6   3.3   1   1   2.4e-19   1.3e-16   65.3   0.9     1   161    28   205    28   209 0.80 [190263/532/1]
190263/379/1.f:LOJHAC_03785 -            480 GH13_41.hmm          -            294   3.9e-22   83.5   3.8   1   1   1.9e-24     1e-21   82.0   3.8     7   293    25   373    21   374 0.79 [190263/379/1]
190263/523/1.f:MDNHKG_06170 -            426 GH13_41.hmm          -            294   4.1e-22   83.4   0.0   1   1     2e-24   1.1e-21   82.0   0.0     2   289    25   301    24   305 0.79 [190263/523/1]
190263/516/1.f:MGNFBC_04845 -            482 GH13_41.hmm          -            294   4.2e-22   83.4   3.9   1   1     2e-24   1.1e-21   82.0   3.9     7   293    25   373    21   374 0.79 [190263/516/1]
190263/526/1.f:GBBCGM_01405 -            476 GH13_41.hmm          -            294   4.3e-22   83.3   4.7   1   1   2.3e-24   1.3e-21   81.8   4.7    10   288    23   363    16   369 0.77 [190263/526/1]
190263/487/1.f:MPKEFC_06950 -            441 GH13_41.hmm          -            294   4.7e-22   83.2   0.1   1   1   1.4e-24   7.7e-22   82.5   0.1     9   293    41   326    36   327 0.84 [190263/487/1]
190263/584/1.f:DDCNLE_06665 -            431 GH13_41.hmm          -            294   5.5e-22   83.0   0.0   1   1   1.6e-24   8.5e-22   82.3   0.0    41   292    46   317    24   319 0.81 [190263/584/1]
190263/502/1.f:NONHGB_17565 -            565 GH13_41.hmm          -            294   5.7e-22   82.9   0.1   1   1   7.2e-24   3.9e-21   80.2   0.1     7   292    43   398    39   400 0.82 [190263/502/1]
190263/530/1.f:LBOGMJ_11835 -            672 GH13_41.hmm          -            294   5.9e-22   82.9   0.0   1   1   1.7e-24   9.5e-22   82.2   0.0     1   292   199   529   199   531 0.82 [190263/530/1]
190263/362/1.f:KJODLM_06385 -            121 GH13_41.hmm          -            294   6.1e-22   82.8   0.0   1   1   1.2e-24   6.7e-22   82.7   0.0   131   233     1   120     1   121 0.96 [190263/362/1]
190263/368/1.f:HPMDBE_05470 -            480 GH13_41.hmm          -            294   6.9e-22   82.7   3.8   1   1   3.2e-24   1.7e-21   81.3   3.8     7   293    25   373    21   374 0.79 [190263/368/1]
190263/504/1.f:DOAHDM_13260 -            481 GH13_41.hmm          -            294   7.8e-22   82.5   3.6   1   1   1.1e-23   6.2e-21   79.5   3.6    11   292    29   372    21   374 0.77 [190263/504/1]
190263/466/1.f:PGJOII_04830 -            560 GH13_41.hmm          -            294   8.4e-22   82.4   0.0   1   1   4.4e-24   2.4e-21   80.9   0.0     1   290    50   389    50   393 0.76 [190263/466/1]
190263/401/1.f:DMFJNH_14170 -            481 GH13_41.hmm          -            294   9.4e-22   82.2   3.5   1   1   1.4e-23   7.5e-21   79.2   3.5    11   291    29   371    21   374 0.77 [190263/401/1]
190263/456/1.f:LKAJBD_04235 -            560 GH13_41.hmm          -            294     1e-21   82.1   0.1   1   1   5.9e-24   3.2e-21   80.4   0.1     1   290    53   389    53   392 0.75 [190263/456/1]
190263/456/1.f:LKAJBD_04210 -            560 GH13_41.hmm          -            294   1.1e-21   82.0   0.0   1   1     6e-24   3.3e-21   80.4   0.0     1   290    50   389    50   393 0.76 [190263/456/1]
190263/405/1.f:EHKDKA_03360 -            859 GH13_41.hmm          -            294   1.1e-21   82.0   0.1   1   1   5.4e-24     3e-21   80.6   0.1     5   258   338   596   334   622 0.75 [190263/405/1]
190263/405/1.f:EHKDKA_19205 -            565 GH13_41.hmm          -            294   1.3e-21   81.8   0.1   1   1   1.6e-23   8.7e-21   79.0   0.1     7   292    43   398    39   400 0.82 [190263/405/1]
190263/460/1.f:IHFGKI_10500 -            578 GH13_41.hmm          -            294   2.1e-21   81.1   0.3   1   1   3.5e-23   1.9e-20   77.9   0.3     1   291    53   414    53   417 0.68 [190263/460/1]
190263/488/1.f:DNPFAC_21035 -            952 GH13_41.hmm          -            294   2.1e-21   81.0   0.1   1   1   1.3e-23   7.3e-21   79.3   0.1     1   169   517   677   517   820 0.80 [190263/488/1]
190263/466/1.f:PGJOII_04855 -            554 GH13_41.hmm          -            294   2.2e-21   81.0   0.2   1   1   1.6e-23     9e-21   79.0   0.2     1   290    47   383    47   386 0.74 [190263/466/1]
190263/573/1.f:LIDFCI_08210 -            565 GH13_41.hmm          -            294   2.3e-21   80.9   0.0   1   1   3.4e-23   1.8e-20   78.0   0.0     8   292    44   398    40   400 0.79 [190263/573/1]
190263/362/1.f:KJODLM_08930 -            483 GH13_41.hmm          -            294   2.5e-21   80.8   6.7   1   1   2.8e-23   1.5e-20   78.2   6.7     6   290    24   372    20   375 0.83 [190263/362/1]
190263/375/1.f:CNGHJF_04990 -            554 GH13_41.hmm          -            294   3.3e-21   80.4   0.2   1   1   1.6e-19   8.8e-17   65.9   0.2     1   161    28   205    28   212 0.82 [190263/375/1]
190263/370/1.f:MFKGBO_21105 -            550 GH13_41.hmm          -            294   4.3e-21   80.0   0.1   1   1     2e-19   1.1e-16   65.6   0.1     1   163    26   204    26   210 0.82 [190263/370/1]
190263/523/1.f:MDNHKG_08680 -            568 GH13_41.hmm          -            294   4.3e-21   80.0   0.0   1   1   1.4e-19   7.7e-17   66.1   0.0     1   164    38   219    38   222 0.79 [190263/523/1]
190263/540/1.f:BCGFLB_10110 -            481 GH13_41.hmm          -            294   4.9e-21   79.8   1.7   1   1   1.3e-22   6.8e-20   76.1   1.7     7   292    25   373    21   375 0.77 [190263/540/1]
190263/406/1.f:DKNBGD_03735 -            567 GH13_41.hmm          -            294   5.1e-21   79.8   0.0   1   1   1.7e-18   9.5e-16   62.5   0.0     1   160    28   209    28   216 0.83 [190263/406/1]
190263/468/1.f:DIOFOH_01755 -            517 GH13_41.hmm          -            294   5.7e-21   79.6   0.2   1   1   3.2e-23   1.8e-20   78.0   0.2     1   290    27   362    27   365 0.71 [190263/468/1]
190263/472/1.f:NMGHJI_04900 -            554 GH13_41.hmm          -            294     7e-21   79.3   0.1   1   1   1.3e-18     7e-16   62.9   0.2     1   161    28   205    28   213 0.83 [190263/472/1]
190263/363/1.f:CIHHOC_14895 -            450 GH13_41.hmm          -            294   1.2e-20   78.6   0.0   1   1   4.1e-23   2.3e-20   77.7   0.0     8   290    39   322    33   326 0.81 [190263/363/1]
190263/562/1.f:KJGNCK_19700 -            565 GH13_41.hmm          -            294   1.3e-20   78.5   0.0   1   1   1.8e-22   9.6e-20   75.6   0.0     8   292    44   398    39   400 0.80 [190263/562/1]
190263/417/1.f:MHBJAE_19340 -            953 GH13_41.hmm          -            294   1.3e-20   78.4   0.1   1   1   1.2e-22   6.7e-20   76.1   0.1     1   169   518   678   518   822 0.80 [190263/417/1]
190263/456/1.f:LKAJBD_11995 -            565 GH13_41.hmm          -            294   1.8e-20   78.0   0.1   1   1   3.7e-22     2e-19   74.5   0.1     8   292    44   398    39   400 0.79 [190263/456/1]
190263/404/1.f:BGJBIG_13360 -            565 GH13_41.hmm          -            294   1.8e-20   78.0   0.0   1   1   4.6e-22   2.5e-19   74.2   0.0     8   293    44   399    40   400 0.78 [190263/404/1]
190263/475/1.f:MCKEEP_18790 -            586 GH13_41.hmm          -            294   2.3e-20   77.6   0.0   1   1   3.4e-22   1.9e-19   74.7   0.0     8   292    65   419    60   421 0.79 [190263/475/1]
190263/369/1.f:JCDIFE_14875 -            565 GH13_41.hmm          -            294     3e-20   77.3   0.0   1   1   7.7e-22   4.2e-19   73.5   0.0     8   292    44   398    39   400 0.81 [190263/369/1]
190263/461/1.f:DHPHOK_14900 -            565 GH13_41.hmm          -            294   3.5e-20   77.0   0.0   1   1   9.1e-22     5e-19   73.3   0.0     8   292    44   398    39   400 0.81 [190263/461/1]
190263/585/1.f:DLBDDB_13485 -            565 GH13_41.hmm          -            294   3.8e-20   76.9   0.0   1   1   5.5e-22     3e-19   74.0   0.0     8   292    44   398    40   400 0.80 [190263/585/1]
190263/552/1.f:EMALNL_18230 -            565 GH13_41.hmm          -            294     4e-20   76.9   0.0   1   1   5.6e-22   3.1e-19   74.0   0.0     8   292    44   398    40   400 0.79 [190263/552/1]
190263/405/1.f:EHKDKA_23960 -            941 GH13_41.hmm          -            294   4.2e-20   76.8   0.2   1   1   5.7e-22   3.1e-19   73.9   0.2     2   162   390   544   389   551 0.76 [190263/405/1]
190263/513/1.f:MKNBNH_10810 -            530 GH13_41.hmm          -            294   5.9e-20   76.3   0.0   1   1     4e-22   2.2e-19   74.4   0.0     1   289    27   374    27   378 0.73 [190263/513/1]
190263/466/1.f:PGJOII_12185 -            564 GH13_41.hmm          -            294     9e-20   75.7   0.0   1   1   2.3e-21   1.3e-18   71.9   0.0     8   292    43   397    38   399 0.80 [190263/466/1]
190263/526/1.f:GBBCGM_01410 -            561 GH13_41.hmm          -            294   9.3e-20   75.7   0.0   1   1   4.5e-18   2.4e-15   61.1   0.1     1   160    31   206    31   211 0.81 [190263/526/1]
190263/391/1.f:NONBJF_22535 -            565 GH13_41.hmm          -            294   9.3e-20   75.7   0.0   1   1   1.6e-21   8.5e-19   72.5   0.0     7   292    43   398    38   400 0.81 [190263/391/1]
190263/534/1.f:OHCFJE_21330 -            565 GH13_41.hmm          -            294   9.3e-20   75.7   0.0   1   1   1.6e-21   8.5e-19   72.5   0.0     7   292    43   398    38   400 0.81 [190263/534/1]
190263/545/1.f:NCJBIN_22670 -            565 GH13_41.hmm          -            294   9.3e-20   75.7   0.0   1   1   1.6e-21   8.5e-19   72.5   0.0     7   292    43   398    38   400 0.81 [190263/545/1]
190263/388/1.f:FDDJJK_20545 -            565 GH13_41.hmm          -            294   9.7e-20   75.6   0.0   1   1   1.8e-21   9.8e-19   72.3   0.0     7   292    43   398    38   400 0.82 [190263/388/1]
190263/596/1.f:GDHELL_05465 -            511 GH13_41.hmm          -            294   1.5e-19   75.0   0.1   1   1   1.1e-21   6.1e-19   73.0   0.1     1   290    27   360    27   364 0.74 [190263/596/1]
190263/502/1.f:NONHGB_22065 -            944 GH13_41.hmm          -            294   1.6e-19   74.9   0.1   1   1   1.4e-21   7.8e-19   72.6   0.1     2   161   394   547   393   554 0.78 [190263/502/1]
190263/527/1.f:HGADJN_08895 -            586 GH13_41.hmm          -            294     2e-19   74.6   0.0   1   1   5.2e-18   2.8e-15   60.9   0.0     2   157    38   213    37   229 0.83 [190263/527/1]
190263/384/1.f:CDKGIA_03450 -            548 GH13_41.hmm          -            294   2.3e-19   74.4   0.0   1   1   3.3e-18   1.8e-15   61.6   0.0     1   162    26   203    26   213 0.85 [190263/384/1]
190263/530/1.f:LBOGMJ_11355 -            566 GH13_41.hmm          -            294   2.7e-19   74.1   0.2   1   1   3.8e-18   2.1e-15   61.4   0.1     1   158    36   210    36   215 0.78 [190263/530/1]
190263/437/1.f:LBKKEJ_12165 -            565 GH13_41.hmm          -            294   3.2e-19   73.9   0.3   1   1   9.3e-21   5.1e-18   70.0   0.1     7   292    43   398    36   400 0.82 [190263/437/1]
190263/368/1.f:HPMDBE_21520 -            570 GH13_41.hmm          -            294   3.7e-19   73.7   0.1   1   1   1.6e-21   8.7e-19   72.5   0.1     9   292    48   400    39   402 0.83 [190263/368/1]
190263/379/1.f:LOJHAC_22660 -            570 GH13_41.hmm          -            294   3.7e-19   73.7   0.1   1   1   1.6e-21   8.7e-19   72.5   0.1     9   292    48   400    39   402 0.83 [190263/379/1]
190263/516/1.f:MGNFBC_19510 -            570 GH13_41.hmm          -            294   3.7e-19   73.7   0.1   1   1   1.6e-21   8.7e-19   72.5   0.1     9   292    48   400    39   402 0.83 [190263/516/1]
190263/400/1.f:EIBLKL_04930 -            512 GH13_41.hmm          -            294   3.9e-19   73.6   0.0   1   1     3e-21   1.6e-18   71.6   0.0     1   290    27   355    27   358 0.78 [190263/400/1]
190263/409/1.f:AJJCMD_12165 -            510 GH13_41.hmm          -            294     7e-19   72.8   0.0   1   1   4.4e-21   2.4e-18   71.0   0.0     1   290    27   360    27   363 0.74 [190263/409/1]
190263/417/1.f:MHBJAE_14815 -            565 GH13_41.hmm          -            294   7.3e-19   72.7   0.0   1   1   8.9e-21   4.8e-18   70.0   0.0     8   292    44   398    39   400 0.80 [190263/417/1]
190263/401/1.f:DMFJNH_19195 -            565 GH13_41.hmm          -            294   1.3e-18   71.9   0.0   1   1   2.4e-20   1.3e-17   68.6   0.0     8   292    44   398    40   400 0.81 [190263/401/1]
190263/504/1.f:DOAHDM_17830 -            565 GH13_41.hmm          -            294   1.3e-18   71.9   0.0   1   1   2.4e-20   1.3e-17   68.6   0.0     8   292    44   398    40   400 0.81 [190263/504/1]
190263/496/1.f:JJBAFO_01220 -            456 GH13_41.hmm          -            294     2e-18   71.3   0.0   1   1   9.1e-21     5e-18   70.0   0.0    10   292    43   337    40   339 0.81 [190263/496/1]
190263/565/1.f:PAEINE_04520 -            577 GH13_41.hmm          -            294   2.6e-18   70.9   0.0   1   1   1.2e-17   6.7e-15   59.7   0.0     1   157    34   210    34   223 0.82 [190263/565/1]
190263/583/1.f:BCCKNC_16290 -            565 GH13_41.hmm          -            294   2.6e-18   70.9   0.1   1   1   1.8e-20     1e-17   69.0   0.0     8   293    44   399    40   400 0.85 [190263/583/1]
190263/527/1.f:HGADJN_00335 -            625 GH13_41.hmm          -            294   2.8e-18   70.8   0.0   1   1   1.8e-20     1e-17   69.0   0.0     1   290    27   412    27   415 0.84 [190263/527/1]
190263/522/1.f:NPJBCH_00510 -            558 GH13_41.hmm          -            294   2.8e-18   70.8   0.0   1   1   1.1e-19   5.9e-17   66.5   0.0     7   292    37   393    33   395 0.80 [190263/522/1]
190263/474/1.f:AMDJJA_00490 -            604 GH13_41.hmm          -            294   3.4e-18   70.5   0.0   1   1   1.3e-17   7.1e-15   59.6   0.0     1   158    33   210    33   231 0.79 [190263/474/1]
190263/446/1.f:LHJMMB_08785 -            474 GH13_41.hmm          -            294   3.5e-18   70.5   0.3   1   1   3.7e-20     2e-17   68.0   0.3     9   291    21   365    15   368 0.76 [190263/446/1]
190263/420/1.f:GMHOLO_08475 -            583 GH13_41.hmm          -            294   5.7e-18   69.8   0.0   1   1   4.1e-17   2.2e-14   58.0   0.0     1   157    33   209    33   217 0.90 [190263/420/1]
190263/556/1.f:EMIPPF_05095 -            476 GH13_41.hmm          -            294     1e-17   69.0   1.9   1   1   1.1e-19   5.8e-17   66.5   1.9     9   290    21   364    16   368 0.73 [190263/556/1]
190263/488/1.f:DNPFAC_16590 -            565 GH13_41.hmm          -            294   1.1e-17   68.8   0.0   1   1   1.8e-19   9.6e-17   65.8   0.0     8   292    44   398    39   400 0.80 [190263/488/1]
190263/406/1.f:DKNBGD_16975 -            489 GH13_41.hmm          -            294   1.4e-17   68.5   0.0   1   1   1.2e-19   6.4e-17   66.3   0.0    15   287    33   366    24   372 0.77 [190263/406/1]
190263/458/1.f:AMPCAI_09980 -            465 GH13_41.hmm          -            294   2.4e-17   67.7   0.5   1   1   9.9e-20   5.4e-17   66.6   0.5    12   290    30   367    24   371 0.81 [190263/458/1]
190263/399/1.f:CDLIDF_09515 -            566 GH13_41.hmm          -            294   2.6e-17   67.6   0.0   1   1   7.8e-19   4.3e-16   63.6   0.0     8   292    44   398    39   400 0.83 [190263/399/1]
190263/546/1.f:GEHMID_12200 -            622 GH13_41.hmm          -            294   2.7e-17   67.6   0.0   1   1   6.7e-19   3.7e-16   63.9   0.0     1   292    91   487    91   489 0.78 [190263/546/1]
190263/522/1.f:NPJBCH_12270 -            490 GH13_41.hmm          -            294   1.1e-16   65.6   1.0   1   1   5.3e-19   2.9e-16   64.2   1.0     9   212    26   292    19   370 0.81 [190263/522/1]
190263/429/1.f:OMPHBF_06140 -            518 GH13_41.hmm          -            294   1.6e-16   65.1   0.0   1   1   2.4e-18   1.3e-15   62.1   0.0     1   290    27   358    27   361 0.74 [190263/429/1]
190263/433/1.f:ADFNDI_16890 -            659 GH13_41.hmm          -            294   2.1e-16   64.6   0.0   1   1   1.6e-18   8.6e-16   62.6   0.0     1   290   129   523   129   526 0.78 [190263/433/1]
190263/365/1.f:JJMMAK_18410 -            563 GH13_41.hmm          -            294   2.4e-16   64.5   0.1   1   1   2.7e-18   1.5e-15   61.9   0.1     9   293    45   397    39   398 0.79 [190263/365/1]
190263/390/1.f:OLPOLE_07045 -            435 GH13_41.hmm          -            294   2.5e-16   64.4   0.0   1   1   1.3e-18   7.2e-16   62.9   0.0    12   292    40   321    32   323 0.79 [190263/390/1]
190263/580/1.f:JCPJNN_09070 -            521 GH13_41.hmm          -            294   2.8e-16   64.2   0.0   1   1   2.1e-18   1.2e-15   62.2   0.0     1   290    27   359    27   362 0.74 [190263/580/1]
190263/568/1.f:ABMLLK_04005 -            657 GH13_41.hmm          -            294     4e-16   63.7   0.1   1   1   2.3e-18   1.2e-15   62.1   0.1     3   158   128   270   126   275 0.84 [190263/568/1]
190263/455/1.f:GDGJDA_03815 -            611 GH13_41.hmm          -            294   4.3e-16   63.6   0.0   1   1   4.7e-18   2.5e-15   61.1   0.0     1   291    82   477    82   479 0.78 [190263/455/1]
190263/434/1.f:NCAOKI_06450 -            529 GH13_41.hmm          -            294   7.6e-16   62.8   0.0   1   1     4e-18   2.2e-15   61.3   0.0    12   292    50   341    41   343 0.73 [190263/434/1]
190263/421/1.f:PBKEAC_02115 -            559 GH13_41.hmm          -            294   1.8e-15   61.6   0.0   1   1   1.4e-17   7.6e-15   59.5   0.0     1   290    50   391    50   395 0.73 [190263/421/1]
190263/425/1.f:HPANHD_10050 -            607 GH13_41.hmm          -            294   2.7e-15   61.0   0.0   1   1   2.2e-17   1.2e-14   58.9   0.0     1   225   180   409   180   434 0.79 [190263/425/1]
190263/468/1.f:DIOFOH_10185 -            489 GH13_41.hmm          -            294   2.8e-15   61.0   1.2   1   1   1.9e-17     1e-14   59.1   1.2    13   290    32   370    28   374 0.80 [190263/468/1]
190263/443/1.f:LNLACP_11920 -            522 GH13_41.hmm          -            294   2.8e-15   60.9   0.0   1   1   3.3e-17   1.8e-14   58.3   0.0     1   290    27   367    27   371 0.70 [190263/443/1]
190263/497/1.f:HENFFC_19645 -            579 GH13_41.hmm          -            294   3.1e-15   60.8   0.3   1   1   3.2e-17   1.7e-14   58.4   0.3     9   293    61   413    55   414 0.79 [190263/497/1]
190263/549/1.f:CNBDFB_11595 -            622 GH13_41.hmm          -            294   3.5e-15   60.6   0.0   1   1   7.4e-17     4e-14   57.2   0.0     1   291    84   479    84   481 0.74 [190263/549/1]
190263/595/1.f:HGDLEC_06270 -            661 GH13_41.hmm          -            294     4e-15   60.4   6.9   1   1   5.1e-17   2.8e-14   57.7   6.9    40   273    73   328    48   340 0.77 [190263/595/1]
190263/527/1.f:HGADJN_07590 -           1010 GH13_41.hmm          -            294   5.4e-15   60.0   8.0   1   1   2.1e-17   1.2e-14   58.9   5.6     3   252    86   354    84   375 0.72 [190263/527/1]
190263/580/1.f:JCPJNN_20285 -            601 GH13_41.hmm          -            294   8.6e-15   59.3   0.1   1   1   4.5e-16   2.5e-13   54.6   0.0     1   185    34   200    34   219 0.80 [190263/580/1]
190263/596/1.f:GDHELL_00370 -            568 GH13_41.hmm          -            294   1.1e-14   59.1   0.2   1   1     4e-17   2.2e-14   58.0   0.2     3   269    54   342    52   358 0.65 [190263/596/1]
190263/474/1.f:AMDJJA_04205 -            431 GH13_41.hmm          -            294   2.2e-14   58.0   0.0   1   1   6.6e-17   3.6e-14   57.3   0.0    47   291    74   330    46   333 0.83 [190263/474/1]
190263/578/1.f:HIHCLH_05700 -            699 GH13_41.hmm          -            294     3e-14   57.6   0.5   1   1   1.1e-16   6.2e-14   56.5   0.5     3   281    87   388    85   392 0.72 [190263/578/1]
190263/527/1.f:HGADJN_08845 -            535 GH13_41.hmm          -            294   8.4e-14   56.1   0.0   1   1   7.9e-16   4.3e-13   53.8   0.0     1   290    35   377    35   380 0.76 [190263/527/1]
190263/527/1.f:HGADJN_07635 -           1463 GH13_41.hmm          -            294   1.6e-13   55.2   7.2   1   1   6.3e-16   3.5e-13   54.1   7.2     2   252   113   385   112   401 0.72 [190263/527/1]
190263/400/1.f:EIBLKL_02855 -            696 GH13_41.hmm          -            294     2e-13   54.9   0.2   1   1   9.4e-16   5.1e-13   53.5   0.1    10   158   180   315   171   321 0.80 [190263/400/1]
#
# Program:         hmmsearch
# Version:         3.3.2 (Nov 2020)
# Pipeline mode:   SEARCH
# Query file:      /kb/module/work/tmp/output.1725388484971/GH13_41/GH13_41.hmm
# Target file:     /kb/module/work/tmp/output.1725388484971/hCom2_RAST.fasta
# Option settings: /kb/module/hmmer/bin/hmmsearch --domtblout /kb/module/work/tmp/output.1725388484971/GH13_41/GH13_41-hCom2_RAST.hitout.txt --noali --notextw --domE 1e-15 /kb/module/work/tmp/output.1725388484971/GH13_41/GH13_41.hmm /kb/module/work/tmp/output.1725388484971/hCom2_RAST.fasta 
# Current dir:     /kb/module/work/tmp/output.1725388484971
# Date:            Tue Sep  3 18:49:44 2024
# [ok]
