#                                                                                   --- full sequence --- -------------- this domain -------------   hmm coord   ali coord   env coord
# target name               accession   tlen query name           accession   qlen   E-value  score  bias   #  of  c-Evalue  i-Evalue  score  bias  from    to  from    to  from    to  acc description of target
#       ------------------- ---------- ----- -------------------- ---------- ----- --------- ------ ----- --- --- --------- --------- ------ ----- ----- ----- ----- ----- ----- ----- ---- ---------------------
190263/495/1.f:ANKNCD_06900 -            673 GH133.hmm            -            372  9.6e-123  414.2   0.0   1   1  3.5e-126  1.3e-122  413.7   0.0     7   372   305   663   299   663 0.93 [190263/495/1]
190263/423/1.f:PDNKFB_08695 -            679 GH133.hmm            -            372  1.7e-121  410.1   0.0   1   1    6e-125  2.3e-121  409.6   0.0     7   372   309   664   303   664 0.94 [190263/423/1]
190263/514/1.f:MMHOAN_12730 -            647 GH133.hmm            -            372  7.2e-120  404.7   0.0   1   1  2.7e-123    1e-119  404.2   0.0     5   372   283   637   279   637 0.96 [190263/514/1]
190263/409/1.f:AJJCMD_08065 -            649 GH133.hmm            -            372    5e-118  398.7   0.0   1   1  1.7e-121  6.5e-118  398.3   0.0     5   372   283   641   279   641 0.96 [190263/409/1]
190263/447/1.f:OLODHC_11570 -            642 GH133.hmm            -            372  2.8e-117  396.2   0.0   1   1  9.7e-121  3.7e-117  395.8   0.0     4   372   280   636   277   636 0.96 [190263/447/1]
190263/363/1.f:CIHHOC_04780 -            646 GH133.hmm            -            372  1.6e-116  393.7   0.0   1   1  6.2e-120  2.3e-116  393.1   0.0     4   372   281   637   278   637 0.96 [190263/363/1]
190263/541/1.f:IDEEIE_03890 -            647 GH133.hmm            -            372  6.2e-116  391.8   0.0   1   1  2.2e-119  8.4e-116  391.3   0.0     5   372   282   636   278   636 0.96 [190263/541/1]
190263/520/1.f:GGDGDE_02805 -            746 GH133.hmm            -            372  2.7e-115  389.6   0.0   1   1  1.9e-118  7.2e-115  388.3   0.0     7   372   332   736   327   736 0.91 [190263/520/1]
190263/578/1.f:HIHCLH_02525 -            679 GH133.hmm            -            372  4.9e-115  388.8   0.0   1   1    2e-118  7.7e-115  388.2   0.0     4   372   309   672   306   672 0.94 [190263/578/1]
190263/580/1.f:JCPJNN_26935 -            653 GH133.hmm            -            372  9.2e-114  384.6   0.0   1   1  3.4e-117  1.3e-113  384.1   0.0     6   372   286   640   281   640 0.96 [190263/580/1]
190263/409/1.f:AJJCMD_18555 -            659 GH133.hmm            -            372  1.1e-112  381.1   0.0   1   1  5.1e-116  1.9e-112  380.3   0.0     4   372   289   648   285   648 0.96 [190263/409/1]
190263/364/1.f:DKBBKL_13540 -            648 GH133.hmm            -            372  4.2e-111  375.9   0.0   1   1  1.4e-114  5.5e-111  375.5   0.0     9   372   287   638   278   638 0.94 [190263/364/1]
190263/526/1.f:GBBCGM_01465 -            651 GH133.hmm            -            372  3.7e-109  369.4   0.0   1   1  1.4e-112  5.3e-109  368.9   0.0     9   372   287   638   280   638 0.95 [190263/526/1]
190263/391/1.f:NONBJF_15625 -            646 GH133.hmm            -            372  3.1e-102  346.7   0.0   1   1  1.2e-105  4.4e-102  346.2   0.0     8   372   287   636   279   636 0.95 [190263/391/1]
190263/534/1.f:OHCFJE_15525 -            646 GH133.hmm            -            372  3.1e-102  346.7   0.0   1   1  1.2e-105  4.4e-102  346.2   0.0     8   372   287   636   279   636 0.95 [190263/534/1]
190263/545/1.f:NCJBIN_16145 -            646 GH133.hmm            -            372  3.1e-102  346.7   0.0   1   1  1.2e-105  4.4e-102  346.2   0.0     8   372   287   636   279   636 0.95 [190263/545/1]
190263/456/1.f:LKAJBD_08030 -            646 GH133.hmm            -            372  5.6e-102  345.8   0.0   1   1  2.1e-105  7.9e-102  345.3   0.0     7   372   286   636   279   636 0.96 [190263/456/1]
190263/388/1.f:FDDJJK_14305 -            646 GH133.hmm            -            372  6.1e-102  345.7   0.0   1   1  2.2e-105  8.5e-102  345.2   0.0     9   372   288   636   279   636 0.96 [190263/388/1]
190263/552/1.f:EMALNL_11625 -            645 GH133.hmm            -            372  1.1e-101  344.9   0.0   1   1  3.9e-105  1.5e-101  344.4   0.0     6   372   285   636   278   636 0.96 [190263/552/1]
190263/562/1.f:KJGNCK_11675 -            645 GH133.hmm            -            372  1.1e-101  344.9   0.0   1   1  3.9e-105  1.5e-101  344.4   0.0     6   372   285   636   278   636 0.96 [190263/562/1]
190263/404/1.f:BGJBIG_07790 -            645 GH133.hmm            -            372  1.7e-101  344.2   0.1   1   1  6.1e-105  2.3e-101  343.8   0.1     6   372   285   636   278   636 0.96 [190263/404/1]
190263/564/1.f:KIHMBJ_09705 -            651 GH133.hmm            -            372  1.8e-101  344.1   0.0   1   1  6.3e-105  2.4e-101  343.7   0.0     9   372   287   632   280   632 0.96 [190263/564/1]
190263/475/1.f:MCKEEP_10865 -            645 GH133.hmm            -            372  1.9e-101  344.1   0.0   1   1  6.6e-105  2.5e-101  343.7   0.0     6   372   285   636   278   636 0.96 [190263/475/1]
190263/573/1.f:LIDFCI_01280 -            645 GH133.hmm            -            372  1.9e-101  344.1   0.0   1   1  6.6e-105  2.5e-101  343.7   0.0     6   372   285   636   278   636 0.96 [190263/573/1]
190263/401/1.f:DMFJNH_10945 -            645 GH133.hmm            -            372  2.5e-101  343.7   0.0   1   1    9e-105  3.4e-101  343.2   0.0     6   372   285   636   278   636 0.96 [190263/401/1]
190263/504/1.f:DOAHDM_11280 -            645 GH133.hmm            -            372  2.7e-101  343.6   0.0   1   1  9.9e-105  3.8e-101  343.1   0.0     6   372   285   636   278   636 0.96 [190263/504/1]
190263/415/1.f:OLCEDN_06080 -            681 GH133.hmm            -            372  3.1e-101  343.4   0.0   1   1  1.1e-104    4e-101  343.0   0.0     9   372   300   656   292   656 0.95 [190263/415/1]
190263/502/1.f:NONHGB_10835 -            646 GH133.hmm            -            372  8.5e-101  341.9   0.0   1   1    3e-104  1.2e-100  341.5   0.0     7   372   286   636   278   636 0.96 [190263/502/1]
190263/473/1.f:MLHPCA_05950 -            677 GH133.hmm            -            372  1.1e-100  341.6   0.0   1   1  3.7e-104  1.4e-100  341.2   0.0    12   372   300   652   292   652 0.92 [190263/473/1]
190263/585/1.f:DLBDDB_08955 -            645 GH133.hmm            -            372  1.6e-100  341.0   0.0   1   1  6.1e-104  2.3e-100  340.5   0.0     6   372   285   636   279   636 0.96 [190263/585/1]
190263/417/1.f:MHBJAE_07865 -            646 GH133.hmm            -            372  3.1e-100  340.1   0.0   1   1  1.1e-103  4.3e-100  339.6   0.0     6   372   285   636   278   636 0.97 [190263/417/1]
190263/369/1.f:JCDIFE_09705 -            646 GH133.hmm            -            372  5.6e-100  339.3   0.0   1   1  2.1e-103  7.8e-100  338.8   0.0     7   372   286   636   279   636 0.95 [190263/369/1]
190263/488/1.f:DNPFAC_09025 -            646 GH133.hmm            -            372  5.7e-100  339.2   0.0   1   1  2.1e-103  7.9e-100  338.8   0.0     6   372   285   636   278   636 0.97 [190263/488/1]
190263/405/1.f:EHKDKA_12505 -            646 GH133.hmm            -            372   2.2e-99  337.3   0.0   1   1  8.1e-103   3.1e-99  336.8   0.0     7   372   286   636   279   636 0.96 [190263/405/1]
190263/461/1.f:DHPHOK_08915 -            646 GH133.hmm            -            372   2.2e-99  337.3   0.0   1   1  8.2e-103   3.1e-99  336.8   0.0     7   372   286   636   279   636 0.96 [190263/461/1]
190263/466/1.f:PGJOII_06955 -            646 GH133.hmm            -            372   2.3e-99  337.2   0.0   1   1  8.5e-103   3.2e-99  336.8   0.0     7   372   286   636   279   636 0.96 [190263/466/1]
190263/497/1.f:HENFFC_02520 -            646 GH133.hmm            -            372   1.4e-97  331.4   0.0   1   1  5.1e-101   1.9e-97  330.9   0.0     6   372   285   636   278   636 0.95 [190263/497/1]
190263/460/1.f:IHFGKI_01810 -            637 GH133.hmm            -            372   2.1e-97  330.8   0.0   1   1  7.8e-101     3e-97  330.3   0.0     5   372   275   627   271   627 0.96 [190263/460/1]
190263/540/1.f:BCGFLB_09045 -            645 GH133.hmm            -            372   2.9e-97  330.3   0.0   1   1    1e-100   3.8e-97  329.9   0.0    10   372   288   633   279   633 0.94 [190263/540/1]
190263/522/1.f:NPJBCH_04210 -            647 GH133.hmm            -            372   1.1e-96  328.4   0.0   1   1  3.9e-100   1.5e-96  328.0   0.0     6   372   286   637   281   637 0.96 [190263/522/1]
190263/365/1.f:JJMMAK_08720 -            646 GH133.hmm            -            372   1.4e-96  328.1   0.0   1   1    5e-100   1.9e-96  327.6   0.0     6   372   285   636   278   636 0.95 [190263/365/1]
190263/583/1.f:BCCKNC_11080 -            647 GH133.hmm            -            372   3.4e-96  326.8   0.0   1   1   1.2e-99   4.6e-96  326.4   0.0     8   372   288   637   280   637 0.95 [190263/583/1]
190263/399/1.f:CDLIDF_10180 -            645 GH133.hmm            -            372   3.6e-96  326.7   0.0   1   1   1.3e-99   5.1e-96  326.2   0.0     7   372   286   634   278   634 0.93 [190263/399/1]
190263/368/1.f:HPMDBE_01080 -            644 GH133.hmm            -            372   5.1e-95  322.9   0.0   1   1   1.9e-98   7.1e-95  322.5   0.0     6   372   286   633   278   633 0.96 [190263/368/1]
190263/379/1.f:LOJHAC_07480 -            644 GH133.hmm            -            372   5.1e-95  322.9   0.0   1   1   1.9e-98   7.1e-95  322.5   0.0     6   372   286   633   278   633 0.96 [190263/379/1]
190263/516/1.f:MGNFBC_01090 -            644 GH133.hmm            -            372   5.5e-95  322.8   0.0   1   1     2e-98   7.5e-95  322.4   0.0     6   372   286   633   278   633 0.96 [190263/516/1]
190263/437/1.f:LBKKEJ_11860 -            648 GH133.hmm            -            372   7.1e-95  322.5   0.0   1   1   2.8e-98     1e-94  321.9   0.0     9   372   288   637   279   637 0.95 [190263/437/1]
190263/595/1.f:HGDLEC_00340 -            648 GH133.hmm            -            372   9.7e-95  322.0   0.0   1   1   3.6e-98   1.4e-94  321.5   0.0     7   372   287   637   281   637 0.95 [190263/595/1]
190263/523/1.f:MDNHKG_00320 -            657 GH133.hmm            -            372   1.3e-81  278.8   0.0   1   1   4.6e-85   1.7e-81  278.4   0.0    10   371   290   632   283   633 0.95 [190263/523/1]
190263/446/1.f:LHJMMB_06115 -            715 GH133.hmm            -            372   1.2e-80  275.7   0.0   1   1   4.2e-84   1.6e-80  275.2   0.0    11   371   291   635   285   636 0.93 [190263/446/1]
190263/366/1.f:DBJPFP_08005 -            689 GH133.hmm            -            372   9.5e-80  272.7   0.0   1   1   3.4e-83   1.3e-79  272.2   0.0    11   371   291   632   284   633 0.95 [190263/366/1]
190263/556/1.f:EMIPPF_08100 -            707 GH133.hmm            -            372   1.7e-79  271.8   0.0   1   1   6.1e-83   2.3e-79  271.4   0.0    11   371   291   633   284   634 0.94 [190263/556/1]
190263/421/1.f:PBKEAC_08825 -            707 GH133.hmm            -            372   3.3e-79  270.9   0.0   1   1   1.1e-82   4.4e-79  270.5   0.0    11   371   291   632   283   633 0.95 [190263/421/1]
190263/405/1.f:EHKDKA_23955 -            785 GH133.hmm            -            372   2.5e-63  218.7   5.8   1   1     1e-66   3.9e-63  218.0   5.8     8   371   272   624   264   625 0.89 [190263/405/1]
#
# Program:         hmmsearch
# Version:         3.3.2 (Nov 2020)
# Pipeline mode:   SEARCH
# Query file:      /kb/module/work/tmp/output.1725388484971/GH133/GH133.hmm
# Target file:     /kb/module/work/tmp/output.1725388484971/hCom2_RAST.fasta
# Option settings: /kb/module/hmmer/bin/hmmsearch --domtblout /kb/module/work/tmp/output.1725388484971/GH133/GH133-hCom2_RAST.hitout.txt --noali --notextw --domE 1e-15 /kb/module/work/tmp/output.1725388484971/GH133/GH133.hmm /kb/module/work/tmp/output.1725388484971/hCom2_RAST.fasta 
# Current dir:     /kb/module/work/tmp/output.1725388484971
# Date:            Tue Sep  3 18:56:09 2024
# [ok]
