#                                                                                   --- full sequence --- -------------- this domain -------------   hmm coord   ali coord   env coord
# target name               accession   tlen query name           accession   qlen   E-value  score  bias   #  of  c-Evalue  i-Evalue  score  bias  from    to  from    to  from    to  acc description of target
#       ------------------- ---------- ----- -------------------- ---------- ----- --------- ------ ----- --- --- --------- --------- ------ ----- ----- ----- ----- ----- ----- ----- ---- ---------------------
190263/596/1.f:GDHELL_06780 -            751 GH13_42.hmm          -            421  1.8e-147  496.2  18.8   1   1  4.1e-149    3e-146  492.2  19.1     1   421   176   584   176   584 0.91 [190263/596/1]
190263/596/1.f:GDHELL_07000 -            804 GH13_42.hmm          -            421  2.2e-135  456.4  20.8   1   1  1.5e-137  1.1e-134  454.1  20.7     1   421   186   637   186   637 0.87 [190263/596/1]
190263/595/1.f:HGDLEC_07220 -           1077 GH13_42.hmm          -            421    8e-135  454.6  15.7   1   1  8.4e-135  6.2e-132  445.1  15.7     1   421    75   502    75   502 0.89 [190263/595/1]
190263/368/1.f:HPMDBE_16265 -            613 GH13_42.hmm          -            421   2.6e-34  123.5   3.2   1   1   1.2e-27     9e-25   92.0   0.1     2    88   158   246   157   281 0.83 [190263/368/1]
190263/516/1.f:MGNFBC_14175 -            613 GH13_42.hmm          -            421   2.9e-34  123.3   3.2   1   1   1.3e-27   9.8e-25   91.9   0.1     2    88   158   246   157   277 0.84 [190263/516/1]
190263/379/1.f:LOJHAC_16730 -            613 GH13_42.hmm          -            421   2.9e-34  123.3   3.2   1   1   1.3e-27   9.8e-25   91.9   0.1     2    88   158   246   157   277 0.84 [190263/379/1]
190263/405/1.f:EHKDKA_03425 -            619 GH13_42.hmm          -            421   1.4e-31  114.5   0.6   1   1     2e-21   1.5e-18   71.5   0.0     2    82   163   243   162   247 0.94 [190263/405/1]
190263/556/1.f:EMIPPF_02185 -            625 GH13_42.hmm          -            421   7.9e-31  112.0   0.0   1   1   8.1e-22   5.9e-19   72.9   0.0     2    82   170   250   169   265 0.89 [190263/556/1]
190263/405/1.f:EHKDKA_13290 -            616 GH13_42.hmm          -            421   1.5e-30  111.0   5.3   1   1   8.3e-23   6.1e-20   76.1   0.0     2    82   163   243   162   247 0.94 [190263/405/1]
190263/522/1.f:NPJBCH_12425 -            639 GH13_42.hmm          -            421   1.9e-30  110.7   4.3   1   1   1.2e-22     9e-20   75.5   0.0     2    81   162   245   161   249 0.90 [190263/522/1]
190263/369/1.f:JCDIFE_19125 -            616 GH13_42.hmm          -            421   2.7e-30  110.2   6.7   1   1   4.8e-23   3.5e-20   76.9   0.1     2    82   163   243   162   247 0.93 [190263/369/1]
190263/488/1.f:DNPFAC_20990 -            616 GH13_42.hmm          -            421   3.6e-30  109.8   7.5   1   1   9.9e-23   7.2e-20   75.9   0.1     2    82   163   243   162   247 0.93 [190263/488/1]
190263/595/1.f:HGDLEC_06160 -            640 GH13_42.hmm          -            421   5.2e-30  109.3   2.9   1   1     3e-23   2.2e-20   77.6   0.1     2    81   162   246   161   250 0.89 [190263/595/1]
190263/460/1.f:IHFGKI_10900 -            641 GH13_42.hmm          -            421   5.7e-30  109.1   1.4   1   1   8.8e-24   6.4e-21   79.3   0.1     2    81   162   245   161   249 0.91 [190263/460/1]
190263/502/1.f:NONHGB_11410 -            616 GH13_42.hmm          -            421     6e-30  109.1   5.3   1   1   9.4e-23   6.9e-20   75.9   0.0     2    82   163   243   162   247 0.94 [190263/502/1]
190263/461/1.f:DHPHOK_10950 -            616 GH13_42.hmm          -            421   7.3e-30  108.8   6.4   1   1   8.1e-23   5.9e-20   76.2   0.1     2    82   163   243   162   250 0.94 [190263/461/1]
190263/421/1.f:PBKEAC_05065 -            625 GH13_42.hmm          -            421   7.7e-30  108.7   0.0   1   1   8.1e-22   5.9e-19   72.9   0.0     2    82   170   250   169   265 0.89 [190263/421/1]
190263/446/1.f:LHJMMB_09600 -            625 GH13_42.hmm          -            421   7.7e-30  108.7   0.0   1   1   8.1e-22   5.9e-19   72.9   0.0     2    82   170   250   169   265 0.89 [190263/446/1]
190263/417/1.f:MHBJAE_19300 -            616 GH13_42.hmm          -            421   1.3e-29  107.9   7.1   1   1   2.3e-22   1.7e-19   74.7   0.1     2    82   163   243   162   247 0.93 [190263/417/1]
190263/456/1.f:LKAJBD_09060 -            616 GH13_42.hmm          -            421   1.9e-29  107.4   5.0   1   1   1.2e-22     9e-20   75.5   0.1     2    82   163   243   162   248 0.93 [190263/456/1]
190263/391/1.f:NONBJF_08175 -            616 GH13_42.hmm          -            421     9e-29  105.2   7.1   1   1   4.2e-19     3e-16   63.9   0.1     2    82   164   244   163   253 0.92 [190263/391/1]
190263/534/1.f:OHCFJE_04790 -            616 GH13_42.hmm          -            421     9e-29  105.2   7.1   1   1   4.2e-19     3e-16   63.9   0.1     2    82   164   244   163   253 0.92 [190263/534/1]
190263/545/1.f:NCJBIN_08290 -            616 GH13_42.hmm          -            421     9e-29  105.2   7.1   1   1   4.2e-19     3e-16   63.9   0.1     2    82   164   244   163   253 0.92 [190263/545/1]
190263/388/1.f:FDDJJK_07165 -            616 GH13_42.hmm          -            421     9e-29  105.2   7.1   1   1   4.2e-19     3e-16   63.9   0.1     2    82   164   244   163   253 0.92 [190263/388/1]
190263/466/1.f:PGJOII_14705 -            616 GH13_42.hmm          -            421   2.3e-28  103.8   5.7   1   1     3e-22   2.2e-19   74.3   0.1     2    82   163   243   162   248 0.93 [190263/466/1]
190263/516/1.f:MGNFBC_18275 -            615 GH13_42.hmm          -            421   2.5e-28  103.7   6.3   1   1   9.5e-22   6.9e-19   72.6   0.1     2    82   162   242   161   247 0.93 [190263/516/1]
190263/534/1.f:OHCFJE_04840 -            693 GH13_42.hmm          -            421     5e-28  102.8   5.3   1   1   3.1e-21   2.2e-18   71.0   0.3     2   139    83   216    82   260 0.80 [190263/534/1]
190263/391/1.f:NONBJF_08120 -            693 GH13_42.hmm          -            421     5e-28  102.7   5.3   1   1   3.1e-21   2.2e-18   71.0   0.3     2   139    83   216    82   260 0.80 [190263/391/1]
190263/545/1.f:NCJBIN_08240 -            693 GH13_42.hmm          -            421     5e-28  102.7   5.3   1   1   3.1e-21   2.2e-18   71.0   0.3     2   139    83   216    82   260 0.80 [190263/545/1]
190263/562/1.f:KJGNCK_02025 -            684 GH13_42.hmm          -            421   7.6e-28  102.2   6.3   1   1     2e-20   1.5e-17   68.3   0.2     2    83   232   313   231   321 0.92 [190263/562/1]
190263/552/1.f:EMALNL_07985 -            684 GH13_42.hmm          -            421   7.6e-28  102.1   6.3   1   1     2e-20   1.5e-17   68.3   0.2     2    83   232   313   231   321 0.92 [190263/552/1]
190263/475/1.f:MCKEEP_01645 -            617 GH13_42.hmm          -            421     8e-28  102.1   8.5   1   1   8.2e-21     6e-18   69.6   0.3     2    82   165   245   164   250 0.92 [190263/475/1]
190263/368/1.f:HPMDBE_20180 -            615 GH13_42.hmm          -            421   9.8e-28  101.8   6.2   1   1   9.5e-22   6.9e-19   72.6   0.1     2    82   162   242   161   247 0.93 [190263/368/1]
190263/379/1.f:LOJHAC_21325 -            615 GH13_42.hmm          -            421   9.8e-28  101.8   6.2   1   1   9.5e-22   6.9e-19   72.6   0.1     2    82   162   242   161   247 0.93 [190263/379/1]
190263/401/1.f:DMFJNH_07625 -            617 GH13_42.hmm          -            421   3.5e-27  100.0   6.7   1   1   1.3e-19   9.4e-17   65.6   0.1     2    82   165   245   164   253 0.92 [190263/401/1]
190263/504/1.f:DOAHDM_08130 -            617 GH13_42.hmm          -            421   3.5e-27  100.0   6.7   1   1   1.3e-19   9.4e-17   65.6   0.1     2    82   165   245   164   253 0.92 [190263/504/1]
190263/573/1.f:LIDFCI_15590 -            617 GH13_42.hmm          -            421   5.4e-27   99.3   8.5   1   1   7.7e-21   5.6e-18   69.6   0.4     2    82   165   245   164   254 0.92 [190263/573/1]
190263/437/1.f:LBKKEJ_03795 -            617 GH13_42.hmm          -            421   5.5e-27   99.3   7.6   1   1   5.4e-20   3.9e-17   66.9   0.2     2    82   165   245   164   253 0.92 [190263/437/1]
190263/405/1.f:EHKDKA_23990 -            628 GH13_42.hmm          -            421   1.5e-26   97.9   2.7   1   1   1.1e-22   8.2e-20   75.7   0.2     2   114   177   288   176   299 0.81 [190263/405/1]
190263/495/1.f:ANKNCD_08725 -           1674 GH13_42.hmm          -            421   6.7e-26   95.7  15.8   1   1   1.2e-22   8.6e-20   75.6   1.3     2   112   963  1082   962  1091 0.83 [190263/495/1]
190263/421/1.f:PBKEAC_05055 -            772 GH13_42.hmm          -            421   1.2e-25   94.8   1.5   1   1   3.7e-18   2.7e-15   60.8   0.0     2    83   161   238   160   334 0.90 [190263/421/1]
190263/446/1.f:LHJMMB_09610 -            772 GH13_42.hmm          -            421   1.3e-25   94.8   1.5   1   1   3.7e-18   2.7e-15   60.8   0.0     2    83   161   238   160   335 0.90 [190263/446/1]
190263/502/1.f:NONHGB_22080 -            651 GH13_42.hmm          -            421   1.5e-25   94.6   4.0   1   1   1.9e-22   1.4e-19   74.9   0.2     2   117   200   314   199   321 0.84 [190263/502/1]
190263/556/1.f:EMIPPF_02175 -            772 GH13_42.hmm          -            421   2.6e-25   93.8   2.0   1   1   5.3e-18   3.9e-15   60.3   0.1     2    83   161   238   160   340 0.89 [190263/556/1]
190263/399/1.f:CDLIDF_07515 -            617 GH13_42.hmm          -            421   2.7e-25   93.7   7.5   1   1     2e-18   1.5e-15   61.6   0.2     2    82   165   245   164   253 0.92 [190263/399/1]
190263/406/1.f:DKNBGD_03735 -            567 GH13_42.hmm          -            421   9.7e-25   91.9   0.0   1   1     1e-17   7.4e-15   59.4   0.0     2    83    28   106    27   110 0.95 [190263/406/1]
190263/504/1.f:DOAHDM_08100 -            692 GH13_42.hmm          -            421   3.1e-24   90.3   4.9   1   1   8.4e-18   6.1e-15   59.6   0.1     2    93    80   165    79   236 0.76 [190263/504/1]
190263/401/1.f:DMFJNH_07595 -            692 GH13_42.hmm          -            421   3.1e-24   90.3   4.9   1   1   8.4e-18   6.1e-15   59.6   0.1     2    93    80   165    79   236 0.76 [190263/401/1]
190263/456/1.f:LKAJBD_15395 -            681 GH13_42.hmm          -            421   9.2e-24   88.7   6.8   1   1   1.9e-23   1.4e-20   78.2   4.3     2   263    74   427    73   439 0.70 [190263/456/1]
190263/466/1.f:PGJOII_07605 -            686 GH13_42.hmm          -            421   1.1e-23   88.4   7.5   1   1   2.7e-23     2e-20   77.7   5.1     2   263    79   432    78   454 0.74 [190263/466/1]
190263/583/1.f:BCCKNC_06565 -            624 GH13_42.hmm          -            421     2e-23   87.6   0.5   1   1   1.1e-16   7.7e-14   56.0   0.0     2    82   163   243   162   247 0.90 [190263/583/1]
190263/460/1.f:IHFGKI_10500 -            578 GH13_42.hmm          -            421   2.2e-22   84.2   1.4   1   1   1.9e-18   1.4e-15   61.8   0.1     2    86    53   134    52   282 0.67 [190263/460/1]
190263/423/1.f:PDNKFB_06835 -           1368 GH13_42.hmm          -            421   2.2e-22   84.1  21.4   1   1   5.9e-22   4.3e-19   73.3   0.3     2   109   841   957   840   970 0.79 [190263/423/1]
190263/368/1.f:HPMDBE_16250 -            612 GH13_42.hmm          -            421   2.5e-22   84.0   5.9   1   1   2.3e-20   1.7e-17   68.1   0.2     2    82   163   243   162   248 0.93 [190263/368/1]
190263/379/1.f:LOJHAC_16715 -            612 GH13_42.hmm          -            421   2.5e-22   84.0   5.9   1   1   2.3e-20   1.7e-17   68.1   0.2     2    82   163   243   162   248 0.93 [190263/379/1]
190263/516/1.f:MGNFBC_14160 -            612 GH13_42.hmm          -            421   2.5e-22   84.0   5.9   1   1   2.3e-20   1.7e-17   68.1   0.2     2    82   163   243   162   248 0.93 [190263/516/1]
190263/541/1.f:IDEEIE_02835 -            559 GH13_42.hmm          -            421   5.9e-22   82.7   6.6   1   1   1.6e-17   1.1e-14   58.8   0.1     2    83    27   105    26   111 0.93 [190263/541/1]
190263/425/1.f:HPANHD_03210 -            554 GH13_42.hmm          -            421     1e-21   81.9   4.7   1   1   1.3e-18   9.2e-16   62.3   0.3     2    84    27   106    26   152 0.82 [190263/425/1]
190263/447/1.f:OLODHC_03415 -            554 GH13_42.hmm          -            421   7.1e-21   79.2   2.3   1   1     3e-17   2.2e-14   57.8   0.0     2    83    28   106    27   118 0.91 [190263/447/1]
190263/472/1.f:NMGHJI_04900 -            554 GH13_42.hmm          -            421   1.1e-20   78.5   0.1   1   1   2.4e-16   1.7e-13   54.8   0.0     2    92    28   113    27   158 0.79 [190263/472/1]
190263/513/1.f:MKNBNH_04310 -            604 GH13_42.hmm          -            421   1.3e-20   78.4   6.6   1   1   3.6e-16   2.6e-13   54.2   0.8     2    84   133   211   132   261 0.81 [190263/513/1]
190263/466/1.f:PGJOII_04855 -            554 GH13_42.hmm          -            421   1.3e-20   78.3   0.2   1   1   1.3e-16   9.2e-14   55.7   0.1     2    83    47   125    46   191 0.91 [190263/466/1]
190263/456/1.f:LKAJBD_04235 -            560 GH13_42.hmm          -            421   1.4e-20   78.2   0.4   1   1   1.3e-16   9.7e-14   55.7   0.2     2    83    53   131    52   193 0.92 [190263/456/1]
190263/363/1.f:CIHHOC_02445 -            551 GH13_42.hmm          -            421   2.8e-20   77.2   1.1   1   1   2.7e-17     2e-14   57.9   0.1     2    84    26   105    25   127 0.90 [190263/363/1]
190263/409/1.f:AJJCMD_26280 -            550 GH13_42.hmm          -            421   6.2e-20   76.1   0.6   1   1   8.1e-16   5.9e-13   53.1   0.0     2    83    28   106    27   149 0.88 [190263/409/1]
190263/447/1.f:OLODHC_03105 -            539 GH13_42.hmm          -            421   8.3e-20   75.7   0.3   1   1   1.4e-16     1e-13   55.6   0.0     2    83    28   106    27   143 0.90 [190263/447/1]
190263/421/1.f:PBKEAC_02115 -            559 GH13_42.hmm          -            421   1.4e-19   74.9   0.4   1   1   6.7e-18   4.9e-15   59.9   0.0     2    83    50   128    49   185 0.83 [190263/421/1]
190263/596/1.f:GDHELL_05010 -            551 GH13_42.hmm          -            421   1.5e-19   74.8   8.1   1   1   3.7e-16   2.7e-13   54.2   0.1     2   102    76   178    75   209 0.83 [190263/596/1]
190263/423/1.f:PDNKFB_13510 -            572 GH13_42.hmm          -            421   2.5e-19   74.1   2.4   1   1   3.7e-18   2.7e-15   60.8   0.3     2    83   170   247   169   274 0.85 [190263/423/1]
190263/478/1.f:BOCJFA_07705 -            558 GH13_42.hmm          -            421   3.9e-19   73.4   2.7   1   1   1.2e-16   8.6e-14   55.8   0.0     2    83    28   106    27   113 0.93 [190263/478/1]
190263/456/1.f:LKAJBD_04210 -            560 GH13_42.hmm          -            421   5.3e-19   73.0   3.5   1   1   9.6e-18     7e-15   59.4   0.3     2   133    50   181    49   205 0.78 [190263/456/1]
190263/466/1.f:PGJOII_04830 -            560 GH13_42.hmm          -            421   5.9e-19   72.9   3.5   1   1   1.1e-17   7.9e-15   59.3   0.3     2   133    50   181    49   205 0.77 [190263/466/1]
190263/363/1.f:CIHHOC_11415 -            558 GH13_42.hmm          -            421   9.1e-19   72.2   5.7   1   1   9.5e-16   6.9e-13   52.9   0.1     2    83    27   105    26   111 0.93 [190263/363/1]
190263/514/1.f:MMHOAN_12710 -            542 GH13_42.hmm          -            421   9.3e-19   72.2   0.5   1   1     2e-17   1.4e-14   58.4   0.0     2    83    32   110    31   143 0.90 [190263/514/1]
190263/455/1.f:GDGJDA_15340 -            557 GH13_42.hmm          -            421   1.6e-18   71.5   1.9   1   1   5.9e-16   4.3e-13   53.5   0.0     2    83    28   106    27   115 0.92 [190263/455/1]
190263/433/1.f:ADFNDI_13085 -            556 GH13_42.hmm          -            421   1.7e-18   71.3   3.7   1   1   3.3e-16   2.4e-13   54.4   0.0     2    83    28   106    27   112 0.93 [190263/433/1]
190263/468/1.f:DIOFOH_01755 -            517 GH13_42.hmm          -            421   1.8e-18   71.3   0.8   1   1   7.5e-17   5.4e-14   56.5   0.0     2    83    27   105    26   121 0.94 [190263/468/1]
190263/400/1.f:EIBLKL_04930 -            512 GH13_42.hmm          -            421   2.7e-18   70.7   0.3   1   1   6.9e-16   5.1e-13   53.3   0.0     2    91    27   116    26   140 0.86 [190263/400/1]
190263/520/1.f:GGDGDE_20340 -            572 GH13_42.hmm          -            421   2.8e-18   70.6   3.0   1   1   5.6e-18   4.1e-15   60.2   0.2     2   110   170   273   169   294 0.83 [190263/520/1]
190263/409/1.f:AJJCMD_08075 -            543 GH13_42.hmm          -            421   3.6e-18   70.3   0.5   1   1     6e-16   4.4e-13   53.5   0.0     2    83    34   112    33   148 0.88 [190263/409/1]
190263/565/1.f:PAEINE_04520 -            577 GH13_42.hmm          -            421   1.7e-17   68.1   0.1   1   1     2e-16   1.4e-13   55.1   0.0     2    83    34   112    33   119 0.94 [190263/565/1]
190263/423/1.f:PDNKFB_11910 -            541 GH13_42.hmm          -            421   2.5e-17   67.5   0.8   1   1   5.3e-16   3.8e-13   53.7   0.1     2    92    28   113    27   156 0.76 [190263/423/1]
190263/495/1.f:ANKNCD_04135 -            572 GH13_42.hmm          -            421   3.1e-17   67.2   3.5   1   1   3.5e-17   2.6e-14   57.6   0.4     2   109   170   272   169   294 0.82 [190263/495/1]
190263/429/1.f:OMPHBF_06140 -            518 GH13_42.hmm          -            421   1.7e-16   64.7   0.1   1   1   3.3e-16   2.4e-13   54.4   0.0     2    82    27   104    26   129 0.94 [190263/429/1]
190263/596/1.f:GDHELL_06435 -           1356 GH13_42.hmm          -            421   2.4e-16   64.3   7.6   1   1   3.3e-19   2.4e-16   64.3   7.6     2   258   107   382   106   397 0.73 [190263/596/1]
190263/474/1.f:AMDJJA_00490 -            604 GH13_42.hmm          -            421   9.5e-16   62.3   0.1   1   1   3.9e-16   2.8e-13   54.1   0.2     2    82    33   110    32   117 0.94 [190263/474/1]
190263/578/1.f:HIHCLH_07765 -            543 GH13_42.hmm          -            421     4e-15   60.2   7.7   1   1   5.7e-17   4.1e-14   56.9   3.6     2    84    71   149    70   297 0.59 [190263/578/1]
#
# Program:         hmmsearch
# Version:         3.3.2 (Nov 2020)
# Pipeline mode:   SEARCH
# Query file:      /kb/module/work/tmp/output.1725388484971/GH13_42/GH13_42.hmm
# Target file:     /kb/module/work/tmp/output.1725388484971/hCom2_RAST.fasta
# Option settings: /kb/module/hmmer/bin/hmmsearch --domtblout /kb/module/work/tmp/output.1725388484971/GH13_42/GH13_42-hCom2_RAST.hitout.txt --noali --notextw --domE 1e-15 /kb/module/work/tmp/output.1725388484971/GH13_42/GH13_42.hmm /kb/module/work/tmp/output.1725388484971/hCom2_RAST.fasta 
# Current dir:     /kb/module/work/tmp/output.1725388484971
# Date:            Tue Sep  3 18:49:48 2024
# [ok]
