#                                                                                   --- full sequence --- -------------- this domain -------------   hmm coord   ali coord   env coord
# target name               accession   tlen query name           accession   qlen   E-value  score  bias   #  of  c-Evalue  i-Evalue  score  bias  from    to  from    to  from    to  acc description of target
#       ------------------- ---------- ----- -------------------- ---------- ----- --------- ------ ----- --- --- --------- --------- ------ ----- ----- ----- ----- ----- ----- ----- ---- ---------------------
190263/363/1.f:CIHHOC_15755 -            564 GH13_18.hmm          -            343    3e-141  474.8   0.0   1   1  3.6e-144  3.9e-141  474.5   0.0     2   343    85   425    84   425 0.99 [190263/363/1]
190263/409/1.f:AJJCMD_03115 -            560 GH13_18.hmm          -            343  5.1e-132  444.5   0.0   1   1  5.8e-135  6.3e-132  444.2   0.0     2   343    84   424    83   424 0.99 [190263/409/1]
190263/520/1.f:GGDGDE_20015 -            495 GH13_18.hmm          -            343  6.5e-122  411.2   0.3   1   1  9.4e-125    1e-121  410.6   0.3     2   343    53   389    52   389 0.99 [190263/520/1]
190263/580/1.f:JCPJNN_09060 -            482 GH13_18.hmm          -            343  2.2e-121  409.5   0.2   1   1    2e-124  2.2e-121  409.5   0.2     2   343    37   373    36   373 0.99 [190263/580/1]
190263/510/1.f:DELAEA_06680 -            480 GH13_18.hmm          -            343  9.2e-121  407.5   1.3   1   1  1.1e-123  1.2e-120  407.1   1.3     1   343    35   372    35   372 0.99 [190263/510/1]
190263/584/1.f:DDCNLE_09090 -            483 GH13_18.hmm          -            343  1.5e-119  403.5   0.3   1   1  1.7e-122  1.9e-119  403.2   0.3     2   343    36   372    35   372 0.99 [190263/584/1]
190263/580/1.f:JCPJNN_10370 -            487 GH13_18.hmm          -            343  4.3e-114  385.5   0.0   1   1  4.9e-117  5.3e-114  385.2   0.0     2   343    34   370    33   370 0.99 [190263/580/1]
190263/409/1.f:AJJCMD_26145 -            486 GH13_18.hmm          -            343    1e-112  381.0   0.0   1   1  1.2e-115  1.3e-112  380.7   0.0     2   343    34   371    33   371 0.99 [190263/409/1]
190263/420/1.f:GMHOLO_00305 -            504 GH13_18.hmm          -            343  7.4e-111  374.9   0.0   1   1  8.5e-114  9.2e-111  374.6   0.0     2   343    35   379    34   379 0.98 [190263/420/1]
190263/474/1.f:AMDJJA_00460 -            508 GH13_18.hmm          -            343  1.4e-110  373.9   0.0   1   1  1.6e-113  1.8e-110  373.6   0.0     2   343    35   379    34   379 0.98 [190263/474/1]
190263/527/1.f:HGADJN_00325 -            504 GH13_18.hmm          -            343  1.5e-110  373.8   0.0   1   1  1.8e-113  1.9e-110  373.5   0.0     2   343    35   379    34   379 0.98 [190263/527/1]
190263/390/1.f:OLPOLE_01065 -            489 GH13_18.hmm          -            343  3.5e-101  343.1   0.0   1   1  3.8e-104  4.2e-101  342.8   0.0     1   343    36   377    36   377 0.97 [190263/390/1]
190263/423/1.f:PDNKFB_09535 -            491 GH13_18.hmm          -            343   5.7e-91  309.5   0.0   1   1   6.6e-94   7.2e-91  309.2   0.0     1   343    34   390    34   390 0.96 [190263/423/1]
190263/507/1.f:KPMKPI_02445 -            492 GH13_18.hmm          -            343   1.9e-89  304.5   0.0   1   1   2.1e-92   2.3e-89  304.2   0.0     1   343    34   390    34   390 0.96 [190263/507/1]
190263/472/1.f:NMGHJI_16130 -            566 GH13_18.hmm          -            343   8.4e-87  295.8   0.2   1   2   3.8e-28   4.1e-25   93.0   0.1     2   116    40   174    39   201 0.92 [190263/472/1]
190263/472/1.f:NMGHJI_16130 -            566 GH13_18.hmm          -            343   8.4e-87  295.8   0.2   2   2   5.6e-61   6.1e-58  200.9   0.0   117   343   241   453   235   453 0.96 [190263/472/1]
190263/532/1.f:BGDBBA_05275 -            545 GH13_18.hmm          -            343   1.1e-85  292.2   0.0   1   1   1.5e-88   1.6e-85  291.6   0.0     1   343    50   411    50   411 0.95 [190263/532/1]
190263/375/1.f:CNGHJF_03050 -            567 GH13_18.hmm          -            343   1.9e-85  291.3   0.0   1   2   5.1e-28   5.5e-25   92.5   0.1     3   123    45   182    43   210 0.91 [190263/375/1]
190263/375/1.f:CNGHJF_03050 -            567 GH13_18.hmm          -            343   1.9e-85  291.3   0.0   2   2   9.9e-60   1.1e-56  196.8   0.0   117   343   245   457   242   457 0.96 [190263/375/1]
190263/390/1.f:OLPOLE_00885 -            568 GH13_18.hmm          -            343   8.2e-82  279.4   0.0   1   2   8.6e-25   9.3e-22   81.9   0.0     2   116    40   174    39   189 0.96 [190263/390/1]
190263/390/1.f:OLPOLE_00885 -            568 GH13_18.hmm          -            343   8.2e-82  279.4   0.0   2   2   2.4e-59   2.6e-56  195.5   0.0   117   343   241   453   238   453 0.96 [190263/390/1]
190263/390/1.f:OLPOLE_01085 -            568 GH13_18.hmm          -            343   1.2e-81  278.8   0.0   1   2   2.8e-27     3e-24   90.1   0.1     2   116    41   175    40   180 0.97 [190263/390/1]
190263/390/1.f:OLPOLE_01085 -            568 GH13_18.hmm          -            343   1.2e-81  278.8   0.0   2   2   1.1e-56   1.2e-53  186.7   0.0   117   343   242   454   239   454 0.96 [190263/390/1]
190263/455/1.f:GDGJDA_03815 -            611 GH13_18.hmm          -            343   6.7e-52  181.0   0.0   1   1   1.8e-54   1.9e-51  179.5   0.0     2   261   100   373    99   470 0.82 [190263/455/1]
190263/447/1.f:OLODHC_03835 -            613 GH13_18.hmm          -            343   1.7e-50  176.4   0.1   1   1   3.1e-52   3.4e-49  172.1   0.0     3   260   104   375   102   395 0.86 [190263/447/1]
190263/478/1.f:BOCJFA_00930 -            611 GH13_18.hmm          -            343   2.7e-50  175.7   0.0   1   1   1.3e-52   1.4e-49  173.4   0.0     2   260   100   372    99   393 0.87 [190263/478/1]
190263/472/1.f:NMGHJI_14085 -            743 GH13_18.hmm          -            343   5.1e-50  174.8   0.1   1   1   1.1e-52   1.2e-49  173.6   0.0     2   276   230   518   229   525 0.87 [190263/472/1]
190263/507/1.f:KPMKPI_15040 -            616 GH13_18.hmm          -            343   1.2e-49  173.6   0.0   1   1   2.3e-52   2.5e-49  172.6   0.0     2   262   105   379   104   475 0.84 [190263/507/1]
190263/433/1.f:ADFNDI_16890 -            659 GH13_18.hmm          -            343   2.5e-49  172.5   0.0   1   1   3.9e-52   4.2e-49  171.8   0.0     2   342   147   516   146   517 0.78 [190263/433/1]
190263/433/1.f:ADFNDI_04815 -            730 GH13_18.hmm          -            343   1.8e-48  169.7   0.0   1   1   5.2e-51   5.6e-48  168.1   0.0     2   260   216   488   215   507 0.87 [190263/433/1]
190263/546/1.f:GEHMID_12200 -            622 GH13_18.hmm          -            343   2.8e-48  169.1   0.0   1   1   1.1e-49   1.2e-46  163.7   0.0     2   260   109   381   108   424 0.87 [190263/546/1]
190263/409/1.f:AJJCMD_00170 -            628 GH13_18.hmm          -            343   5.3e-48  168.2   0.0   1   1   1.6e-50   1.7e-47  166.5   0.0     2   261   100   373    99   395 0.86 [190263/409/1]
190263/384/1.f:CDKGIA_19560 -            614 GH13_18.hmm          -            343   1.1e-47  167.1   0.0   1   1   3.1e-50   3.3e-47  165.6   0.0     2   260    99   371    98   389 0.87 [190263/384/1]
190263/549/1.f:CNBDFB_11595 -            622 GH13_18.hmm          -            343   1.2e-47  167.0   0.1   1   1   2.5e-50   2.7e-47  165.9   0.0     2   260   102   374   101   398 0.87 [190263/549/1]
190263/443/1.f:LNLACP_05295 -            749 GH13_18.hmm          -            343   2.4e-47  166.0   0.0   1   1   3.6e-50   3.9e-47  165.3   0.0     2   260   234   506   233   510 0.89 [190263/443/1]
190263/420/1.f:GMHOLO_01245 -            605 GH13_18.hmm          -            343   1.1e-46  163.9   0.0   1   1   1.5e-49   1.6e-46  163.3   0.0     3   260   105   376   103   392 0.88 [190263/420/1]
190263/527/1.f:HGADJN_01360 -            605 GH13_18.hmm          -            343   1.4e-46  163.6   0.0   1   1   1.8e-49     2e-46  163.0   0.0     3   260   105   376   103   393 0.88 [190263/527/1]
190263/513/1.f:MKNBNH_04430 -            616 GH13_18.hmm          -            343   2.6e-45  159.3   0.0   1   1   3.6e-48   3.9e-45  158.8   0.0     3   275   107   393   105   419 0.84 [190263/513/1]
190263/576/1.f:FNMBCG_14575 -            609 GH13_18.hmm          -            343   3.8e-44  155.5   0.0   1   1   8.5e-47   9.2e-44  154.3   0.0     3   260   100   371    98   403 0.87 [190263/576/1]
190263/447/1.f:OLODHC_03415 -            554 GH13_18.hmm          -            343   4.5e-27   99.4   0.7   1   1   6.9e-30   7.5e-27   98.7   0.7     4   216    48   277    45   284 0.88 [190263/447/1]
190263/363/1.f:CIHHOC_02445 -            551 GH13_18.hmm          -            343   1.2e-26   98.0   0.1   1   1   1.7e-29   1.8e-26   97.4   0.1     3   216    45   275    43   279 0.88 [190263/363/1]
190263/513/1.f:MKNBNH_02055 -            565 GH13_18.hmm          -            343   1.4e-26   97.8   0.2   1   1   3.3e-29   3.6e-26   96.4   0.2     2   158    46   205    45   283 0.88 [190263/513/1]
190263/363/1.f:CIHHOC_04800 -            542 GH13_18.hmm          -            343   1.9e-26   97.3   0.1   1   1   2.7e-29   2.9e-26   96.7   0.1     3   216    50   271    48   277 0.88 [190263/363/1]
190263/383/1.f:KCEMEB_04450 -            525 GH13_18.hmm          -            343   4.5e-26   96.1   0.2   1   1   1.2e-28   1.3e-25   94.5   0.1     3   157    47   207    45   213 0.84 [190263/383/1]
190263/530/1.f:LBOGMJ_11355 -            566 GH13_18.hmm          -            343   7.6e-26   95.4   0.1   1   1   1.2e-28   1.3e-25   94.6   0.1     4   159    56   217    53   225 0.82 [190263/530/1]
190263/425/1.f:HPANHD_03210 -            554 GH13_18.hmm          -            343   2.5e-25   93.7   1.5   1   1   8.1e-28   8.8e-25   91.9   1.5     4   162    47   212    44   285 0.84 [190263/425/1]
190263/447/1.f:OLODHC_03105 -            539 GH13_18.hmm          -            343   2.5e-25   93.7   0.0   1   1   3.5e-28   3.8e-25   93.0   0.0     3   216    47   268    45   273 0.84 [190263/447/1]
190263/541/1.f:IDEEIE_03910 -            541 GH13_18.hmm          -            343   3.2e-25   93.3   0.0   1   1   6.1e-28   6.6e-25   92.3   0.0     4   216    50   270    47   278 0.82 [190263/541/1]
190263/382/1.f:JACGKO_02195 -            543 GH13_18.hmm          -            343   3.6e-25   93.1   0.0   1   1   6.2e-28   6.7e-25   92.2   0.0     4   156    45   202    42   274 0.79 [190263/382/1]
190263/423/1.f:PDNKFB_07745 -            541 GH13_18.hmm          -            343     7e-25   92.2   0.0   1   1   1.1e-27   1.2e-24   91.4   0.0     2   215    50   271    49   275 0.82 [190263/423/1]
190263/514/1.f:MMHOAN_12710 -            542 GH13_18.hmm          -            343   7.3e-25   92.1   0.0   1   1   1.1e-27   1.2e-24   91.4   0.0     4   215    52   271    49   275 0.81 [190263/514/1]
190263/370/1.f:MFKGBO_21105 -            550 GH13_18.hmm          -            343     1e-24   91.6   0.1   1   1   1.5e-27   1.6e-24   91.0   0.1     4   157    46   204    43   273 0.83 [190263/370/1]
190263/406/1.f:DKNBGD_12580 -            551 GH13_18.hmm          -            343   1.1e-24   91.6   0.0   1   1   2.4e-27   2.6e-24   90.3   0.0     4   179    46   229    43   281 0.84 [190263/406/1]
190263/425/1.f:HPANHD_02620 -            541 GH13_18.hmm          -            343   1.8e-24   90.8   0.0   1   1   2.6e-27   2.9e-24   90.2   0.0     2   216    46   268    45   273 0.83 [190263/425/1]
190263/455/1.f:GDGJDA_14820 -            543 GH13_18.hmm          -            343   1.9e-24   90.7   0.0   1   1     3e-27   3.3e-24   90.0   0.0     3   216    49   270    47   275 0.81 [190263/455/1]
190263/409/1.f:AJJCMD_25500 -            555 GH13_18.hmm          -            343   2.1e-24   90.6   0.2   1   1   3.2e-27   3.4e-24   89.9   0.2     4   215    46   274    43   278 0.79 [190263/409/1]
190263/423/1.f:PDNKFB_11910 -            541 GH13_18.hmm          -            343   3.1e-24   90.1   0.1   1   1   5.9e-27   6.4e-24   89.0   0.1     3   158    47   207    45   215 0.85 [190263/423/1]
190263/472/1.f:NMGHJI_16290 -            552 GH13_18.hmm          -            343   3.9e-24   89.7   0.0   1   1   6.7e-27   7.3e-24   88.8   0.0     2   257    48   320    47   321 0.79 [190263/472/1]
190263/448/1.f:IBJDOL_10285 -            559 GH13_18.hmm          -            343   4.5e-24   89.5   2.5   1   1   7.2e-27   7.8e-24   88.7   2.5     3   216    45   275    43   278 0.81 [190263/448/1]
190263/448/1.f:IBJDOL_08635 -            554 GH13_18.hmm          -            343   5.1e-24   89.3   2.2   1   1   9.9e-27   1.1e-23   88.3   2.2     3   203    47   252    45   313 0.86 [190263/448/1]
190263/514/1.f:MMHOAN_03820 -            569 GH13_18.hmm          -            343     1e-23   88.3   0.4   1   1   2.2e-26   2.3e-23   87.2   0.0     3   215    47   267    45   272 0.80 [190263/514/1]
190263/384/1.f:CDKGIA_03450 -            548 GH13_18.hmm          -            343   1.2e-23   88.2   0.1   1   1   1.9e-26     2e-23   87.4   0.1     3   156    45   203    43   273 0.80 [190263/384/1]
190263/495/1.f:ANKNCD_08970 -            565 GH13_18.hmm          -            343   1.2e-23   88.1   0.0   1   1   1.8e-26   1.9e-23   87.5   0.0     3   180    47   230    45   260 0.80 [190263/495/1]
190263/586/1.f:KBDCAC_00925 -            570 GH13_18.hmm          -            343   1.2e-23   88.1   0.0   1   1   2.2e-26   2.3e-23   87.2   0.0     4   157    47   206    44   278 0.77 [190263/586/1]
190263/523/1.f:MDNHKG_08680 -            568 GH13_18.hmm          -            343   1.6e-23   87.7   0.0   1   1   2.3e-26   2.5e-23   87.1   0.0     3   163    57   224    55   247 0.85 [190263/523/1]
190263/586/1.f:KBDCAC_04650 -            560 GH13_18.hmm          -            343   1.7e-23   87.7   0.0   1   1   2.5e-26   2.7e-23   87.0   0.0     4   156    46   203    43   275 0.76 [190263/586/1]
190263/409/1.f:AJJCMD_26280 -            550 GH13_18.hmm          -            343   1.7e-23   87.6   0.1   1   1   2.5e-26   2.7e-23   87.0   0.1     3   159    47   208    45   220 0.83 [190263/409/1]
190263/478/1.f:BOCJFA_07705 -            558 GH13_18.hmm          -            343   4.1e-23   86.4   0.5   1   1     3e-25   3.2e-22   83.4   0.5     4   216    48   282    45   284 0.78 [190263/478/1]
190263/433/1.f:ADFNDI_13085 -            556 GH13_18.hmm          -            343     5e-23   86.1   1.7   1   1   3.6e-25   3.9e-22   83.2   1.7     4   216    48   282    45   283 0.78 [190263/433/1]
190263/455/1.f:GDGJDA_15340 -            557 GH13_18.hmm          -            343   5.3e-23   86.0   1.2   1   1   5.7e-25   6.2e-22   82.5   1.2     4   216    48   282    45   284 0.80 [190263/455/1]
190263/382/1.f:JACGKO_00540 -            554 GH13_18.hmm          -            343   5.4e-23   86.0   0.0   1   1   8.5e-26   9.2e-23   85.2   0.0     3   156    48   208    46   215 0.93 [190263/382/1]
190263/409/1.f:AJJCMD_13305 -            517 GH13_18.hmm          -            343   5.8e-23   85.9   0.1   1   1   3.1e-25   3.3e-22   83.4   0.0     2   199    45   264    44   286 0.71 [190263/409/1]
190263/557/1.f:DOLMEB_09075 -            560 GH13_18.hmm          -            343   6.2e-23   85.8   0.7   1   1   5.6e-25     6e-22   82.5   0.6     4   215    50   280    47   285 0.71 [190263/557/1]
190263/452/1.f:PEIHBN_10935 -            559 GH13_18.hmm          -            343   6.8e-23   85.7   2.5   1   1     7e-25   7.6e-22   82.2   2.5     3   215    48   279    46   322 0.74 [190263/452/1]
190263/512/1.f:JBCLGH_07570 -            562 GH13_18.hmm          -            343   6.9e-23   85.6   0.6   1   1   9.8e-25   1.1e-21   81.7   0.2     3   159    49   207    47   285 0.78 [190263/512/1]
190263/409/1.f:AJJCMD_00615 -            565 GH13_18.hmm          -            343   1.4e-22   84.7   0.2   1   1   3.9e-25   4.3e-22   83.0   0.2     2   227    46   290    45   308 0.79 [190263/409/1]
190263/478/1.f:BOCJFA_10845 -            558 GH13_18.hmm          -            343   1.4e-22   84.6   0.0   1   1   2.4e-25   2.6e-22   83.7   0.0     5   158    49   209    46   231 0.83 [190263/478/1]
190263/472/1.f:NMGHJI_04910 -            559 GH13_18.hmm          -            343   1.4e-22   84.6   2.1   1   1   5.1e-25   5.5e-22   82.7   2.1     3   216    47   283    45   286 0.78 [190263/472/1]
190263/375/1.f:CNGHJF_04955 -            539 GH13_18.hmm          -            343   3.7e-22   83.2   0.0   1   1   6.5e-25     7e-22   82.3   0.0    13   216    58   268    46   272 0.84 [190263/375/1]
190263/546/1.f:GEHMID_11585 -            555 GH13_18.hmm          -            343   4.2e-22   83.0   0.0   1   1   6.9e-25   7.4e-22   82.2   0.0     3   158    47   208    45   255 0.82 [190263/546/1]
190263/425/1.f:HPANHD_03290 -            554 GH13_18.hmm          -            343   4.4e-22   83.0   0.4   1   1   2.1e-24   2.3e-21   80.6   0.4     5   215    48   281    44   288 0.78 [190263/425/1]
190263/580/1.f:JCPJNN_29355 -            566 GH13_18.hmm          -            343   4.5e-22   83.0   0.0   1   1   5.9e-25   6.4e-22   82.4   0.0     4   199    48   248    45   265 0.82 [190263/580/1]
190263/375/1.f:CNGHJF_04990 -            554 GH13_18.hmm          -            343     5e-22   82.8   0.0   1   1   6.8e-25   7.4e-22   82.2   0.0     5   158    49   208    45   250 0.83 [190263/375/1]
190263/429/1.f:OMPHBF_12730 -            589 GH13_18.hmm          -            343   5.3e-22   82.7   1.7   1   1   5.8e-24   6.3e-21   79.2   1.7     4   215    72   307    69   312 0.71 [190263/429/1]
190263/580/1.f:JCPJNN_03710 -            629 GH13_18.hmm          -            343   6.4e-22   82.5   0.1   1   1   1.2e-24   1.4e-21   81.4   0.1     3   159   131   297   129   302 0.85 [190263/580/1]
190263/507/1.f:KPMKPI_03005 -            556 GH13_18.hmm          -            343     8e-22   82.1   0.0   1   1   1.2e-24   1.3e-21   81.4   0.0     4   162    48   213    45   257 0.80 [190263/507/1]
190263/584/1.f:DDCNLE_03835 -            557 GH13_18.hmm          -            343   8.6e-22   82.0   0.0   1   1   1.3e-24   1.4e-21   81.4   0.0     4   158    48   208    45   219 0.83 [190263/584/1]
190263/532/1.f:BGDBBA_06200 -            558 GH13_18.hmm          -            343     1e-21   81.8   0.3   1   1   1.7e-24   1.8e-21   80.9   0.3     3   157    47   207    45   283 0.89 [190263/532/1]
190263/458/1.f:AMPCAI_01140 -            559 GH13_18.hmm          -            343     1e-21   81.7   0.2   1   1     4e-24   4.3e-21   79.7   0.2     3   209    48   260    46   287 0.82 [190263/458/1]
190263/541/1.f:IDEEIE_02835 -            559 GH13_18.hmm          -            343   1.2e-21   81.6   1.2   1   1   2.4e-24   2.6e-21   80.5   1.2     3   158    46   208    44   284 0.82 [190263/541/1]
190263/375/1.f:CNGHJF_16955 -            552 GH13_18.hmm          -            343   1.3e-21   81.4   0.1   1   1   1.8e-24     2e-21   80.8   0.1     4   156    46   203    43   275 0.83 [190263/375/1]
190263/363/1.f:CIHHOC_11415 -            558 GH13_18.hmm          -            343   1.3e-21   81.4   0.1   1   1   2.1e-24   2.3e-21   80.6   0.1     3   159    46   209    44   282 0.91 [190263/363/1]
190263/409/1.f:AJJCMD_08075 -            543 GH13_18.hmm          -            343   1.3e-21   81.4   0.0   1   1   2.2e-24   2.4e-21   80.6   0.0     3   216    53   274    51   289 0.82 [190263/409/1]
190263/513/1.f:MKNBNH_04310 -            604 GH13_18.hmm          -            343   1.6e-21   81.1   1.0   1   1   1.5e-24   1.6e-21   81.1   1.0     2   229   151   382   150   419 0.86 [190263/513/1]
190263/423/1.f:PDNKFB_07750 -            561 GH13_18.hmm          -            343   1.8e-21   80.9   0.0   1   1   2.9e-24   3.2e-21   80.2   0.0     3   203    47   252    45   261 0.82 [190263/423/1]
190263/472/1.f:NMGHJI_04900 -            554 GH13_18.hmm          -            343   3.3e-21   80.1   0.0   1   1   4.6e-24     5e-21   79.5   0.0     4   160    48   210    45   257 0.79 [190263/472/1]
190263/379/1.f:LOJHAC_03790 -            588 GH13_18.hmm          -            343   5.2e-21   79.4   0.2   1   1   7.1e-24   7.7e-21   78.9   0.2     4   163    63   229    60   278 0.80 [190263/379/1]
190263/516/1.f:MGNFBC_04840 -            588 GH13_18.hmm          -            343   5.7e-21   79.3   0.2   1   1   8.2e-24   8.8e-21   78.7   0.2     4   163    63   229    60   278 0.80 [190263/516/1]
190263/409/1.f:AJJCMD_20400 -            565 GH13_18.hmm          -            343   6.3e-21   79.2   0.0   1   1   1.2e-23   1.3e-20   78.1   0.0     3   196    47   245    45   329 0.75 [190263/409/1]
190263/452/1.f:PEIHBN_09925 -            552 GH13_18.hmm          -            343     7e-21   79.0   1.3   1   1   3.1e-23   3.3e-20   76.8   1.3     3   215    47   281    45   285 0.72 [190263/452/1]
190263/375/1.f:CNGHJF_04595 -            557 GH13_18.hmm          -            343   7.6e-21   78.9   0.2   1   1   1.9e-23   2.1e-20   77.5   0.2     3   215    46   279    44   282 0.73 [190263/375/1]
190263/455/1.f:GDGJDA_05900 -            561 GH13_18.hmm          -            343   7.9e-21   78.9   0.0   1   1   1.4e-23   1.5e-20   78.0   0.0     3   163    47   213    45   261 0.80 [190263/455/1]
190263/439/1.f:KGLJGB_07065 -            557 GH13_18.hmm          -            343   9.4e-21   78.6   0.1   1   1   2.3e-23   2.5e-20   77.2   0.1     4   160    48   210    45   329 0.80 [190263/439/1]
190263/546/1.f:GEHMID_00295 -            565 GH13_18.hmm          -            343   1.2e-20   78.3   0.4   1   1   7.3e-23     8e-20   75.6   0.4     3   216    47   282    45   286 0.75 [190263/546/1]
190263/580/1.f:JCPJNN_28235 -            543 GH13_18.hmm          -            343   1.2e-20   78.3   0.0   1   1   2.3e-23   2.5e-20   77.2   0.0     3   216    50   271    48   277 0.80 [190263/580/1]
190263/478/1.f:BOCJFA_01370 -            559 GH13_18.hmm          -            343   1.3e-20   78.2   0.5   1   1     2e-23   2.2e-20   77.4   0.5     3   157    46   207    44   218 0.90 [190263/478/1]
190263/580/1.f:JCPJNN_24345 -            560 GH13_18.hmm          -            343   1.3e-20   78.1   0.0   1   1   5.3e-23   5.8e-20   76.0   0.0     3   216    47   281    45   285 0.77 [190263/580/1]
190263/526/1.f:GBBCGM_01410 -            561 GH13_18.hmm          -            343   1.4e-20   78.0   0.1   1   1   2.2e-23   2.4e-20   77.3   0.1     3   167    50   219    48   282 0.73 [190263/526/1]
190263/433/1.f:ADFNDI_01880 -            557 GH13_18.hmm          -            343   1.8e-20   77.7   0.0   1   1   3.1e-23   3.4e-20   76.8   0.0     3   157    47   207    45   214 0.81 [190263/433/1]
190263/520/1.f:GGDGDE_05590 -            557 GH13_18.hmm          -            343     2e-20   77.5   2.5   1   1   1.2e-22   1.3e-19   74.9   2.9     3   161    47   211    45   285 0.76 [190263/520/1]
190263/384/1.f:CDKGIA_15920 -            590 GH13_18.hmm          -            343   2.4e-20   77.3   0.0   1   1   3.4e-23   3.7e-20   76.6   0.0     3   158    57   216    55   221 0.87 [190263/384/1]
190263/507/1.f:KPMKPI_12330 -            554 GH13_18.hmm          -            343   3.2e-20   76.8   3.2   1   1   9.1e-23   9.9e-20   75.3   2.4     3   159    47   209    45   286 0.76 [190263/507/1]
190263/584/1.f:DDCNLE_03830 -            556 GH13_18.hmm          -            343   3.3e-20   76.8   0.3   1   1   1.2e-22   1.3e-19   74.8   0.3     3   160    47   210    45   284 0.75 [190263/584/1]
190263/382/1.f:JACGKO_03265 -            561 GH13_18.hmm          -            343     6e-20   76.0   1.4   1   1   1.3e-22   1.5e-19   74.7   1.4     3   158    50   211    48   286 0.82 [190263/382/1]
190263/531/1.f:KJIPPC_09425 -            557 GH13_18.hmm          -            343   7.2e-20   75.7   0.0   1   1   1.3e-22   1.4e-19   74.7   0.0     3   159    47   209    45   253 0.82 [190263/531/1]
190263/527/1.f:HGADJN_08895 -            586 GH13_18.hmm          -            343   7.5e-20   75.7   0.0   1   1   3.5e-21   3.8e-18   70.1   0.0     3   164    56   226    54   300 0.70 [190263/527/1]
190263/549/1.f:CNBDFB_11805 -            558 GH13_18.hmm          -            343     3e-19   73.7   0.9   1   1   1.5e-21   1.6e-18   71.2   0.9     3   159    47   209    45   285 0.70 [190263/549/1]
190263/384/1.f:CDKGIA_00625 -            570 GH13_18.hmm          -            343   4.4e-19   73.1   0.1   1   1   1.7e-21   1.8e-18   71.1   0.0     3   158    49   210    47   221 0.85 [190263/384/1]
190263/390/1.f:OLPOLE_06095 -            631 GH13_18.hmm          -            343   7.6e-19   72.3   0.1   1   1   1.4e-21   1.5e-18   71.3   0.1     4   156   129   287   126   292 0.83 [190263/390/1]
190263/520/1.f:GGDGDE_10805 -            560 GH13_18.hmm          -            343     1e-18   71.9   0.1   1   1   1.5e-21   1.6e-18   71.3   0.1     3   199    47   248    45   316 0.79 [190263/520/1]
190263/425/1.f:HPANHD_10085 -            559 GH13_18.hmm          -            343   1.6e-18   71.2   4.1   1   1   3.7e-21     4e-18   70.0   1.8     2   158    46   209    45   220 0.80 [190263/425/1]
190263/527/1.f:HGADJN_09155 -            602 GH13_18.hmm          -            343   2.3e-18   70.8   0.3   1   1     7e-21   7.6e-18   69.0   0.3     3   159    65   233    63   238 0.78 [190263/527/1]
190263/406/1.f:DKNBGD_03735 -            567 GH13_18.hmm          -            343   2.7e-18   70.5   0.0   1   1   8.7e-21   9.4e-18   68.7   0.0     4   161    48   216    45   229 0.81 [190263/406/1]
190263/420/1.f:GMHOLO_08475 -            583 GH13_18.hmm          -            343     4e-18   70.0   0.0   1   1   2.7e-20   2.9e-17   67.1   0.0     2   156    51   214    50   227 0.75 [190263/420/1]
190263/527/1.f:HGADJN_09225 -            606 GH13_18.hmm          -            343   4.1e-18   69.9   0.5   1   1     1e-20   1.1e-17   68.5   0.5     3   160    65   234    63   239 0.79 [190263/527/1]
190263/400/1.f:EIBLKL_02735 -            553 GH13_18.hmm          -            343   6.7e-18   69.2   0.1   1   1   1.5e-20   1.7e-17   67.9   0.0     1   217    92   315    92   359 0.84 [190263/400/1]
190263/520/1.f:GGDGDE_20000 -            560 GH13_18.hmm          -            343   7.2e-18   69.1   0.9   1   1   1.6e-20   1.7e-17   67.9   0.9     3   158    48   209    46   284 0.84 [190263/520/1]
190263/540/1.f:BCGFLB_01175 -            585 GH13_18.hmm          -            343     8e-18   69.0   0.2   1   1   1.3e-20   1.4e-17   68.2   0.2     3   167    64   235    62   303 0.74 [190263/540/1]
190263/474/1.f:AMDJJA_00490 -            604 GH13_18.hmm          -            343   8.8e-18   68.8   0.0   1   1   1.3e-19   1.4e-16   64.9   0.0     3   158    52   216    50   234 0.82 [190263/474/1]
190263/362/1.f:KJODLM_11060 -            151 GH13_18.hmm          -            343   1.1e-17   68.6   1.1   1   1   1.2e-20   1.3e-17   68.3   1.1     2    84    44   132    43   137 0.87 [190263/362/1]
190263/420/1.f:GMHOLO_08275 -            607 GH13_18.hmm          -            343   1.1e-17   68.5   0.1   1   1   2.7e-20   2.9e-17   67.1   0.1     4   160    66   234    63   241 0.78 [190263/420/1]
190263/474/1.f:AMDJJA_02480 -            604 GH13_18.hmm          -            343   1.8e-17   67.8   0.2   1   1   7.8e-20   8.5e-17   65.6   0.2     4   161    66   235    63   247 0.78 [190263/474/1]
190263/474/1.f:AMDJJA_09650 -            608 GH13_18.hmm          -            343     2e-17   67.6   0.2   1   1   6.2e-20   6.8e-17   65.9   0.2     4   159    66   233    63   237 0.78 [190263/474/1]
190263/520/1.f:GGDGDE_02775 -            587 GH13_18.hmm          -            343   1.5e-16   64.8   0.3   1   1   2.6e-19   2.8e-16   63.9   0.3     2   218   133   345   132   391 0.82 [190263/520/1]
190263/565/1.f:PAEINE_04520 -            577 GH13_18.hmm          -            343   3.8e-16   63.4   0.0   1   1   5.7e-18   6.1e-15   59.5   0.0     2   158    52   217    51   229 0.75 [190263/565/1]
190263/423/1.f:PDNKFB_09310 -            564 GH13_18.hmm          -            343   4.2e-15   60.0   1.6   1   1   1.4e-17   1.5e-14   58.2   1.6     2   214   114   324   113   345 0.75 [190263/423/1]
190263/495/1.f:ANKNCD_06875 -            582 GH13_18.hmm          -            343     6e-15   59.5   0.7   1   1   1.4e-17   1.5e-14   58.2   0.7     2   215   125   334   124   339 0.76 [190263/495/1]
190263/368/1.f:HPMDBE_05310 -            486 GH13_18.hmm          -            343   2.1e-13   54.4   0.0   1   1   2.8e-16     3e-13   53.9   0.0    39   163     2   127     1   177 0.82 [190263/368/1]
#
# Program:         hmmsearch
# Version:         3.3.2 (Nov 2020)
# Pipeline mode:   SEARCH
# Query file:      /kb/module/work/tmp/output.1725388484971/GH13_18/GH13_18.hmm
# Target file:     /kb/module/work/tmp/output.1725388484971/hCom2_RAST.fasta
# Option settings: /kb/module/hmmer/bin/hmmsearch --domtblout /kb/module/work/tmp/output.1725388484971/GH13_18/GH13_18-hCom2_RAST.hitout.txt --noali --notextw --domE 1e-15 /kb/module/work/tmp/output.1725388484971/GH13_18/GH13_18.hmm /kb/module/work/tmp/output.1725388484971/hCom2_RAST.fasta 
# Current dir:     /kb/module/work/tmp/output.1725388484971
# Date:            Tue Sep  3 18:48:37 2024
# [ok]
