#                                                                                   --- full sequence --- -------------- this domain -------------   hmm coord   ali coord   env coord
# target name               accession   tlen query name           accession   qlen   E-value  score  bias   #  of  c-Evalue  i-Evalue  score  bias  from    to  from    to  from    to  acc description of target
#       ------------------- ---------- ----- -------------------- ---------- ----- --------- ------ ----- --- --- --------- --------- ------ ----- ----- ----- ----- ----- ----- ----- ---- ---------------------
190263/401/1.f:DMFJNH_07625 -            617 GH13_2.hmm           -            310     2e-57  199.4   7.3   1   1   5.2e-60   2.9e-57  198.9   7.3     1   307   164   478   164   481 0.84 [190263/401/1]
190263/504/1.f:DOAHDM_08130 -            617 GH13_2.hmm           -            310     2e-57  199.4   7.3   1   1   5.2e-60   2.9e-57  198.9   7.3     1   307   164   478   164   481 0.84 [190263/504/1]
190263/399/1.f:CDLIDF_07515 -            617 GH13_2.hmm           -            310     4e-57  198.5   8.1   1   1   1.2e-59   6.5e-57  197.7   8.1     1   307   164   478   164   481 0.80 [190263/399/1]
190263/391/1.f:NONBJF_08175 -            616 GH13_2.hmm           -            310   5.2e-57  198.1   7.5   1   1   1.4e-59   7.7e-57  197.5   7.5     1   307   163   477   163   480 0.81 [190263/391/1]
190263/534/1.f:OHCFJE_04790 -            616 GH13_2.hmm           -            310   5.2e-57  198.1   7.5   1   1   1.4e-59   7.7e-57  197.5   7.5     1   307   163   477   163   480 0.81 [190263/534/1]
190263/545/1.f:NCJBIN_08290 -            616 GH13_2.hmm           -            310   5.2e-57  198.1   7.5   1   1   1.4e-59   7.7e-57  197.5   7.5     1   307   163   477   163   480 0.81 [190263/545/1]
190263/388/1.f:FDDJJK_07165 -            616 GH13_2.hmm           -            310   5.3e-57  198.0   7.5   1   1   1.4e-59   7.7e-57  197.5   7.5     1   307   163   477   163   480 0.81 [190263/388/1]
190263/475/1.f:MCKEEP_01645 -            617 GH13_2.hmm           -            310   5.9e-57  197.9   8.7   1   1   1.7e-59   9.4e-57  197.2   8.7     1   307   164   478   164   481 0.82 [190263/475/1]
190263/573/1.f:LIDFCI_15590 -            617 GH13_2.hmm           -            310   7.1e-57  197.6   9.2   1   1     2e-59   1.1e-56  197.0   9.2     1   307   164   478   164   481 0.82 [190263/573/1]
190263/368/1.f:HPMDBE_16265 -            613 GH13_2.hmm           -            310   9.4e-57  197.2   1.9   1   1   3.3e-59   1.8e-56  196.3   1.9     1   307   157   471   157   474 0.79 [190263/368/1]
190263/516/1.f:MGNFBC_14175 -            613 GH13_2.hmm           -            310   1.2e-56  196.9   1.6   1   1   4.2e-59   2.3e-56  195.9   1.6     1   307   157   471   157   474 0.79 [190263/516/1]
190263/379/1.f:LOJHAC_16730 -            613 GH13_2.hmm           -            310   1.2e-56  196.9   1.6   1   1   4.2e-59   2.3e-56  195.9   1.6     1   307   157   471   157   474 0.79 [190263/379/1]
190263/552/1.f:EMALNL_07985 -            684 GH13_2.hmm           -            310   1.8e-56  196.3   7.4   1   1   5.7e-59   3.2e-56  195.5   7.4     1   307   231   545   231   548 0.83 [190263/552/1]
190263/562/1.f:KJGNCK_02025 -            684 GH13_2.hmm           -            310   1.9e-56  196.2   7.4   1   1   5.7e-59   3.2e-56  195.5   7.4     1   307   231   545   231   548 0.83 [190263/562/1]
190263/522/1.f:NPJBCH_12425 -            639 GH13_2.hmm           -            310   2.8e-55  192.4   5.2   1   1   9.4e-58   5.2e-55  191.5   5.2     1   308   161   500   161   502 0.84 [190263/522/1]
190263/516/1.f:MGNFBC_18275 -            615 GH13_2.hmm           -            310   1.6e-54  189.9   4.8   1   1   3.5e-57   1.9e-54  189.6   4.8     1   307   161   475   161   478 0.89 [190263/516/1]
190263/368/1.f:HPMDBE_20180 -            615 GH13_2.hmm           -            310   1.8e-54  189.7   4.6   1   1   4.1e-57   2.3e-54  189.4   4.6     1   307   161   475   161   478 0.89 [190263/368/1]
190263/379/1.f:LOJHAC_21325 -            615 GH13_2.hmm           -            310   1.8e-54  189.7   4.6   1   1   4.1e-57   2.3e-54  189.4   4.6     1   307   161   475   161   478 0.89 [190263/379/1]
190263/595/1.f:HGDLEC_06160 -            640 GH13_2.hmm           -            310   6.8e-54  187.8   3.0   1   1   5.2e-56   2.9e-53  185.8   3.0     1   307   161   500   161   503 0.84 [190263/595/1]
190263/437/1.f:LBKKEJ_03795 -            617 GH13_2.hmm           -            310   8.2e-54  187.6   7.7   1   1   2.1e-56   1.2e-53  187.1   7.7     1   307   164   478   164   481 0.81 [190263/437/1]
190263/417/1.f:MHBJAE_19300 -            616 GH13_2.hmm           -            310   9.8e-54  187.3   9.3   1   1   2.3e-56   1.3e-53  186.9   9.3     1   308   162   477   162   479 0.88 [190263/417/1]
190263/488/1.f:DNPFAC_20990 -            616 GH13_2.hmm           -            310   1.3e-53  186.9   9.3   1   1   3.1e-56   1.7e-53  186.5   9.3     1   308   162   477   162   479 0.88 [190263/488/1]
190263/423/1.f:PDNKFB_06835 -           1368 GH13_2.hmm           -            310   6.5e-53  184.6   8.2   1   1     3e-55   1.7e-52  183.3   8.2     1   307   840  1144   840  1145 0.89 [190263/423/1]
190263/460/1.f:IHFGKI_10900 -            641 GH13_2.hmm           -            310   1.1e-52  183.9   3.0   1   1   1.4e-54   7.7e-52  181.1   3.0     1   308   161   502   161   504 0.79 [190263/460/1]
190263/583/1.f:BCCKNC_06565 -            624 GH13_2.hmm           -            310   1.1e-52  183.9   0.1   1   1   3.8e-55   2.1e-52  182.9   0.1     1   307   162   476   162   479 0.81 [190263/583/1]
190263/461/1.f:DHPHOK_10950 -            616 GH13_2.hmm           -            310   1.2e-52  183.7   7.6   1   1     3e-55   1.7e-52  183.3   7.6     1   308   162   477   162   479 0.82 [190263/461/1]
190263/405/1.f:EHKDKA_23990 -            628 GH13_2.hmm           -            310   1.4e-52  183.5   1.6   1   1   3.5e-55   1.9e-52  183.0   1.6     1   307   176   488   176   491 0.86 [190263/405/1]
190263/369/1.f:JCDIFE_19125 -            616 GH13_2.hmm           -            310   2.3e-52  182.8   8.5   1   1   5.6e-55   3.1e-52  182.4   8.5     1   308   162   477   162   479 0.84 [190263/369/1]
190263/502/1.f:NONHGB_22080 -            651 GH13_2.hmm           -            310   4.4e-52  181.9   1.7   1   1   1.1e-54   6.1e-52  181.4   1.7     1   307   199   511   199   514 0.86 [190263/502/1]
190263/405/1.f:EHKDKA_03425 -            619 GH13_2.hmm           -            310   6.6e-52  181.3   0.6   1   2   3.8e-24   2.1e-21   81.1   0.1     1    88   162   244   162   252 0.94 [190263/405/1]
190263/405/1.f:EHKDKA_03425 -            619 GH13_2.hmm           -            310   6.6e-52  181.3   0.6   2   2   1.8e-29     1e-26   98.6   0.0   138   307   296   474   267   477 0.86 [190263/405/1]
190263/502/1.f:NONHGB_11410 -            616 GH13_2.hmm           -            310   6.6e-52  181.3   7.6   1   1   1.6e-54   8.9e-52  180.9   7.6     1   307   162   476   162   479 0.82 [190263/502/1]
190263/466/1.f:PGJOII_14705 -            616 GH13_2.hmm           -            310   7.3e-52  181.2   7.1   1   1   1.8e-54     1e-51  180.7   7.1     1   307   162   476   162   479 0.86 [190263/466/1]
190263/405/1.f:EHKDKA_13290 -            616 GH13_2.hmm           -            310   8.8e-52  180.9   7.7   1   1   2.1e-54   1.2e-51  180.5   7.7     1   307   162   476   162   479 0.83 [190263/405/1]
190263/456/1.f:LKAJBD_09060 -            616 GH13_2.hmm           -            310   9.6e-52  180.8   6.6   1   1   2.4e-54   1.3e-51  180.3   6.6     1   307   162   476   162   479 0.84 [190263/456/1]
190263/495/1.f:ANKNCD_08725 -           1674 GH13_2.hmm           -            310     1e-50  177.4  11.6   1   1   1.9e-53     1e-50  177.4  11.6     1   307   962  1266   962  1267 0.88 [190263/495/1]
190263/368/1.f:HPMDBE_16250 -            612 GH13_2.hmm           -            310   2.3e-47  166.4   4.8   1   1     1e-49   5.5e-47  165.1   4.8     1   307   162   469   162   472 0.83 [190263/368/1]
190263/379/1.f:LOJHAC_16715 -            612 GH13_2.hmm           -            310   2.3e-47  166.4   4.8   1   1     1e-49   5.5e-47  165.1   4.8     1   307   162   469   162   472 0.83 [190263/379/1]
190263/516/1.f:MGNFBC_14160 -            612 GH13_2.hmm           -            310   2.3e-47  166.4   4.8   1   1     1e-49   5.5e-47  165.1   4.8     1   307   162   469   162   472 0.83 [190263/516/1]
190263/595/1.f:HGDLEC_07220 -           1077 GH13_2.hmm           -            310   1.7e-46  163.6   3.6   1   1   1.1e-39   6.2e-37  132.1   1.5     2   201    76   320    75   333 0.85 [190263/595/1]
190263/466/1.f:PGJOII_07605 -            686 GH13_2.hmm           -            310   1.4e-44  157.2   5.7   1   2   1.7e-25   9.4e-23   85.5   0.9     2    91    79   159    78   188 0.86 [190263/466/1]
190263/466/1.f:PGJOII_07605 -            686 GH13_2.hmm           -            310   1.4e-44  157.2   5.7   2   2   1.2e-21   6.3e-19   73.0   0.1   113   307   334   530   298   532 0.74 [190263/466/1]
190263/513/1.f:MKNBNH_04310 -            604 GH13_2.hmm           -            310   2.8e-43  153.0   8.9   1   1   2.8e-45   1.6e-42  150.5   8.9     2   307   133   454   132   457 0.79 [190263/513/1]
190263/456/1.f:LKAJBD_15395 -            681 GH13_2.hmm           -            310   3.5e-43  152.7   3.7   1   2   1.2e-23   6.8e-21   79.4   0.1     2    89    74   152    73   177 0.92 [190263/456/1]
190263/456/1.f:LKAJBD_15395 -            681 GH13_2.hmm           -            310   3.5e-43  152.7   3.7   2   2   1.1e-21   6.1e-19   73.0   0.2   112   307   328   525   292   527 0.75 [190263/456/1]
190263/421/1.f:PBKEAC_05065 -            625 GH13_2.hmm           -            310   9.3e-43  151.3   0.0   1   1   2.7e-45   1.5e-42  150.6   0.0     1   308   169   482   169   484 0.84 [190263/421/1]
190263/446/1.f:LHJMMB_09600 -            625 GH13_2.hmm           -            310   9.3e-43  151.3   0.0   1   1   2.7e-45   1.5e-42  150.6   0.0     1   308   169   482   169   484 0.84 [190263/446/1]
190263/405/1.f:EHKDKA_03440 -            699 GH13_2.hmm           -            310   1.5e-42  150.6   0.2   1   1     1e-43   5.5e-41  145.4   0.2     1   307   248   574   248   576 0.86 [190263/405/1]
190263/556/1.f:EMIPPF_02185 -            625 GH13_2.hmm           -            310   1.9e-42  150.3   0.0   1   1   5.3e-45   2.9e-42  149.6   0.0     1   308   169   482   169   484 0.84 [190263/556/1]
190263/541/1.f:IDEEIE_03905 -            587 GH13_2.hmm           -            310   2.3e-42  149.9   5.9   1   1   4.2e-45   2.3e-42  149.9   5.9     1   307   178   469   178   472 0.86 [190263/541/1]
190263/504/1.f:DOAHDM_08100 -            692 GH13_2.hmm           -            310   3.4e-42  149.4   1.9   1   2   2.3e-24   1.3e-21   81.8   0.1     2    89    80   158    79   188 0.93 [190263/504/1]
190263/504/1.f:DOAHDM_08100 -            692 GH13_2.hmm           -            310   3.4e-42  149.4   1.9   2   2   1.5e-19   8.4e-17   66.0   0.3   145   307   363   534   307   537 0.73 [190263/504/1]
190263/401/1.f:DMFJNH_07595 -            692 GH13_2.hmm           -            310   4.2e-42  149.1   1.9   1   2   2.3e-24   1.3e-21   81.8   0.1     2    89    80   158    79   188 0.93 [190263/401/1]
190263/401/1.f:DMFJNH_07595 -            692 GH13_2.hmm           -            310   4.2e-42  149.1   1.9   2   2   1.5e-19   8.4e-17   66.0   0.3   145   307   363   534   307   537 0.73 [190263/401/1]
190263/458/1.f:AMPCAI_06050 -            434 GH13_2.hmm           -            310   4.5e-42  149.0   0.8   1   1   1.6e-44   8.9e-42  148.0   0.8     7   307    34   312    31   314 0.91 [190263/458/1]
190263/596/1.f:GDHELL_06780 -            751 GH13_2.hmm           -            310   5.8e-42  148.6  10.8   1   1   1.5e-35   8.4e-33  118.5   6.9     2   203   177   421   176   437 0.87 [190263/596/1]
190263/425/1.f:HPANHD_08465 -            599 GH13_2.hmm           -            310   6.6e-42  148.4   0.4   1   1   1.7e-44   9.4e-42  148.0   0.4     1   308   185   486   185   488 0.85 [190263/425/1]
190263/423/1.f:PDNKFB_06345 -            588 GH13_2.hmm           -            310   2.8e-41  146.4   0.4   1   1   7.8e-44   4.3e-41  145.8   0.4     1   310   182   473   182   473 0.89 [190263/423/1]
190263/580/1.f:JCPJNN_26940 -            585 GH13_2.hmm           -            310   1.1e-40  144.4   2.1   1   1   4.6e-43   2.5e-40  143.3   2.1     1   307   178   469   178   472 0.86 [190263/580/1]
190263/425/1.f:HPANHD_10085 -            559 GH13_2.hmm           -            310   1.7e-40  143.8   2.3   1   1   5.7e-32   3.1e-29  106.8   1.7     2   182    28   213    27   232 0.85 [190263/425/1]
190263/596/1.f:GDHELL_05010 -            551 GH13_2.hmm           -            310     2e-40  143.6   3.8   1   1   6.3e-43   3.5e-40  142.8   3.8     2   307    76   391    75   392 0.80 [190263/596/1]
190263/534/1.f:OHCFJE_04840 -            693 GH13_2.hmm           -            310   2.6e-40  143.2   4.4   1   2   1.3e-24   7.2e-22   82.6   0.3     2    91    83   163    82   232 0.86 [190263/534/1]
190263/534/1.f:OHCFJE_04840 -            693 GH13_2.hmm           -            310   2.6e-40  143.2   4.4   2   2   2.7e-18   1.5e-15   61.9   0.5   149   307   366   533   308   536 0.72 [190263/534/1]
190263/391/1.f:NONBJF_08120 -            693 GH13_2.hmm           -            310   2.6e-40  143.2   4.4   1   2   1.3e-24   7.2e-22   82.6   0.3     2    91    83   163    82   232 0.86 [190263/391/1]
190263/391/1.f:NONBJF_08120 -            693 GH13_2.hmm           -            310   2.6e-40  143.2   4.4   2   2   2.7e-18   1.5e-15   61.9   0.5   149   307   366   533   308   536 0.72 [190263/391/1]
190263/545/1.f:NCJBIN_08240 -            693 GH13_2.hmm           -            310   2.6e-40  143.2   4.4   1   2   1.3e-24   7.2e-22   82.6   0.3     2    91    83   163    82   232 0.86 [190263/545/1]
190263/545/1.f:NCJBIN_08240 -            693 GH13_2.hmm           -            310   2.6e-40  143.2   4.4   2   2   2.7e-18   1.5e-15   61.9   0.5   149   307   366   533   308   536 0.72 [190263/545/1]
190263/596/1.f:GDHELL_07000 -            804 GH13_2.hmm           -            310   2.9e-40  143.1  10.0   1   1   9.8e-36   5.4e-33  119.2   4.0     2   203   187   461   186   485 0.87 [190263/596/1]
190263/425/1.f:HPANHD_10080 -            587 GH13_2.hmm           -            310     3e-40  143.0   7.3   1   1   5.4e-43     3e-40  143.0   7.3     1   307   179   475   179   478 0.87 [190263/425/1]
190263/447/1.f:OLODHC_11555 -            584 GH13_2.hmm           -            310   3.1e-40  143.0   7.9   1   1   1.5e-42   8.4e-40  141.5   6.8     1   307   179   470   179   473 0.82 [190263/447/1]
190263/472/1.f:NMGHJI_18160 -            584 GH13_2.hmm           -            310   3.7e-40  142.7   2.6   1   1   1.2e-42   6.5e-40  141.9   2.6     1   307   179   470   179   473 0.86 [190263/472/1]
190263/400/1.f:EIBLKL_02735 -            553 GH13_2.hmm           -            310     4e-40  142.6   0.7   1   1   1.3e-42   7.4e-40  141.7   0.7     2   307    75   402    74   404 0.75 [190263/400/1]
190263/363/1.f:CIHHOC_04795 -            585 GH13_2.hmm           -            310   9.1e-40  141.4   2.1   1   1     4e-42   2.2e-39  140.2   2.1     1   307   178   469   178   472 0.83 [190263/363/1]
190263/568/1.f:ABMLLK_04030 -            626 GH13_2.hmm           -            310   1.3e-39  141.0   2.5   1   1   2.3e-42   1.3e-39  141.0   2.5     1   308   197   498   197   500 0.86 [190263/568/1]
190263/439/1.f:KGLJGB_08645 -            433 GH13_2.hmm           -            310   2.1e-39  140.2   2.8   1   1   9.9e-42   5.5e-39  138.9   2.8     7   307    34   316    31   317 0.85 [190263/439/1]
190263/457/1.f:IIKDLL_06125 -            442 GH13_2.hmm           -            310   2.9e-39  139.8   2.6   1   1   1.1e-41   5.9e-39  138.8   2.6     7   307    40   322    36   323 0.83 [190263/457/1]
190263/514/1.f:MMHOAN_12715 -            584 GH13_2.hmm           -            310   5.3e-39  138.9   5.8   1   1   2.1e-41   1.2e-38  137.8   5.8     1   307   178   469   178   472 0.85 [190263/514/1]
190263/448/1.f:IBJDOL_08635 -            554 GH13_2.hmm           -            310   5.9e-39  138.8  13.0   1   1   5.2e-32   2.9e-29  106.9   6.7     2   177    28   206    27   209 0.86 [190263/448/1]
190263/556/1.f:EMIPPF_02175 -            772 GH13_2.hmm           -            310     3e-38  136.5   1.1   1   2   1.9e-21   1.1e-18   72.2   0.0     2   102   161   258   160   328 0.89 [190263/556/1]
190263/556/1.f:EMIPPF_02175 -            772 GH13_2.hmm           -            310     3e-38  136.5   1.1   2   2   1.4e-18   7.6e-16   62.8   0.3   147   307   444   613   403   616 0.79 [190263/556/1]
190263/423/1.f:PDNKFB_13510 -            572 GH13_2.hmm           -            310   4.7e-38  135.8   1.3   1   1   8.6e-41   4.7e-38  135.8   1.3     2   307   170   459   169   462 0.84 [190263/423/1]
190263/446/1.f:LHJMMB_09610 -            772 GH13_2.hmm           -            310   7.3e-38  135.2   0.7   1   2   3.2e-21   1.7e-18   71.5   0.0     2   102   161   258   160   324 0.89 [190263/446/1]
190263/446/1.f:LHJMMB_09610 -            772 GH13_2.hmm           -            310   7.3e-38  135.2   0.7   2   2   2.6e-18   1.4e-15   62.0   0.2   148   307   445   613   404   616 0.79 [190263/446/1]
190263/421/1.f:PBKEAC_05055 -            772 GH13_2.hmm           -            310   7.8e-38  135.1   0.9   1   2     3e-21   1.7e-18   71.6   0.0     2   102   161   258   160   332 0.88 [190263/421/1]
190263/421/1.f:PBKEAC_05055 -            772 GH13_2.hmm           -            310   7.8e-38  135.1   0.9   2   2   2.6e-18   1.4e-15   62.0   0.2   148   307   445   613   404   616 0.79 [190263/421/1]
190263/549/1.f:CNBDFB_03745 -            437 GH13_2.hmm           -            310   3.6e-37  132.9   0.3   1   1   1.4e-39   7.9e-37  131.8   0.3     5   307    32   316    30   317 0.85 [190263/549/1]
190263/520/1.f:GGDGDE_20340 -            572 GH13_2.hmm           -            310   4.1e-37  132.7   2.5   1   1   1.6e-39   8.6e-37  131.7   2.5     2   307   170   459   169   462 0.86 [190263/520/1]
190263/578/1.f:HIHCLH_08785 -            436 GH13_2.hmm           -            310   1.4e-36  131.0   2.8   1   1   4.6e-39   2.5e-36  130.1   2.8    11   307    38   316    29   317 0.81 [190263/578/1]
190263/537/1.f:AHPNMI_04290 -            436 GH13_2.hmm           -            310   1.7e-36  130.7   0.3   1   1   8.4e-39   4.6e-36  129.2   0.3    13   307    40   316    30   317 0.85 [190263/537/1]
190263/588/1.f:LGPOLK_03735 -           1132 GH13_2.hmm           -            310   2.5e-36  130.1   0.1   1   1   1.2e-38   6.7e-36  128.7   0.1     1   307   187   499   187   501 0.84 [190263/588/1]
190263/490/1.f:OIBLLI_01470 -            436 GH13_2.hmm           -            310   2.7e-36  130.0   3.2   1   1   1.2e-38   6.6e-36  128.7   3.2    11   307    38   316    31   317 0.84 [190263/490/1]
190263/396/1.f:KAAOMA_12335 -            628 GH13_2.hmm           -            310   4.9e-36  129.2   1.8   1   1   1.3e-38   7.2e-36  128.6   1.8     1   308   181   503   181   505 0.89 [190263/396/1]
190263/390/1.f:OLPOLE_06095 -            631 GH13_2.hmm           -            310   5.2e-36  129.1   0.3   1   1     8e-37   4.4e-34  122.7   0.3     2   307   109   449   108   451 0.72 [190263/390/1]
190263/531/1.f:KJIPPC_09870 -            435 GH13_2.hmm           -            310   5.5e-36  129.0   2.7   1   1   2.2e-38   1.2e-35  127.9   2.7    12   307    39   316    31   318 0.84 [190263/531/1]
190263/495/1.f:ANKNCD_04135 -            572 GH13_2.hmm           -            310   5.6e-36  129.0   2.7   1   1   2.5e-38   1.4e-35  127.7   2.7     2   307   170   459   169   462 0.85 [190263/495/1]
190263/400/1.f:EIBLKL_01635 -            626 GH13_2.hmm           -            310   5.6e-36  129.0   0.0   1   1   1.4e-38   7.8e-36  128.5   0.0     2   308   182   504   181   506 0.90 [190263/400/1]
190263/541/1.f:IDEEIE_02835 -            559 GH13_2.hmm           -            310   6.4e-36  128.8   5.3   1   1   5.1e-31   2.8e-28  103.7   4.3     2   175    27   204    26   216 0.88 [190263/541/1]
190263/425/1.f:HPANHD_03210 -            554 GH13_2.hmm           -            310     7e-36  128.7   5.7   1   1   8.1e-36   4.5e-33  119.4   5.7     2   307    27   367    26   370 0.79 [190263/425/1]
190263/423/1.f:PDNKFB_09310 -            564 GH13_2.hmm           -            310   7.3e-36  128.6   9.0   1   1   2.6e-38   1.4e-35  127.7   9.0     2   307    96   413    95   416 0.74 [190263/423/1]
190263/547/1.f:KJCAKO_00600 -            555 GH13_2.hmm           -            310   7.5e-36  128.6   3.9   1   1     4e-38   2.2e-35  127.0   3.9     4   310   154   439   152   439 0.83 [190263/547/1]
190263/474/1.f:AMDJJA_00550 -           1708 GH13_2.hmm           -            310   7.9e-36  128.5   9.0   1   1   1.8e-25   9.9e-23   85.5   0.3    18   305    77   363    75   365 0.84 [190263/474/1]
190263/382/1.f:JACGKO_09355 -           1151 GH13_2.hmm           -            310   8.7e-36  128.4   1.3   1   1   2.6e-38   1.5e-35  127.6   0.3     1   307   191   515   191   518 0.84 [190263/382/1]
190263/507/1.f:KPMKPI_14695 -            453 GH13_2.hmm           -            310   1.2e-35  127.9   1.4   1   1   6.6e-38   3.7e-35  126.3   1.4     9   307    38   320    33   322 0.81 [190263/507/1]
190263/382/1.f:JACGKO_00540 -            554 GH13_2.hmm           -            310   1.2e-35  127.9   0.0   1   1     1e-28   5.8e-26   96.1   0.0     2   177    29   208    28   214 0.79 [190263/382/1]
190263/400/1.f:EIBLKL_06495 -            439 GH13_2.hmm           -            310   1.3e-35  127.8   1.7   1   1   4.8e-38   2.6e-35  126.8   1.7     6   307    36   316    33   318 0.86 [190263/400/1]
190263/409/1.f:AJJCMD_00615 -            565 GH13_2.hmm           -            310   1.4e-35  127.7   2.8   1   1   2.5e-30   1.4e-27  101.4   0.2     2   176    28   206    27   209 0.87 [190263/409/1]
190263/468/1.f:DIOFOH_01755 -            517 GH13_2.hmm           -            310   1.8e-35  127.3   1.3   1   1   7.6e-38   4.2e-35  126.1   1.3     2   307    27   359    26   362 0.73 [190263/468/1]
190263/478/1.f:BOCJFA_07705 -            558 GH13_2.hmm           -            310   2.1e-35  127.1   5.5   1   1   3.1e-31   1.7e-28  104.4   0.9     2   176    28   205    27   211 0.91 [190263/478/1]
190263/507/1.f:KPMKPI_12330 -            554 GH13_2.hmm           -            310   2.3e-35  127.0   4.6   1   1   3.5e-30   1.9e-27  100.9   1.8     2   176    28   205    27   211 0.87 [190263/507/1]
190263/383/1.f:KCEMEB_04450 -            525 GH13_2.hmm           -            310   2.7e-35  126.7   1.6   1   1   1.7e-27   9.6e-25   92.1   0.3     2   178    28   207    27   210 0.82 [190263/383/1]
190263/433/1.f:ADFNDI_13085 -            556 GH13_2.hmm           -            310   4.7e-35  125.9   9.7   1   1     3e-31   1.7e-28  104.4   3.7     2   176    28   205    27   224 0.90 [190263/433/1]
190263/495/1.f:ANKNCD_08970 -            565 GH13_2.hmm           -            310   6.1e-35  125.6   2.6   1   1   2.1e-31   1.1e-28  105.0   0.5     2   176    28   205    27   211 0.79 [190263/495/1]
190263/443/1.f:LNLACP_02900 -            616 GH13_2.hmm           -            310   6.4e-35  125.5   0.0   1   1   1.7e-37   9.6e-35  124.9   0.0     1   307   182   504   182   507 0.90 [190263/443/1]
190263/375/1.f:CNGHJF_00695 -            444 GH13_2.hmm           -            310   7.8e-35  125.2   0.2   1   1   5.6e-37   3.1e-34  123.3   0.2     9   307    39   313    34   315 0.84 [190263/375/1]
190263/455/1.f:GDGJDA_12270 -            434 GH13_2.hmm           -            310   8.2e-35  125.1   0.1   1   1     4e-37   2.2e-34  123.7   0.1    12   307    39   316    31   317 0.84 [190263/455/1]
190263/576/1.f:FNMBCG_05375 -            618 GH13_2.hmm           -            310   9.1e-35  125.0   0.0   1   1   2.2e-37   1.2e-34  124.6   0.0     1   307   182   504   182   507 0.87 [190263/576/1]
190263/409/1.f:AJJCMD_13305 -            517 GH13_2.hmm           -            310   9.8e-35  124.9   0.1   1   1   3.3e-27   1.8e-24   91.2   0.1     4   175    29   205    27   212 0.81 [190263/409/1]
190263/447/1.f:OLODHC_03420 -            676 GH13_2.hmm           -            310   1.2e-34  124.6   0.3   1   1   5.2e-37   2.9e-34  123.4   0.3    11   307    38   316    30   317 0.82 [190263/447/1]
190263/478/1.f:BOCJFA_08205 -            581 GH13_2.hmm           -            310   1.2e-34  124.6   5.9   1   1   5.1e-37   2.8e-34  123.4   5.9    11   307    40   313    33   314 0.86 [190263/478/1]
190263/452/1.f:PEIHBN_09925 -            552 GH13_2.hmm           -            310   1.3e-34  124.5   3.4   1   1   1.2e-29   6.9e-27   99.1   1.5     2   176    28   205    27   209 0.89 [190263/452/1]
190263/375/1.f:CNGHJF_04595 -            557 GH13_2.hmm           -            310   1.3e-34  124.5   5.2   1   1   6.3e-31   3.5e-28  103.4   3.6     2   175    27   203    26   206 0.90 [190263/375/1]
190263/514/1.f:MMHOAN_10920 -            617 GH13_2.hmm           -            310   1.3e-34  124.5   0.3   1   1     5e-37   2.7e-34  123.4   0.3     1   307   187   494   187   496 0.77 [190263/514/1]
190263/557/1.f:DOLMEB_10490 -            442 GH13_2.hmm           -            310   1.3e-34  124.4   0.0   1   1   6.3e-37   3.4e-34  123.1   0.0    12   307    39   316    33   317 0.84 [190263/557/1]
190263/452/1.f:PEIHBN_02820 -            435 GH13_2.hmm           -            310   1.4e-34  124.4   0.1   1   1   7.6e-37   4.2e-34  122.8   0.1     7   307    34   316    31   317 0.83 [190263/452/1]
190263/586/1.f:KBDCAC_00925 -            570 GH13_2.hmm           -            310   1.5e-34  124.3   0.1   1   1   7.7e-36   4.3e-33  119.5   0.1     2   307    27   365    26   368 0.77 [190263/586/1]
190263/455/1.f:GDGJDA_15340 -            557 GH13_2.hmm           -            310   1.8e-34  124.1   8.9   1   1     3e-31   1.7e-28  104.4   1.7     2   176    28   205    27   216 0.91 [190263/455/1]
190263/514/1.f:MMHOAN_12710 -            542 GH13_2.hmm           -            310   1.9e-34  124.0   0.2   1   1   9.9e-37   5.5e-34  122.4   0.1     2   307    32   360    31   363 0.72 [190263/514/1]
190263/472/1.f:NMGHJI_09485 -            582 GH13_2.hmm           -            310   2.9e-34  123.4   5.4   1   1   1.3e-36   7.3e-34  122.0   5.4    11   307    40   313    33   314 0.85 [190263/472/1]
190263/580/1.f:JCPJNN_28235 -            543 GH13_2.hmm           -            310   2.9e-34  123.3   0.0   1   1   1.1e-36   6.3e-34  122.2   0.0     2   307    31   359    30   362 0.78 [190263/580/1]
190263/363/1.f:CIHHOC_11415 -            558 GH13_2.hmm           -            310     3e-34  123.3   1.3   1   1   5.1e-30   2.8e-27  100.4   1.6     2   203    27   229    26   253 0.82 [190263/363/1]
190263/541/1.f:IDEEIE_03490 -            435 GH13_2.hmm           -            310   3.3e-34  123.2   0.5   1   1   3.1e-36   1.7e-33  120.8   0.5     9   307    36   316    31   317 0.80 [190263/541/1]
190263/567/1.f:NOEGFN_16430 -            620 GH13_2.hmm           -            310   3.3e-34  123.2   0.0   1   1   7.9e-37   4.4e-34  122.8   0.0     1   308   185   508   185   510 0.91 [190263/567/1]
190263/412/1.f:OOIBGL_10985 -            436 GH13_2.hmm           -            310   3.9e-34  122.9   0.8   1   1   1.4e-36   7.6e-34  122.0   0.8     7   307    34   316    31   317 0.84 [190263/412/1]
190263/423/1.f:PDNKFB_07745 -            541 GH13_2.hmm           -            310     4e-34  122.9   0.1   1   1   1.7e-36   9.4e-34  121.7   0.1     2   307    32   360    31   363 0.72 [190263/423/1]
190263/546/1.f:GEHMID_08575 -            456 GH13_2.hmm           -            310   5.1e-34  122.5   6.2   1   1   2.5e-36   1.4e-33  121.1   6.2     7   307    37   319    34   321 0.82 [190263/546/1]
190263/580/1.f:JCPJNN_24345 -            560 GH13_2.hmm           -            310   7.1e-34  122.1   0.7   1   1   3.2e-30   1.8e-27  101.1   0.6     2   175    28   204    27   208 0.86 [190263/580/1]
190263/384/1.f:CDKGIA_15920 -            590 GH13_2.hmm           -            310   7.5e-34  122.0   0.3   1   1   1.6e-27   8.7e-25   92.2   0.1     2   178    38   215    37   223 0.79 [190263/384/1]
190263/584/1.f:DDCNLE_10135 -            626 GH13_2.hmm           -            310   8.7e-34  121.8   0.0   1   1     2e-36   1.1e-33  121.4   0.0     1   307   186   507   186   510 0.86 [190263/584/1]
190263/496/1.f:JJBAFO_04445 -           1096 GH13_2.hmm           -            310   9.7e-34  121.6   0.0   1   1     9e-36     5e-33  119.3   0.0     1   308   194   516   194   518 0.90 [190263/496/1]
190263/596/1.f:GDHELL_06085 -            629 GH13_2.hmm           -            310   1.2e-33  121.3   0.2   1   1   3.1e-36   1.7e-33  120.8   0.2     2   308   191   512   190   514 0.85 [190263/596/1]
190263/413/1.f:NMLDCG_06385 -            622 GH13_2.hmm           -            310   1.4e-33  121.1   0.0   1   1   3.3e-36   1.8e-33  120.7   0.0     1   308   183   505   183   507 0.86 [190263/413/1]
190263/382/1.f:JACGKO_03265 -            561 GH13_2.hmm           -            310   1.7e-33  120.9   1.1   1   1   1.4e-28   7.8e-26   95.7   1.2     2   176    31   208    30   213 0.85 [190263/382/1]
190263/478/1.f:BOCJFA_01370 -            559 GH13_2.hmm           -            310     2e-33  120.6   5.3   1   1   1.2e-29   6.8e-27   99.1   4.4     2   201    27   227    26   253 0.84 [190263/478/1]
190263/474/1.f:AMDJJA_02480 -            604 GH13_2.hmm           -            310   2.2e-33  120.5   0.1   1   1   2.7e-26   1.5e-23   88.2   0.1     2   175    46   228    45   232 0.81 [190263/474/1]
190263/390/1.f:OLPOLE_18085 -            605 GH13_2.hmm           -            310   2.6e-33  120.2   0.0   1   1   7.3e-36     4e-33  119.6   0.0     1   307   182   504   182   507 0.88 [190263/390/1]
190263/409/1.f:AJJCMD_01560 -            444 GH13_2.hmm           -            310   2.8e-33  120.1   0.6   1   1   1.9e-35   1.1e-32  118.2   0.6     9   307    39   313    33   314 0.84 [190263/409/1]
190263/520/1.f:GGDGDE_05590 -            557 GH13_2.hmm           -            310   2.9e-33  120.1   5.8   1   1   5.7e-33   3.1e-30  110.1   5.8     2   307    28   371    27   374 0.74 [190263/520/1]
190263/409/1.f:AJJCMD_08075 -            543 GH13_2.hmm           -            310   3.1e-33  120.0   0.0   1   1   1.1e-35   6.3e-33  119.0   0.0     2   307    34   362    33   365 0.73 [190263/409/1]
190263/409/1.f:AJJCMD_26280 -            550 GH13_2.hmm           -            310   3.2e-33  119.9   0.5   1   1   8.3e-35   4.6e-32  116.1   0.5     2   307    28   363    27   366 0.78 [190263/409/1]
190263/584/1.f:DDCNLE_03835 -            557 GH13_2.hmm           -            310   3.5e-33  119.8   0.0   1   1   7.6e-28   4.2e-25   93.3   0.0     2   178    28   207    27   248 0.81 [190263/584/1]
190263/532/1.f:BGDBBA_06200 -            558 GH13_2.hmm           -            310   3.6e-33  119.8   5.5   1   1   4.7e-30   2.6e-27  100.5   2.0     2   177    28   206    27   212 0.87 [190263/532/1]
190263/578/1.f:HIHCLH_03535 -            574 GH13_2.hmm           -            310     4e-33  119.6   1.1   1   1   1.5e-35   8.1e-33  118.6   1.1     2   307   172   462   171   464 0.88 [190263/578/1]
190263/580/1.f:JCPJNN_03710 -            629 GH13_2.hmm           -            310   4.1e-33  119.6   3.6   1   1   7.2e-29     4e-26   96.6   1.5     2   177   112   294   111   320 0.78 [190263/580/1]
190263/520/1.f:GGDGDE_16030 -            436 GH13_2.hmm           -            310   4.2e-33  119.6   2.3   1   1   1.5e-35   8.2e-33  118.6   2.3     8   307    35   316    31   317 0.87 [190263/520/1]
190263/363/1.f:CIHHOC_14895 -            450 GH13_2.hmm           -            310   4.5e-33  119.4   0.6   1   1   2.8e-35   1.5e-32  117.7   0.6    10   307    40   319    36   321 0.77 [190263/363/1]
190263/455/1.f:GDGJDA_14820 -            543 GH13_2.hmm           -            310   4.7e-33  119.4   0.6   1   1   1.5e-35   8.5e-33  118.5   0.6     2   307    30   358    29   361 0.71 [190263/455/1]
190263/363/1.f:CIHHOC_02445 -            551 GH13_2.hmm           -            310   5.1e-33  119.3   3.3   1   1   9.2e-36   5.1e-33  119.3   3.3     2   307    26   363    25   366 0.79 [190263/363/1]
190263/520/1.f:GGDGDE_10805 -            560 GH13_2.hmm           -            310   5.4e-33  119.2   3.1   1   1   8.7e-29   4.8e-26   96.3   0.5     2   176    28   205    27   211 0.84 [190263/520/1]
190263/383/1.f:KCEMEB_04820 -            437 GH13_2.hmm           -            310   6.9e-33  118.8   2.9   1   1   2.8e-35   1.5e-32  117.7   2.9     7   307    32   314    28   316 0.82 [190263/383/1]
190263/363/1.f:CIHHOC_04800 -            542 GH13_2.hmm           -            310   7.1e-33  118.8   0.4   1   1   2.3e-35   1.3e-32  118.0   0.4     2   307    31   359    30   362 0.75 [190263/363/1]
190263/468/1.f:DIOFOH_00365 -            527 GH13_2.hmm           -            310   7.2e-33  118.8  11.9   1   1   3.3e-34   1.8e-31  114.2   8.0    11   307    40   315    34   316 0.85 [190263/468/1]
190263/512/1.f:JBCLGH_10695 -            448 GH13_2.hmm           -            310   7.4e-33  118.7   0.2   1   1   2.9e-35   1.6e-32  117.6   0.2    12   307    39   316    31   317 0.84 [190263/512/1]
190263/425/1.f:HPANHD_02620 -            541 GH13_2.hmm           -            310   7.9e-33  118.6   0.7   1   1   3.2e-35   1.8e-32  117.5   0.7     2   307    28   356    27   359 0.74 [190263/425/1]
190263/423/1.f:PDNKFB_07145 -            434 GH13_2.hmm           -            310   8.6e-33  118.5   0.8   1   1   4.7e-35   2.6e-32  116.9   0.8     9   307    36   317    31   318 0.80 [190263/423/1]
190263/375/1.f:CNGHJF_16955 -            552 GH13_2.hmm           -            310   8.7e-33  118.5   0.4   1   1   4.8e-34   2.6e-31  113.6   0.4     2   307    26   363    25   366 0.80 [190263/375/1]
190263/495/1.f:ANKNCD_19165 -            436 GH13_2.hmm           -            310   8.9e-33  118.5   1.7   1   1   3.5e-35   1.9e-32  117.4   1.7     9   307    36   316    32   317 0.86 [190263/495/1]
190263/447/1.f:OLODHC_03105 -            539 GH13_2.hmm           -            310   9.4e-33  118.4   0.4   1   1   5.8e-35   3.2e-32  116.6   0.1     2   307    28   356    27   359 0.73 [190263/447/1]
190263/527/1.f:HGADJN_09225 -            606 GH13_2.hmm           -            310   1.1e-32  118.2   0.3   1   1   5.9e-27   3.3e-24   90.3   0.5     2   176    46   229    45   235 0.77 [190263/527/1]
190263/433/1.f:ADFNDI_04915 -            563 GH13_2.hmm           -            310   1.2e-32  118.0   6.2   1   1   4.7e-35   2.6e-32  116.9   6.2    11   307    40   313    33   314 0.81 [190263/433/1]
190263/472/1.f:NMGHJI_16290 -            552 GH13_2.hmm           -            310   1.2e-32  118.0   0.3   1   1   4.9e-34   2.7e-31  113.6   0.3     2   307    30   360    29   363 0.75 [190263/472/1]
190263/580/1.f:JCPJNN_23320 -            440 GH13_2.hmm           -            310   1.4e-32  117.8   0.4   1   1   7.3e-35     4e-32  116.3   0.4     7   307    38   320    31   321 0.80 [190263/580/1]
190263/530/1.f:LBOGMJ_11835 -            672 GH13_2.hmm           -            310   1.4e-32  117.8   0.0   1   1   3.3e-35   1.8e-32  117.5   0.0     1   307   198   524   198   527 0.88 [190263/530/1]
190263/383/1.f:KCEMEB_11095 -            641 GH13_2.hmm           -            310   1.5e-32  117.7   0.1   1   1   3.6e-35     2e-32  117.3   0.1     1   307   186   509   186   512 0.86 [190263/383/1]
190263/513/1.f:MKNBNH_11095 -            598 GH13_2.hmm           -            310   1.9e-32  117.4   5.4   1   1   7.3e-35     4e-32  116.3   5.4    12   307    41   313    33   314 0.81 [190263/513/1]
190263/406/1.f:DKNBGD_03735 -            567 GH13_2.hmm           -            310   2.3e-32  117.1   0.0   1   1     2e-29   1.1e-26   98.4   0.0     2   176    28   210    27   219 0.80 [190263/406/1]
190263/513/1.f:MKNBNH_10810 -            530 GH13_2.hmm           -            310   2.4e-32  117.1   2.3   1   1   1.3e-33   7.1e-31  112.2   2.3     2   307    27   372    26   375 0.70 [190263/513/1]
190263/429/1.f:OMPHBF_00070 -            645 GH13_2.hmm           -            310     3e-32  116.7   0.0   1   1   6.9e-35   3.8e-32  116.4   0.0     1   308   182   504   182   506 0.87 [190263/429/1]
190263/477/1.f:PCLDCI_13985 -            551 GH13_2.hmm           -            310     3e-32  116.7   2.2   1   1   1.5e-34   8.1e-32  115.3   2.2    38   307    58   318    37   320 0.79 [190263/477/1]
190263/532/1.f:BGDBBA_08525 -            550 GH13_2.hmm           -            310   3.6e-32  116.5   8.9   1   1   6.5e-35   3.6e-32  116.5   8.9    39   307    57   313    32   314 0.82 [190263/532/1]
190263/541/1.f:IDEEIE_03910 -            541 GH13_2.hmm           -            310   3.7e-32  116.4   0.3   1   1   1.3e-34   7.3e-32  115.5   0.3     2   307    30   358    29   361 0.70 [190263/541/1]
190263/513/1.f:MKNBNH_02055 -            565 GH13_2.hmm           -            310   4.2e-32  116.3   1.9   1   1     2e-29   1.1e-26   98.4   1.3     2   177    28   203    27   207 0.83 [190263/513/1]
190263/447/1.f:OLODHC_03415 -            554 GH13_2.hmm           -            310   4.3e-32  116.2   6.5   1   1   5.3e-34   2.9e-31  113.5   6.5     2   307    28   365    27   368 0.78 [190263/447/1]
190263/586/1.f:KBDCAC_04650 -            560 GH13_2.hmm           -            310   5.2e-32  116.0   0.3   1   1   1.9e-33     1e-30  111.7   0.3     2   307    26   361    25   364 0.75 [190263/586/1]
190263/370/1.f:MFKGBO_01025 -            448 GH13_2.hmm           -            310     6e-32  115.7   0.1   1   1   5.5e-34     3e-31  113.4   0.1    10   307    40   313    34   315 0.83 [190263/370/1]
190263/527/1.f:HGADJN_09155 -            602 GH13_2.hmm           -            310   6.2e-32  115.7   0.2   1   1   2.3e-27   1.3e-24   91.7   0.2     2   175    46   228    45   233 0.79 [190263/527/1]
190263/448/1.f:IBJDOL_10285 -            559 GH13_2.hmm           -            310   6.4e-32  115.6  11.8   1   1   3.1e-33   1.7e-30  111.0  11.8     2   307    26   363    25   366 0.74 [190263/448/1]
190263/520/1.f:GGDGDE_02775 -            587 GH13_2.hmm           -            310   7.7e-32  115.4   5.4   1   1   2.3e-34   1.3e-31  114.7   5.4     2   307   107   429   106   432 0.75 [190263/520/1]
190263/472/1.f:NMGHJI_04910 -            559 GH13_2.hmm           -            310   8.6e-32  115.2   5.4   1   1   3.6e-29     2e-26   97.6   1.4     2   176    28   206    27   210 0.89 [190263/472/1]
190263/382/1.f:JACGKO_00555 -           1160 GH13_2.hmm           -            310     9e-32  115.2   0.9   1   1   1.9e-33     1e-30  111.7   0.9     1   307   670  1036   670  1040 0.77 [190263/382/1]
190263/549/1.f:CNBDFB_11805 -            558 GH13_2.hmm           -            310   9.7e-32  115.1   2.4   1   1   3.9e-29   2.2e-26   97.5   1.0     2   175    28   204    27   207 0.85 [190263/549/1]
190263/384/1.f:CDKGIA_01545 -            446 GH13_2.hmm           -            310   1.2e-31  114.8   1.0   1   1   6.1e-34   3.4e-31  113.3   1.0    11   307    41   313    34   315 0.81 [190263/384/1]
190263/409/1.f:AJJCMD_12165 -            510 GH13_2.hmm           -            310   1.2e-31  114.8   0.0   1   1   1.2e-20   6.8e-18   69.6   0.0     2    90    27   107    26   142 0.94 [190263/409/1]
190263/560/1.f:OAGBLH_03685 -            533 GH13_2.hmm           -            310   1.2e-31  114.7   7.8   1   1   7.6e-34   4.2e-31  113.0   7.8     7   307    36   317    33   319 0.79 [190263/560/1]
190263/429/1.f:OMPHBF_12730 -            589 GH13_2.hmm           -            310   1.4e-31  114.6   2.7   1   1     6e-29   3.3e-26   96.9   1.4     2   176    52   229    51   245 0.86 [190263/429/1]
190263/455/1.f:GDGJDA_05900 -            561 GH13_2.hmm           -            310   1.4e-31  114.5   0.9   1   1   2.3e-28   1.3e-25   95.0   0.3     2   177    28   206    27   214 0.80 [190263/455/1]
190263/458/1.f:AMPCAI_01140 -            559 GH13_2.hmm           -            310   1.4e-31  114.5   2.0   1   1   1.8e-30   9.8e-28  101.9   0.2     2   175    29   206    28   219 0.88 [190263/458/1]
190263/547/1.f:KJCAKO_04325 -            433 GH13_2.hmm           -            310   1.5e-31  114.5   7.6   1   1   4.8e-34   2.6e-31  113.6   7.6    41   307    58   313    35   315 0.82 [190263/547/1]
190263/466/1.f:PGJOII_04855 -            554 GH13_2.hmm           -            310   1.5e-31  114.4   0.2   1   1   1.7e-33   9.2e-31  111.8   0.2     2   307    47   380    46   383 0.72 [190263/466/1]
190263/423/1.f:PDNKFB_07750 -            561 GH13_2.hmm           -            310   1.7e-31  114.2   0.6   1   1   3.6e-29     2e-26   97.6   0.8     2   176    28   205    27   214 0.82 [190263/423/1]
190263/456/1.f:LKAJBD_04235 -            560 GH13_2.hmm           -            310   1.8e-31  114.2   0.3   1   1   2.2e-33   1.2e-30  111.5   0.3     2   307    53   386    52   389 0.73 [190263/456/1]
190263/477/1.f:PCLDCI_13415 -            621 GH13_2.hmm           -            310   1.9e-31  114.1   0.0   1   1   4.9e-34   2.7e-31  113.6   0.0     1   308   183   505   183   507 0.87 [190263/477/1]
190263/406/1.f:DKNBGD_12580 -            551 GH13_2.hmm           -            310   2.2e-31  113.9   0.1   1   1   4.6e-26   2.6e-23   87.4   0.0     2   175    26   203    25   217 0.88 [190263/406/1]
190263/429/1.f:OMPHBF_14120 -            535 GH13_2.hmm           -            310   2.2e-31  113.9   0.1   1   1   1.8e-33   9.8e-31  111.8   0.1     7   307    37   318    33   320 0.82 [190263/429/1]
190263/540/1.f:BCGFLB_01175 -            585 GH13_2.hmm           -            310   2.3e-31  113.8   0.4   1   1   1.1e-28   6.2e-26   96.0   0.6     2   178    45   225    44   264 0.85 [190263/540/1]
190263/527/1.f:HGADJN_04155 -           1752 GH13_2.hmm           -            310   2.3e-31  113.8  13.7   1   1   2.3e-20   1.2e-17   68.7   1.2    18   296    72   357    71   365 0.76 [190263/527/1]
190263/384/1.f:CDKGIA_00625 -            570 GH13_2.hmm           -            310   2.5e-31  113.7   0.2   1   1     1e-27   5.7e-25   92.8   0.1     2   176    30   207    29   222 0.85 [190263/384/1]
190263/516/1.f:MGNFBC_04840 -            588 GH13_2.hmm           -            310   2.8e-31  113.6   0.2   1   1   8.3e-28   4.6e-25   93.1   0.2     2   175    43   220    42   230 0.84 [190263/516/1]
190263/596/1.f:GDHELL_05465 -            511 GH13_2.hmm           -            310     3e-31  113.4   5.7   1   1     1e-33   5.6e-31  112.6   2.2     2   307    27   357    26   360 0.71 [190263/596/1]
190263/382/1.f:JACGKO_02195 -            543 GH13_2.hmm           -            310     3e-31  113.4   0.0   1   1   5.5e-33     3e-30  110.2   0.0     2   307    25   359    23   362 0.76 [190263/382/1]
190263/420/1.f:GMHOLO_08275 -            607 GH13_2.hmm           -            310   3.3e-31  113.3   0.2   1   1   3.6e-26     2e-23   87.7   0.1     2   176    46   229    45   235 0.79 [190263/420/1]
190263/425/1.f:HPANHD_03290 -            554 GH13_2.hmm           -            310   3.6e-31  113.2   6.3   1   1   1.2e-29   6.5e-27   99.2   1.4     2   175    27   204    26   207 0.83 [190263/425/1]
190263/596/1.f:GDHELL_00025 -            558 GH13_2.hmm           -            310   3.7e-31  113.1  10.8   1   1   1.5e-33   8.5e-31  112.0  10.8    38   307    56   316    37   317 0.81 [190263/596/1]
190263/368/1.f:HPMDBE_05470 -            480 GH13_2.hmm           -            310     4e-31  113.0   5.0   1   1   1.6e-33     9e-31  111.9   5.0     5   306    22   366    18   368 0.79 [190263/368/1]
190263/379/1.f:LOJHAC_03785 -            480 GH13_2.hmm           -            310   4.1e-31  113.0   5.2   1   1   1.7e-33   9.1e-31  111.9   5.2     5   306    22   366    18   368 0.79 [190263/379/1]
190263/516/1.f:MGNFBC_04845 -            482 GH13_2.hmm           -            310   4.1e-31  113.0   5.2   1   1   1.7e-33   9.3e-31  111.8   5.2     5   306    22   366    18   368 0.79 [190263/516/1]
190263/531/1.f:KJIPPC_09425 -            557 GH13_2.hmm           -            310   4.7e-31  112.8   0.3   1   1   1.4e-27   7.8e-25   92.4   0.1     2   177    28   206    27   211 0.81 [190263/531/1]
190263/596/1.f:GDHELL_06435 -           1356 GH13_2.hmm           -            310   5.4e-31  112.6  13.7   1   1   1.5e-26   8.2e-24   89.0   6.7     1   129   106   248   106   255 0.81 [190263/596/1]
190263/576/1.f:FNMBCG_04310 -            452 GH13_2.hmm           -            310   5.5e-31  112.6   3.8   1   1     2e-33   1.1e-30  111.6   3.8    15   307    45   315    32   316 0.86 [190263/576/1]
190263/565/1.f:PAEINE_06670 -           1098 GH13_2.hmm           -            310   5.9e-31  112.5   0.0   1   1   1.1e-32   6.2e-30  109.1   0.0     1   307   193   515   193   518 0.88 [190263/565/1]
190263/512/1.f:JBCLGH_07570 -            562 GH13_2.hmm           -            310     6e-31  112.4   6.9   1   1   2.9e-29   1.6e-26   97.9   0.2     2   175    30   202    29   209 0.80 [190263/512/1]
190263/495/1.f:ANKNCD_06875 -            582 GH13_2.hmm           -            310   6.6e-31  112.3   8.5   1   1   2.1e-33   1.1e-30  111.6   8.5     2   307    99   422    98   425 0.74 [190263/495/1]
190263/386/1.f:DBGIOG_09510 -            457 GH13_2.hmm           -            310   6.7e-31  112.3   1.1   1   1   2.7e-33   1.5e-30  111.2   1.1    11   307    41   321    33   323 0.84 [190263/386/1]
190263/474/1.f:AMDJJA_09650 -            608 GH13_2.hmm           -            310   7.3e-31  112.2   0.0   1   1   1.6e-26   8.6e-24   88.9   0.1     2   175    46   228    45   232 0.81 [190263/474/1]
190263/567/1.f:NOEGFN_05575 -            550 GH13_2.hmm           -            310   7.4e-31  112.2   0.8   1   1   4.2e-33   2.3e-30  110.5   0.8    39   307    58   317    33   319 0.80 [190263/567/1]
190263/580/1.f:JCPJNN_00815 -            582 GH13_2.hmm           -            310   7.6e-31  112.1   0.4   1   1   9.6e-33   5.3e-30  109.3   0.4     1   308   180   472   180   474 0.82 [190263/580/1]
190263/379/1.f:LOJHAC_03790 -            588 GH13_2.hmm           -            310   9.3e-31  111.8   0.2   1   1   1.1e-26   6.1e-24   89.5   0.1     2   175    43   220    42   230 0.85 [190263/379/1]
190263/370/1.f:MFKGBO_21105 -            550 GH13_2.hmm           -            310   9.4e-31  111.8   0.1   1   1   3.1e-32   1.7e-29  107.7   0.1     2   307    26   361    25   364 0.76 [190263/370/1]
190263/474/1.f:AMDJJA_04205 -            431 GH13_2.hmm           -            310   9.5e-31  111.8   0.0   1   1   2.5e-33   1.4e-30  111.3   0.0    39   308    71   327    45   330 0.86 [190263/474/1]
190263/520/1.f:GGDGDE_20000 -            560 GH13_2.hmm           -            310   1.1e-30  111.6   4.2   1   1     3e-27   1.6e-24   91.3   1.4     2   177    29   207    28   221 0.90 [190263/520/1]
190263/510/1.f:DELAEA_05540 -            616 GH13_2.hmm           -            310   1.2e-30  111.5   0.8   1   1   3.6e-33     2e-30  110.7   0.8     2   307   184   505   184   508 0.87 [190263/510/1]
190263/409/1.f:AJJCMD_20400 -            565 GH13_2.hmm           -            310   1.3e-30  111.4   0.1   1   1   1.1e-28   5.8e-26   96.1   0.1     2   176    28   205    27   210 0.81 [190263/409/1]
190263/443/1.f:LNLACP_13505 -            440 GH13_2.hmm           -            310   1.3e-30  111.4   0.0   1   1   4.4e-33   2.4e-30  110.5   0.0    41   307    62   320    40   322 0.86 [190263/443/1]
190263/514/1.f:MMHOAN_01610 -            441 GH13_2.hmm           -            310   1.7e-30  110.9   0.2   1   1   7.9e-33   4.4e-30  109.6   0.2    40   307    57   316    34   317 0.82 [190263/514/1]
190263/584/1.f:DDCNLE_06665 -            431 GH13_2.hmm           -            310   1.8e-30  110.9   0.4   1   1   5.6e-33   3.1e-30  110.1   0.4    39   307    56   312    34   313 0.83 [190263/584/1]
190263/375/1.f:CNGHJF_04990 -            554 GH13_2.hmm           -            310   2.1e-30  110.7   0.6   1   1   1.3e-28     7e-26   95.8   0.4     2   177    28   206    27   216 0.80 [190263/375/1]
190263/439/1.f:KGLJGB_07065 -            557 GH13_2.hmm           -            310   2.3e-30  110.6   1.8   1   1   4.1e-28   2.3e-25   94.1   0.6     2   176    28   205    27   210 0.79 [190263/439/1]
190263/530/1.f:LBOGMJ_11355 -            566 GH13_2.hmm           -            310   2.6e-30  110.4   0.4   1   1   2.6e-27   1.4e-24   91.5   0.1     2   175    36   212    35   219 0.84 [190263/530/1]
190263/580/1.f:JCPJNN_29355 -            566 GH13_2.hmm           -            310   3.8e-30  109.8   0.0   1   1   1.2e-31   6.5e-29  105.8   0.0     2   307    28   370    27   373 0.80 [190263/580/1]
190263/452/1.f:PEIHBN_10935 -            559 GH13_2.hmm           -            310   3.8e-30  109.8   5.7   1   1   1.1e-29   6.2e-27   99.3   1.6     2   175    29   201    28   207 0.83 [190263/452/1]
190263/423/1.f:PDNKFB_11910 -            541 GH13_2.hmm           -            310   3.9e-30  109.8   3.0   1   1   1.5e-31   8.1e-29  105.5   3.0     2   307    28   363    27   366 0.75 [190263/423/1]
190263/596/1.f:GDHELL_04035 -            427 GH13_2.hmm           -            310   4.1e-30  109.7   1.8   1   1   2.3e-16   1.3e-13   55.5   0.0     2    92    26   116    25   134 0.82 [190263/596/1]
190263/433/1.f:ADFNDI_01880 -            557 GH13_2.hmm           -            310   4.9e-30  109.5   2.4   1   1   1.5e-27   8.4e-25   92.3   0.3     2   176    28   205    27   210 0.80 [190263/433/1]
190263/565/1.f:PAEINE_09665 -            458 GH13_2.hmm           -            310   6.6e-30  109.0   0.0   1   1   4.6e-32   2.5e-29  107.1   0.0     8   307    50   331    46   333 0.82 [190263/565/1]
190263/487/1.f:MPKEFC_06950 -            441 GH13_2.hmm           -            310   6.7e-30  109.0   2.3   1   1   2.7e-32   1.5e-29  107.9   2.3    38   307    59   320    35   321 0.83 [190263/487/1]
190263/384/1.f:CDKGIA_03450 -            548 GH13_2.hmm           -            310   7.7e-30  108.8   0.0   1   1   4.6e-31   2.5e-28  103.8   0.0     2   307    26   361    25   364 0.76 [190263/384/1]
190263/436/1.f:KEEIED_02150 -           1120 GH13_2.hmm           -            310     1e-29  108.5   0.0   1   1   2.7e-32   1.5e-29  107.9   0.0     1   308   196   503   196   505 0.84 [190263/436/1]
190263/514/1.f:MMHOAN_03820 -            569 GH13_2.hmm           -            310     1e-29  108.4   1.9   1   1   3.7e-32     2e-29  107.4   0.8     2   307    28   356    27   359 0.74 [190263/514/1]
190263/400/1.f:EIBLKL_04930 -            512 GH13_2.hmm           -            310   1.1e-29  108.3   0.0   1   1   2.8e-31   1.5e-28  104.6   0.0     2   307    27   352    26   355 0.74 [190263/400/1]
190263/472/1.f:NMGHJI_04900 -            554 GH13_2.hmm           -            310   1.1e-29  108.3   0.4   1   1     2e-28   1.1e-25   95.1   0.3     2   176    28   205    27   214 0.79 [190263/472/1]
190263/396/1.f:KAAOMA_13065 -            528 GH13_2.hmm           -            310   1.3e-29  108.1   1.4   1   1   5.7e-32   3.1e-29  106.8   1.4     9   307    39   319    34   322 0.82 [190263/396/1]
190263/546/1.f:GEHMID_00295 -            565 GH13_2.hmm           -            310   2.4e-29  107.2   5.4   1   1   6.8e-27   3.7e-24   90.1   2.9     2   175    28   204    27   207 0.90 [190263/546/1]
190263/502/1.f:NONHGB_12240 -            481 GH13_2.hmm           -            310   2.9e-29  106.9   4.1   1   1   1.3e-31   7.1e-29  105.6   4.1     4   306    21   366    18   368 0.77 [190263/502/1]
190263/513/1.f:MKNBNH_01175 -            697 GH13_2.hmm           -            310   3.1e-29  106.8   2.2   1   1   1.1e-31     6e-29  105.9   2.2     1   307   191   562   191   564 0.82 [190263/513/1]
190263/540/1.f:BCGFLB_10110 -            481 GH13_2.hmm           -            310   4.5e-29  106.3   2.5   1   1   2.2e-31   1.2e-28  104.9   2.5     4   306    21   367    18   369 0.75 [190263/540/1]
190263/409/1.f:AJJCMD_25500 -            555 GH13_2.hmm           -            310   5.2e-29  106.1   2.6   1   1     4e-27   2.2e-24   90.9   0.9     2   176    26   202    25   210 0.82 [190263/409/1]
190263/375/1.f:CNGHJF_04955 -            539 GH13_2.hmm           -            310   5.2e-29  106.1   0.0   1   1   2.6e-31   1.4e-28  104.7   0.0     2   307    28   356    27   359 0.70 [190263/375/1]
190263/417/1.f:MHBJAE_18870 -            481 GH13_2.hmm           -            310   6.4e-29  105.8   4.1   1   1   3.2e-31   1.8e-28  104.3   4.1     4   306    21   366    18   368 0.77 [190263/417/1]
190263/460/1.f:IHFGKI_10500 -            578 GH13_2.hmm           -            310   6.8e-29  105.7   1.6   1   1   3.3e-19   1.8e-16   64.9   0.1     2    90    53   133    52   158 0.92 [190263/460/1]
190263/546/1.f:GEHMID_11585 -            555 GH13_2.hmm           -            310   6.8e-29  105.7   0.1   1   1   3.9e-28   2.2e-25   94.2   0.1     2   176    28   205    27   213 0.79 [190263/546/1]
190263/504/1.f:DOAHDM_13260 -            481 GH13_2.hmm           -            310   7.2e-29  105.6   3.0   1   1   3.4e-31   1.9e-28  104.3   3.0     4   306    21   366    18   368 0.78 [190263/504/1]
190263/557/1.f:DOLMEB_09075 -            560 GH13_2.hmm           -            310     8e-29  105.5   3.7   1   1   1.3e-27   6.9e-25   92.6   0.4     2   176    30   203    29   225 0.82 [190263/557/1]
190263/401/1.f:DMFJNH_14170 -            481 GH13_2.hmm           -            310   1.3e-28  104.8   2.6   1   1   6.2e-31   3.4e-28  103.4   2.6     4   306    21   366    18   368 0.78 [190263/401/1]
190263/386/1.f:DBGIOG_11970 -            701 GH13_2.hmm           -            310   1.4e-28  104.7   4.7   1   1   4.9e-31   2.7e-28  103.8   4.7     1   307   192   563   192   565 0.82 [190263/386/1]
190263/478/1.f:BOCJFA_10845 -            558 GH13_2.hmm           -            310   1.5e-28  104.6   0.1   1   1   1.7e-26   9.5e-24   88.8   0.1     2   177    28   207    27   217 0.84 [190263/478/1]
190263/507/1.f:KPMKPI_03005 -            556 GH13_2.hmm           -            310   2.3e-28  104.0   0.5   1   1   6.9e-28   3.8e-25   93.4   0.1     2   177    28   207    27   217 0.83 [190263/507/1]
190263/429/1.f:OMPHBF_06140 -            518 GH13_2.hmm           -            310   3.3e-28  103.4   0.0   1   1   5.4e-30     3e-27  100.3   0.0     2   307    27   355    26   358 0.76 [190263/429/1]
190263/466/1.f:PGJOII_04830 -            560 GH13_2.hmm           -            310   3.6e-28  103.3   0.7   1   1   1.1e-29   6.2e-27   99.3   0.7     2   307    50   386    49   389 0.71 [190263/466/1]
190263/456/1.f:LKAJBD_04210 -            560 GH13_2.hmm           -            310   4.3e-28  103.1   0.9   1   1   1.8e-29     1e-26   98.6   0.9     2   307    50   386    49   389 0.71 [190263/456/1]
190263/434/1.f:NCAOKI_09055 -           1104 GH13_2.hmm           -            310   5.4e-28  102.8   0.0   1   1   2.8e-30   1.6e-27  101.2   0.0     1   307   194   516   194   519 0.88 [190263/434/1]
190263/523/1.f:MDNHKG_08680 -            568 GH13_2.hmm           -            310   5.6e-28  102.7   0.0   1   1   1.5e-26     8e-24   89.1   0.0     2   176    38   216    37   223 0.83 [190263/523/1]
190263/526/1.f:GBBCGM_01405 -            476 GH13_2.hmm           -            310   6.2e-28  102.5   6.8   1   1   2.9e-30   1.6e-27  101.2   6.8     6   306    18   361    13   363 0.76 [190263/526/1]
190263/443/1.f:LNLACP_11920 -            522 GH13_2.hmm           -            310   9.2e-28  102.0   0.0   1   1   2.5e-29   1.4e-26   98.2   0.0     2   307    27   364    26   367 0.70 [190263/443/1]
190263/380/1.f:GDCFAC_00690 -            620 GH13_2.hmm           -            310   9.2e-28  102.0   0.0   1   1   2.1e-30   1.1e-27  101.7   0.0     1   308   174   498   174   500 0.85 [190263/380/1]
190263/434/1.f:NCAOKI_06450 -            529 GH13_2.hmm           -            310   1.4e-27  101.4   0.0   1   1   1.5e-29   8.2e-27   98.9   0.0     7   307    44   336    40   337 0.77 [190263/434/1]
190263/532/1.f:BGDBBA_00800 -            701 GH13_2.hmm           -            310     2e-27  100.9   1.7   1   1   7.2e-30     4e-27   99.9   1.7     1   308   191   563   191   565 0.82 [190263/532/1]
190263/488/1.f:DNPFAC_20230 -            481 GH13_2.hmm           -            310   2.2e-27  100.8   2.9   1   1   1.3e-29     7e-27   99.1   2.9     4   306    21   366    18   368 0.77 [190263/488/1]
190263/506/1.f:IKGMED_09345 -            526 GH13_2.hmm           -            310   2.2e-27  100.8   5.8   1   1     8e-30   4.4e-27   99.8   5.8     4   306    55   400    52   402 0.78 [190263/506/1]
190263/439/1.f:KGLJGB_01210 -            673 GH13_2.hmm           -            310   2.6e-27  100.5   6.6   1   1   9.8e-30   5.4e-27   99.5   6.6     1   307   169   539   169   541 0.80 [190263/439/1]
190263/520/1.f:GGDGDE_06845 -           1856 GH13_2.hmm           -            310   3.2e-27  100.2   8.8   1   1   2.2e-19   1.2e-16   65.4   1.9     1   124   903  1040   903  1062 0.74 [190263/520/1]
190263/546/1.f:GEHMID_03350 -            698 GH13_2.hmm           -            310   3.9e-27   99.9   2.6   1   1   1.3e-29   7.2e-27   99.1   2.6     1   307   192   562   192   564 0.82 [190263/546/1]
190263/526/1.f:GBBCGM_01410 -            561 GH13_2.hmm           -            310   4.4e-27   99.8   0.0   1   1   3.4e-25   1.9e-22   84.5   0.0     2   173    31   204    30   210 0.83 [190263/526/1]
190263/578/1.f:HIHCLH_01010 -            702 GH13_2.hmm           -            310   5.1e-27   99.5   3.0   1   1     2e-29   1.1e-26   98.5   3.0     1   307   196   567   196   569 0.78 [190263/578/1]
190263/584/1.f:DDCNLE_03830 -            556 GH13_2.hmm           -            310   5.3e-27   99.5   0.5   1   1   1.5e-23   8.3e-21   79.2   0.8     2   176    28   205    27   209 0.86 [190263/584/1]
190263/507/1.f:KPMKPI_02625 -            699 GH13_2.hmm           -            310   5.8e-27   99.4   6.6   1   1   2.5e-29   1.4e-26   98.1   6.6     1   307   192   559   192   561 0.79 [190263/507/1]
190263/520/1.f:GGDGDE_17165 -            734 GH13_2.hmm           -            310     6e-27   99.3   1.9   1   1   1.7e-29   9.6e-27   98.6   1.9     1   308   193   566   193   568 0.80 [190263/520/1]
190263/446/1.f:LHJMMB_08785 -            474 GH13_2.hmm           -            310   6.5e-27   99.2   0.3   1   1   2.4e-29   1.3e-26   98.2   0.3     7   306    18   360    12   363 0.78 [190263/446/1]
190263/556/1.f:EMIPPF_05095 -            476 GH13_2.hmm           -            310   6.8e-27   99.1   1.0   1   1   2.7e-29   1.5e-26   98.0   1.0     7   306    18   360    14   363 0.78 [190263/556/1]
190263/527/1.f:HGADJN_00335 -            625 GH13_2.hmm           -            310   7.2e-27   99.1   0.7   1   1   4.6e-19   2.6e-16   64.4   0.0     2    90    27   107    26   122 0.93 [190263/527/1]
190263/433/1.f:ADFNDI_12270 -            702 GH13_2.hmm           -            310   8.3e-27   98.9   3.7   1   1   1.5e-29   8.3e-27   98.9   3.7     1   307   191   562   191   564 0.76 [190263/433/1]
190263/472/1.f:NMGHJI_04590 -            701 GH13_2.hmm           -            310   1.4e-26   98.2   3.2   1   1   4.4e-29   2.4e-26   97.3   3.2     1   308   191   564   191   566 0.76 [190263/472/1]
190263/527/1.f:HGADJN_08895 -            586 GH13_2.hmm           -            310   2.2e-26   97.5   0.0   1   1   1.5e-27   8.3e-25   92.3   0.0     2   172    37   213    36   223 0.78 [190263/527/1]
190263/384/1.f:CDKGIA_01450 -            707 GH13_2.hmm           -            310   2.5e-26   97.3   2.5   1   1   1.2e-28   6.7e-26   95.9   2.5     1   307   178   551   178   553 0.75 [190263/384/1]
190263/474/1.f:AMDJJA_00490 -            604 GH13_2.hmm           -            310   3.3e-26   96.9   0.0   1   1   3.8e-28   2.1e-25   94.3   0.0     2   173    33   210    32   229 0.80 [190263/474/1]
190263/455/1.f:GDGJDA_01855 -            680 GH13_2.hmm           -            310   3.9e-26   96.7   1.3   1   1   1.5e-28   8.1e-26   95.6   1.3     1   308   170   544   170   546 0.79 [190263/455/1]
190263/527/1.f:HGADJN_08845 -            535 GH13_2.hmm           -            310   3.9e-26   96.6   0.0   1   1   8.2e-20   4.5e-17   66.9   0.0     2    91    35   116    34   138 0.92 [190263/527/1]
190263/578/1.f:HIHCLH_07765 -            543 GH13_2.hmm           -            310   7.2e-26   95.8   4.5   1   1   2.4e-28   1.3e-25   94.9   4.5     2   307    71   388    70   391 0.73 [190263/578/1]
190263/495/1.f:ANKNCD_06835 -            701 GH13_2.hmm           -            310   7.8e-26   95.7   3.8   1   1   3.3e-28   1.8e-25   94.4   3.8     1   307   193   565   193   567 0.79 [190263/495/1]
190263/490/1.f:OIBLLI_08280 -            704 GH13_2.hmm           -            310   8.2e-26   95.6   4.6   1   1   5.3e-28   2.9e-25   93.8   4.6     1   307   196   567   196   569 0.81 [190263/490/1]
190263/537/1.f:AHPNMI_00555 -            680 GH13_2.hmm           -            310   9.8e-26   95.3   2.6   1   1   3.5e-28   1.9e-25   94.4   2.6     1   307   170   543   170   545 0.80 [190263/537/1]
190263/541/1.f:IDEEIE_16565 -            676 GH13_2.hmm           -            310   9.8e-26   95.3   3.8   1   1     4e-28   2.2e-25   94.2   3.8     1   307   170   540   170   542 0.80 [190263/541/1]
190263/586/1.f:KBDCAC_01405 -            732 GH13_2.hmm           -            310   1.1e-25   95.2   0.8   1   1   3.4e-28   1.9e-25   94.4   0.8     1   308   177   549   177   551 0.75 [190263/586/1]
190263/565/1.f:PAEINE_04520 -            577 GH13_2.hmm           -            310   1.2e-25   95.1   0.0   1   1   3.9e-25   2.2e-22   84.4   0.0     2   172    34   210    33   220 0.78 [190263/565/1]
190263/363/1.f:CIHHOC_04065 -            700 GH13_2.hmm           -            310   1.3e-25   94.9   1.9   1   1   4.5e-28   2.5e-25   94.0   1.9     1   307   191   562   191   564 0.81 [190263/363/1]
190263/549/1.f:CNBDFB_00790 -            682 GH13_2.hmm           -            310   1.6e-25   94.6   1.6   1   1   6.1e-28   3.3e-25   93.6   1.6     1   307   170   543   170   545 0.80 [190263/549/1]
190263/494/1.f:LHPBBO_03380 -            727 GH13_2.hmm           -            310   2.4e-25   94.0   0.0   1   1   6.6e-28   3.7e-25   93.5   0.0     1   308   237   568   237   570 0.87 [190263/494/1]
190263/580/1.f:JCPJNN_09070 -            521 GH13_2.hmm           -            310   2.5e-25   94.0   0.1   1   1   1.6e-18     9e-16   62.6   0.0     2    89    27   106    26   129 0.93 [190263/580/1]
190263/390/1.f:OLPOLE_07045 -            435 GH13_2.hmm           -            310     3e-25   93.7   0.0   1   1   1.7e-27   9.3e-25   92.1   0.0    40   307    57   316    34   319 0.79 [190263/390/1]
190263/375/1.f:CNGHJF_20490 -            687 GH13_2.hmm           -            310   3.5e-25   93.5   2.2   1   1   1.1e-27   6.3e-25   92.7   2.2     1   307   179   550   179   552 0.75 [190263/375/1]
190263/557/1.f:DOLMEB_12030 -            684 GH13_2.hmm           -            310   3.8e-25   93.4   2.7   1   1   1.4e-27   7.8e-25   92.4   2.7     1   307   170   543   170   546 0.79 [190263/557/1]
190263/421/1.f:PBKEAC_13760 -            423 GH13_2.hmm           -            310   4.8e-25   93.1   0.0   1   1   2.6e-17   1.5e-14   58.6   0.0     2    91    22   109    21   124 0.89 [190263/421/1]
190263/406/1.f:DKNBGD_16975 -            489 GH13_2.hmm           -            310   5.8e-25   92.8   0.3   1   1   1.8e-27     1e-24   92.0   0.3    16   306    33   365    26   367 0.79 [190263/406/1]
190263/478/1.f:BOCJFA_13060 -            705 GH13_2.hmm           -            310   5.9e-25   92.8   2.1   1   1   1.3e-27   7.1e-25   92.5   0.9     1   307   191   562   191   564 0.74 [190263/478/1]
190263/447/1.f:OLODHC_15070 -            694 GH13_2.hmm           -            310   6.9e-25   92.6   2.8   1   1   1.2e-27   6.9e-25   92.6   2.8     1   307   184   557   184   559 0.80 [190263/447/1]
190263/514/1.f:MMHOAN_14475 -            693 GH13_2.hmm           -            310   7.5e-25   92.4   2.4   1   1   2.3e-27   1.3e-24   91.7   2.4     1   307   170   543   170   545 0.77 [190263/514/1]
190263/531/1.f:KJIPPC_00425 -            689 GH13_2.hmm           -            310   8.6e-25   92.2   3.0   1   1   3.2e-27   1.7e-24   91.2   3.0     1   307   170   543   170   545 0.79 [190263/531/1]
190263/409/1.f:AJJCMD_29540 -            688 GH13_2.hmm           -            310   1.8e-24   91.1   2.6   1   1   8.1e-27   4.5e-24   89.9   2.6     1   307   180   551   180   553 0.74 [190263/409/1]
190263/420/1.f:GMHOLO_08475 -            583 GH13_2.hmm           -            310   1.9e-24   91.1   0.0   1   1   2.3e-26   1.2e-23   88.4   0.0     2   172    33   209    32   217 0.79 [190263/420/1]
190263/474/1.f:AMDJJA_00520 -            628 GH13_2.hmm           -            310   1.9e-24   91.1   0.1   1   1   5.4e-18     3e-15   60.9   0.0     2    89    39   118    38   125 0.96 [190263/474/1]
190263/512/1.f:JBCLGH_11560 -            688 GH13_2.hmm           -            310   2.2e-24   90.9   1.3   1   1   1.1e-26   6.3e-24   89.4   1.3     1   307   170   543   170   545 0.73 [190263/512/1]
190263/452/1.f:PEIHBN_14170 -            683 GH13_2.hmm           -            310   2.7e-24   90.6   3.4   1   1   8.8e-27   4.9e-24   89.8   3.4     1   307   170   543   170   545 0.80 [190263/452/1]
190263/362/1.f:KJODLM_08930 -            483 GH13_2.hmm           -            310   4.9e-24   89.7  11.4   1   1   1.9e-26   1.1e-23   88.6  11.4     3   306    20   368    18   370 0.77 [190263/362/1]
190263/496/1.f:JJBAFO_01220 -            456 GH13_2.hmm           -            310   9.6e-24   88.8   0.0   1   1   1.1e-25   5.8e-23   86.2   0.0    39   307    61   332    42   334 0.74 [190263/496/1]
190263/562/1.f:KJGNCK_01560 -            454 GH13_2.hmm           -            310   1.2e-23   88.5   4.4   1   1   1.6e-16   8.9e-14   56.1   0.1     2    97    58   151    57   164 0.88 [190263/562/1]
190263/366/1.f:DBJPFP_13280 -            423 GH13_2.hmm           -            310   1.2e-23   88.5   0.0   1   1   1.3e-16     7e-14   56.4   0.0     3    90    23   108    21   123 0.89 [190263/366/1]
190263/457/1.f:IIKDLL_01895 -            704 GH13_2.hmm           -            310   1.2e-23   88.4   9.2   1   1   4.6e-26   2.5e-23   87.4   9.2     1   307   196   567   196   569 0.80 [190263/457/1]
190263/370/1.f:MFKGBO_26585 -            707 GH13_2.hmm           -            310   1.3e-23   88.3   0.1   1   1   4.5e-26   2.5e-23   87.4   0.1     1   307   178   551   178   553 0.73 [190263/370/1]
190263/487/1.f:MPKEFC_01960 -            707 GH13_2.hmm           -            310     6e-23   86.2   8.2   1   1   1.8e-25     1e-22   85.4   8.2     1   308   197   569   197   571 0.79 [190263/487/1]
190263/468/1.f:DIOFOH_10185 -            489 GH13_2.hmm           -            310   6.2e-23   86.1   2.4   1   1   2.5e-25   1.4e-22   85.0   2.4    14   306    32   366    22   368 0.77 [190263/468/1]
190263/580/1.f:JCPJNN_12915 -            718 GH13_2.hmm           -            310   8.4e-23   85.7   1.8   1   1   3.6e-25     2e-22   84.5   1.8     1   308   191   563   191   565 0.78 [190263/580/1]
190263/421/1.f:PBKEAC_02115 -            559 GH13_2.hmm           -            310   2.4e-22   84.2   0.1   1   1   1.9e-23     1e-20   78.8   0.1     2   307    50   388    49   391 0.69 [190263/421/1]
190263/502/1.f:NONHGB_03620 -            441 GH13_2.hmm           -            310     4e-22   83.5   1.5   1   1   8.2e-16   4.5e-13   53.7   0.1     5    91    55   136    53   153 0.85 [190263/502/1]
190263/405/1.f:EHKDKA_03920 -            441 GH13_2.hmm           -            310   5.2e-22   83.1   1.6   1   1   7.7e-16   4.2e-13   53.8   0.1     5    91    55   136    53   154 0.85 [190263/405/1]
190263/461/1.f:DHPHOK_18795 -            445 GH13_2.hmm           -            310     7e-22   82.7   0.6   1   1     2e-21   1.1e-18   72.1   0.6     6   304    60   326    57   331 0.77 [190263/461/1]
190263/522/1.f:NPJBCH_12270 -            490 GH13_2.hmm           -            310   1.4e-21   81.6   0.1   1   1   6.5e-24   3.6e-21   80.4   0.1    12   304    28   365    20   368 0.77 [190263/522/1]
190263/455/1.f:GDGJDA_03815 -            611 GH13_2.hmm           -            310   1.6e-21   81.5   0.2   1   1     2e-21   1.1e-18   72.2   0.0     2   177    82   266    81   295 0.79 [190263/455/1]
190263/523/1.f:MDNHKG_06170 -            426 GH13_2.hmm           -            310   7.2e-21   79.4   0.0   1   1   5.1e-16   2.8e-13   54.4   0.0     4    90    26   110    23   123 0.88 [190263/523/1]
190263/502/1.f:NONHGB_03625 -            447 GH13_2.hmm           -            310   8.9e-21   79.0   1.6   1   1   3.4e-20   1.9e-17   68.1   0.9     4   307    58   329    56   332 0.81 [190263/502/1]
190263/458/1.f:AMPCAI_09980 -            465 GH13_2.hmm           -            310   1.4e-20   78.4  11.6   1   1   2.5e-23   1.4e-20   78.4  11.6    14   306    31   363    23   365 0.80 [190263/458/1]
190263/502/1.f:NONHGB_17565 -            565 GH13_2.hmm           -            310   3.3e-20   77.2   0.3   1   1   1.7e-22   9.4e-20   75.7   0.3    10   307    45   393    36   394 0.76 [190263/502/1]
190263/405/1.f:EHKDKA_19205 -            565 GH13_2.hmm           -            310   4.2e-20   76.8   0.2   1   1   2.2e-22   1.2e-19   75.4   0.2    10   307    45   393    36   394 0.77 [190263/405/1]
190263/596/1.f:GDHELL_00370 -            568 GH13_2.hmm           -            310   9.2e-20   75.7   0.5   1   1   2.6e-22   1.5e-19   75.1   0.5     7   216    57   273    53   357 0.78 [190263/596/1]
190263/546/1.f:GEHMID_12200 -            622 GH13_2.hmm           -            310   1.5e-19   75.0   0.0   1   1   5.2e-20   2.9e-17   67.5   0.0     2   176    91   274    90   301 0.80 [190263/546/1]
190263/433/1.f:ADFNDI_16890 -            659 GH13_2.hmm           -            310   2.3e-19   74.4   0.1   1   1   3.1e-21   1.7e-18   71.6   0.1     2   178   129   314   128   342 0.77 [190263/433/1]
190263/578/1.f:HIHCLH_05700 -            699 GH13_2.hmm           -            310     7e-19   72.8   0.6   1   1   2.5e-21   1.4e-18   71.8   0.6    40   215   128   304    87   359 0.77 [190263/578/1]
190263/409/1.f:AJJCMD_00170 -            628 GH13_2.hmm           -            310   1.6e-18   71.7   0.0   1   1   3.7e-19   2.1e-16   64.7   0.0     2   176    82   265    81   274 0.83 [190263/409/1]
190263/456/1.f:LKAJBD_11995 -            565 GH13_2.hmm           -            310   1.7e-18   71.5   0.1   1   1   9.5e-21   5.3e-18   69.9   0.1    13   307    48   393    36   394 0.77 [190263/456/1]
190263/368/1.f:HPMDBE_21520 -            570 GH13_2.hmm           -            310   1.8e-18   71.5   3.4   1   1   7.7e-21   4.3e-18   70.2   3.4    13   279    51   364    47   395 0.76 [190263/368/1]
190263/379/1.f:LOJHAC_22660 -            570 GH13_2.hmm           -            310   1.8e-18   71.5   3.4   1   1   7.7e-21   4.3e-18   70.2   3.4    13   279    51   364    47   395 0.76 [190263/379/1]
190263/516/1.f:MGNFBC_19510 -            570 GH13_2.hmm           -            310   1.8e-18   71.5   3.4   1   1   7.7e-21   4.3e-18   70.2   3.4    13   279    51   364    47   395 0.76 [190263/516/1]
190263/573/1.f:LIDFCI_08210 -            565 GH13_2.hmm           -            310   2.1e-18   71.3   0.1   1   1   9.1e-21     5e-18   70.0   0.1    14   307    49   393    42   394 0.78 [190263/573/1]
190263/460/1.f:IHFGKI_10990 -            675 GH13_2.hmm           -            310   2.1e-18   71.3   3.5   1   1   9.1e-21     5e-18   70.0   3.5    38   303    74   346    61   348 0.73 [190263/460/1]
190263/522/1.f:NPJBCH_12475 -            600 GH13_2.hmm           -            310   3.9e-18   70.4   1.2   1   1   1.6e-20   8.9e-18   69.2   1.2    43   303    77   336    59   339 0.74 [190263/522/1]
190263/562/1.f:KJGNCK_19700 -            565 GH13_2.hmm           -            310   5.2e-18   70.0   0.1   1   1   2.2e-20   1.2e-17   68.8   0.1    12   307    47   393    42   394 0.79 [190263/562/1]
190263/443/1.f:LNLACP_05295 -            749 GH13_2.hmm           -            310   6.4e-18   69.7   0.0   1   1     1e-19   5.6e-17   66.6   0.0     2   176   216   399   215   408 0.84 [190263/443/1]
190263/549/1.f:CNBDFB_11595 -            622 GH13_2.hmm           -            310   6.6e-18   69.6   0.1   1   1   4.3e-18   2.4e-15   61.2   0.0     2   176    84   267    83   280 0.77 [190263/549/1]
190263/401/1.f:DMFJNH_19195 -            565 GH13_2.hmm           -            310   7.6e-18   69.4   0.0   1   1     3e-20   1.7e-17   68.3   0.0    14   307    49   393    42   394 0.77 [190263/401/1]
190263/504/1.f:DOAHDM_17830 -            565 GH13_2.hmm           -            310   7.6e-18   69.4   0.0   1   1     3e-20   1.7e-17   68.3   0.0    14   307    49   393    42   394 0.77 [190263/504/1]
190263/552/1.f:EMALNL_18230 -            565 GH13_2.hmm           -            310   9.8e-18   69.1   0.1   1   1   4.2e-20   2.3e-17   67.8   0.1    14   307    49   393    43   394 0.79 [190263/552/1]
190263/417/1.f:MHBJAE_14815 -            565 GH13_2.hmm           -            310   9.9e-18   69.0   0.1   1   1     5e-20   2.7e-17   67.6   0.1    13   307    48   393    36   394 0.75 [190263/417/1]
190263/404/1.f:BGJBIG_13360 -            565 GH13_2.hmm           -            310     1e-17   69.0   0.1   1   1     4e-20   2.2e-17   67.9   0.1    12   307    47   393    42   394 0.79 [190263/404/1]
190263/437/1.f:LBKKEJ_12165 -            565 GH13_2.hmm           -            310   1.3e-17   68.7   1.3   1   1   6.1e-20   3.4e-17   67.3   1.3     2   307    36   393    35   394 0.73 [190263/437/1]
190263/556/1.f:EMIPPF_05040 -            655 GH13_2.hmm           -            310   1.5e-17   68.5   0.6   1   1   8.8e-16   4.8e-13   53.6   0.3     9   206   184   373   180   415 0.82 [190263/556/1]
190263/362/1.f:KJODLM_11060 -            151 GH13_2.hmm           -            310   1.5e-17   68.5   0.3   1   1   3.8e-20   2.1e-17   68.0   0.3     2   110    26   131    25   147 0.83 [190263/362/1]
190263/585/1.f:DLBDDB_13485 -            565 GH13_2.hmm           -            310   2.2e-17   67.9   0.1   1   1   8.3e-20   4.6e-17   66.9   0.1    14   307    49   393    42   394 0.78 [190263/585/1]
190263/513/1.f:MKNBNH_04430 -            616 GH13_2.hmm           -            310     3e-17   67.5   0.0   1   1   8.3e-19   4.6e-16   63.6   0.0     2   175    88   270    87   280 0.81 [190263/513/1]
190263/527/1.f:HGADJN_07635 -           1463 GH13_2.hmm           -            310     3e-17   67.5   8.8   1   1   1.1e-19   6.1e-17   66.4   8.8     5   273   115   384   113   400 0.84 [190263/527/1]
190263/527/1.f:HGADJN_07590 -           1010 GH13_2.hmm           -            310   3.1e-17   67.4   7.0   1   1   5.7e-20   3.1e-17   67.4   7.0     6   274    88   354    85   378 0.80 [190263/527/1]
190263/475/1.f:MCKEEP_18790 -            586 GH13_2.hmm           -            310   3.2e-17   67.4   0.1   1   1   1.4e-19     8e-17   66.1   0.1    14   307    70   414    63   415 0.78 [190263/475/1]
190263/369/1.f:JCDIFE_14875 -            565 GH13_2.hmm           -            310   3.4e-17   67.3   0.1   1   1   1.4e-19   7.8e-17   66.1   0.1    13   307    48   393    36   394 0.77 [190263/369/1]
190263/466/1.f:PGJOII_12185 -            564 GH13_2.hmm           -            310   3.6e-17   67.2   0.1   1   1   1.6e-19     9e-17   65.9   0.1    14   307    48   392    37   393 0.77 [190263/466/1]
190263/461/1.f:DHPHOK_14900 -            565 GH13_2.hmm           -            310     4e-17   67.0   0.1   1   1   1.7e-19   9.2e-17   65.9   0.1    13   307    48   393    36   394 0.77 [190263/461/1]
190263/583/1.f:BCCKNC_16290 -            565 GH13_2.hmm           -            310   4.2e-17   67.0   0.6   1   1     4e-19   2.2e-16   64.6   0.6    11   307    46   393    42   394 0.73 [190263/583/1]
190263/370/1.f:MFKGBO_19565 -            705 GH13_2.hmm           -            310     6e-17   66.5   0.1   1   1   5.6e-16   3.1e-13   54.3   0.1     2    91   190   291   189   359 0.88 [190263/370/1]
190263/478/1.f:BOCJFA_00930 -            611 GH13_2.hmm           -            310   6.1e-17   66.5   0.0   1   1   1.5e-18     8e-16   62.8   0.0     2   175    82   264    81   277 0.76 [190263/478/1]
190263/595/1.f:HGDLEC_06270 -            661 GH13_2.hmm           -            310   6.4e-17   66.4   4.2   1   1   1.9e-19   1.1e-16   65.7   4.2    39   303    72   339    53   342 0.77 [190263/595/1]
190263/595/1.f:HGDLEC_07230 -            928 GH13_2.hmm           -            310   6.8e-17   66.3   0.1   1   1     5e-19   2.8e-16   64.3   0.1     7   304    40   315    34   317 0.75 [190263/595/1]
190263/488/1.f:DNPFAC_16590 -            565 GH13_2.hmm           -            310   9.5e-17   65.8   0.2   1   1   5.6e-19   3.1e-16   64.1   0.2    14   307    49   393    41   394 0.78 [190263/488/1]
190263/399/1.f:CDLIDF_09515 -            566 GH13_2.hmm           -            310   1.2e-16   65.5   0.1   1   1   1.9e-18     1e-15   62.4   0.1    11   307    46   393    41   394 0.78 [190263/399/1]
190263/522/1.f:NPJBCH_00510 -            558 GH13_2.hmm           -            310   1.4e-16   65.3   0.3   1   1   1.5e-18   8.4e-16   62.7   0.3    11   279    40   357    30   388 0.71 [190263/522/1]
190263/388/1.f:FDDJJK_20545 -            565 GH13_2.hmm           -            310   1.8e-16   64.9   0.0   1   1     1e-18   5.7e-16   63.3   0.0    10   307    45   393    36   394 0.75 [190263/388/1]
190263/562/1.f:KJGNCK_02055 -            758 GH13_2.hmm           -            310     2e-16   64.8   5.1   1   1   8.6e-18   4.8e-15   60.2   5.1     2   298   329   620   328   629 0.81 [190263/562/1]
190263/552/1.f:EMALNL_07955 -            758 GH13_2.hmm           -            310     2e-16   64.8   5.1   1   1   8.6e-18   4.8e-15   60.2   5.1     2   298   329   620   328   629 0.81 [190263/552/1]
190263/433/1.f:ADFNDI_04815 -            730 GH13_2.hmm           -            310   2.2e-16   64.6   0.1   1   1   8.1e-17   4.5e-14   57.0   0.1     2   176   198   381   197   390 0.74 [190263/433/1]
190263/549/1.f:CNBDFB_10425 -            704 GH13_2.hmm           -            310   2.4e-16   64.5   0.0   1   1   4.2e-16   2.3e-13   54.7   0.1     2    96   194   298   193   362 0.85 [190263/549/1]
190263/369/1.f:JCDIFE_20170 -            859 GH13_2.hmm           -            310   2.6e-16   64.4   3.8   1   1   4.4e-17   2.4e-14   57.9   3.5     2   303   435   725   434   732 0.80 [190263/369/1]
190263/391/1.f:NONBJF_22535 -            565 GH13_2.hmm           -            310   3.3e-16   64.0   0.0   1   1   2.2e-18   1.2e-15   62.2   0.0    11   307    46   393    39   394 0.76 [190263/391/1]
190263/534/1.f:OHCFJE_21330 -            565 GH13_2.hmm           -            310   3.3e-16   64.0   0.0   1   1   2.2e-18   1.2e-15   62.2   0.0    11   307    46   393    39   394 0.76 [190263/534/1]
190263/545/1.f:NCJBIN_22670 -            565 GH13_2.hmm           -            310   3.3e-16   64.0   0.0   1   1   2.2e-18   1.2e-15   62.2   0.0    11   307    46   393    39   394 0.76 [190263/545/1]
190263/596/1.f:GDHELL_09670 -           1063 GH13_2.hmm           -            310   3.4e-16   64.0   2.5   1   1   1.2e-18   6.8e-16   63.0   2.5     7   231    64   306    60   338 0.78 [190263/596/1]
190263/447/1.f:OLODHC_03835 -            613 GH13_2.hmm           -            310   3.5e-16   64.0   0.0   1   1   1.4e-17   7.5e-15   59.6   0.0     2   178    85   270    84   299 0.77 [190263/447/1]
190263/365/1.f:JJMMAK_18410 -            563 GH13_2.hmm           -            310   4.9e-16   63.5   2.5   1   1   4.2e-18   2.3e-15   61.3   2.5    13   279    48   360    44   391 0.72 [190263/365/1]
190263/478/1.f:BOCJFA_12315 -            710 GH13_2.hmm           -            310   5.3e-16   63.4   0.0   1   1   5.1e-16   2.8e-13   54.4   0.0     2    91   188   289   187   356 0.84 [190263/478/1]
190263/461/1.f:DHPHOK_10125 -            859 GH13_2.hmm           -            310     1e-15   62.4   4.5   1   1   8.3e-17   4.6e-14   57.0   4.1     3   300   436   722   434   732 0.79 [190263/461/1]
190263/472/1.f:NMGHJI_14085 -            743 GH13_2.hmm           -            310   1.6e-15   61.8   2.4   1   1   1.6e-16   8.6e-14   56.1   0.0     4   176   214   395   213   404 0.76 [190263/472/1]
190263/585/1.f:DLBDDB_01385 -            809 GH13_2.hmm           -            310   2.4e-15   61.2   8.1   1   1     8e-18   4.4e-15   60.3   2.4     2   302   372   673   371   681 0.73 [190263/585/1]
190263/497/1.f:HENFFC_19645 -            579 GH13_2.hmm           -            310   2.8e-15   61.0   3.1   1   1   2.1e-17   1.1e-14   59.0   3.1    13   279    64   376    60   407 0.72 [190263/497/1]
190263/422/1.f:HJBCNJ_14695 -            443 GH13_2.hmm           -            310   5.1e-15   60.1   0.0   1   1   1.3e-17   6.9e-15   59.7   0.0     1   157   174   317   174   324 0.83 [190263/422/1]
190263/507/1.f:KPMKPI_15040 -            616 GH13_2.hmm           -            310     6e-15   59.9   0.0   1   1   1.9e-16     1e-13   55.8   0.0     4   176    89   270    87   279 0.82 [190263/507/1]
190263/576/1.f:FNMBCG_14575 -            609 GH13_2.hmm           -            310   1.4e-14   58.7   0.0   1   1   4.2e-17   2.3e-14   58.0   0.0     2   176    81   264    80   273 0.84 [190263/576/1]
190263/425/1.f:HPANHD_10050 -            607 GH13_2.hmm           -            310   1.2e-13   55.6   0.1   1   1   5.4e-16     3e-13   54.3   0.1     1   307   179   474   179   477 0.72 [190263/425/1]
#
# Program:         hmmsearch
# Version:         3.3.2 (Nov 2020)
# Pipeline mode:   SEARCH
# Query file:      /kb/module/work/tmp/output.1725388484971/GH13_2/GH13_2.hmm
# Target file:     /kb/module/work/tmp/output.1725388484971/hCom2_RAST.fasta
# Option settings: /kb/module/hmmer/bin/hmmsearch --domtblout /kb/module/work/tmp/output.1725388484971/GH13_2/GH13_2-hCom2_RAST.hitout.txt --noali --notextw --domE 1e-15 /kb/module/work/tmp/output.1725388484971/GH13_2/GH13_2.hmm /kb/module/work/tmp/output.1725388484971/hCom2_RAST.fasta 
# Current dir:     /kb/module/work/tmp/output.1725388484971
# Date:            Tue Sep  3 18:47:47 2024
# [ok]
