#                                                                                   --- full sequence --- -------------- this domain -------------   hmm coord   ali coord   env coord
# target name               accession   tlen query name           accession   qlen   E-value  score  bias   #  of  c-Evalue  i-Evalue  score  bias  from    to  from    to  from    to  acc description of target
#       ------------------- ---------- ----- -------------------- ---------- ----- --------- ------ ----- --- --- --------- --------- ------ ----- ----- ----- ----- ----- ----- ----- ---- ---------------------
190263/384/1.f:CDKGIA_01450 -            707 GH13_21.hmm          -            308   7.3e-87  296.0   5.9   1   2   2.3e-22   1.3e-19   75.2   0.1     1    47   179   225   179   230 0.97 [190263/384/1]
190263/384/1.f:CDKGIA_01450 -            707 GH13_21.hmm          -            308   7.3e-87  296.0   5.9   2   2     4e-67   2.2e-64  222.2   2.0    50   306   263   556   257   558 0.93 [190263/384/1]
190263/455/1.f:GDGJDA_01855 -            680 GH13_21.hmm          -            308   1.7e-85  291.6   6.6   1   2   5.8e-20   3.2e-17   67.3   0.5     1    50   171   220   171   236 0.96 [190263/455/1]
190263/455/1.f:GDGJDA_01855 -            680 GH13_21.hmm          -            308   1.7e-85  291.6   6.6   2   2   1.5e-68   8.3e-66  226.9   1.0    50   306   255   548   240   550 0.92 [190263/455/1]
190263/439/1.f:KGLJGB_01210 -            673 GH13_21.hmm          -            308     4e-85  290.3   6.4   1   2   5.7e-22   3.2e-19   73.9   0.7     1    49   170   218   170   234 0.96 [190263/439/1]
190263/439/1.f:KGLJGB_01210 -            673 GH13_21.hmm          -            308     4e-85  290.3   6.4   2   2   3.1e-66   1.7e-63  219.3   0.6    49   306   253   544   234   546 0.94 [190263/439/1]
190263/586/1.f:KBDCAC_01405 -            732 GH13_21.hmm          -            308   5.1e-85  290.0   6.6   1   2   6.1e-23   3.4e-20   77.1   0.2     1    50   178   227   178   242 0.91 [190263/586/1]
190263/586/1.f:KBDCAC_01405 -            732 GH13_21.hmm          -            308   5.1e-85  290.0   6.6   2   2   8.1e-65   4.5e-62  214.6   1.6    50   306   262   553   254   555 0.92 [190263/586/1]
190263/370/1.f:MFKGBO_26585 -            707 GH13_21.hmm          -            308   5.1e-85  290.0   2.7   1   2     9e-23     5e-20   76.5   0.4     1    48   179   226   179   235 0.98 [190263/370/1]
190263/370/1.f:MFKGBO_26585 -            707 GH13_21.hmm          -            308   5.1e-85  290.0   2.7   2   2     2e-64   1.1e-61  213.4   0.1    50   306   263   556   259   558 0.91 [190263/370/1]
190263/375/1.f:CNGHJF_20490 -            687 GH13_21.hmm          -            308   5.3e-85  289.9   7.0   1   2   3.1e-22   1.7e-19   74.8   1.0     1    48   180   227   180   230 0.99 [190263/375/1]
190263/375/1.f:CNGHJF_20490 -            687 GH13_21.hmm          -            308   5.3e-85  289.9   7.0   2   2   6.7e-66   3.7e-63  218.2   0.6    49   306   263   555   245   557 0.93 [190263/375/1]
190263/520/1.f:GGDGDE_17165 -            734 GH13_21.hmm          -            308   5.7e-85  289.8   8.0   1   2   5.1e-22   2.8e-19   74.0   0.9     1    49   194   242   194   245 0.98 [190263/520/1]
190263/520/1.f:GGDGDE_17165 -            734 GH13_21.hmm          -            308   5.7e-85  289.8   8.0   2   2   3.5e-66   1.9e-63  219.1   1.2    50   306   278   570   273   572 0.93 [190263/520/1]
190263/363/1.f:CIHHOC_04065 -            700 GH13_21.hmm          -            308   1.1e-84  288.9   6.7   1   2   3.1e-23   1.7e-20   78.0   1.1     1    49   192   240   192   243 0.98 [190263/363/1]
190263/363/1.f:CIHHOC_04065 -            700 GH13_21.hmm          -            308   1.1e-84  288.9   6.7   2   2   1.7e-64   9.6e-62  213.5   0.4    49   306   275   567   270   569 0.92 [190263/363/1]
190263/541/1.f:IDEEIE_16565 -            676 GH13_21.hmm          -            308   2.7e-84  287.6  10.8   1   2   4.1e-21   2.3e-18   71.1   1.3     1    48   171   218   171   226 0.98 [190263/541/1]
190263/541/1.f:IDEEIE_16565 -            676 GH13_21.hmm          -            308   2.7e-84  287.6  10.8   2   2     7e-67   3.9e-64  221.4   2.5    49   306   254   545   228   547 0.93 [190263/541/1]
190263/507/1.f:KPMKPI_02625 -            699 GH13_21.hmm          -            308   5.2e-84  286.7  12.1   1   2   8.9e-22     5e-19   73.3   2.6     1    49   193   241   193   247 0.98 [190263/507/1]
190263/507/1.f:KPMKPI_02625 -            699 GH13_21.hmm          -            308   5.2e-84  286.7  12.1   2   2     5e-66   2.8e-63  218.6   2.2    50   306   277   564   270   566 0.93 [190263/507/1]
190263/472/1.f:NMGHJI_04590 -            701 GH13_21.hmm          -            308   5.2e-84  286.7   7.3   1   2     4e-23   2.2e-20   77.7   0.7     1    49   192   240   192   243 0.98 [190263/472/1]
190263/472/1.f:NMGHJI_04590 -            701 GH13_21.hmm          -            308   5.2e-84  286.7   7.3   2   2   4.5e-64   2.5e-61  212.2   1.0    49   306   276   568   272   570 0.93 [190263/472/1]
190263/409/1.f:AJJCMD_29540 -            688 GH13_21.hmm          -            308     1e-83  285.7   7.8   1   2   4.1e-22   2.3e-19   74.4   0.8     1    48   181   228   181   232 0.98 [190263/409/1]
190263/409/1.f:AJJCMD_29540 -            688 GH13_21.hmm          -            308     1e-83  285.7   7.8   2   2     7e-65   3.9e-62  214.8   1.1    50   306   265   556   258   558 0.93 [190263/409/1]
190263/546/1.f:GEHMID_03350 -            698 GH13_21.hmm          -            308   1.4e-83  285.3  10.7   1   2   7.2e-23     4e-20   76.8   1.2     1    49   193   241   193   250 0.97 [190263/546/1]
190263/546/1.f:GEHMID_03350 -            698 GH13_21.hmm          -            308   1.4e-83  285.3  10.7   2   2   2.8e-64   1.6e-61  212.8   2.6    49   306   276   567   267   569 0.92 [190263/546/1]
190263/452/1.f:PEIHBN_14170 -            683 GH13_21.hmm          -            308   1.5e-83  285.2  10.7   1   2   1.2e-21   6.6e-19   72.9   1.7     1    48   171   218   171   223 0.98 [190263/452/1]
190263/452/1.f:PEIHBN_14170 -            683 GH13_21.hmm          -            308   1.5e-83  285.2  10.7   2   2   2.4e-65   1.3e-62  216.4   1.9    50   306   255   548   247   550 0.93 [190263/452/1]
190263/478/1.f:BOCJFA_13060 -            705 GH13_21.hmm          -            308   1.7e-83  285.0   7.7   1   2   5.4e-23     3e-20   77.3   0.5     1    49   192   240   192   244 0.97 [190263/478/1]
190263/478/1.f:BOCJFA_13060 -            705 GH13_21.hmm          -            308   1.7e-83  285.0   7.7   2   2   1.1e-63   6.4e-61  210.8   1.6    50   306   276   567   271   569 0.93 [190263/478/1]
190263/549/1.f:CNBDFB_00790 -            682 GH13_21.hmm          -            308   2.2e-83  284.6   7.8   1   2   7.8e-22   4.3e-19   73.5   1.1     1    48   171   218   171   222 0.98 [190263/549/1]
190263/549/1.f:CNBDFB_00790 -            682 GH13_21.hmm          -            308   2.2e-83  284.6   7.8   2   2   8.6e-65   4.8e-62  214.5   0.8    50   306   255   548   250   550 0.93 [190263/549/1]
190263/537/1.f:AHPNMI_00555 -            680 GH13_21.hmm          -            308   3.3e-83  284.0  10.7   1   2   3.1e-21   1.7e-18   71.5   2.2     1    48   171   218   171   223 0.98 [190263/537/1]
190263/537/1.f:AHPNMI_00555 -            680 GH13_21.hmm          -            308   3.3e-83  284.0  10.7   2   2   1.3e-65   7.3e-63  217.2   1.5    49   306   254   548   239   550 0.92 [190263/537/1]
190263/386/1.f:DBGIOG_11970 -            701 GH13_21.hmm          -            308     6e-83  283.2  11.0   1   2   9.5e-23   5.3e-20   76.5   1.4     1    49   193   241   193   251 0.97 [190263/386/1]
190263/386/1.f:DBGIOG_11970 -            701 GH13_21.hmm          -            308     6e-83  283.2  11.0   2   2   8.1e-64   4.5e-61  211.3   2.5    44   306   271   568   261   570 0.92 [190263/386/1]
190263/495/1.f:ANKNCD_06835 -            701 GH13_21.hmm          -            308   8.2e-83  282.7   5.4   1   2   4.1e-22   2.3e-19   74.4   0.6     1    49   194   242   194   250 0.98 [190263/495/1]
190263/495/1.f:ANKNCD_06835 -            701 GH13_21.hmm          -            308   8.2e-83  282.7   5.4   2   2   1.9e-63     1e-60  210.1   0.4    50   306   278   570   272   572 0.92 [190263/495/1]
190263/513/1.f:MKNBNH_01175 -            697 GH13_21.hmm          -            308   1.1e-82  282.3   8.9   1   2   1.2e-22   6.9e-20   76.1   2.0     1    49   192   240   192   244 0.98 [190263/513/1]
190263/513/1.f:MKNBNH_01175 -            697 GH13_21.hmm          -            308   1.1e-82  282.3   8.9   2   2     2e-63   1.1e-60  210.0   0.7    50   306   276   567   271   569 0.92 [190263/513/1]
190263/487/1.f:MPKEFC_01960 -            707 GH13_21.hmm          -            308   1.5e-82  281.9  15.1   1   2   2.8e-21   1.6e-18   71.6   2.6     1    49   198   246   198   249 0.98 [190263/487/1]
190263/487/1.f:MPKEFC_01960 -            707 GH13_21.hmm          -            308   1.5e-82  281.9  15.1   2   2   4.6e-65   2.5e-62  215.4   4.8    50   306   282   573   276   575 0.93 [190263/487/1]
190263/433/1.f:ADFNDI_12270 -            702 GH13_21.hmm          -            308   3.8e-82  280.5  10.4   1   2   1.2e-22   6.6e-20   76.1   0.8     1    49   192   240   192   248 0.98 [190263/433/1]
190263/433/1.f:ADFNDI_12270 -            702 GH13_21.hmm          -            308   3.8e-82  280.5  10.4   2   2     8e-63   4.4e-60  208.1   3.0    50   306   276   567   271   569 0.92 [190263/433/1]
190263/531/1.f:KJIPPC_00425 -            689 GH13_21.hmm          -            308   4.7e-82  280.3  10.0   1   2     3e-21   1.7e-18   71.5   2.2     1    49   171   219   171   222 0.98 [190263/531/1]
190263/531/1.f:KJIPPC_00425 -            689 GH13_21.hmm          -            308   4.7e-82  280.3  10.0   2   2   2.6e-64   1.4e-61  213.0   1.1    49   306   254   548   249   550 0.92 [190263/531/1]
190263/578/1.f:HIHCLH_01010 -            702 GH13_21.hmm          -            308   9.4e-82  279.3   6.4   1   2   1.4e-20   7.8e-18   69.3   0.6     1    49   197   245   197   248 0.98 [190263/578/1]
190263/578/1.f:HIHCLH_01010 -            702 GH13_21.hmm          -            308   9.4e-82  279.3   6.4   2   2   3.2e-64   1.8e-61  212.7   0.7    49   306   280   572   273   574 0.93 [190263/578/1]
190263/557/1.f:DOLMEB_12030 -            684 GH13_21.hmm          -            308   9.8e-82  279.2  11.1   1   2   6.1e-21   3.4e-18   70.5   2.0     1    49   171   219   171   221 0.98 [190263/557/1]
190263/557/1.f:DOLMEB_12030 -            684 GH13_21.hmm          -            308   9.8e-82  279.2  11.1   2   2   1.9e-64   1.1e-61  213.4   1.9    50   306   255   548   250   550 0.93 [190263/557/1]
190263/514/1.f:MMHOAN_14475 -            693 GH13_21.hmm          -            308   1.2e-81  278.9  10.2   1   2   9.4e-21   5.2e-18   69.9   1.4     1    48   171   218   171   222 0.98 [190263/514/1]
190263/514/1.f:MMHOAN_14475 -            693 GH13_21.hmm          -            308   1.2e-81  278.9  10.2   2   2   1.7e-64   9.5e-62  213.6   2.0    50   306   255   548   247   550 0.92 [190263/514/1]
190263/532/1.f:BGDBBA_00800 -            701 GH13_21.hmm          -            308   1.9e-81  278.3  10.5   1   2   1.5e-21   8.5e-19   72.5   2.0     1    49   192   240   192   242 0.98 [190263/532/1]
190263/532/1.f:BGDBBA_00800 -            701 GH13_21.hmm          -            308   1.9e-81  278.3  10.5   2   2   1.3e-63   7.3e-61  210.7   0.6    50   306   276   567   271   569 0.93 [190263/532/1]
190263/512/1.f:JBCLGH_11560 -            688 GH13_21.hmm          -            308   4.6e-81  277.0   9.8   1   2   2.1e-21   1.2e-18   72.0   1.7     1    49   171   219   171   222 0.98 [190263/512/1]
190263/512/1.f:JBCLGH_11560 -            688 GH13_21.hmm          -            308   4.6e-81  277.0   9.8   2   2   3.5e-63     2e-60  209.2   1.4    49   306   254   548   247   550 0.93 [190263/512/1]
190263/447/1.f:OLODHC_15070 -            694 GH13_21.hmm          -            308   5.7e-81  276.7   8.2   1   2   4.1e-20   2.3e-17   67.8   0.8     1    48   185   232   185   236 0.97 [190263/447/1]
190263/447/1.f:OLODHC_15070 -            694 GH13_21.hmm          -            308   5.7e-81  276.7   8.2   2   2   3.5e-64   1.9e-61  212.5   1.4    50   306   269   562   264   564 0.92 [190263/447/1]
190263/580/1.f:JCPJNN_12915 -            718 GH13_21.hmm          -            308   5.7e-81  276.7   9.9   1   2   3.8e-20   2.1e-17   67.9   1.0     1    49   192   240   192   248 0.98 [190263/580/1]
190263/580/1.f:JCPJNN_12915 -            718 GH13_21.hmm          -            308   5.7e-81  276.7   9.9   2   2   9.2e-65   5.1e-62  214.4   0.3    50   306   276   567   270   569 0.93 [190263/580/1]
190263/490/1.f:OIBLLI_08280 -            704 GH13_21.hmm          -            308   9.7e-81  275.9   8.4   1   2   2.8e-21   1.6e-18   71.6   1.0     1    48   197   244   197   258 0.96 [190263/490/1]
190263/490/1.f:OIBLLI_08280 -            704 GH13_21.hmm          -            308   9.7e-81  275.9   8.4   2   2   7.4e-63   4.1e-60  208.2   1.2    50   306   281   572   277   574 0.93 [190263/490/1]
190263/457/1.f:IIKDLL_01895 -            704 GH13_21.hmm          -            308   2.9e-79  271.1  12.2   1   2   7.2e-21     4e-18   70.3   1.9     1    49   197   245   197   261 0.96 [190263/457/1]
190263/457/1.f:IIKDLL_01895 -            704 GH13_21.hmm          -            308   2.9e-79  271.1  12.2   2   2   3.7e-62   2.1e-59  205.9   2.9    49   306   280   572   275   574 0.93 [190263/457/1]
190263/514/1.f:MMHOAN_10920 -            617 GH13_21.hmm          -            308   4.3e-78  267.2   0.1   1   1   1.3e-80   7.1e-78  266.5   0.1     1   306   188   499   188   501 0.93 [190263/514/1]
190263/423/1.f:PDNKFB_06345 -            588 GH13_21.hmm          -            308   2.2e-77  264.9   0.1   1   1   5.4e-80     3e-77  264.5   0.1     1   306   183   475   183   477 0.92 [190263/423/1]
190263/413/1.f:NMLDCG_06385 -            622 GH13_21.hmm          -            308     1e-76  262.7   0.0   1   1     2e-78   1.1e-75  259.3   0.0     1   306   184   509   184   511 0.90 [190263/413/1]
190263/520/1.f:GGDGDE_20340 -            572 GH13_21.hmm          -            308   3.9e-76  260.8   0.3   1   1     1e-78   5.7e-76  260.3   0.3     1   307   170   465   170   466 0.93 [190263/520/1]
190263/495/1.f:ANKNCD_04135 -            572 GH13_21.hmm          -            308   2.5e-75  258.1   0.4   1   1   6.6e-78   3.7e-75  257.6   0.4     1   307   170   465   170   466 0.93 [190263/495/1]
190263/382/1.f:JACGKO_09355 -           1151 GH13_21.hmm          -            308   7.1e-75  256.7   1.1   1   1   2.8e-76   1.6e-73  252.2   0.5     1   306   192   520   192   522 0.93 [190263/382/1]
190263/565/1.f:PAEINE_06670 -           1098 GH13_21.hmm          -            308   1.7e-74  255.4   0.0   1   1   1.8e-75   9.7e-73  249.7   0.0     1   306   194   520   194   522 0.93 [190263/565/1]
190263/496/1.f:JJBAFO_04445 -           1096 GH13_21.hmm          -            308   3.7e-74  254.3   0.0   1   1   1.3e-75   7.3e-73  250.1   0.0     1   306   195   520   195   522 0.90 [190263/496/1]
190263/423/1.f:PDNKFB_13510 -            572 GH13_21.hmm          -            308   8.5e-74  253.1   0.1   1   1   2.3e-76   1.3e-73  252.5   0.1     1   307   170   465   170   466 0.93 [190263/423/1]
190263/588/1.f:LGPOLK_03735 -           1132 GH13_21.hmm          -            308   9.6e-74  253.0   0.2   1   1   3.9e-76   2.2e-73  251.8   0.1     1   307   188   505   188   506 0.91 [190263/588/1]
190263/578/1.f:HIHCLH_03535 -            574 GH13_21.hmm          -            308   9.9e-74  252.9   0.1   1   1   2.3e-76   1.3e-73  252.5   0.1     1   307   172   468   172   469 0.94 [190263/578/1]
190263/425/1.f:HPANHD_08465 -            599 GH13_21.hmm          -            308   1.1e-73  252.8   0.1   1   1   2.7e-76   1.5e-73  252.3   0.1     1   307   186   491   186   492 0.92 [190263/425/1]
190263/436/1.f:KEEIED_02150 -           1120 GH13_21.hmm          -            308   1.5e-73  252.3   0.0   1   1   6.5e-76   3.6e-73  251.1   0.0     1   307   197   508   197   509 0.92 [190263/436/1]
190263/568/1.f:ABMLLK_04030 -            626 GH13_21.hmm          -            308     2e-73  251.9   0.1   1   1   5.4e-76     3e-73  251.3   0.1     1   307   198   503   198   504 0.92 [190263/568/1]
190263/447/1.f:OLODHC_11555 -            584 GH13_21.hmm          -            308   8.9e-73  249.8   3.3   1   1   2.6e-75   1.4e-72  249.1   3.3     1   307   180   476   180   477 0.91 [190263/447/1]
190263/434/1.f:NCAOKI_09055 -           1104 GH13_21.hmm          -            308   1.1e-72  249.5   0.0   1   1   3.9e-74   2.1e-71  245.2   0.0     1   306   195   521   195   523 0.93 [190263/434/1]
190263/580/1.f:JCPJNN_26940 -            585 GH13_21.hmm          -            308   1.4e-72  249.1   0.3   1   1   3.4e-75   1.9e-72  248.7   0.3     1   307   179   475   179   476 0.92 [190263/580/1]
190263/541/1.f:IDEEIE_03905 -            587 GH13_21.hmm          -            308   1.7e-72  248.9   1.9   1   1   4.3e-75   2.4e-72  248.4   1.9     1   307   179   475   179   476 0.91 [190263/541/1]
190263/472/1.f:NMGHJI_18160 -            584 GH13_21.hmm          -            308   1.7e-72  248.9   1.0   1   1   4.3e-75   2.4e-72  248.4   1.0     1   307   180   476   180   477 0.91 [190263/472/1]
190263/567/1.f:NOEGFN_16430 -            620 GH13_21.hmm          -            308   2.1e-72  248.6   0.0   1   1   3.4e-74   1.9e-71  245.4   0.0     1   306   186   512   186   514 0.91 [190263/567/1]
190263/584/1.f:DDCNLE_10135 -            626 GH13_21.hmm          -            308   2.6e-72  248.2   0.0   1   1   5.6e-74   3.1e-71  244.7   0.0     1   306   187   512   187   514 0.92 [190263/584/1]
190263/380/1.f:GDCFAC_00690 -            620 GH13_21.hmm          -            308   3.3e-72  247.9   0.0   1   1   3.8e-74   2.1e-71  245.3   0.0     1   306   175   502   175   504 0.93 [190263/380/1]
190263/580/1.f:JCPJNN_00815 -            582 GH13_21.hmm          -            308   4.9e-72  247.3   0.1   1   1   1.2e-74   6.8e-72  246.9   0.1     1   306   181   476   181   478 0.92 [190263/580/1]
190263/425/1.f:HPANHD_10080 -            587 GH13_21.hmm          -            308   3.3e-71  244.6   6.5   1   1   8.5e-74   4.7e-71  244.1   6.5     1   306   180   480   180   482 0.94 [190263/425/1]
190263/429/1.f:OMPHBF_00070 -            645 GH13_21.hmm          -            308   1.2e-70  242.8   0.2   1   1   1.7e-72   9.5e-70  239.8   0.2     1   307   183   509   183   510 0.89 [190263/429/1]
190263/514/1.f:MMHOAN_12715 -            584 GH13_21.hmm          -            308   1.4e-70  242.6   1.5   1   1   3.7e-73     2e-70  242.0   1.5     1   306   179   474   179   476 0.91 [190263/514/1]
190263/363/1.f:CIHHOC_04795 -            585 GH13_21.hmm          -            308   1.6e-70  242.4   0.6   1   1     4e-73   2.2e-70  241.9   0.6     1   307   179   475   179   476 0.91 [190263/363/1]
190263/477/1.f:PCLDCI_13415 -            621 GH13_21.hmm          -            308   8.6e-70  240.0   0.0   1   1   1.3e-71   7.5e-69  236.9   0.0     1   306   184   509   184   511 0.91 [190263/477/1]
190263/576/1.f:FNMBCG_05375 -            618 GH13_21.hmm          -            308   2.4e-69  238.5   0.0   1   1   5.5e-71     3e-68  234.9   0.0     1   306   183   509   183   511 0.90 [190263/576/1]
190263/596/1.f:GDHELL_06085 -            629 GH13_21.hmm          -            308   4.9e-69  237.5   0.2   1   1   4.7e-71   2.6e-68  235.1   0.2     1   306   191   516   191   518 0.91 [190263/596/1]
190263/443/1.f:LNLACP_02900 -            616 GH13_21.hmm          -            308   1.2e-68  236.3   0.0   1   1   3.1e-70   1.7e-67  232.4   0.0     1   306   183   509   183   511 0.89 [190263/443/1]
190263/390/1.f:OLPOLE_18085 -            605 GH13_21.hmm          -            308   9.6e-68  233.3   0.0   1   1   1.8e-69     1e-66  229.9   0.0     1   306   183   509   183   511 0.90 [190263/390/1]
190263/409/1.f:AJJCMD_13305 -            517 GH13_21.hmm          -            308   2.1e-67  232.2   0.0   1   1   5.4e-70     3e-67  231.6   0.0     3   306    29   359    27   361 0.94 [190263/409/1]
190263/547/1.f:KJCAKO_00600 -            555 GH13_21.hmm          -            308   3.4e-67  231.5   1.1   1   1   8.6e-70   4.8e-67  231.0   1.1     2   306   153   441   152   443 0.92 [190263/547/1]
190263/400/1.f:EIBLKL_01635 -            626 GH13_21.hmm          -            308   2.4e-66  228.7   0.1   1   1   5.1e-68   2.8e-65  225.1   0.1     1   306   182   508   182   510 0.93 [190263/400/1]
190263/494/1.f:LHPBBO_03380 -            727 GH13_21.hmm          -            308   4.9e-66  227.6   0.0   1   1     2e-67   1.1e-64  223.2   0.0     1   306   238   572   238   574 0.91 [190263/494/1]
190263/530/1.f:LBOGMJ_11835 -            672 GH13_21.hmm          -            308   7.3e-65  223.8   0.0   1   1   3.4e-66   1.9e-63  219.2   0.0     1   306   199   529   199   531 0.91 [190263/530/1]
190263/383/1.f:KCEMEB_11095 -            641 GH13_21.hmm          -            308   7.5e-65  223.7   0.1   1   1   1.6e-66     9e-64  220.2   0.1     1   306   187   514   187   516 0.88 [190263/383/1]
190263/510/1.f:DELAEA_05540 -            616 GH13_21.hmm          -            308   1.1e-64  223.2   0.8   1   1     2e-66   1.1e-63  219.9   0.8     1   306   184   510   184   512 0.95 [190263/510/1]
190263/396/1.f:KAAOMA_12335 -            628 GH13_21.hmm          -            308   1.8e-64  222.5   0.2   1   1   3.7e-66     2e-63  219.0   0.2     1   306   182   507   182   509 0.92 [190263/396/1]
190263/452/1.f:PEIHBN_10935 -            559 GH13_21.hmm          -            308   3.7e-62  214.9   2.1   1   1   1.3e-64   7.1e-62  214.0   2.1     1   306    29   374    29   376 0.84 [190263/452/1]
190263/425/1.f:HPANHD_10085 -            559 GH13_21.hmm          -            308   5.6e-62  214.3   0.2   1   1   1.6e-64   8.7e-62  213.7   0.2     1   306    28   382    28   384 0.91 [190263/425/1]
190263/512/1.f:JBCLGH_07570 -            562 GH13_21.hmm          -            308     2e-61  212.5   2.3   1   1   5.8e-64   3.2e-61  211.8   2.3     1   306    30   375    30   377 0.86 [190263/512/1]
190263/557/1.f:DOLMEB_09075 -            560 GH13_21.hmm          -            308   6.4e-61  210.8   1.8   1   1   1.7e-63   9.7e-61  210.2   1.8     1   306    30   375    30   377 0.83 [190263/557/1]
190263/514/1.f:MMHOAN_03820 -            569 GH13_21.hmm          -            308   8.4e-61  210.4   0.5   1   1   2.7e-63   1.5e-60  209.6   0.5     1   306    28   361    28   362 0.80 [190263/514/1]
190263/409/1.f:AJJCMD_00615 -            565 GH13_21.hmm          -            308   5.4e-60  207.8   1.2   1   1   1.5e-62   8.3e-60  207.2   1.2     1   306    28   373    28   375 0.88 [190263/409/1]
190263/478/1.f:BOCJFA_07705 -            558 GH13_21.hmm          -            308   5.9e-59  204.4   2.3   1   1   1.5e-61   8.4e-59  203.9   2.3     1   306    28   375    28   377 0.86 [190263/478/1]
190263/429/1.f:OMPHBF_12730 -            589 GH13_21.hmm          -            308   6.1e-59  204.3   1.4   1   1   1.8e-61   9.9e-59  203.7   1.4     1   306    52   402    52   404 0.86 [190263/429/1]
190263/541/1.f:IDEEIE_02835 -            559 GH13_21.hmm          -            308   9.3e-59  203.7   5.2   1   1   4.8e-61   2.6e-58  202.2   5.2     1   306    27   377    27   379 0.83 [190263/541/1]
190263/580/1.f:JCPJNN_03710 -            629 GH13_21.hmm          -            308   9.5e-59  203.7   2.4   1   1   7.4e-61   4.1e-58  201.6   1.1     1   304   112   460   112   464 0.91 [190263/580/1]
190263/390/1.f:OLPOLE_06095 -            631 GH13_21.hmm          -            308     1e-58  203.6   0.2   1   1   2.9e-61   1.6e-58  203.0   0.2     1   305   109   453   109   456 0.88 [190263/390/1]
190263/433/1.f:ADFNDI_13085 -            556 GH13_21.hmm          -            308   1.2e-58  203.3   2.9   1   1   3.5e-61   1.9e-58  202.7   2.9     1   306    28   375    28   376 0.86 [190263/433/1]
190263/507/1.f:KPMKPI_12330 -            554 GH13_21.hmm          -            308   1.7e-58  202.9   2.5   1   1   4.7e-61   2.6e-58  202.3   2.5     1   306    28   375    28   377 0.87 [190263/507/1]
190263/400/1.f:EIBLKL_02735 -            553 GH13_21.hmm          -            308   4.2e-58  201.6   0.0   1   1   1.1e-60   6.2e-58  201.0   0.0     1   306    75   407    75   409 0.89 [190263/400/1]
190263/455/1.f:GDGJDA_15340 -            557 GH13_21.hmm          -            308   5.7e-58  201.2   1.8   1   1   1.6e-60   8.8e-58  200.5   1.8     1   306    28   375    28   376 0.85 [190263/455/1]
190263/363/1.f:CIHHOC_04800 -            542 GH13_21.hmm          -            308   1.2e-57  200.1   0.8   1   1   2.9e-60   1.6e-57  199.6   0.8     1   306    31   364    31   366 0.83 [190263/363/1]
190263/423/1.f:PDNKFB_07745 -            541 GH13_21.hmm          -            308   1.5e-57  199.8   0.2   1   1   4.3e-60   2.4e-57  199.1   0.2     1   306    32   365    32   367 0.79 [190263/423/1]
190263/406/1.f:DKNBGD_03735 -            567 GH13_21.hmm          -            308   2.1e-57  199.3   0.1   1   1   5.2e-60   2.9e-57  198.8   0.1     1   306    28   385    28   387 0.91 [190263/406/1]
190263/580/1.f:JCPJNN_24345 -            560 GH13_21.hmm          -            308   2.1e-57  199.3   0.3   1   1   6.2e-60   3.4e-57  198.6   0.3     1   306    28   375    28   376 0.86 [190263/580/1]
190263/448/1.f:IBJDOL_08635 -            554 GH13_21.hmm          -            308     3e-57  198.8   2.7   1   1   8.2e-60   4.5e-57  198.2   2.7     1   306    28   371    28   373 0.81 [190263/448/1]
190263/425/1.f:HPANHD_02620 -            541 GH13_21.hmm          -            308   4.8e-57  198.1   0.2   1   1   1.2e-59   6.8e-57  197.6   0.2     1   306    28   361    28   363 0.82 [190263/425/1]
190263/549/1.f:CNBDFB_11805 -            558 GH13_21.hmm          -            308   5.1e-57  198.0   4.0   1   1   1.8e-59     1e-56  197.0   4.0     1   306    28   376    28   377 0.87 [190263/549/1]
190263/580/1.f:JCPJNN_28235 -            543 GH13_21.hmm          -            308   5.2e-57  198.0   0.1   1   1   1.3e-59   7.3e-57  197.5   0.1     1   306    31   364    31   366 0.82 [190263/580/1]
190263/455/1.f:GDGJDA_14820 -            543 GH13_21.hmm          -            308     6e-57  197.8   0.7   1   1   1.5e-59   8.3e-57  197.3   0.7     1   306    30   363    30   365 0.81 [190263/455/1]
190263/530/1.f:LBOGMJ_11355 -            566 GH13_21.hmm          -            308   6.3e-57  197.7   1.6   1   1   2.2e-59   1.2e-56  196.8   1.6     1   306    36   383    36   385 0.84 [190263/530/1]
190263/425/1.f:HPANHD_03210 -            554 GH13_21.hmm          -            308   9.8e-57  197.1   3.9   1   1   5.7e-59   3.2e-56  195.4   3.9     1   306    27   372    27   374 0.81 [190263/425/1]
190263/382/1.f:JACGKO_03265 -            561 GH13_21.hmm          -            308   1.1e-56  196.9   1.3   1   1   5.5e-59   3.1e-56  195.5   1.3     1   306    31   381    31   383 0.84 [190263/382/1]
190263/363/1.f:CIHHOC_02445 -            551 GH13_21.hmm          -            308   1.2e-56  196.8   1.7   1   1   3.9e-59   2.2e-56  196.0   1.7     1   306    26   368    26   370 0.86 [190263/363/1]
190263/458/1.f:AMPCAI_01140 -            559 GH13_21.hmm          -            308   1.2e-56  196.8   1.9   1   1   2.9e-58   1.6e-55  193.1   1.9     1   306    29   376    29   377 0.78 [190263/458/1]
190263/363/1.f:CIHHOC_11415 -            558 GH13_21.hmm          -            308   1.6e-56  196.4   2.6   1   1   2.8e-59   1.6e-56  196.4   2.6     1   306    27   377    27   379 0.83 [190263/363/1]
190263/375/1.f:CNGHJF_04595 -            557 GH13_21.hmm          -            308   2.1e-56  196.0   1.9   1   1   6.4e-59   3.6e-56  195.3   1.9     1   306    27   373    27   374 0.83 [190263/375/1]
190263/478/1.f:BOCJFA_01370 -            559 GH13_21.hmm          -            308   2.2e-56  195.9   3.8   1   1   8.9e-59     5e-56  194.8   3.8     1   306    27   377    27   379 0.84 [190263/478/1]
190263/406/1.f:DKNBGD_12580 -            551 GH13_21.hmm          -            308     3e-56  195.5   0.8   1   1   2.7e-58   1.5e-55  193.2   0.1     1   306    26   377    26   379 0.80 [190263/406/1]
190263/423/1.f:PDNKFB_09310 -            564 GH13_21.hmm          -            308   3.5e-56  195.3   2.2   1   1     1e-58   5.7e-56  194.6   2.2     1   307    96   419    96   420 0.83 [190263/423/1]
190263/514/1.f:MMHOAN_12710 -            542 GH13_21.hmm          -            308   3.6e-56  195.3   0.5   1   1   9.1e-59   5.1e-56  194.7   0.5     1   306    32   365    32   367 0.78 [190263/514/1]
190263/425/1.f:HPANHD_03290 -            554 GH13_21.hmm          -            308   3.7e-56  195.2   2.3   1   1     1e-58   5.8e-56  194.6   2.3     1   306    27   374    27   375 0.85 [190263/425/1]
190263/520/1.f:GGDGDE_06845 -           1856 GH13_21.hmm          -            308   4.6e-56  194.9  11.9   1   1   8.3e-59   4.6e-56  194.9  11.9     1   306   904  1293   904  1295 0.89 [190263/520/1]
190263/452/1.f:PEIHBN_09925 -            552 GH13_21.hmm          -            308   5.9e-56  194.5   5.5   1   1   2.7e-58   1.5e-55  193.2   5.5     1   306    28   375    28   377 0.81 [190263/452/1]
190263/516/1.f:MGNFBC_04840 -            588 GH13_21.hmm          -            308     9e-56  193.9   0.4   1   1   4.2e-58   2.3e-55  192.6   0.4     1   306    43   390    43   392 0.85 [190263/516/1]
190263/523/1.f:MDNHKG_08680 -            568 GH13_21.hmm          -            308   9.8e-56  193.8   0.3   1   1   2.7e-57   1.5e-54  189.9   0.3     1   306    38   385    38   387 0.83 [190263/523/1]
190263/513/1.f:MKNBNH_04310 -            604 GH13_21.hmm          -            308   1.2e-55  193.6   8.5   1   1   5.6e-58   3.1e-55  192.2   8.5     1   307   133   460   133   461 0.78 [190263/513/1]
190263/474/1.f:AMDJJA_02480 -            604 GH13_21.hmm          -            308   1.9e-55  192.9   2.0   1   1     1e-49   5.7e-47  165.0   0.8     1   164    46   234    46   248 0.93 [190263/474/1]
190263/384/1.f:CDKGIA_15920 -            590 GH13_21.hmm          -            308   2.1e-55  192.7   0.6   1   1   2.5e-57   1.4e-54  190.0   0.6     1   305    38   382    38   384 0.85 [190263/384/1]
190263/409/1.f:AJJCMD_08075 -            543 GH13_21.hmm          -            308   2.6e-55  192.4   0.1   1   1     7e-58   3.9e-55  191.8   0.1     1   306    34   367    34   369 0.82 [190263/409/1]
190263/401/1.f:DMFJNH_07595 -            692 GH13_21.hmm          -            308   3.9e-55  191.8   1.4   1   2   1.4e-40   7.6e-38  135.0   0.1     1   104    80   183    80   213 0.95 [190263/401/1]
190263/401/1.f:DMFJNH_07595 -            692 GH13_21.hmm          -            308   3.9e-55  191.8   1.4   2   2   9.2e-16   5.1e-13   53.5   0.0   106   307   341   540   317   541 0.77 [190263/401/1]
190263/409/1.f:AJJCMD_26280 -            550 GH13_21.hmm          -            308   4.9e-55  191.5   1.4   1   1   2.1e-57   1.2e-54  190.3   1.4     1   306    28   368    28   370 0.80 [190263/409/1]
190263/384/1.f:CDKGIA_00625 -            570 GH13_21.hmm          -            308     5e-55  191.5   2.5   1   1   4.6e-57   2.5e-54  189.2   2.5     1   306    30   378    30   380 0.83 [190263/384/1]
190263/504/1.f:DOAHDM_08100 -            692 GH13_21.hmm          -            308   5.1e-55  191.5   1.6   1   2   1.4e-40   7.6e-38  135.0   0.1     1   104    80   183    80   213 0.95 [190263/504/1]
190263/504/1.f:DOAHDM_08100 -            692 GH13_21.hmm          -            308   5.1e-55  191.5   1.6   2   2   9.2e-16   5.1e-13   53.5   0.0   106   307   341   540   317   541 0.77 [190263/504/1]
190263/447/1.f:OLODHC_03105 -            539 GH13_21.hmm          -            308   5.2e-55  191.4   0.6   1   1   1.7e-57   9.7e-55  190.5   0.6     1   306    28   361    28   363 0.78 [190263/447/1]
190263/423/1.f:PDNKFB_11910 -            541 GH13_21.hmm          -            308   5.2e-55  191.4   0.5   1   1   2.5e-57   1.4e-54  190.1   0.5     1   306    28   368    28   370 0.80 [190263/423/1]
190263/472/1.f:NMGHJI_04910 -            559 GH13_21.hmm          -            308     6e-55  191.2   5.5   1   1   2.2e-57   1.2e-54  190.2   5.5     1   306    28   377    28   378 0.81 [190263/472/1]
190263/375/1.f:CNGHJF_04955 -            539 GH13_21.hmm          -            308   7.3e-55  190.9   0.0   1   1   2.1e-57   1.2e-54  190.3   0.0     1   306    28   361    28   363 0.81 [190263/375/1]
190263/541/1.f:IDEEIE_03910 -            541 GH13_21.hmm          -            308   1.8e-54  189.6   0.4   1   1   5.3e-57     3e-54  188.9   0.4     1   306    30   363    30   365 0.81 [190263/541/1]
190263/423/1.f:PDNKFB_07750 -            561 GH13_21.hmm          -            308   2.3e-54  189.3   0.0   1   1     1e-56   5.7e-54  188.0   0.0     1   306    28   374    28   376 0.79 [190263/423/1]
190263/379/1.f:LOJHAC_03790 -            588 GH13_21.hmm          -            308   2.4e-54  189.3   0.3   1   1   1.1e-56   5.9e-54  188.0   0.3     1   306    43   390    43   392 0.85 [190263/379/1]
190263/383/1.f:KCEMEB_04450 -            525 GH13_21.hmm          -            308   2.6e-54  189.1   0.5   1   1   1.6e-56   8.8e-54  187.4   0.5     1   305    28   376    28   378 0.86 [190263/383/1]
190263/456/1.f:LKAJBD_15395 -            681 GH13_21.hmm          -            308   3.4e-54  188.7   0.6   1   2   9.6e-37   5.4e-34  122.4   0.1     1   104    74   177    74   192 0.96 [190263/456/1]
190263/456/1.f:LKAJBD_15395 -            681 GH13_21.hmm          -            308   3.4e-54  188.7   0.6   2   2   5.4e-19     3e-16   64.1   0.0   105   307   331   531   309   532 0.81 [190263/456/1]
190263/474/1.f:AMDJJA_09650 -            608 GH13_21.hmm          -            308   3.6e-54  188.7   4.3   1   1     6e-56   3.3e-53  185.5   3.0     1   307    46   413    46   414 0.85 [190263/474/1]
190263/466/1.f:PGJOII_07605 -            686 GH13_21.hmm          -            308     4e-54  188.5   1.6   1   2   1.2e-36   6.6e-34  122.1   0.4     1   104    79   182    79   195 0.96 [190263/466/1]
190263/466/1.f:PGJOII_07605 -            686 GH13_21.hmm          -            308     4e-54  188.5   1.6   2   2   3.3e-19   1.9e-16   64.8   0.0   103   307   334   536   317   537 0.82 [190263/466/1]
190263/584/1.f:DDCNLE_03835 -            557 GH13_21.hmm          -            308   4.1e-54  188.5   0.1   1   1   3.2e-49   1.8e-46  163.4   0.1     1   161    28   207    28   243 0.94 [190263/584/1]
190263/472/1.f:NMGHJI_16290 -            552 GH13_21.hmm          -            308   5.6e-54  188.0   0.1   1   1   1.6e-56   8.8e-54  187.4   0.1     1   306    30   365    30   367 0.84 [190263/472/1]
190263/433/1.f:ADFNDI_01880 -            557 GH13_21.hmm          -            308     6e-54  187.9   0.0   1   1     2e-56   1.1e-53  187.1   0.0     1   306    28   374    28   376 0.81 [190263/433/1]
190263/382/1.f:JACGKO_00555 -           1160 GH13_21.hmm          -            308   6.4e-54  187.8   1.6   1   1   4.5e-56   2.5e-53  185.9   1.6     1   306   671  1041   671  1043 0.84 [190263/382/1]
190263/527/1.f:HGADJN_09155 -            602 GH13_21.hmm          -            308   7.7e-54  187.6   2.2   1   1   4.6e-49   2.5e-46  162.9   1.4     1   160    46   230    46   247 0.93 [190263/527/1]
190263/495/1.f:ANKNCD_08970 -            565 GH13_21.hmm          -            308   7.9e-54  187.5   0.2   1   1   2.8e-56   1.6e-53  186.6   0.2     1   306    28   374    28   375 0.85 [190263/495/1]
190263/439/1.f:KGLJGB_07065 -            557 GH13_21.hmm          -            308     8e-54  187.5   0.0   1   1   2.2e-56   1.2e-53  186.9   0.0     1   306    28   374    28   376 0.83 [190263/439/1]
190263/496/1.f:JJBAFO_01220 -            456 GH13_21.hmm          -            308   8.2e-54  187.5   0.0   1   1   2.2e-56   1.2e-53  187.0   0.0    10   307    43   338    40   339 0.86 [190263/496/1]
190263/382/1.f:JACGKO_00540 -            554 GH13_21.hmm          -            308   9.3e-54  187.3   0.2   1   1   4.5e-56   2.5e-53  185.9   0.2     1   306    29   376    29   378 0.85 [190263/382/1]
190263/455/1.f:GDGJDA_05900 -            561 GH13_21.hmm          -            308   1.1e-53  187.1   0.0   1   1   4.7e-56   2.6e-53  185.8   0.0     1   306    28   374    28   376 0.83 [190263/455/1]
190263/596/1.f:GDHELL_05465 -            511 GH13_21.hmm          -            308   1.2e-53  187.0   0.3   1   1   6.2e-56   3.4e-53  185.4   0.3     1   305    27   361    27   364 0.84 [190263/596/1]
190263/520/1.f:GGDGDE_02775 -            587 GH13_21.hmm          -            308   1.7e-53  186.4   2.0   1   1   6.2e-56   3.4e-53  185.4   2.0     1   307   107   435   107   436 0.81 [190263/520/1]
190263/447/1.f:OLODHC_03415 -            554 GH13_21.hmm          -            308     2e-53  186.2   4.2   1   1   5.7e-56   3.2e-53  185.6   4.2     1   306    28   370    28   372 0.80 [190263/447/1]
190263/420/1.f:GMHOLO_08275 -            607 GH13_21.hmm          -            308   2.2e-53  186.1   3.1   1   1   6.5e-49   3.6e-46  162.4   1.6     1   161    46   231    46   246 0.93 [190263/420/1]
190263/375/1.f:CNGHJF_04990 -            554 GH13_21.hmm          -            308   2.2e-53  186.1   0.0   1   1   7.4e-56   4.1e-53  185.2   0.0     1   306    28   374    28   376 0.84 [190263/375/1]
190263/527/1.f:HGADJN_09225 -            606 GH13_21.hmm          -            308   2.2e-53  186.1   5.6   1   1   4.4e-55   2.4e-52  182.7   5.6     1   306    46   412    46   414 0.85 [190263/527/1]
190263/532/1.f:BGDBBA_06200 -            558 GH13_21.hmm          -            308   2.4e-53  185.9   0.4   1   1   8.6e-56   4.8e-53  185.0   0.4     1   306    28   374    28   376 0.84 [190263/532/1]
190263/520/1.f:GGDGDE_05590 -            557 GH13_21.hmm          -            308   3.7e-53  185.4   6.9   1   1   1.5e-55   8.5e-53  184.2   6.9     1   306    28   376    28   378 0.81 [190263/520/1]
190263/534/1.f:OHCFJE_04840 -            693 GH13_21.hmm          -            308   8.7e-53  184.1   1.9   1   2   2.2e-38   1.2e-35  127.8   0.3     1   121    83   204    83   224 0.90 [190263/534/1]
190263/534/1.f:OHCFJE_04840 -            693 GH13_21.hmm          -            308   8.7e-53  184.1   1.9   2   2   2.9e-16   1.6e-13   55.1   0.1   106   307   340   539   308   540 0.76 [190263/534/1]
190263/391/1.f:NONBJF_08120 -            693 GH13_21.hmm          -            308   8.7e-53  184.1   1.9   1   2   2.2e-38   1.2e-35  127.8   0.3     1   121    83   204    83   224 0.90 [190263/391/1]
190263/391/1.f:NONBJF_08120 -            693 GH13_21.hmm          -            308   8.7e-53  184.1   1.9   2   2   2.9e-16   1.6e-13   55.1   0.1   106   307   340   539   308   540 0.76 [190263/391/1]
190263/545/1.f:NCJBIN_08240 -            693 GH13_21.hmm          -            308   8.7e-53  184.1   1.9   1   2   2.2e-38   1.2e-35  127.8   0.3     1   121    83   204    83   224 0.90 [190263/545/1]
190263/545/1.f:NCJBIN_08240 -            693 GH13_21.hmm          -            308   8.7e-53  184.1   1.9   2   2   2.9e-16   1.6e-13   55.1   0.1   106   307   340   539   308   540 0.76 [190263/545/1]
190263/468/1.f:DIOFOH_01755 -            517 GH13_21.hmm          -            308   9.5e-53  184.0   1.8   1   1   3.4e-55   1.9e-52  183.0   1.8     1   305    27   363    27   366 0.80 [190263/468/1]
190263/375/1.f:CNGHJF_16955 -            552 GH13_21.hmm          -            308   9.9e-53  183.9   2.7   1   1   3.9e-55   2.1e-52  182.8   2.7     1   306    26   368    26   370 0.79 [190263/375/1]
190263/531/1.f:KJIPPC_09425 -            557 GH13_21.hmm          -            308   1.5e-52  183.4   0.0   1   1   6.5e-55   3.6e-52  182.1   0.0     1   306    28   374    28   376 0.82 [190263/531/1]
190263/382/1.f:JACGKO_02195 -            543 GH13_21.hmm          -            308   1.6e-52  183.3   1.9   1   1   7.8e-55   4.3e-52  181.8   1.9     1   306    25   364    25   366 0.78 [190263/382/1]
190263/409/1.f:AJJCMD_25500 -            555 GH13_21.hmm          -            308   2.3e-52  182.7   4.7   1   1   7.5e-55   4.2e-52  181.9   4.7     1   306    26   368    26   370 0.82 [190263/409/1]
190263/383/1.f:KCEMEB_04820 -            437 GH13_21.hmm          -            308   2.5e-52  182.6   2.6   1   1   9.9e-55   5.5e-52  181.5   2.6     6   306    32   319    28   321 0.89 [190263/383/1]
190263/409/1.f:AJJCMD_20400 -            565 GH13_21.hmm          -            308   4.2e-52  181.9   0.0   1   1   1.5e-54   8.5e-52  180.9   0.0     1   305    28   373    28   375 0.79 [190263/409/1]
190263/478/1.f:BOCJFA_10845 -            558 GH13_21.hmm          -            308   4.5e-52  181.8   0.0   1   1   1.6e-54   8.8e-52  180.8   0.0     1   306    28   376    28   378 0.83 [190263/478/1]
190263/507/1.f:KPMKPI_03005 -            556 GH13_21.hmm          -            308   6.2e-52  181.3   0.0   1   1   1.6e-54   9.1e-52  180.8   0.0     1   306    28   375    28   376 0.86 [190263/507/1]
190263/546/1.f:GEHMID_11585 -            555 GH13_21.hmm          -            308   8.1e-52  180.9   0.0   1   1   4.7e-54   2.6e-51  179.3   0.0     1   306    28   374    28   376 0.86 [190263/546/1]
190263/586/1.f:KBDCAC_04650 -            560 GH13_21.hmm          -            308   9.4e-52  180.7   0.9   1   1   2.7e-54   1.5e-51  180.1   0.9     1   306    26   366    26   368 0.81 [190263/586/1]
190263/370/1.f:MFKGBO_21105 -            550 GH13_21.hmm          -            308   1.2e-51  180.4   0.9   1   1   6.5e-54   3.6e-51  178.8   0.9     1   305    26   365    26   368 0.81 [190263/370/1]
190263/400/1.f:EIBLKL_06495 -            439 GH13_21.hmm          -            308   1.2e-51  180.3   0.5   1   1   4.4e-54   2.4e-51  179.4   0.5     3   307    34   322    33   323 0.90 [190263/400/1]
190263/586/1.f:KBDCAC_00925 -            570 GH13_21.hmm          -            308   1.4e-51  180.1   2.0   1   1   5.9e-54   3.3e-51  179.0   2.0     1   306    27   370    27   372 0.81 [190263/586/1]
190263/446/1.f:LHJMMB_09610 -            772 GH13_21.hmm          -            308     2e-51  179.7   2.3   1   2   1.2e-36   6.8e-34  122.1   0.0     1   105   161   265   161   275 0.97 [190263/446/1]
190263/446/1.f:LHJMMB_09610 -            772 GH13_21.hmm          -            308     2e-51  179.7   2.3   2   2     2e-16   1.1e-13   55.7   0.3   100   306   414   618   400   620 0.80 [190263/446/1]
190263/421/1.f:PBKEAC_05055 -            772 GH13_21.hmm          -            308     2e-51  179.7   2.3   1   2   1.2e-36   6.8e-34  122.1   0.0     1   105   161   265   161   275 0.97 [190263/421/1]
190263/421/1.f:PBKEAC_05055 -            772 GH13_21.hmm          -            308     2e-51  179.7   2.3   2   2     2e-16   1.1e-13   55.7   0.3   100   306   414   618   400   620 0.80 [190263/421/1]
190263/556/1.f:EMIPPF_02175 -            772 GH13_21.hmm          -            308     2e-51  179.6   2.7   1   2   6.8e-37   3.8e-34  122.9   0.0     1   105   161   265   161   275 0.97 [190263/556/1]
190263/556/1.f:EMIPPF_02175 -            772 GH13_21.hmm          -            308     2e-51  179.6   2.7   2   2     3e-16   1.7e-13   55.1   0.4   100   306   414   618   400   620 0.80 [190263/556/1]
190263/584/1.f:DDCNLE_03830 -            556 GH13_21.hmm          -            308   2.5e-51  179.3   5.7   1   1   1.4e-53     8e-51  177.7   5.7     1   306    28   375    28   376 0.85 [190263/584/1]
190263/472/1.f:NMGHJI_04900 -            554 GH13_21.hmm          -            308   2.8e-51  179.2   0.2   1   1   1.3e-53   7.1e-51  177.8   0.2     1   306    28   374    28   376 0.83 [190263/472/1]
190263/429/1.f:OMPHBF_06140 -            518 GH13_21.hmm          -            308     3e-51  179.1   0.0   1   1   1.2e-53   6.4e-51  178.0   0.0     1   305    27   359    27   361 0.89 [190263/429/1]
190263/495/1.f:ANKNCD_06875 -            582 GH13_21.hmm          -            308     3e-51  179.1   2.9   1   1   8.9e-54   4.9e-51  178.4   2.9     1   307    99   428    99   429 0.83 [190263/495/1]
190263/580/1.f:JCPJNN_29355 -            566 GH13_21.hmm          -            308   3.2e-51  179.0   0.1   1   1   2.7e-53   1.5e-50  176.8   0.1     1   306    28   375    28   376 0.77 [190263/580/1]
190263/547/1.f:KJCAKO_04325 -            433 GH13_21.hmm          -            308   3.3e-51  179.0   4.6   1   1   2.7e-53   1.5e-50  176.8   4.6     8   307    36   319    31   320 0.88 [190263/547/1]
190263/596/1.f:GDHELL_05010 -            551 GH13_21.hmm          -            308   3.9e-51  178.7   0.1   1   1   9.6e-54   5.3e-51  178.3   0.1     1   305    76   395    76   398 0.78 [190263/596/1]
190263/520/1.f:GGDGDE_10805 -            560 GH13_21.hmm          -            308   4.4e-51  178.5   0.1   1   1   1.4e-53     8e-51  177.7   0.1     1   306    28   374    28   376 0.87 [190263/520/1]
190263/448/1.f:IBJDOL_10285 -            559 GH13_21.hmm          -            308   5.2e-51  178.3   5.9   1   1   2.1e-53   1.2e-50  177.1   5.9     1   306    26   368    26   369 0.76 [190263/448/1]
190263/443/1.f:LNLACP_11920 -            522 GH13_21.hmm          -            308     6e-51  178.1   0.0   1   1   2.1e-53   1.2e-50  177.2   0.0     1   305    27   368    27   371 0.85 [190263/443/1]
190263/466/1.f:PGJOII_04855 -            554 GH13_21.hmm          -            308   7.3e-51  177.8   0.1   1   1   4.1e-53   2.3e-50  176.2   0.1     1   305    47   384    47   386 0.77 [190263/466/1]
190263/513/1.f:MKNBNH_02055 -            565 GH13_21.hmm          -            308   7.6e-51  177.8   0.3   1   1   9.3e-48   5.2e-45  158.6   0.3     1   161    28   204    28   216 0.92 [190263/513/1]
190263/457/1.f:IIKDLL_06125 -            442 GH13_21.hmm          -            308   8.8e-51  177.5   1.1   1   1   3.8e-53   2.1e-50  176.3   1.1     6   306    40   327    36   329 0.87 [190263/457/1]
190263/456/1.f:LKAJBD_04210 -            560 GH13_21.hmm          -            308   9.3e-51  177.5   0.2   1   1   4.3e-53   2.4e-50  176.1   0.2     1   306    50   391    50   393 0.82 [190263/456/1]
190263/520/1.f:GGDGDE_20000 -            560 GH13_21.hmm          -            308   1.1e-50  177.2   6.4   1   1   4.8e-53   2.7e-50  176.0   6.4     1   306    29   377    29   379 0.79 [190263/520/1]
190263/456/1.f:LKAJBD_04235 -            560 GH13_21.hmm          -            308   1.5e-50  176.8   0.1   1   1   8.2e-53   4.5e-50  175.2   0.1     1   305    53   390    53   392 0.77 [190263/456/1]
190263/466/1.f:PGJOII_04830 -            560 GH13_21.hmm          -            308   1.8e-50  176.5   0.1   1   1   7.6e-53   4.2e-50  175.3   0.1     1   306    50   391    50   393 0.83 [190263/466/1]
190263/546/1.f:GEHMID_00295 -            565 GH13_21.hmm          -            308   2.3e-50  176.2   6.0   1   1   1.4e-52   7.8e-50  174.4   6.0     1   306    28   375    28   376 0.83 [190263/546/1]
190263/460/1.f:IHFGKI_10500 -            578 GH13_21.hmm          -            308   2.7e-50  175.9   0.0   1   1     1e-51   5.6e-49  171.6   0.0     1   305    53   414    53   417 0.79 [190263/460/1]
190263/540/1.f:BCGFLB_01175 -            585 GH13_21.hmm          -            308   2.9e-50  175.9   0.9   1   1   2.4e-52   1.3e-49  173.7   0.9     1   306    45   392    45   394 0.85 [190263/540/1]
190263/447/1.f:OLODHC_03420 -            676 GH13_21.hmm          -            308     3e-50  175.8   0.2   1   1   1.4e-52   7.6e-50  174.5   0.2    11   306    39   321    31   323 0.87 [190263/447/1]
190263/526/1.f:GBBCGM_01410 -            561 GH13_21.hmm          -            308   4.6e-50  175.2   0.8   1   1   6.2e-52   3.4e-49  172.3   0.1     1   304    31   374    31   377 0.82 [190263/526/1]
190263/495/1.f:ANKNCD_19165 -            436 GH13_21.hmm          -            308   6.8e-50  174.6   1.0   1   1   3.3e-52   1.8e-49  173.2   1.0     7   305    35   320    32   323 0.88 [190263/495/1]
190263/409/1.f:AJJCMD_12165 -            510 GH13_21.hmm          -            308   1.3e-49  173.7   0.0   1   1   7.5e-52   4.2e-49  172.0   0.0     1   305    27   361    27   363 0.81 [190263/409/1]
190263/458/1.f:AMPCAI_06050 -            434 GH13_21.hmm          -            308   1.5e-49  173.5   0.9   1   1   8.5e-52   4.7e-49  171.9   0.9     6   307    34   318    32   319 0.87 [190263/458/1]
190263/478/1.f:BOCJFA_08205 -            581 GH13_21.hmm          -            308   1.9e-49  173.2   2.0   1   1   2.5e-51   1.4e-48  170.3   2.0    10   307    40   319    33   320 0.87 [190263/478/1]
190263/520/1.f:GGDGDE_16030 -            436 GH13_21.hmm          -            308   2.2e-49  172.9   1.9   1   1   1.2e-51   6.9e-49  171.3   1.9     7   305    35   320    32   323 0.88 [190263/520/1]
190263/421/1.f:PBKEAC_02115 -            559 GH13_21.hmm          -            308   5.8e-49  171.6   0.1   1   1   5.8e-51   3.2e-48  169.1   0.1     1   306    50   393    50   395 0.79 [190263/421/1]
190263/452/1.f:PEIHBN_02820 -            435 GH13_21.hmm          -            308   5.8e-49  171.6   0.3   1   1   6.4e-51   3.6e-48  169.0   0.3     8   307    36   322    31   323 0.88 [190263/452/1]
190263/527/1.f:HGADJN_08845 -            535 GH13_21.hmm          -            308   6.2e-49  171.5   0.0   1   1   2.4e-51   1.3e-48  170.4   0.0     1   305    35   378    35   380 0.80 [190263/527/1]
190263/527/1.f:HGADJN_08895 -            586 GH13_21.hmm          -            308   6.4e-49  171.4   1.3   1   1   2.3e-51   1.3e-48  170.4   1.3     1   305    37   402    37   405 0.79 [190263/527/1]
190263/439/1.f:KGLJGB_08645 -            433 GH13_21.hmm          -            308   6.5e-49  171.4   1.5   1   1   3.4e-51   1.9e-48  169.9   1.5     6   305    34   320    31   323 0.87 [190263/439/1]
190263/549/1.f:CNBDFB_03745 -            437 GH13_21.hmm          -            308   6.5e-49  171.4   0.1   1   1   2.4e-51   1.3e-48  170.4   0.1     6   306    34   321    31   323 0.88 [190263/549/1]
190263/443/1.f:LNLACP_13505 -            440 GH13_21.hmm          -            308   7.9e-49  171.1   0.5   1   1   3.4e-51   1.9e-48  169.9   0.5     9   307    41   326    35   327 0.88 [190263/443/1]
190263/472/1.f:NMGHJI_09485 -            582 GH13_21.hmm          -            308   1.1e-48  170.7   1.9   1   1   1.3e-50   7.2e-48  168.0   1.9    10   307    40   319    33   320 0.87 [190263/472/1]
190263/433/1.f:ADFNDI_04915 -            563 GH13_21.hmm          -            308   1.1e-48  170.7   2.7   1   1   1.3e-50     7e-48  168.0   2.7    10   307    40   319    33   320 0.87 [190263/433/1]
190263/490/1.f:OIBLLI_01470 -            436 GH13_21.hmm          -            308   1.1e-48  170.6   1.0   1   1   4.8e-51   2.7e-48  169.4   1.0     9   305    37   320    32   323 0.88 [190263/490/1]
190263/455/1.f:GDGJDA_12270 -            434 GH13_21.hmm          -            308   1.7e-48  170.0   0.1   1   1   7.2e-51     4e-48  168.8   0.1    11   306    39   321    34   323 0.89 [190263/455/1]
190263/375/1.f:CNGHJF_00695 -            444 GH13_21.hmm          -            308   3.1e-48  169.2   0.1   1   1   3.9e-50   2.2e-47  166.4   0.1     8   307    39   319    35   320 0.86 [190263/375/1]
190263/578/1.f:HIHCLH_07765 -            543 GH13_21.hmm          -            308   3.5e-48  169.0   0.2   1   1     1e-50   5.7e-48  168.3   0.2     1   307    71   394    71   395 0.84 [190263/578/1]
190263/513/1.f:MKNBNH_10810 -            530 GH13_21.hmm          -            308   4.7e-48  168.6   0.5   1   1   1.5e-50   8.2e-48  167.8   0.5     1   305    27   376    27   378 0.82 [190263/513/1]
190263/531/1.f:KJIPPC_09870 -            435 GH13_21.hmm          -            308   4.7e-48  168.6   1.1   1   1   1.9e-50   1.1e-47  167.4   1.1    11   304    39   319    33   323 0.88 [190263/531/1]
190263/384/1.f:CDKGIA_01545 -            446 GH13_21.hmm          -            308   5.1e-48  168.5   0.7   1   1   7.7e-50   4.3e-47  165.4   0.7     9   307    40   319    34   320 0.88 [190263/384/1]
190263/412/1.f:OOIBGL_10985 -            436 GH13_21.hmm          -            308   5.4e-48  168.4   1.1   1   1   2.7e-50   1.5e-47  166.9   1.1     7   305    35   320    32   323 0.87 [190263/412/1]
190263/409/1.f:AJJCMD_01560 -            444 GH13_21.hmm          -            308   5.6e-48  168.3   0.4   1   1   1.5e-49   8.6e-47  164.4   0.4     8   307    39   319    34   320 0.86 [190263/409/1]
190263/384/1.f:CDKGIA_03450 -            548 GH13_21.hmm          -            308   6.6e-48  168.1   0.7   1   1   2.6e-50   1.4e-47  167.0   0.7     1   306    26   366    26   368 0.78 [190263/384/1]
190263/580/1.f:JCPJNN_23320 -            440 GH13_21.hmm          -            308   7.7e-48  167.9   0.2   1   1   4.5e-50   2.5e-47  166.2   0.2     7   307    39   326    32   327 0.85 [190263/580/1]
190263/429/1.f:OMPHBF_14120 -            535 GH13_21.hmm          -            308   8.7e-48  167.7   0.0   1   1   5.2e-50   2.9e-47  166.0   0.0     9   306    40   323    34   325 0.88 [190263/429/1]
190263/512/1.f:JBCLGH_10695 -            448 GH13_21.hmm          -            308   9.4e-48  167.6   0.1   1   1   5.1e-50   2.8e-47  166.0   0.1    11   307    39   322    33   323 0.88 [190263/512/1]
190263/390/1.f:OLPOLE_07045 -            435 GH13_21.hmm          -            308   9.4e-48  167.6   0.0   1   1   3.2e-50   1.8e-47  166.7   0.0    10   307    38   322    34   323 0.90 [190263/390/1]
190263/513/1.f:MKNBNH_11095 -            598 GH13_21.hmm          -            308     1e-47  167.5   2.8   1   1   1.2e-49   6.7e-47  164.8   2.8    10   307    40   319    33   320 0.87 [190263/513/1]
190263/423/1.f:PDNKFB_07145 -            434 GH13_21.hmm          -            308   1.2e-47  167.2   0.8   1   1   4.7e-50   2.6e-47  166.1   0.8     7   304    35   320    32   324 0.86 [190263/423/1]
190263/507/1.f:KPMKPI_14695 -            453 GH13_21.hmm          -            308   1.4e-47  167.0   0.2   1   1   4.8e-50   2.7e-47  166.1   0.2     8   307    38   326    33   327 0.82 [190263/507/1]
190263/477/1.f:PCLDCI_13985 -            551 GH13_21.hmm          -            308   1.4e-47  167.0   1.3   1   1   5.6e-50   3.1e-47  165.9   1.3     7   306    38   323    33   325 0.88 [190263/477/1]
190263/584/1.f:DDCNLE_06665 -            431 GH13_21.hmm          -            308   2.2e-47  166.4   0.7   1   1   1.7e-49   9.4e-47  164.3   0.7     6   307    34   318    31   319 0.89 [190263/584/1]
190263/541/1.f:IDEEIE_03490 -            435 GH13_21.hmm          -            308   2.4e-47  166.3   0.1   1   1   1.3e-49   7.1e-47  164.7   0.1    11   306    39   321    33   323 0.88 [190263/541/1]
190263/537/1.f:AHPNMI_04290 -            436 GH13_21.hmm          -            308   2.9e-47  166.0   0.4   1   1   2.1e-49   1.2e-46  164.0   0.4    11   307    39   322    31   323 0.88 [190263/537/1]
190263/578/1.f:HIHCLH_08785 -            436 GH13_21.hmm          -            308   3.1e-47  165.9   2.2   1   1   3.9e-49   2.2e-46  163.1   2.2     9   305    37   320    29   323 0.84 [190263/578/1]
190263/580/1.f:JCPJNN_09070 -            521 GH13_21.hmm          -            308   4.6e-47  165.3   0.0   1   1     3e-49   1.7e-46  163.5   0.0     1   305    27   360    27   362 0.87 [190263/580/1]
190263/546/1.f:GEHMID_08575 -            456 GH13_21.hmm          -            308   8.8e-47  164.4   2.9   1   1   3.8e-49   2.1e-46  163.2   2.9     6   307    37   325    33   326 0.85 [190263/546/1]
190263/596/1.f:GDHELL_00025 -            558 GH13_21.hmm          -            308   1.3e-46  163.8   5.1   1   1   5.4e-49     3e-46  162.7   5.1     4   306    33   321    31   323 0.88 [190263/596/1]
190263/370/1.f:MFKGBO_01025 -            448 GH13_21.hmm          -            308   1.8e-46  163.4   0.2   1   1   3.5e-48   1.9e-45  160.0   0.2     8   307    39   319    34   320 0.88 [190263/370/1]
190263/567/1.f:NOEGFN_05575 -            550 GH13_21.hmm          -            308   2.4e-46  163.0   0.3   1   1   1.6e-48   8.8e-46  161.1   0.3     6   307    36   323    32   324 0.87 [190263/567/1]
190263/565/1.f:PAEINE_09665 -            458 GH13_21.hmm          -            308   4.3e-46  162.1   0.1   1   1   2.3e-48   1.3e-45  160.6   0.1     6   307    49   337    46   338 0.89 [190263/565/1]
190263/400/1.f:EIBLKL_04930 -            512 GH13_21.hmm          -            308   8.5e-46  161.2   0.0   1   1   7.6e-48   4.2e-45  158.9   0.0     1   305    27   356    27   358 0.82 [190263/400/1]
190263/557/1.f:DOLMEB_10490 -            442 GH13_21.hmm          -            308   1.7e-45  160.2   0.0   1   1     9e-48     5e-45  158.6   0.0    11   306    39   321    34   323 0.88 [190263/557/1]
190263/576/1.f:FNMBCG_04310 -            452 GH13_21.hmm          -            308     4e-45  159.0   1.8   1   1   1.3e-47   7.4e-45  158.1   1.8    14   307    45   321    40   322 0.88 [190263/576/1]
190263/474/1.f:AMDJJA_00520 -            628 GH13_21.hmm          -            308   4.8e-45  158.7   0.0   1   2   2.3e-28   1.3e-25   94.9   0.0     1    91    39   129    39   143 0.93 [190263/474/1]
190263/474/1.f:AMDJJA_00520 -            628 GH13_21.hmm          -            308   4.8e-45  158.7   0.0   2   2   2.7e-18   1.5e-15   61.8   0.0   133   305   255   436   168   438 0.78 [190263/474/1]
190263/560/1.f:OAGBLH_03685 -            533 GH13_21.hmm          -            308   6.7e-45  158.2   4.7   1   1   3.2e-47   1.8e-44  156.8   4.7    10   307    40   323    35   324 0.85 [190263/560/1]
190263/468/1.f:DIOFOH_00365 -            527 GH13_21.hmm          -            308   8.7e-45  157.9   7.3   1   1   3.9e-47   2.2e-44  156.5   6.0    10   307    40   321    36   322 0.84 [190263/468/1]
190263/565/1.f:PAEINE_04520 -            577 GH13_21.hmm          -            308   1.9e-44  156.7   1.1   1   1   3.5e-46     2e-43  153.4   1.1     1   304    34   399    34   402 0.82 [190263/565/1]
190263/532/1.f:BGDBBA_08525 -            550 GH13_21.hmm          -            308   4.1e-44  155.7   3.6   1   1   4.3e-46   2.4e-43  153.1   3.6    11   307    40   319    32   320 0.86 [190263/532/1]
190263/368/1.f:HPMDBE_20180 -            615 GH13_21.hmm          -            308   5.1e-44  155.3   3.4   1   1   1.7e-46   9.5e-44  154.4   3.4     1   307   162   481   162   482 0.79 [190263/368/1]
190263/379/1.f:LOJHAC_21325 -            615 GH13_21.hmm          -            308   5.1e-44  155.3   3.4   1   1   1.7e-46   9.5e-44  154.4   3.4     1   307   162   481   162   482 0.79 [190263/379/1]
190263/516/1.f:MGNFBC_18275 -            615 GH13_21.hmm          -            308   7.7e-44  154.7   3.6   1   1   2.6e-46   1.4e-43  153.9   3.6     1   307   162   481   162   482 0.79 [190263/516/1]
190263/396/1.f:KAAOMA_13065 -            528 GH13_21.hmm          -            308   7.8e-44  154.7   0.2   1   1   2.6e-46   1.5e-43  153.8   0.2     4   307    35   325    33   326 0.85 [190263/396/1]
190263/474/1.f:AMDJJA_00490 -            604 GH13_21.hmm          -            308   8.7e-44  154.6   3.0   1   1   5.1e-46   2.8e-43  152.9   3.0     1   304    33   401    33   404 0.85 [190263/474/1]
190263/514/1.f:MMHOAN_01610 -            441 GH13_21.hmm          -            308   1.5e-43  153.8   0.2   1   1   9.9e-46   5.5e-43  151.9   0.2    12   306    40   321    35   323 0.86 [190263/514/1]
190263/386/1.f:DBGIOG_09510 -            457 GH13_21.hmm          -            308   2.3e-43  153.2   0.5   1   1   7.8e-46   4.3e-43  152.3   0.5    10   307    41   327    34   328 0.83 [190263/386/1]
190263/363/1.f:CIHHOC_14895 -            450 GH13_21.hmm          -            308   3.6e-43  152.5   0.1   1   1   1.4e-45   7.7e-43  151.5   0.1     8   306    39   324    36   326 0.85 [190263/363/1]
190263/487/1.f:MPKEFC_06950 -            441 GH13_21.hmm          -            308   3.8e-43  152.4   1.6   1   1   1.6e-45     9e-43  151.2   1.6     7   307    39   326    35   327 0.87 [190263/487/1]
190263/422/1.f:HJBCNJ_14695 -            443 GH13_21.hmm          -            308   1.3e-42  150.7   0.0   1   1   3.1e-45   1.7e-42  150.3   0.0     1   139   175   322   175   325 0.99 [190263/422/1]
190263/368/1.f:HPMDBE_16265 -            613 GH13_21.hmm          -            308   2.8e-42  149.6   0.9   1   1   8.7e-45   4.8e-42  148.8   0.9     1   307   158   477   158   478 0.78 [190263/368/1]
190263/527/1.f:HGADJN_00335 -            625 GH13_21.hmm          -            308   2.8e-42  149.6   0.9   1   1   1.4e-33   7.7e-31  112.0   0.2     1   201    27   261    27   273 0.81 [190263/527/1]
190263/516/1.f:MGNFBC_14175 -            613 GH13_21.hmm          -            308   3.3e-42  149.4   0.8   1   1   1.1e-44   5.9e-42  148.6   0.8     1   307   158   477   158   478 0.78 [190263/516/1]
190263/379/1.f:LOJHAC_16730 -            613 GH13_21.hmm          -            308   3.4e-42  149.3   0.8   1   1   1.1e-44   5.9e-42  148.6   0.8     1   307   158   477   158   478 0.78 [190263/379/1]
190263/405/1.f:EHKDKA_23990 -            628 GH13_21.hmm          -            308   4.4e-42  149.0   1.5   1   1   3.5e-44   1.9e-41  146.8   1.5     1   307   177   494   177   495 0.77 [190263/405/1]
190263/405/1.f:EHKDKA_03425 -            619 GH13_21.hmm          -            308   5.1e-42  148.7   0.3   1   1   1.5e-44   8.2e-42  148.1   0.3     1   305   163   478   163   480 0.83 [190263/405/1]
190263/420/1.f:GMHOLO_08475 -            583 GH13_21.hmm          -            308   9.4e-42  147.9   4.7   1   1   6.6e-44   3.7e-41  145.9   4.7     1   304    33   401    33   404 0.82 [190263/420/1]
190263/502/1.f:NONHGB_22080 -            651 GH13_21.hmm          -            308   1.8e-41  147.0   1.9   1   1   8.5e-44   4.7e-41  145.6   1.9     1   307   200   517   200   518 0.77 [190263/502/1]
190263/391/1.f:NONBJF_08175 -            616 GH13_21.hmm          -            308   1.1e-40  144.3   4.9   1   1   3.4e-43   1.9e-40  143.6   4.9     1   305   164   481   164   484 0.83 [190263/391/1]
190263/534/1.f:OHCFJE_04790 -            616 GH13_21.hmm          -            308   1.1e-40  144.3   4.9   1   1   3.4e-43   1.9e-40  143.6   4.9     1   305   164   481   164   484 0.83 [190263/534/1]
190263/545/1.f:NCJBIN_08290 -            616 GH13_21.hmm          -            308   1.1e-40  144.3   4.9   1   1   3.4e-43   1.9e-40  143.6   4.9     1   305   164   481   164   484 0.83 [190263/545/1]
190263/388/1.f:FDDJJK_07165 -            616 GH13_21.hmm          -            308   1.2e-40  144.3   4.9   1   1   3.4e-43   1.9e-40  143.6   4.9     1   305   164   481   164   484 0.83 [190263/388/1]
190263/474/1.f:AMDJJA_04205 -            431 GH13_21.hmm          -            308   3.6e-40  142.7   0.1   1   1   3.1e-42   1.7e-39  140.4   0.1     9   306    52   331    45   333 0.84 [190263/474/1]
190263/434/1.f:NCAOKI_06450 -            529 GH13_21.hmm          -            308   3.7e-40  142.7   0.0   1   1   2.2e-42   1.2e-39  141.0   0.0    11   306    49   341    41   343 0.85 [190263/434/1]
190263/461/1.f:DHPHOK_10950 -            616 GH13_21.hmm          -            308   4.4e-40  142.4   5.0   1   1   1.2e-42   6.9e-40  141.8   5.0     1   306   163   481   163   483 0.80 [190263/461/1]
190263/425/1.f:HPANHD_10050 -            607 GH13_21.hmm          -            308   9.4e-40  141.3   0.0   1   1     5e-42   2.8e-39  139.8   0.0     1   301   180   474   180   480 0.89 [190263/425/1]
190263/522/1.f:NPJBCH_12425 -            639 GH13_21.hmm          -            308   1.3e-39  140.9   2.5   1   1   4.5e-42   2.5e-39  139.9   2.5     1   307   162   505   162   506 0.79 [190263/522/1]
190263/502/1.f:NONHGB_11410 -            616 GH13_21.hmm          -            308   1.8e-39  140.4   4.9   1   1   5.1e-42   2.8e-39  139.8   4.9     1   306   163   481   163   483 0.77 [190263/502/1]
190263/369/1.f:JCDIFE_19125 -            616 GH13_21.hmm          -            308   3.4e-39  139.5   5.7   1   1   9.5e-42   5.3e-39  138.9   5.7     1   306   163   481   163   483 0.78 [190263/369/1]
190263/405/1.f:EHKDKA_13290 -            616 GH13_21.hmm          -            308   3.7e-39  139.4   4.9   1   1     1e-41   5.7e-39  138.8   4.9     1   306   163   481   163   483 0.77 [190263/405/1]
190263/401/1.f:DMFJNH_07625 -            617 GH13_21.hmm          -            308   4.1e-39  139.2   4.0   1   1   1.2e-41   6.7e-39  138.5   4.0     1   305   165   482   165   485 0.80 [190263/401/1]
190263/504/1.f:DOAHDM_08130 -            617 GH13_21.hmm          -            308   4.1e-39  139.2   4.0   1   1   1.2e-41   6.7e-39  138.5   4.0     1   305   165   482   165   485 0.80 [190263/504/1]
190263/552/1.f:EMALNL_07985 -            684 GH13_21.hmm          -            308   5.2e-39  138.9   3.9   1   1   1.5e-41   8.4e-39  138.2   3.9     1   305   232   549   232   552 0.82 [190263/552/1]
190263/562/1.f:KJGNCK_02025 -            684 GH13_21.hmm          -            308   5.2e-39  138.9   3.9   1   1   1.5e-41   8.4e-39  138.2   3.9     1   305   232   549   232   552 0.82 [190263/562/1]
190263/456/1.f:LKAJBD_09060 -            616 GH13_21.hmm          -            308   8.4e-39  138.2   4.3   1   1   2.6e-41   1.5e-38  137.4   4.3     1   306   163   481   163   483 0.77 [190263/456/1]
190263/417/1.f:MHBJAE_19300 -            616 GH13_21.hmm          -            308   8.5e-39  138.2   7.0   1   1   2.3e-41   1.3e-38  137.6   7.0     1   306   163   481   163   483 0.77 [190263/417/1]
190263/488/1.f:DNPFAC_20990 -            616 GH13_21.hmm          -            308   1.6e-38  137.3   6.8   1   1   4.4e-41   2.5e-38  136.7   6.8     1   306   163   481   163   483 0.77 [190263/488/1]
190263/573/1.f:LIDFCI_15590 -            617 GH13_21.hmm          -            308   2.3e-38  136.7   5.3   1   1   8.3e-41   4.6e-38  135.8   5.3     1   305   165   482   165   485 0.81 [190263/573/1]
190263/475/1.f:MCKEEP_01645 -            617 GH13_21.hmm          -            308   3.3e-38  136.2   5.2   1   1   1.2e-40   6.5e-38  135.3   5.2     1   305   165   482   165   485 0.81 [190263/475/1]
190263/466/1.f:PGJOII_14705 -            616 GH13_21.hmm          -            308   4.4e-38  135.8   4.4   1   1   1.3e-40   7.1e-38  135.2   4.4     1   306   163   481   163   483 0.76 [190263/466/1]
190263/595/1.f:HGDLEC_06160 -            640 GH13_21.hmm          -            308   6.9e-38  135.2   2.6   1   1   2.4e-40   1.3e-37  134.3   2.6     1   307   162   506   162   507 0.76 [190263/595/1]
190263/460/1.f:IHFGKI_10900 -            641 GH13_21.hmm          -            308   6.5e-37  132.0   3.1   1   1   2.5e-39   1.4e-36  130.9   3.1     1   307   162   507   162   508 0.76 [190263/460/1]
190263/399/1.f:CDLIDF_07515 -            617 GH13_21.hmm          -            308   7.4e-37  131.8   4.4   1   1   4.2e-39   2.4e-36  130.2   4.4     1   307   165   484   165   485 0.78 [190263/399/1]
190263/368/1.f:HPMDBE_16250 -            612 GH13_21.hmm          -            308   2.3e-36  130.2   0.9   1   1   8.1e-39   4.5e-36  129.2   0.9     1   307   163   475   163   476 0.85 [190263/368/1]
190263/379/1.f:LOJHAC_16715 -            612 GH13_21.hmm          -            308   2.3e-36  130.2   0.9   1   1   8.1e-39   4.5e-36  129.2   0.9     1   307   163   475   163   476 0.85 [190263/379/1]
190263/516/1.f:MGNFBC_14160 -            612 GH13_21.hmm          -            308   2.3e-36  130.2   0.9   1   1   8.1e-39   4.5e-36  129.2   0.9     1   307   163   475   163   476 0.85 [190263/516/1]
190263/421/1.f:PBKEAC_05065 -            625 GH13_21.hmm          -            308   8.3e-36  128.4   0.0   1   1   2.3e-38   1.3e-35  127.8   0.0     1   305   170   485   170   488 0.80 [190263/421/1]
190263/446/1.f:LHJMMB_09600 -            625 GH13_21.hmm          -            308   8.3e-36  128.4   0.0   1   1   2.3e-38   1.3e-35  127.8   0.0     1   305   170   485   170   488 0.80 [190263/446/1]
190263/556/1.f:EMIPPF_02185 -            625 GH13_21.hmm          -            308   8.3e-36  128.4   0.0   1   1   2.3e-38   1.3e-35  127.7   0.0     1   305   170   485   170   488 0.80 [190263/556/1]
190263/437/1.f:LBKKEJ_03795 -            617 GH13_21.hmm          -            308   1.2e-35  127.8   4.8   1   1   3.9e-38   2.1e-35  127.0   4.8     1   307   165   484   165   485 0.76 [190263/437/1]
190263/583/1.f:BCCKNC_06565 -            624 GH13_21.hmm          -            308   9.4e-35  124.9   0.1   1   1   8.3e-37   4.6e-34  122.6   0.1     1   307   163   482   163   483 0.77 [190263/583/1]
190263/546/1.f:GEHMID_12200 -            622 GH13_21.hmm          -            308   4.6e-32  116.1   0.0   1   1     4e-30   2.2e-27  100.7   0.0     1   227    91   352    91   369 0.84 [190263/546/1]
190263/421/1.f:PBKEAC_05060 -            445 GH13_21.hmm          -            308     3e-31  113.4   0.3   1   1   6.2e-33   3.5e-30  109.9   0.3     1   305    47   325    47   327 0.86 [190263/421/1]
190263/446/1.f:LHJMMB_09605 -            445 GH13_21.hmm          -            308     3e-31  113.4   0.3   1   1   6.2e-33   3.5e-30  109.9   0.3     1   305    47   325    47   327 0.86 [190263/446/1]
190263/443/1.f:LNLACP_05295 -            749 GH13_21.hmm          -            308     7e-31  112.2   0.0   1   1   2.6e-30   1.5e-27  101.3   0.0     1   212   216   461   216   490 0.77 [190263/443/1]
190263/495/1.f:ANKNCD_08725 -           1674 GH13_21.hmm          -            308   7.6e-31  112.1   5.7   1   1   7.1e-33     4e-30  109.7   5.7     1   307   963  1272   963  1273 0.76 [190263/495/1]
190263/455/1.f:GDGJDA_03815 -            611 GH13_21.hmm          -            308   1.1e-30  111.5   0.0   1   1   1.5e-29   8.1e-27   98.8   0.0     1   212    82   327    82   369 0.82 [190263/455/1]
190263/362/1.f:KJODLM_11060 -            151 GH13_21.hmm          -            308   1.3e-30  111.3   0.4   1   1   2.7e-33   1.5e-30  111.1   0.4     1   108    26   134    26   149 0.89 [190263/362/1]
190263/556/1.f:EMIPPF_02180 -            445 GH13_21.hmm          -            308   1.9e-30  110.7   0.3   1   1     4e-32   2.2e-29  107.2   0.3     1   305    47   325    47   327 0.86 [190263/556/1]
190263/549/1.f:CNBDFB_11595 -            622 GH13_21.hmm          -            308   2.1e-30  110.6   0.2   1   1   9.9e-29   5.5e-26   96.1   0.0     1   198    84   311    84   371 0.81 [190263/549/1]
190263/433/1.f:ADFNDI_16890 -            659 GH13_21.hmm          -            308   4.7e-30  109.5   0.2   1   1   5.4e-30     3e-27  100.2   0.1     1   199   129   357   129   402 0.84 [190263/433/1]
190263/423/1.f:PDNKFB_06835 -           1368 GH13_21.hmm          -            308   8.4e-30  108.6   5.6   1   1   1.5e-32   8.4e-30  108.6   5.6     1   307   841  1150   841  1151 0.77 [190263/423/1]
190263/472/1.f:NMGHJI_14085 -            743 GH13_21.hmm          -            308   2.8e-29  106.9   0.0   1   1   1.6e-28   8.7e-26   95.4   0.0     3   194   214   435   212   464 0.83 [190263/472/1]
190263/409/1.f:AJJCMD_00170 -            628 GH13_21.hmm          -            308   4.9e-29  106.1   0.0   1   1     8e-28   4.4e-25   93.1   0.0     1   212    82   327    82   362 0.77 [190263/409/1]
190263/596/1.f:GDHELL_04035 -            427 GH13_21.hmm          -            308   5.2e-29  106.0   0.2   1   1   1.4e-31   7.9e-29  105.4   0.2     1   306    26   317    26   318 0.85 [190263/596/1]
190263/478/1.f:BOCJFA_00930 -            611 GH13_21.hmm          -            308   1.1e-28  105.0   0.2   1   1   4.3e-29   2.4e-26   97.3   0.0     1   225    82   341    82   370 0.80 [190263/478/1]
190263/513/1.f:MKNBNH_04430 -            616 GH13_21.hmm          -            308   1.4e-28  104.7   0.0   1   1   3.7e-28   2.1e-25   94.2   0.0     1   222    88   344    88   366 0.80 [190263/513/1]
190263/384/1.f:CDKGIA_19560 -            614 GH13_21.hmm          -            308   3.9e-28  103.2   0.0   1   1   1.8e-27   9.8e-25   92.0   0.0     1   227    81   342    81   368 0.82 [190263/384/1]
190263/368/1.f:HPMDBE_05310 -            486 GH13_21.hmm          -            308   6.6e-28  102.4   0.1   1   1   3.2e-30   1.8e-27  101.0   0.1    62   306     3   288     1   290 0.82 [190263/368/1]
190263/562/1.f:KJGNCK_01560 -            454 GH13_21.hmm          -            308   1.9e-27  100.9   0.4   1   1   4.2e-28   2.3e-25   94.0   0.4     3   306    60   334    58   336 0.81 [190263/562/1]
190263/595/1.f:HGDLEC_07220 -           1077 GH13_21.hmm          -            308     3e-27  100.3   0.8   1   1   1.7e-23   9.2e-21   78.9   0.9     1   197    76   325    76   374 0.85 [190263/595/1]
190263/433/1.f:ADFNDI_04815 -            730 GH13_21.hmm          -            308   3.9e-27   99.9   0.0   1   1   2.3e-26   1.3e-23   88.3   0.0     1   194   198   421   198   457 0.83 [190263/433/1]
190263/405/1.f:EHKDKA_03925 -            447 GH13_21.hmm          -            308   4.3e-27   99.7   1.8   1   1   1.3e-28   7.2e-26   95.7   1.8     3   304    58   332    56   335 0.80 [190263/405/1]
190263/421/1.f:PBKEAC_13760 -            423 GH13_21.hmm          -            308   4.4e-27   99.7   0.4   1   1   2.5e-29   1.4e-26   98.1   0.4     1   305    22   302    22   304 0.82 [190263/421/1]
190263/585/1.f:DLBDDB_01385 -            809 GH13_21.hmm          -            308   4.8e-27   99.6   1.6   1   1   1.8e-28   9.9e-26   95.3   1.2     1   196   372   569   372   578 0.88 [190263/585/1]
190263/507/1.f:KPMKPI_15040 -            616 GH13_21.hmm          -            308   5.3e-27   99.4   0.3   1   1   1.1e-26     6e-24   89.4   0.0     2   198    88   314    87   364 0.86 [190263/507/1]
190263/502/1.f:NONHGB_03625 -            447 GH13_21.hmm          -            308     1e-26   98.5   1.6   1   1   3.1e-28   1.7e-25   94.5   1.6     3   304    58   332    56   335 0.80 [190263/502/1]
190263/446/1.f:LHJMMB_14315 -            427 GH13_21.hmm          -            308   2.9e-26   97.0   0.4   1   1   1.1e-28     6e-26   96.0   0.4     1   305    26   306    26   308 0.82 [190263/446/1]
190263/366/1.f:DBJPFP_13280 -            423 GH13_21.hmm          -            308   3.6e-26   96.7   0.3   1   1   1.7e-28   9.4e-26   95.3   0.3     1   305    22   302    22   304 0.82 [190263/366/1]
190263/595/1.f:HGDLEC_06210 -            450 GH13_21.hmm          -            308   3.7e-26   96.7   0.9   1   1   1.3e-28   7.2e-26   95.7   0.9     3   304    49   327    47   329 0.84 [190263/595/1]
190263/447/1.f:OLODHC_03835 -            613 GH13_21.hmm          -            308   4.7e-26   96.3   0.1   1   1   1.9e-24   1.1e-21   82.0   0.0     1   212    85   330    85   374 0.83 [190263/447/1]
190263/556/1.f:EMIPPF_12930 -            425 GH13_21.hmm          -            308   4.8e-26   96.3   0.5   1   1   2.5e-28   1.4e-25   94.8   0.5     1   305    24   304    24   306 0.81 [190263/556/1]
190263/523/1.f:MDNHKG_06170 -            426 GH13_21.hmm          -            308   5.3e-26   96.2   0.2   1   1   3.4e-28   1.9e-25   94.4   0.2     1   305    24   303    24   305 0.82 [190263/523/1]
190263/488/1.f:DNPFAC_21035 -            952 GH13_21.hmm          -            308   5.3e-26   96.1   0.3   1   1   1.7e-28   9.7e-26   95.3   0.3     1   227   517   748   517   823 0.76 [190263/488/1]
190263/496/1.f:JJBAFO_05545 -            425 GH13_21.hmm          -            308   1.3e-25   94.9   0.0   1   1   3.3e-28   1.8e-25   94.4   0.0     7   305    32   316    26   318 0.86 [190263/496/1]
190263/417/1.f:MHBJAE_19340 -            953 GH13_21.hmm          -            308   1.4e-25   94.7   0.3   1   1   5.3e-28   2.9e-25   93.7   0.3     1   209   518   730   518   823 0.85 [190263/417/1]
190263/369/1.f:JCDIFE_20170 -            859 GH13_21.hmm          -            308   5.4e-25   92.8   1.7   1   1   3.5e-27   1.9e-24   91.0   1.7     1   303   435   731   435   735 0.76 [190263/369/1]
190263/552/1.f:EMALNL_07955 -            758 GH13_21.hmm          -            308   6.5e-25   92.6   2.1   1   1   1.9e-27   1.1e-24   91.9   2.1     1   303   329   631   329   635 0.79 [190263/552/1]
190263/562/1.f:KJGNCK_02055 -            758 GH13_21.hmm          -            308   6.5e-25   92.6   2.1   1   1   1.9e-27   1.1e-24   91.9   2.1     1   303   329   631   329   635 0.79 [190263/562/1]
190263/573/1.f:LIDFCI_15620 -            783 GH13_21.hmm          -            308   6.8e-25   92.5   0.7   1   1   4.5e-26   2.5e-23   87.4   0.7     7   197   346   538   340   558 0.85 [190263/573/1]
190263/461/1.f:DHPHOK_10120 -            441 GH13_21.hmm          -            308   6.8e-25   92.5   1.2   1   1   2.3e-26   1.3e-23   88.4   0.5     6   158    56   201    52   220 0.89 [190263/461/1]
190263/475/1.f:MCKEEP_01675 -            793 GH13_21.hmm          -            308     7e-25   92.5   0.8   1   1   4.8e-26   2.7e-23   87.3   0.7     7   197   356   548   350   569 0.85 [190263/475/1]
190263/461/1.f:DHPHOK_10125 -            859 GH13_21.hmm          -            308   3.4e-24   90.2   1.0   1   1   2.6e-26   1.4e-23   88.2   1.0     2   230   436   667   435   734 0.77 [190263/461/1]
190263/502/1.f:NONHGB_22065 -            944 GH13_21.hmm          -            308   3.9e-24   90.0   0.4   1   1   1.2e-26   6.7e-24   89.2   0.3     7   244   399   646   394   717 0.77 [190263/502/1]
190263/369/1.f:JCDIFE_20205 -            441 GH13_21.hmm          -            308   4.1e-24   90.0   1.2   1   1   1.3e-25   7.1e-23   85.9   0.5     6   158    56   201    52   218 0.89 [190263/369/1]
190263/578/1.f:HIHCLH_02510 -            433 GH13_21.hmm          -            308   5.6e-24   89.5   0.3   1   1   9.9e-26   5.5e-23   86.2   0.3     1   304    26   315    26   318 0.74 [190263/578/1]
190263/405/1.f:EHKDKA_03920 -            441 GH13_21.hmm          -            308   2.5e-23   87.4   0.2   1   1   2.8e-25   1.6e-22   84.8   0.2     3   158    54   201    53   215 0.88 [190263/405/1]
190263/502/1.f:NONHGB_03620 -            441 GH13_21.hmm          -            308   2.7e-23   87.3   0.2   1   1   2.7e-25   1.5e-22   84.8   0.1     3   158    54   201    53   217 0.88 [190263/502/1]
190263/405/1.f:EHKDKA_23960 -            941 GH13_21.hmm          -            308   2.8e-23   87.2   0.2   1   1   9.5e-26   5.3e-23   86.3   0.2     7   199   395   592   390   665 0.80 [190263/405/1]
190263/461/1.f:DHPHOK_18795 -            445 GH13_21.hmm          -            308   3.4e-23   86.9   0.6   1   1   2.3e-24   1.3e-21   81.8   0.6     5   302    60   330    57   334 0.75 [190263/461/1]
190263/596/1.f:GDHELL_07000 -            804 GH13_21.hmm          -            308   3.9e-23   86.7   9.8   1   1   3.2e-17   1.8e-14   58.3   0.6     1    78   187   268   187   294 0.92 [190263/596/1]
190263/405/1.f:EHKDKA_03440 -            699 GH13_21.hmm          -            308   5.1e-23   86.4   4.2   1   1   3.6e-24     2e-21   81.1   4.2     1   307   249   580   249   581 0.70 [190263/405/1]
190263/596/1.f:GDHELL_06780 -            751 GH13_21.hmm          -            308   7.5e-23   85.8   2.0   1   1   3.9e-19   2.2e-16   64.6   2.4     1   157   177   390   177   482 0.70 [190263/596/1]
190263/437/1.f:LBKKEJ_03770 -            787 GH13_21.hmm          -            308   9.3e-23   85.5   0.1   1   1   4.2e-25   2.3e-22   84.2   0.1     1   227   338   569   338   644 0.70 [190263/437/1]
190263/405/1.f:EHKDKA_03360 -            859 GH13_21.hmm          -            308   1.5e-22   84.8   0.0   1   1   5.8e-25   3.2e-22   83.7   0.0     6   303   339   638   334   642 0.73 [190263/405/1]
190263/420/1.f:GMHOLO_01245 -            605 GH13_21.hmm          -            308   6.7e-22   82.7   0.0   1   1     1e-23   5.7e-21   79.6   0.0     1   177    86   288    86   351 0.81 [190263/420/1]
190263/527/1.f:HGADJN_01360 -            605 GH13_21.hmm          -            308   1.8e-21   81.3   0.0   1   1   3.4e-23   1.9e-20   77.9   0.0     1   178    86   289    86   351 0.81 [190263/527/1]
190263/576/1.f:FNMBCG_14575 -            609 GH13_21.hmm          -            308   9.6e-21   78.9   0.0   1   1   1.5e-22   8.2e-20   75.8   0.0     1   180    81   286    81   355 0.77 [190263/576/1]
190263/596/1.f:GDHELL_00020 -            694 GH13_21.hmm          -            308   1.2e-18   71.9   0.0   1   1     2e-19   1.1e-16   65.5   0.0     1   163   179   354   179   361 0.79 [190263/596/1]
190263/368/1.f:HPMDBE_05465 -            106 GH13_21.hmm          -            308   1.8e-18   71.4   0.0   1   1     4e-21   2.2e-18   71.1   0.0     1    60    43   103    43   106 0.96 [190263/368/1]
190263/541/1.f:IDEEIE_11145 -            698 GH13_21.hmm          -            308     4e-18   70.3   0.0   1   1   5.2e-19   2.9e-16   64.2   0.0     1   163   185   360   185   387 0.83 [190263/541/1]
190263/368/1.f:HPMDBE_05470 -            480 GH13_21.hmm          -            308   5.1e-17   66.7  12.3   1   1   1.9e-19   1.1e-16   65.6  12.3    11   307    29   373    24   374 0.81 [190263/368/1]
190263/379/1.f:LOJHAC_03785 -            480 GH13_21.hmm          -            308     8e-17   66.0  12.6   1   1   3.1e-19   1.7e-16   64.9  12.6    11   307    29   373    24   374 0.81 [190263/379/1]
190263/516/1.f:MGNFBC_04845 -            482 GH13_21.hmm          -            308   8.3e-17   66.0  12.6   1   1   3.1e-19   1.7e-16   64.9  12.6    11   307    29   373    24   374 0.81 [190263/516/1]
190263/423/1.f:PDNKFB_15010 -            710 GH13_21.hmm          -            308   3.4e-16   64.0   0.0   1   1   9.6e-17   5.4e-14   56.7   0.0     1   163   197   372   197   383 0.78 [190263/423/1]
190263/504/1.f:DOAHDM_13260 -            481 GH13_21.hmm          -            308     2e-15   61.4   6.6   1   1   3.8e-17   2.1e-14   58.1   6.6     8   307    26   373    21   374 0.73 [190263/504/1]
190263/391/1.f:NONBJF_17690 -            664 GH13_21.hmm          -            308   3.6e-15   60.6   3.4   1   1   4.4e-17   2.4e-14   57.9   2.1     9   302   197   523   192   529 0.73 [190263/391/1]
190263/534/1.f:OHCFJE_16620 -            664 GH13_21.hmm          -            308   3.6e-15   60.6   3.4   1   1   4.4e-17   2.4e-14   57.9   2.1     9   302   197   523   192   529 0.73 [190263/534/1]
190263/545/1.f:NCJBIN_18175 -            664 GH13_21.hmm          -            308   3.6e-15   60.6   3.4   1   1   4.4e-17   2.4e-14   57.9   2.1     9   302   197   523   192   529 0.73 [190263/545/1]
190263/369/1.f:JCDIFE_20070 -            665 GH13_21.hmm          -            308   4.4e-15   60.3   0.8   1   1   5.2e-17   2.9e-14   57.6   0.8     9   302   198   524   194   529 0.72 [190263/369/1]
190263/388/1.f:FDDJJK_15650 -            664 GH13_21.hmm          -            308   4.4e-15   60.3   2.3   1   1     1e-16   5.6e-14   56.7   2.3     9   302   197   523   192   529 0.74 [190263/388/1]
190263/461/1.f:DHPHOK_10235 -            665 GH13_21.hmm          -            308   4.4e-15   60.3   0.8   1   1   5.2e-17   2.9e-14   57.6   0.8     9   302   198   524   194   529 0.72 [190263/461/1]
190263/401/1.f:DMFJNH_14170 -            481 GH13_21.hmm          -            308   5.1e-15   60.1   6.4   1   1   9.7e-17   5.4e-14   56.7   6.4     8   307    26   373    21   374 0.72 [190263/401/1]
190263/417/1.f:MHBJAE_18870 -            481 GH13_21.hmm          -            308   7.4e-15   59.6   3.0   1   1   1.8e-16     1e-13   55.8   3.0    10   308    28   374    22   374 0.74 [190263/417/1]
190263/502/1.f:NONHGB_21965 -            665 GH13_21.hmm          -            308   8.3e-15   59.4   0.4   1   1   9.7e-17   5.4e-14   56.7   0.4     9   302   198   524   194   529 0.75 [190263/502/1]
190263/456/1.f:LKAJBD_15050 -            665 GH13_21.hmm          -            308   1.4e-14   58.6   0.5   1   1   2.5e-16   1.4e-13   55.3   0.5     9   302   198   524   194   529 0.71 [190263/456/1]
190263/502/1.f:NONHGB_12240 -            481 GH13_21.hmm          -            308   1.5e-14   58.5   6.4   1   1   2.2e-16   1.2e-13   55.5   6.4    10   307    28   373    22   374 0.76 [190263/502/1]
190263/466/1.f:PGJOII_07750 -            665 GH13_21.hmm          -            308   1.8e-14   58.3   0.7   1   1   3.8e-16   2.1e-13   54.8   0.7     9   302   198   524   194   529 0.71 [190263/466/1]
190263/405/1.f:EHKDKA_23855 -            665 GH13_21.hmm          -            308   5.7e-14   56.6   0.4   1   1   7.2e-16     4e-13   53.9   0.4     9   302   198   524   194   529 0.74 [190263/405/1]
190263/506/1.f:IKGMED_09345 -            526 GH13_21.hmm          -            308   9.2e-14   56.0  12.3   1   1   6.9e-16   3.8e-13   53.9  12.3     8   307    60   407    56   408 0.74 [190263/506/1]
190263/526/1.f:GBBCGM_01405 -            476 GH13_21.hmm          -            308   1.5e-13   55.2  10.4   1   1   6.5e-16   3.6e-13   54.0  10.4    11   305    24   366    13   369 0.79 [190263/526/1]
190263/363/1.f:CIHHOC_15755 -            564 GH13_21.hmm          -            308   1.6e-13   55.2   0.0   1   1   9.1e-16     5e-13   53.5   0.0    19   266    85   341    72   365 0.83 [190263/363/1]
#
# Program:         hmmsearch
# Version:         3.3.2 (Nov 2020)
# Pipeline mode:   SEARCH
# Query file:      /kb/module/work/tmp/output.1725388484971/GH13_21/GH13_21.hmm
# Target file:     /kb/module/work/tmp/output.1725388484971/hCom2_RAST.fasta
# Option settings: /kb/module/hmmer/bin/hmmsearch --domtblout /kb/module/work/tmp/output.1725388484971/GH13_21/GH13_21-hCom2_RAST.hitout.txt --noali --notextw --domE 1e-15 /kb/module/work/tmp/output.1725388484971/GH13_21/GH13_21.hmm /kb/module/work/tmp/output.1725388484971/hCom2_RAST.fasta 
# Current dir:     /kb/module/work/tmp/output.1725388484971
# Date:            Tue Sep  3 18:48:48 2024
# [ok]
