#                                                                                   --- full sequence --- -------------- this domain -------------   hmm coord   ali coord   env coord
# target name               accession   tlen query name           accession   qlen   E-value  score  bias   #  of  c-Evalue  i-Evalue  score  bias  from    to  from    to  from    to  acc description of target
#       ------------------- ---------- ----- -------------------- ---------- ----- --------- ------ ----- --- --- --------- --------- ------ ----- ----- ----- ----- ----- ----- ----- ---- ---------------------
190263/448/1.f:IBJDOL_10285 -            559 GH13_29.hmm          -            344  2.9e-183  613.1  13.8   1   1  6.9e-186  3.9e-183  612.7  13.8     2   343    26   368    25   369 1.00 [190263/448/1]
190263/409/1.f:AJJCMD_25500 -            555 GH13_29.hmm          -            344  8.7e-179  598.4   3.9   1   1  1.9e-181  1.1e-178  598.1   3.9     1   343    25   368    25   369 0.99 [190263/409/1]
190263/586/1.f:KBDCAC_04650 -            560 GH13_29.hmm          -            344  1.3e-176  591.2   1.4   1   1  3.4e-179  1.9e-176  590.7   1.4     2   344    26   367    25   367 0.99 [190263/586/1]
190263/375/1.f:CNGHJF_16955 -            552 GH13_29.hmm          -            344  3.3e-175  586.6   1.7   1   1  7.4e-178  4.2e-175  586.3   1.7     1   343    25   368    25   369 0.99 [190263/375/1]
190263/384/1.f:CDKGIA_03450 -            548 GH13_29.hmm          -            344  1.5e-174  584.5   0.3   1   1  3.3e-177  1.9e-174  584.2   0.3     2   344    26   367    25   367 0.99 [190263/384/1]
190263/363/1.f:CIHHOC_02445 -            551 GH13_29.hmm          -            344    4e-173  579.8   5.8   1   1  1.1e-175  6.2e-173  579.2   5.8     2   344    26   369    25   369 0.99 [190263/363/1]
190263/382/1.f:JACGKO_02195 -            543 GH13_29.hmm          -            344  1.2e-172  578.2   0.4   1   1  2.7e-175  1.5e-172  577.9   0.4     2   343    25   364    24   365 0.99 [190263/382/1]
190263/370/1.f:MFKGBO_21105 -            550 GH13_29.hmm          -            344  7.8e-172  575.6   1.1   1   1  1.8e-174    1e-171  575.2   1.1     2   343    26   366    25   367 0.99 [190263/370/1]
190263/447/1.f:OLODHC_03415 -            554 GH13_29.hmm          -            344    2e-169  567.6   9.9   1   1    5e-172  2.8e-169  567.2   9.9     2   343    28   370    27   371 0.99 [190263/447/1]
190263/586/1.f:KBDCAC_00925 -            570 GH13_29.hmm          -            344  5.7e-168  562.8   0.2   1   1  1.5e-170  8.4e-168  562.3   0.2     1   343    26   370    26   371 0.99 [190263/586/1]
190263/375/1.f:CNGHJF_04595 -            557 GH13_29.hmm          -            344  2.2e-152  511.6   4.6   1   1  5.8e-155  3.3e-152  511.0   4.6     1   343    26   373    26   374 0.97 [190263/375/1]
190263/452/1.f:PEIHBN_10935 -            559 GH13_29.hmm          -            344  9.7e-152  509.5   9.0   1   1  1.1e-153    6e-151  506.9   3.5     1   343    28   374    28   375 0.97 [190263/452/1]
190263/478/1.f:BOCJFA_07705 -            558 GH13_29.hmm          -            344  4.1e-151  507.4   5.4   1   1  7.2e-154  4.1e-151  507.4   5.4     1   343    27   375    27   376 0.98 [190263/478/1]
190263/549/1.f:CNBDFB_11805 -            558 GH13_29.hmm          -            344    6e-151  506.9   2.1   1   1  1.4e-153  8.1e-151  506.4   2.1     1   343    27   376    27   377 0.96 [190263/549/1]
190263/580/1.f:JCPJNN_24345 -            560 GH13_29.hmm          -            344  3.6e-150  504.3   0.4   1   1  8.2e-153  4.6e-150  504.0   0.4     1   343    27   375    27   376 0.97 [190263/580/1]
190263/455/1.f:GDGJDA_15340 -            557 GH13_29.hmm          -            344  3.8e-150  504.2   6.8   1   1  6.8e-153  3.8e-150  504.2   6.8     1   343    27   375    27   376 0.97 [190263/455/1]
190263/512/1.f:JBCLGH_07570 -            562 GH13_29.hmm          -            344  7.5e-150  503.3   4.2   1   1  1.3e-152  7.5e-150  503.3   4.2     2   343    30   375    29   376 0.96 [190263/512/1]
190263/433/1.f:ADFNDI_13085 -            556 GH13_29.hmm          -            344  1.2e-149  502.6   7.7   1   1  2.1e-152  1.2e-149  502.6   7.7     1   343    27   375    27   376 0.97 [190263/433/1]
190263/557/1.f:DOLMEB_09075 -            560 GH13_29.hmm          -            344  1.2e-149  502.6   3.7   1   1  2.2e-152  1.2e-149  502.6   3.7     1   343    29   375    29   376 0.96 [190263/557/1]
190263/472/1.f:NMGHJI_04910 -            559 GH13_29.hmm          -            344  2.3e-149  501.6   6.7   1   1  6.1e-152  3.4e-149  501.1   6.7     1   343    27   377    27   378 0.95 [190263/472/1]
190263/507/1.f:KPMKPI_12330 -            554 GH13_29.hmm          -            344  2.4e-149  501.6   6.4   1   1  5.6e-152  3.1e-149  501.2   6.4     1   343    27   375    27   376 0.98 [190263/507/1]
190263/363/1.f:CIHHOC_11415 -            558 GH13_29.hmm          -            344  2.2e-148  498.5   2.3   1   1  3.8e-151  2.2e-148  498.5   2.3     2   343    27   377    26   378 0.97 [190263/363/1]
190263/520/1.f:GGDGDE_05590 -            557 GH13_29.hmm          -            344  2.7e-148  498.2   9.2   1   1  6.1e-151  3.5e-148  497.8   9.2     1   343    27   376    27   377 0.98 [190263/520/1]
190263/425/1.f:HPANHD_03290 -            554 GH13_29.hmm          -            344  2.7e-148  498.2   4.7   1   1  6.2e-151  3.5e-148  497.8   4.7     1   343    26   374    26   375 0.98 [190263/425/1]
190263/478/1.f:BOCJFA_01370 -            559 GH13_29.hmm          -            344  3.5e-148  497.8   5.1   1   1  8.6e-151  4.8e-148  497.3   5.1     2   343    27   377    26   378 0.97 [190263/478/1]
190263/409/1.f:AJJCMD_00615 -            565 GH13_29.hmm          -            344  1.4e-147  495.8   1.9   1   1  3.1e-150  1.8e-147  495.5   1.9     1   343    27   373    27   374 0.97 [190263/409/1]
190263/546/1.f:GEHMID_00295 -            565 GH13_29.hmm          -            344  7.3e-147  493.4   3.7   1   1  1.9e-149  1.1e-146  492.9   3.7     1   343    27   375    27   376 0.97 [190263/546/1]
190263/541/1.f:IDEEIE_02835 -            559 GH13_29.hmm          -            344  1.1e-146  492.8   6.4   1   1  2.7e-149  1.5e-146  492.4   6.4     2   343    27   377    26   378 0.97 [190263/541/1]
190263/452/1.f:PEIHBN_09925 -            552 GH13_29.hmm          -            344  3.4e-146  491.3   4.6   1   1  7.8e-149  4.4e-146  490.9   4.6     1   343    27   375    27   376 0.98 [190263/452/1]
190263/429/1.f:OMPHBF_12730 -            589 GH13_29.hmm          -            344  5.5e-146  490.6   1.8   1   1  1.3e-148  7.1e-146  490.2   1.8     1   344    51   403    51   403 0.97 [190263/429/1]
190263/514/1.f:MMHOAN_03820 -            569 GH13_29.hmm          -            344  6.7e-146  490.3   2.5   1   1  1.7e-148  9.4e-146  489.8   2.5     1   343    27   361    27   362 0.98 [190263/514/1]
190263/458/1.f:AMPCAI_01140 -            559 GH13_29.hmm          -            344  1.5e-145  489.1   5.2   1   1    5e-148  2.8e-145  488.2   5.2     1   343    28   376    28   377 0.97 [190263/458/1]
190263/514/1.f:MMHOAN_12710 -            542 GH13_29.hmm          -            344  1.9e-145  488.8   1.3   1   1  4.7e-148  2.6e-145  488.3   1.3     1   343    31   365    31   366 0.98 [190263/514/1]
190263/520/1.f:GGDGDE_20000 -            560 GH13_29.hmm          -            344  3.9e-145  487.8   6.0   1   1  6.9e-148  3.9e-145  487.8   6.0     1   343    28   377    28   378 0.97 [190263/520/1]
190263/425/1.f:HPANHD_02620 -            541 GH13_29.hmm          -            344  3.1e-144  484.8   1.3   1   1  7.2e-147    4e-144  484.4   1.3     1   343    27   361    27   362 0.99 [190263/425/1]
190263/363/1.f:CIHHOC_04800 -            542 GH13_29.hmm          -            344  1.6e-143  482.4   1.8   1   1  2.9e-146  1.6e-143  482.4   1.8     1   343    30   364    30   365 0.98 [190263/363/1]
190263/455/1.f:GDGJDA_14820 -            543 GH13_29.hmm          -            344  2.6e-143  481.7   2.0   1   1  6.6e-146  3.7e-143  481.2   2.0     1   343    29   363    29   364 0.98 [190263/455/1]
190263/423/1.f:PDNKFB_07745 -            541 GH13_29.hmm          -            344  2.7e-143  481.7   0.8   1   1  7.3e-146  4.1e-143  481.1   0.8     2   343    32   365    31   366 0.98 [190263/423/1]
190263/447/1.f:OLODHC_03105 -            539 GH13_29.hmm          -            344  3.6e-143  481.3   1.8   1   1  6.6e-146  3.7e-143  481.3   0.6     1   343    27   361    27   362 0.98 [190263/447/1]
190263/580/1.f:JCPJNN_28235 -            543 GH13_29.hmm          -            344  1.1e-142  479.7   0.1   1   1  2.6e-145  1.5e-142  479.3   0.1     1   343    30   364    30   365 0.98 [190263/580/1]
190263/382/1.f:JACGKO_03265 -            561 GH13_29.hmm          -            344  4.5e-142  477.7   0.5   1   1    1e-144  5.8e-142  477.3   0.5     1   343    30   381    30   382 0.97 [190263/382/1]
190263/409/1.f:AJJCMD_08075 -            543 GH13_29.hmm          -            344  1.1e-141  476.5   0.0   1   1  2.6e-144  1.5e-141  476.0   0.0     1   343    33   367    33   368 0.98 [190263/409/1]
190263/541/1.f:IDEEIE_03910 -            541 GH13_29.hmm          -            344  2.2e-141  475.4   1.5   1   1  5.3e-144    3e-141  475.0   1.5     1   343    29   363    29   364 0.98 [190263/541/1]
190263/375/1.f:CNGHJF_04955 -            539 GH13_29.hmm          -            344  4.4e-141  474.4   0.0   1   1    1e-143  5.9e-141  474.0   0.0     1   343    27   361    27   362 0.99 [190263/375/1]
190263/584/1.f:DDCNLE_03830 -            556 GH13_29.hmm          -            344  6.2e-141  473.9   0.9   1   1  1.4e-143  7.9e-141  473.6   0.9     1   343    27   375    27   376 0.97 [190263/584/1]
190263/425/1.f:HPANHD_03210 -            554 GH13_29.hmm          -            344  3.7e-140  471.4   7.9   1   1    1e-142  5.6e-140  470.8   7.9     1   343    26   372    26   373 0.97 [190263/425/1]
190263/384/1.f:CDKGIA_00625 -            570 GH13_29.hmm          -            344    2e-139  469.0   0.2   1   1  4.4e-142  2.5e-139  468.7   0.2     1   343    29   378    29   379 0.98 [190263/384/1]
190263/530/1.f:LBOGMJ_11355 -            566 GH13_29.hmm          -            344    2e-132  446.0   0.8   1   1    5e-135  2.8e-132  445.5   0.8     2   343    36   383    35   384 0.98 [190263/530/1]
190263/527/1.f:HGADJN_09155 -            602 GH13_29.hmm          -            344  1.4e-128  433.3   0.0   1   1  5.6e-131  3.1e-128  432.2   0.0     1   343    45   412    45   413 0.93 [190263/527/1]
190263/420/1.f:GMHOLO_08275 -            607 GH13_29.hmm          -            344  3.9e-127  428.6   0.0   1   1    1e-129  5.7e-127  428.0   0.0     1   343    45   413    45   414 0.93 [190263/420/1]
190263/474/1.f:AMDJJA_09650 -            608 GH13_29.hmm          -            344  9.9e-127  427.2   0.0   1   1  2.6e-129  1.5e-126  426.7   0.0     2   343    46   412    45   413 0.94 [190263/474/1]
190263/474/1.f:AMDJJA_02480 -            604 GH13_29.hmm          -            344  1.1e-126  427.1   0.0   1   1    3e-129  1.7e-126  426.5   0.0     2   343    46   413    45   414 0.94 [190263/474/1]
190263/527/1.f:HGADJN_09225 -            606 GH13_29.hmm          -            344  1.3e-126  426.9   0.0   1   1  3.6e-129    2e-126  426.2   0.0     1   343    45   412    45   413 0.92 [190263/527/1]
190263/448/1.f:IBJDOL_08635 -            554 GH13_29.hmm          -            344  2.1e-124  419.6  13.1   1   1  3.7e-127  2.1e-124  419.6  13.1     1   343    27   371    27   372 0.94 [190263/448/1]
190263/406/1.f:DKNBGD_12580 -            551 GH13_29.hmm          -            344  1.8e-119  403.3   1.1   1   1  5.8e-122  3.3e-119  402.5   0.1     1   343    25   377    25   378 0.93 [190263/406/1]
190263/390/1.f:OLPOLE_06095 -            631 GH13_29.hmm          -            344  3.4e-119  402.5   0.0   1   1  7.8e-122  4.4e-119  402.1   0.0     1   343   108   454   108   455 0.97 [190263/390/1]
190263/516/1.f:MGNFBC_04840 -            588 GH13_29.hmm          -            344    1e-118  400.9   1.0   1   1  2.4e-121  1.3e-118  400.5   1.0     1   343    42   390    42   391 0.93 [190263/516/1]
190263/379/1.f:LOJHAC_03790 -            588 GH13_29.hmm          -            344  5.3e-118  398.5   0.7   1   1  1.2e-120  6.8e-118  398.2   0.7     1   343    42   390    42   391 0.93 [190263/379/1]
190263/382/1.f:JACGKO_00540 -            554 GH13_29.hmm          -            344  1.8e-117  396.8   0.0   1   1  4.5e-120  2.5e-117  396.3   0.0     1   343    28   376    28   377 0.95 [190263/382/1]
190263/526/1.f:GBBCGM_01410 -            561 GH13_29.hmm          -            344  7.7e-117  394.7   0.0   1   1    2e-119  1.1e-116  394.2   0.0     1   344    30   377    30   377 0.94 [190263/526/1]
190263/523/1.f:MDNHKG_08680 -            568 GH13_29.hmm          -            344  1.5e-115  390.5   0.0   1   1  3.3e-118  1.9e-115  390.1   0.0     1   343    37   385    37   386 0.94 [190263/523/1]
190263/383/1.f:KCEMEB_04450 -            525 GH13_29.hmm          -            344  2.5e-115  389.8   2.0   1   1    5e-118  2.8e-115  389.6   0.4     1   343    27   377    27   378 0.93 [190263/383/1]
190263/580/1.f:JCPJNN_03710 -            629 GH13_29.hmm          -            344  1.8e-114  386.9   1.4   1   1  5.1e-117  2.9e-114  386.2   1.4     1   343   111   462   111   463 0.96 [190263/580/1]
190263/472/1.f:NMGHJI_16290 -            552 GH13_29.hmm          -            344  4.4e-114  385.6   0.6   1   1  1.1e-116  6.2e-114  385.2   0.6     1   343    29   365    29   366 0.95 [190263/472/1]
190263/520/1.f:GGDGDE_10805 -            560 GH13_29.hmm          -            344  8.5e-112  378.1   1.5   1   1    2e-114  1.1e-111  377.8   1.5     1   343    27   374    27   375 0.95 [190263/520/1]
190263/540/1.f:BCGFLB_01175 -            585 GH13_29.hmm          -            344  4.3e-110  372.5   0.1   1   1    1e-112  5.9e-110  372.1   0.1     1   343    44   392    44   393 0.93 [190263/540/1]
190263/384/1.f:CDKGIA_15920 -            590 GH13_29.hmm          -            344    8e-110  371.6   0.1   1   1  1.8e-112    1e-109  371.3   0.1     1   343    37   383    37   384 0.95 [190263/384/1]
190263/433/1.f:ADFNDI_01880 -            557 GH13_29.hmm          -            344  1.5e-109  370.7   0.3   1   1    4e-112  2.2e-109  370.2   0.3     1   343    27   374    27   375 0.93 [190263/433/1]
190263/425/1.f:HPANHD_10085 -            559 GH13_29.hmm          -            344  6.6e-109  368.6   0.4   1   1  1.5e-111  8.3e-109  368.3   0.4     1   342    27   381    27   383 0.91 [190263/425/1]
190263/406/1.f:DKNBGD_03735 -            567 GH13_29.hmm          -            344  1.2e-108  367.8   0.0   1   1  2.6e-111  1.4e-108  367.5   0.0     1   343    27   385    27   386 0.94 [190263/406/1]
190263/409/1.f:AJJCMD_26280 -            550 GH13_29.hmm          -            344  1.5e-108  367.5   0.6   1   1  3.2e-111  1.8e-108  367.2   0.6     1   343    27   368    27   369 0.93 [190263/409/1]
190263/423/1.f:PDNKFB_07750 -            561 GH13_29.hmm          -            344    2e-108  367.1   0.1   1   1  5.3e-111    3e-108  366.5   0.1     1   343    27   374    27   375 0.93 [190263/423/1]
190263/439/1.f:KGLJGB_07065 -            557 GH13_29.hmm          -            344    7e-108  365.3   0.3   1   1  1.8e-110    1e-107  364.7   0.3     1   343    27   374    27   375 0.94 [190263/439/1]
190263/495/1.f:ANKNCD_08970 -            565 GH13_29.hmm          -            344  1.3e-107  364.4   0.6   1   1  3.4e-110  1.9e-107  363.8   0.6     1   343    27   374    27   375 0.94 [190263/495/1]
190263/531/1.f:KJIPPC_09425 -            557 GH13_29.hmm          -            344  1.9e-107  363.9   0.0   1   1  4.3e-110  2.4e-107  363.5   0.0     1   343    27   374    27   375 0.93 [190263/531/1]
190263/423/1.f:PDNKFB_11910 -            541 GH13_29.hmm          -            344    6e-107  362.2   5.7   1   1  1.4e-109  7.9e-107  361.8   5.7     1   343    27   368    27   369 0.92 [190263/423/1]
190263/513/1.f:MKNBNH_02055 -            565 GH13_29.hmm          -            344  8.7e-107  361.7   0.2   1   1  2.3e-109  1.3e-106  361.1   0.2     1   343    27   375    27   376 0.94 [190263/513/1]
190263/455/1.f:GDGJDA_05900 -            561 GH13_29.hmm          -            344    1e-106  361.4   0.1   1   1  2.4e-109  1.4e-106  361.0   0.1     1   343    27   374    27   375 0.93 [190263/455/1]
190263/584/1.f:DDCNLE_03835 -            557 GH13_29.hmm          -            344    3e-106  359.9   0.0   1   1  6.9e-109  3.9e-106  359.5   0.0     1   343    27   377    27   378 0.94 [190263/584/1]
190263/580/1.f:JCPJNN_29355 -            566 GH13_29.hmm          -            344  3.5e-106  359.7   0.0   1   1  7.9e-109  4.4e-106  359.3   0.0     1   343    27   375    27   376 0.93 [190263/580/1]
190263/532/1.f:BGDBBA_06200 -            558 GH13_29.hmm          -            344  7.1e-106  358.7   3.1   1   1  1.8e-108  9.9e-106  358.2   3.1     1   343    27   374    27   375 0.95 [190263/532/1]
190263/546/1.f:GEHMID_11585 -            555 GH13_29.hmm          -            344  8.5e-105  355.1   0.0   1   1  1.9e-107  1.1e-104  354.7   0.0     1   343    27   374    27   375 0.94 [190263/546/1]
190263/409/1.f:AJJCMD_20400 -            565 GH13_29.hmm          -            344  1.9e-104  353.9   0.0   1   1  5.1e-107  2.9e-104  353.4   0.0     1   343    27   374    27   375 0.93 [190263/409/1]
190263/472/1.f:NMGHJI_04900 -            554 GH13_29.hmm          -            344  9.1e-104  351.7   0.0   1   1  2.1e-106  1.2e-103  351.4   0.0     1   343    27   374    27   375 0.95 [190263/472/1]
190263/507/1.f:KPMKPI_03005 -            556 GH13_29.hmm          -            344  3.5e-102  346.5   0.2   1   1  7.8e-105  4.4e-102  346.2   0.2     1   343    27   375    27   376 0.94 [190263/507/1]
190263/375/1.f:CNGHJF_04990 -            554 GH13_29.hmm          -            344  5.5e-101  342.6   0.1   1   1  1.2e-103  6.8e-101  342.3   0.1     1   343    27   374    27   375 0.96 [190263/375/1]
190263/478/1.f:BOCJFA_10845 -            558 GH13_29.hmm          -            344  5.9e-101  342.5   0.0   1   1  1.3e-103  7.5e-101  342.1   0.0     1   343    27   376    27   377 0.92 [190263/478/1]
190263/409/1.f:AJJCMD_13305 -            517 GH13_29.hmm          -            344   4.6e-93  316.5   0.0   1   1     2e-95   1.1e-92  315.3   0.0     4   342    29   358    27   360 0.89 [190263/409/1]
190263/368/1.f:HPMDBE_05310 -            486 GH13_29.hmm          -            344   4.2e-84  287.1   0.2   1   1   9.7e-87   5.5e-84  286.7   0.2    64   343     3   288     1   289 0.92 [190263/368/1]
190263/527/1.f:HGADJN_08895 -            586 GH13_29.hmm          -            344   8.2e-76  259.8   0.4   1   1   2.7e-75   1.5e-72  249.1   0.4     2   332    37   366    36   404 0.79 [190263/527/1]
190263/474/1.f:AMDJJA_00490 -            604 GH13_29.hmm          -            344   1.1e-73  252.8   0.1   1   1   1.2e-71   6.5e-69  237.1   0.0     1   307    32   342    32   354 0.85 [190263/474/1]
190263/420/1.f:GMHOLO_08475 -            583 GH13_29.hmm          -            344   7.7e-73  250.0   0.1   1   1   1.7e-72   9.6e-70  239.8   0.0     2   334    33   368    32   377 0.87 [190263/420/1]
190263/565/1.f:PAEINE_04520 -            577 GH13_29.hmm          -            344   2.4e-71  245.1   0.0   1   1   1.3e-70   7.1e-68  233.7   0.0     2   307    34   340    33   358 0.84 [190263/565/1]
190263/513/1.f:MKNBNH_04310 -            604 GH13_29.hmm          -            344   1.6e-59  206.2   8.5   1   1     6e-62   3.4e-59  205.2   8.5     1   342   132   458   132   460 0.86 [190263/513/1]
190263/362/1.f:KJODLM_11060 -            151 GH13_29.hmm          -            344   1.7e-54  189.7   1.3   1   1   3.4e-57   1.9e-54  189.5   1.3     1   124    25   143    25   150 0.97 [190263/362/1]
190263/423/1.f:PDNKFB_09310 -            564 GH13_29.hmm          -            344     4e-52  181.9   8.7   1   1   1.9e-53   1.1e-50  177.2   8.7     1   342    95   417    95   419 0.83 [190263/423/1]
190263/468/1.f:DIOFOH_01755 -            517 GH13_29.hmm          -            344   7.5e-52  181.0   1.9   1   1   5.8e-46   3.3e-43  152.6   1.3     1   187    26   222    26   243 0.81 [190263/468/1]
190263/596/1.f:GDHELL_05465 -            511 GH13_29.hmm          -            344   8.8e-52  180.8   1.7   1   1   6.8e-47   3.8e-44  155.7   0.4     1   182    26   218    26   235 0.83 [190263/596/1]
190263/460/1.f:IHFGKI_10500 -            578 GH13_29.hmm          -            344   6.5e-50  174.6   3.7   1   1   9.2e-48   5.2e-45  158.5   1.2     1   182    52   262    52   291 0.81 [190263/460/1]
190263/421/1.f:PBKEAC_02115 -            559 GH13_29.hmm          -            344   4.5e-49  171.9   0.6   1   1   1.2e-48   6.7e-46  161.5   0.2     1   183    49   243    49   261 0.82 [190263/421/1]
190263/456/1.f:LKAJBD_15395 -            681 GH13_29.hmm          -            344   5.9e-48  168.2   3.7   1   1   4.3e-38   2.4e-35  126.7   0.1     2   105    74   177    73   208 0.88 [190263/456/1]
190263/400/1.f:EIBLKL_02735 -            553 GH13_29.hmm          -            344   1.3e-47  167.1   4.7   1   1   9.3e-48   5.2e-45  158.5   4.7     1   342    74   406    74   408 0.73 [190263/400/1]
190263/466/1.f:PGJOII_04855 -            554 GH13_29.hmm          -            344   1.5e-47  166.9   2.1   1   1   2.9e-45   1.6e-42  150.3   1.1     1   180    46   236    46   266 0.86 [190263/466/1]
190263/409/1.f:AJJCMD_12165 -            510 GH13_29.hmm          -            344   2.2e-47  166.3   0.1   1   1   3.5e-43     2e-40  143.5   0.0     1   183    26   218    26   234 0.85 [190263/409/1]
190263/513/1.f:MKNBNH_10810 -            530 GH13_29.hmm          -            344   3.2e-47  165.8   1.7   1   1   3.5e-45     2e-42  150.0   0.5     1   185    26   220    26   238 0.77 [190263/513/1]
190263/456/1.f:LKAJBD_04235 -            560 GH13_29.hmm          -            344   4.8e-47  165.2   2.6   1   1   5.9e-45   3.3e-42  149.3   1.3     1   180    52   242    52   272 0.86 [190263/456/1]
190263/456/1.f:LKAJBD_04210 -            560 GH13_29.hmm          -            344   7.9e-47  164.5   1.4   1   1   2.1e-46   1.2e-43  154.1   0.8     1   183    49   243    49   254 0.80 [190263/456/1]
190263/466/1.f:PGJOII_04830 -            560 GH13_29.hmm          -            344   9.6e-47  164.2   1.6   1   1   2.4e-46   1.4e-43  153.8   0.9     1   183    49   243    49   256 0.82 [190263/466/1]
190263/429/1.f:OMPHBF_06140 -            518 GH13_29.hmm          -            344   1.2e-46  163.9   0.1   1   1   1.9e-43   1.1e-40  144.4   0.1     1   181    26   220    26   239 0.76 [190263/429/1]
190263/443/1.f:LNLACP_11920 -            522 GH13_29.hmm          -            344   1.6e-46  163.5   0.0   1   1   3.4e-44   1.9e-41  146.8   0.0     1   185    26   220    26   232 0.85 [190263/443/1]
190263/578/1.f:HIHCLH_07765 -            543 GH13_29.hmm          -            344   1.7e-46  163.4   5.9   1   1   1.6e-44     9e-42  147.9   4.0     1   173    70   242    70   272 0.85 [190263/578/1]
190263/596/1.f:GDHELL_05010 -            551 GH13_29.hmm          -            344   2.2e-46  163.0   3.3   1   1   9.3e-47   5.2e-44  155.2   3.3     1   343    75   396    75   397 0.73 [190263/596/1]
190263/527/1.f:HGADJN_08845 -            535 GH13_29.hmm          -            344     4e-46  162.2   0.0   1   1   4.6e-42   2.6e-39  139.8   0.0     1   182    34   225    34   233 0.76 [190263/527/1]
190263/401/1.f:DMFJNH_07595 -            692 GH13_29.hmm          -            344   4.1e-46  162.1   1.6   1   1   3.5e-37     2e-34  123.7   0.1     2   105    80   183    79   209 0.93 [190263/401/1]
190263/495/1.f:ANKNCD_06875 -            582 GH13_29.hmm          -            344     8e-46  161.2   8.8   1   1   3.3e-47   1.8e-44  156.7   8.8     1   342    98   426    98   428 0.81 [190263/495/1]
190263/520/1.f:GGDGDE_02775 -            587 GH13_29.hmm          -            344   1.1e-45  160.7   6.0   1   1   2.8e-47   1.6e-44  157.0   6.0     1   342   106   433   106   435 0.81 [190263/520/1]
190263/504/1.f:DOAHDM_08100 -            692 GH13_29.hmm          -            344   1.2e-45  160.7   3.3   1   1   3.5e-37     2e-34  123.7   0.1     2   105    80   183    79   209 0.93 [190263/504/1]
190263/466/1.f:PGJOII_07605 -            686 GH13_29.hmm          -            344   4.3e-45  158.8   8.9   1   1   4.5e-36   2.6e-33  120.1   1.7     2   105    79   182    78   228 0.89 [190263/466/1]
190263/400/1.f:EIBLKL_04930 -            512 GH13_29.hmm          -            344   2.1e-44  156.5   0.1   1   1   1.1e-43   6.2e-41  145.1   0.1     1   179    26   214    26   245 0.83 [190263/400/1]
190263/580/1.f:JCPJNN_09070 -            521 GH13_29.hmm          -            344   1.2e-43  154.1   0.8   1   1   9.4e-42   5.3e-39  138.8   0.1     1   184    26   224    26   242 0.82 [190263/580/1]
190263/534/1.f:OHCFJE_04840 -            693 GH13_29.hmm          -            344   2.2e-43  153.1   6.3   1   1   2.9e-35   1.6e-32  117.4   0.3     2   106    83   187    82   224 0.93 [190263/534/1]
190263/391/1.f:NONBJF_08120 -            693 GH13_29.hmm          -            344   2.2e-43  153.1   6.3   1   1   2.9e-35   1.6e-32  117.4   0.3     2   106    83   187    82   224 0.93 [190263/391/1]
190263/545/1.f:NCJBIN_08240 -            693 GH13_29.hmm          -            344   3.3e-43  152.6   6.7   1   1   2.9e-35   1.6e-32  117.4   0.3     2   106    83   187    82   224 0.93 [190263/545/1]
190263/556/1.f:EMIPPF_02175 -            772 GH13_29.hmm          -            344   2.5e-41  146.4   0.5   1   1   2.4e-31   1.3e-28  104.5   0.0     1   105   160   264   160   277 0.94 [190263/556/1]
190263/446/1.f:LHJMMB_09610 -            772 GH13_29.hmm          -            344   4.8e-41  145.5   0.3   1   1   8.7e-31   4.9e-28  102.7   0.0     1   105   160   264   160   277 0.94 [190263/446/1]
190263/421/1.f:PBKEAC_05055 -            772 GH13_29.hmm          -            344   4.8e-41  145.5   0.3   1   1   8.7e-31   4.9e-28  102.7   0.0     1   105   160   264   160   277 0.94 [190263/421/1]
190263/546/1.f:GEHMID_12200 -            622 GH13_29.hmm          -            344   1.7e-40  143.6   0.2   1   1   3.5e-40     2e-37  133.6   0.0     2   180    91   276    90   295 0.90 [190263/546/1]
190263/474/1.f:AMDJJA_00520 -            628 GH13_29.hmm          -            344   3.4e-40  142.7   0.0   1   1   1.3e-32   7.5e-30  108.7   0.0     1    93    38   130    38   135 0.97 [190263/474/1]
190263/433/1.f:ADFNDI_16890 -            659 GH13_29.hmm          -            344     1e-39  141.1   1.1   1   1   1.2e-40   6.5e-38  135.2   0.4     2   181   129   315   128   332 0.90 [190263/433/1]
190263/455/1.f:GDGJDA_03815 -            611 GH13_29.hmm          -            344   1.1e-39  141.0   0.2   1   1   6.2e-40   3.5e-37  132.8   0.0     2   181    82   268    81   287 0.91 [190263/455/1]
190263/472/1.f:NMGHJI_14085 -            743 GH13_29.hmm          -            344   1.4e-39  140.7   1.3   1   1   1.6e-40   8.8e-38  134.7   0.1     4   180   214   397   212   410 0.92 [190263/472/1]
190263/549/1.f:CNBDFB_11595 -            622 GH13_29.hmm          -            344   2.2e-39  140.0   0.3   1   1   4.4e-40   2.5e-37  133.3   0.1     2   181    84   270    83   338 0.91 [190263/549/1]
190263/443/1.f:LNLACP_05295 -            749 GH13_29.hmm          -            344   2.7e-39  139.7   0.0   1   1   2.9e-40   1.7e-37  133.8   0.0     2   181   216   402   215   470 0.88 [190263/443/1]
190263/409/1.f:AJJCMD_00170 -            628 GH13_29.hmm          -            344     3e-39  139.5   0.1   1   1   1.6e-39   8.9e-37  131.4   0.0     2   180    82   267    81   279 0.91 [190263/409/1]
190263/514/1.f:MMHOAN_10920 -            617 GH13_29.hmm          -            344   4.1e-39  139.1   1.4   1   1     2e-37   1.1e-34  124.6   1.2     2   205   188   392   187   410 0.88 [190263/514/1]
190263/507/1.f:KPMKPI_15040 -            616 GH13_29.hmm          -            344   4.4e-39  139.0   0.1   1   1   6.1e-40   3.4e-37  132.8   0.0     3   180    88   272    86   283 0.91 [190263/507/1]
190263/384/1.f:CDKGIA_19560 -            614 GH13_29.hmm          -            344   4.8e-39  138.9   0.0   1   1   1.1e-39     6e-37  132.0   0.0     2   180    81   266    80   282 0.92 [190263/384/1]
190263/433/1.f:ADFNDI_04815 -            730 GH13_29.hmm          -            344   6.6e-38  135.2   0.2   1   1   1.1e-38   6.3e-36  128.6   0.1     2   180   198   383   197   395 0.92 [190263/433/1]
190263/513/1.f:MKNBNH_04430 -            616 GH13_29.hmm          -            344   9.3e-38  134.7   0.0   1   1   1.7e-38   9.3e-36  128.1   0.0     2   180    88   273    87   291 0.92 [190263/513/1]
190263/527/1.f:HGADJN_00335 -            625 GH13_29.hmm          -            344   2.7e-37  133.1   0.0   1   1   2.9e-35   1.6e-32  117.4   0.0     1   180    26   221    26   229 0.80 [190263/527/1]
190263/478/1.f:BOCJFA_00930 -            611 GH13_29.hmm          -            344   1.2e-36  131.0   0.0   1   1   1.7e-38   9.3e-36  128.1   0.0     2   181    82   268    81   291 0.89 [190263/478/1]
190263/447/1.f:OLODHC_03835 -            613 GH13_29.hmm          -            344   6.7e-36  128.6   0.8   1   1     2e-35   1.1e-32  117.9   0.1     2   181    85   271    84   287 0.88 [190263/447/1]
190263/472/1.f:NMGHJI_18160 -            584 GH13_29.hmm          -            344   4.2e-35  125.9   2.7   1   1   8.5e-32   4.8e-29  106.0   0.4     2   180   180   347   179   385 0.88 [190263/472/1]
190263/514/1.f:MMHOAN_12715 -            584 GH13_29.hmm          -            344   7.7e-35  125.1   4.9   1   1   1.6e-32     9e-30  108.4   1.2     2   180   179   346   178   377 0.87 [190263/514/1]
190263/580/1.f:JCPJNN_26940 -            585 GH13_29.hmm          -            344   2.2e-34  123.6   1.7   1   1   2.1e-31   1.2e-28  104.7   0.1     2   180   179   346   178   383 0.89 [190263/580/1]
190263/578/1.f:HIHCLH_03535 -            574 GH13_29.hmm          -            344   2.2e-34  123.6   2.3   1   1   3.7e-31   2.1e-28  103.9   2.9     2   180   172   338   171   353 0.87 [190263/578/1]
190263/447/1.f:OLODHC_11555 -            584 GH13_29.hmm          -            344   2.6e-34  123.3   5.5   1   1   1.8e-31     1e-28  104.9   1.6     2   180   180   347   179   385 0.86 [190263/447/1]
190263/495/1.f:ANKNCD_04135 -            572 GH13_29.hmm          -            344   2.9e-34  123.2   6.2   1   1   1.9e-33   1.1e-30  111.4   4.1     2   179   170   334   169   359 0.87 [190263/495/1]
190263/520/1.f:GGDGDE_20340 -            572 GH13_29.hmm          -            344   3.4e-34  122.9   5.7   1   1   2.4e-33   1.4e-30  111.1   3.9     2   179   170   334   169   360 0.87 [190263/520/1]
190263/576/1.f:FNMBCG_14575 -            609 GH13_29.hmm          -            344   4.3e-34  122.6   0.0   1   1     7e-36     4e-33  119.4   0.0     2   181    81   267    80   348 0.87 [190263/576/1]
190263/420/1.f:GMHOLO_01245 -            605 GH13_29.hmm          -            344   4.8e-34  122.5   0.0   1   1   1.7e-36   9.7e-34  121.5   0.0     2   181    86   272    85   373 0.88 [190263/420/1]
190263/423/1.f:PDNKFB_13510 -            572 GH13_29.hmm          -            344   5.9e-34  122.2   5.3   1   1   2.1e-33   1.2e-30  111.3   3.0     2   179   170   334   169   359 0.85 [190263/423/1]
190263/541/1.f:IDEEIE_03905 -            587 GH13_29.hmm          -            344     8e-34  121.7   6.1   1   1   1.9e-32   1.1e-29  108.2   2.8     2   180   179   346   178   386 0.86 [190263/541/1]
190263/527/1.f:HGADJN_01360 -            605 GH13_29.hmm          -            344   1.2e-33  121.1   0.0   1   1   4.5e-36   2.5e-33  120.1   0.0     2   181    86   272    85   373 0.89 [190263/527/1]
190263/363/1.f:CIHHOC_04795 -            585 GH13_29.hmm          -            344   9.5e-33  118.2   1.4   1   1   1.7e-29   9.4e-27   98.5   0.2     2   180   179   346   178   386 0.86 [190263/363/1]
190263/595/1.f:HGDLEC_06160 -            640 GH13_29.hmm          -            344     3e-32  116.5   5.2   1   1   1.8e-31     1e-28  104.9   1.0     2   173   162   358   161   367 0.86 [190263/595/1]
190263/461/1.f:DHPHOK_10950 -            616 GH13_29.hmm          -            344     3e-32  116.5  13.7   1   1   4.9e-31   2.8e-28  103.5   5.0     2   172   163   332   162   335 0.92 [190263/461/1]
190263/369/1.f:JCDIFE_19125 -            616 GH13_29.hmm          -            344   8.4e-32  115.1  14.3   1   1   3.8e-32   2.1e-29  107.2  11.9     2   341   163   479   162   482 0.85 [190263/369/1]
190263/417/1.f:MHBJAE_19300 -            616 GH13_29.hmm          -            344   1.1e-31  114.7  13.3   1   1   1.6e-30   9.2e-28  101.8   6.0     2   172   163   332   162   335 0.92 [190263/417/1]
190263/423/1.f:PDNKFB_06345 -            588 GH13_29.hmm          -            344   2.3e-31  113.6   1.6   1   1   3.1e-29   1.7e-26   97.6   0.3     2   180   183   346   182   364 0.84 [190263/423/1]
190263/405/1.f:EHKDKA_13290 -            616 GH13_29.hmm          -            344   2.6e-31  113.4  11.9   1   1   1.6e-29   8.8e-27   98.6   5.6     2   172   163   332   162   334 0.91 [190263/405/1]
190263/488/1.f:DNPFAC_20990 -            616 GH13_29.hmm          -            344   3.3e-31  113.1  13.7   1   1   3.5e-30     2e-27  100.7   6.9     2   172   163   332   162   335 0.92 [190263/488/1]
190263/456/1.f:LKAJBD_09060 -            616 GH13_29.hmm          -            344     4e-31  112.8  10.6   1   1   6.1e-31   3.4e-28  103.2  10.6     2   342   163   480   162   482 0.84 [190263/456/1]
190263/547/1.f:KJCAKO_00600 -            555 GH13_29.hmm          -            344   5.7e-31  112.4   4.5   1   1   4.1e-28   2.3e-25   93.9   0.9     3   108   153   259   152   266 0.90 [190263/547/1]
190263/421/1.f:PBKEAC_05060 -            445 GH13_29.hmm          -            344   1.4e-30  111.1   0.1   1   1   3.9e-21   2.2e-18   71.0   0.0     2    87    47   138    46   148 0.86 [190263/421/1]
190263/446/1.f:LHJMMB_09605 -            445 GH13_29.hmm          -            344   1.4e-30  111.1   0.1   1   1   3.9e-21   2.2e-18   71.0   0.0     2    87    47   138    46   148 0.86 [190263/446/1]
190263/556/1.f:EMIPPF_02180 -            445 GH13_29.hmm          -            344   1.7e-30  110.8   0.1   1   1   3.9e-21   2.2e-18   71.0   0.0     2    87    47   138    46   148 0.86 [190263/556/1]
190263/466/1.f:PGJOII_14705 -            616 GH13_29.hmm          -            344   1.8e-30  110.7  11.5   1   1   2.8e-30   1.6e-27  101.0  11.5     2   341   163   479   162   481 0.83 [190263/466/1]
190263/502/1.f:NONHGB_11410 -            616 GH13_29.hmm          -            344   2.9e-30  110.0  15.9   1   1   3.7e-31   2.1e-28  103.9  12.0     2   342   163   480   162   482 0.84 [190263/502/1]
190263/399/1.f:CDLIDF_07515 -            617 GH13_29.hmm          -            344   8.1e-30  108.6   7.0   1   1   3.1e-29   1.7e-26   97.6   3.9     2   172   165   331   164   338 0.86 [190263/399/1]
190263/460/1.f:IHFGKI_10900 -            641 GH13_29.hmm          -            344   6.1e-29  105.7   4.5   1   1   6.2e-30   3.5e-27   99.9   1.6     2   174   162   360   161   373 0.74 [190263/460/1]
190263/520/1.f:GGDGDE_06845 -           1856 GH13_29.hmm          -            344   8.5e-29  105.2   5.6   1   1   2.2e-25   1.3e-22   84.9   0.8     2    88   904   989   903  1043 0.92 [190263/520/1]
190263/405/1.f:EHKDKA_03425 -            619 GH13_29.hmm          -            344   1.3e-28  104.6   2.2   1   1   1.5e-26   8.6e-24   88.7   1.1     2   181   163   338   162   355 0.83 [190263/405/1]
190263/516/1.f:MGNFBC_18275 -            615 GH13_29.hmm          -            344   2.2e-28  103.9   6.9   1   1   5.3e-30     3e-27  100.1   4.8     2   172   162   328   161   333 0.82 [190263/516/1]
190263/368/1.f:HPMDBE_20180 -            615 GH13_29.hmm          -            344   2.2e-28  103.8   6.6   1   1   6.6e-30   3.7e-27   99.8   5.2     2   173   162   329   161   337 0.82 [190263/368/1]
190263/379/1.f:LOJHAC_21325 -            615 GH13_29.hmm          -            344   2.2e-28  103.8   6.6   1   1   6.6e-30   3.7e-27   99.8   5.2     2   173   162   329   161   337 0.82 [190263/379/1]
190263/388/1.f:FDDJJK_07165 -            616 GH13_29.hmm          -            344   3.9e-28  103.0   7.2   1   1     2e-28   1.1e-25   94.9   4.0     2   172   164   330   163   338 0.84 [190263/388/1]
190263/391/1.f:NONBJF_08175 -            616 GH13_29.hmm          -            344   3.9e-28  103.0   7.2   1   1     2e-28   1.1e-25   94.9   4.0     2   172   164   330   163   338 0.84 [190263/391/1]
190263/534/1.f:OHCFJE_04790 -            616 GH13_29.hmm          -            344   3.9e-28  103.0   7.2   1   1     2e-28   1.1e-25   94.9   4.0     2   172   164   330   163   338 0.84 [190263/534/1]
190263/545/1.f:NCJBIN_08290 -            616 GH13_29.hmm          -            344   3.9e-28  103.0   7.2   1   1     2e-28   1.1e-25   94.9   4.0     2   172   164   330   163   338 0.84 [190263/545/1]
190263/522/1.f:NPJBCH_12425 -            639 GH13_29.hmm          -            344   4.8e-28  102.7   8.4   1   1   5.8e-29   3.2e-26   96.7   2.2     2   172   162   356   161   359 0.77 [190263/522/1]
190263/516/1.f:MGNFBC_14175 -            613 GH13_29.hmm          -            344     5e-28  102.7   4.0   1   1   1.1e-27     6e-25   92.5   2.2     2   170   158   322   157   329 0.72 [190263/516/1]
190263/379/1.f:LOJHAC_16730 -            613 GH13_29.hmm          -            344   5.1e-28  102.7   4.0   1   1   1.1e-27     6e-25   92.5   2.2     2   170   158   322   157   329 0.72 [190263/379/1]
190263/368/1.f:HPMDBE_16265 -            613 GH13_29.hmm          -            344   5.7e-28  102.5   4.5   1   1   1.2e-27   6.9e-25   92.3   2.5     2   172   158   324   157   327 0.73 [190263/368/1]
190263/568/1.f:ABMLLK_04030 -            626 GH13_29.hmm          -            344   1.3e-27  101.3   6.4   1   1   7.1e-24     4e-21   80.0   4.1     2   175   198   360   197   365 0.84 [190263/568/1]
190263/382/1.f:JACGKO_09355 -           1151 GH13_29.hmm          -            344   1.5e-27  101.1   4.3   1   1   2.6e-27   1.5e-24   91.3   1.6     2   177   192   356   191   378 0.83 [190263/382/1]
190263/461/1.f:DHPHOK_10120 -            441 GH13_29.hmm          -            344   1.9e-27  100.8   3.4   1   1   4.2e-23   2.4e-20   77.4   0.5     6    89    55   141    51   148 0.89 [190263/461/1]
190263/437/1.f:LBKKEJ_03795 -            617 GH13_29.hmm          -            344   2.2e-27  100.6   6.5   1   1   1.9e-26   1.1e-23   88.4   4.4     2   172   165   331   164   343 0.81 [190263/437/1]
190263/580/1.f:JCPJNN_00815 -            582 GH13_29.hmm          -            344   2.5e-27  100.4   1.7   1   1   1.5e-27   8.3e-25   92.1   0.9     2   180   181   347   180   362 0.86 [190263/580/1]
190263/401/1.f:DMFJNH_07625 -            617 GH13_29.hmm          -            344   2.9e-27  100.2   6.5   1   1   9.3e-27   5.3e-24   89.4   4.3     2   172   165   331   164   349 0.83 [190263/401/1]
190263/504/1.f:DOAHDM_08130 -            617 GH13_29.hmm          -            344   2.9e-27  100.2   6.5   1   1   9.3e-27   5.3e-24   89.4   4.3     2   172   165   331   164   349 0.83 [190263/504/1]
190263/562/1.f:KJGNCK_02025 -            684 GH13_29.hmm          -            344   3.2e-27  100.0   6.2   1   1   1.2e-26   6.5e-24   89.1   4.0     2   172   232   398   231   407 0.83 [190263/562/1]
190263/552/1.f:EMALNL_07985 -            684 GH13_29.hmm          -            344   3.2e-27  100.0   6.2   1   1   1.2e-26   6.5e-24   89.1   4.0     2   172   232   398   231   407 0.83 [190263/552/1]
190263/425/1.f:HPANHD_10080 -            587 GH13_29.hmm          -            344   3.5e-27   99.9   8.5   1   1   4.5e-29   2.5e-26   97.1   3.7     2   180   180   351   179   377 0.81 [190263/425/1]
190263/366/1.f:DBJPFP_13280 -            423 GH13_29.hmm          -            344   1.2e-26   98.2   0.4   1   1   7.7e-23   4.4e-20   76.6   0.0     2    89    22   115    21   123 0.87 [190263/366/1]
190263/421/1.f:PBKEAC_13760 -            423 GH13_29.hmm          -            344   1.4e-26   98.0   0.3   1   1   2.1e-22   1.2e-19   75.1   0.0     2    88    22   114    21   124 0.87 [190263/421/1]
190263/400/1.f:EIBLKL_01635 -            626 GH13_29.hmm          -            344   1.6e-26   97.7   0.4   1   1   3.4e-24   1.9e-21   81.0   0.7     2   179   182   348   181   381 0.74 [190263/400/1]
190263/475/1.f:MCKEEP_01645 -            617 GH13_29.hmm          -            344   1.9e-26   97.5   8.3   1   1   5.1e-26   2.9e-23   87.0   6.0     2   172   165   331   164   346 0.84 [190263/475/1]
190263/573/1.f:LIDFCI_15590 -            617 GH13_29.hmm          -            344     2e-26   97.4   8.6   1   1     5e-26   2.8e-23   87.0   5.9     2   172   165   331   164   351 0.84 [190263/573/1]
190263/369/1.f:JCDIFE_20205 -            441 GH13_29.hmm          -            344   2.7e-26   97.0   3.1   1   1   8.7e-23   4.9e-20   76.4   0.6     6    89    55   141    52   148 0.89 [190263/369/1]
190263/425/1.f:HPANHD_08465 -            599 GH13_29.hmm          -            344   3.8e-26   96.5   3.5   1   1   3.7e-26   2.1e-23   87.5   2.6     2   178   186   352   185   370 0.72 [190263/425/1]
190263/368/1.f:HPMDBE_05465 -            106 GH13_29.hmm          -            344   3.9e-26   96.5   0.2   1   1   8.3e-29   4.6e-26   96.2   0.2     1    62    42   103    42   106 0.97 [190263/368/1]
190263/383/1.f:KCEMEB_04820 -            437 GH13_29.hmm          -            344   4.1e-26   96.4   2.1   1   1   9.4e-25   5.3e-22   82.9   1.4     7   179    32   189    27   203 0.84 [190263/383/1]
190263/595/1.f:HGDLEC_06210 -            450 GH13_29.hmm          -            344   6.5e-26   95.7   2.0   1   1   1.3e-20   7.2e-18   69.3   0.1     4    87    49   135    47   144 0.90 [190263/595/1]
190263/547/1.f:KJCAKO_04325 -            433 GH13_29.hmm          -            344   6.9e-26   95.6   7.9   1   1   3.2e-24   1.8e-21   81.1   7.4     8   214    35   226    30   248 0.84 [190263/547/1]
190263/396/1.f:KAAOMA_12335 -            628 GH13_29.hmm          -            344     1e-25   95.1   3.0   1   1   1.4e-22   7.6e-20   75.8   0.4     2   101   182   289   181   318 0.83 [190263/396/1]
190263/390/1.f:OLPOLE_18085 -            605 GH13_29.hmm          -            344   1.4e-25   94.7   0.0   1   1   8.5e-24   4.8e-21   79.7   0.0     2   177   183   347   182   373 0.80 [190263/390/1]
190263/556/1.f:EMIPPF_12930 -            425 GH13_29.hmm          -            344   1.6e-25   94.4   1.4   1   1   5.3e-20     3e-17   67.2   0.0     2    87    24   115    23   124 0.86 [190263/556/1]
190263/421/1.f:PBKEAC_05065 -            625 GH13_29.hmm          -            344   2.2e-25   94.0   0.9   1   1   6.8e-25   3.8e-22   83.3   0.4     2   174   170   338   169   365 0.86 [190263/421/1]
190263/446/1.f:LHJMMB_09600 -            625 GH13_29.hmm          -            344   2.2e-25   94.0   0.9   1   1   6.8e-25   3.8e-22   83.3   0.4     2   174   170   338   169   365 0.86 [190263/446/1]
190263/556/1.f:EMIPPF_02185 -            625 GH13_29.hmm          -            344   3.1e-25   93.5   0.9   1   1   6.8e-25   3.8e-22   83.3   0.4     2   174   170   338   169   365 0.86 [190263/556/1]
190263/458/1.f:AMPCAI_06050 -            434 GH13_29.hmm          -            344   3.2e-25   93.4   0.5   1   1   2.1e-23   1.2e-20   78.4   0.2     7   175    34   187    30   217 0.84 [190263/458/1]
190263/446/1.f:LHJMMB_14315 -            427 GH13_29.hmm          -            344     4e-25   93.1   0.7   1   1   4.1e-20   2.3e-17   67.6   0.0     2    88    26   118    25   128 0.86 [190263/446/1]
190263/549/1.f:CNBDFB_03745 -            437 GH13_29.hmm          -            344     5e-25   92.8   1.2   1   1   4.8e-24   2.7e-21   80.5   0.6     4   175    31   187    28   203 0.84 [190263/549/1]
190263/375/1.f:CNGHJF_00695 -            444 GH13_29.hmm          -            344   8.2e-25   92.1   0.0   1   1   5.9e-23   3.3e-20   76.9   0.0     9   202    39   220    34   243 0.80 [190263/375/1]
190263/494/1.f:LHPBBO_03380 -            727 GH13_29.hmm          -            344   1.2e-24   91.5   0.0   1   1   1.5e-25   8.4e-23   85.5   0.0     2   173   238   402   237   411 0.73 [190263/494/1]
190263/502/1.f:NONHGB_03625 -            447 GH13_29.hmm          -            344   1.2e-24   91.5   1.0   1   1   8.8e-22     5e-19   73.1   0.0     4    89    58   146    55   154 0.90 [190263/502/1]
190263/405/1.f:EHKDKA_03920 -            441 GH13_29.hmm          -            344   1.5e-24   91.2   3.0   1   1   1.9e-20     1e-17   68.7   0.2     5    88    55   141    53   154 0.89 [190263/405/1]
190263/576/1.f:FNMBCG_05375 -            618 GH13_29.hmm          -            344   1.5e-24   91.2   0.1   1   1   9.8e-24   5.5e-21   79.5   0.0     2    88   183   268   182   297 0.91 [190263/576/1]
190263/502/1.f:NONHGB_03620 -            441 GH13_29.hmm          -            344   1.9e-24   90.9   3.2   1   1   1.4e-20   7.6e-18   69.2   0.2     5    88    55   141    53   154 0.89 [190263/502/1]
190263/405/1.f:EHKDKA_03925 -            447 GH13_29.hmm          -            344   2.3e-24   90.6   1.2   1   1   1.6e-21   8.8e-19   72.3   0.1     4    89    58   146    55   154 0.90 [190263/405/1]
190263/405/1.f:EHKDKA_23990 -            628 GH13_29.hmm          -            344   3.4e-24   90.1   4.1   1   1   3.1e-26   1.7e-23   87.8   2.6     2   172   177   343   176   348 0.76 [190263/405/1]
190263/400/1.f:EIBLKL_06495 -            439 GH13_29.hmm          -            344   3.8e-24   89.9   1.3   1   1   6.1e-24   3.4e-21   80.2   0.4     4   174    34   186    32   200 0.87 [190263/400/1]
190263/588/1.f:LGPOLK_03735 -           1132 GH13_29.hmm          -            344   7.2e-24   89.0   4.2   1   1   7.7e-24   4.3e-21   79.9   1.3     2   176   188   351   187   356 0.84 [190263/588/1]
190263/502/1.f:NONHGB_22080 -            651 GH13_29.hmm          -            344   7.3e-24   89.0   4.0   1   1   1.4e-25   8.1e-23   85.5   2.3     2   163   200   356   199   370 0.69 [190263/502/1]
190263/584/1.f:DDCNLE_10135 -            626 GH13_29.hmm          -            344   7.8e-24   88.9   0.1   1   1   1.9e-22   1.1e-19   75.3   0.1     2   101   187   294   186   308 0.83 [190263/584/1]
190263/447/1.f:OLODHC_03420 -            676 GH13_29.hmm          -            344   8.5e-24   88.8   1.3   1   1     5e-23   2.8e-20   77.2   0.4     7   174    34   186    28   197 0.84 [190263/447/1]
190263/583/1.f:BCCKNC_06565 -            624 GH13_29.hmm          -            344   1.2e-23   88.2   0.8   1   1   5.2e-23   2.9e-20   77.1   0.1     2   170   163   327   162   331 0.71 [190263/583/1]
190263/562/1.f:KJGNCK_01560 -            454 GH13_29.hmm          -            344   1.5e-23   87.9   3.7   1   1   7.9e-20   4.4e-17   66.7   0.1     3    87    59   149    57   172 0.85 [190263/562/1]
190263/452/1.f:PEIHBN_02820 -            435 GH13_29.hmm          -            344   1.7e-23   87.8   2.8   1   1   4.5e-24   2.6e-21   80.6   2.3     4   178    31   190    28   209 0.84 [190263/452/1]
190263/477/1.f:PCLDCI_13415 -            621 GH13_29.hmm          -            344   1.8e-23   87.7   0.1   1   1   6.2e-24   3.5e-21   80.2   0.0     2   102   184   279   183   364 0.75 [190263/477/1]
190263/478/1.f:BOCJFA_13060 -            705 GH13_29.hmm          -            344     2e-23   87.5   7.4   1   1   3.9e-16   2.2e-13   54.5   0.3     2    61   192   251   191   263 0.89 [190263/478/1]
190263/595/1.f:HGDLEC_07220 -           1077 GH13_29.hmm          -            344   2.1e-23   87.5   6.0   1   1   2.4e-20   1.4e-17   68.3   0.2     2    80    76   157    75   164 0.90 [190263/595/1]
190263/523/1.f:MDNHKG_06170 -            426 GH13_29.hmm          -            344   2.2e-23   87.4   0.1   1   1   5.3e-20     3e-17   67.2   0.0     2    88    24   116    23   125 0.86 [190263/523/1]
190263/596/1.f:GDHELL_06085 -            629 GH13_29.hmm          -            344   2.4e-23   87.3   2.5   1   1   8.5e-24   4.8e-21   79.7   2.1     1   118   190   310   190   410 0.89 [190263/596/1]
190263/513/1.f:MKNBNH_01175 -            697 GH13_29.hmm          -            344   2.8e-23   87.1  12.1   1   1     5e-16   2.8e-13   54.2   2.1     2    54   192   243   191   247 0.94 [190263/513/1]
190263/546/1.f:GEHMID_08575 -            456 GH13_29.hmm          -            344   2.9e-23   87.0   3.3   1   1   1.3e-22   7.1e-20   75.9   1.8     9   180    39   196    34   237 0.82 [190263/546/1]
190263/413/1.f:NMLDCG_06385 -            622 GH13_29.hmm          -            344   3.1e-23   86.9   0.0   1   1   2.9e-22   1.6e-19   74.7   0.0     2    87   184   268   183   351 0.79 [190263/413/1]
190263/409/1.f:AJJCMD_01560 -            444 GH13_29.hmm          -            344   5.5e-23   86.1   0.2   1   1     5e-22   2.8e-19   73.9   0.2     9   201    39   219    33   238 0.79 [190263/409/1]
190263/531/1.f:KJIPPC_09870 -            435 GH13_29.hmm          -            344   5.9e-23   86.0   3.7   1   1     3e-23   1.7e-20   77.9   2.3    10   176    37   188    30   216 0.82 [190263/531/1]
190263/512/1.f:JBCLGH_10695 -            448 GH13_29.hmm          -            344     6e-23   86.0   1.1   1   1   4.1e-23   2.3e-20   77.5   0.3    11   175    38   187    30   199 0.84 [190263/512/1]
190263/461/1.f:DHPHOK_18795 -            445 GH13_29.hmm          -            344   6.5e-23   85.9   2.0   1   1   1.3e-18   7.5e-16   62.6   0.2     6    87    60   144    57   157 0.90 [190263/461/1]
190263/567/1.f:NOEGFN_16430 -            620 GH13_29.hmm          -            344   6.6e-23   85.8   0.3   1   1   2.9e-23   1.6e-20   78.0   0.0     2   114   186   301   185   322 0.85 [190263/567/1]
190263/537/1.f:AHPNMI_04290 -            436 GH13_29.hmm          -            344     7e-23   85.8   1.8   1   1   2.9e-23   1.6e-20   78.0   1.2    12   174    39   186    30   200 0.87 [190263/537/1]
190263/510/1.f:DELAEA_05540 -            616 GH13_29.hmm          -            344   1.4e-22   84.8   8.0   1   1   4.2e-22   2.4e-19   74.1   8.0     2   206   184   375   183   510 0.69 [190263/510/1]
190263/541/1.f:IDEEIE_16565 -            676 GH13_29.hmm          -            344   1.4e-22   84.8   8.2   1   1   8.7e-16   4.9e-13   53.4   0.4     2    52   171   220   170   239 0.88 [190263/541/1]
190263/436/1.f:KEEIED_02150 -           1120 GH13_29.hmm          -            344   1.5e-22   84.7   0.1   1   1   6.2e-23   3.5e-20   76.9   0.0     2   175   197   359   196   367 0.80 [190263/436/1]
190263/443/1.f:LNLACP_02900 -            616 GH13_29.hmm          -            344   1.5e-22   84.7   0.0   1   1   4.4e-21   2.5e-18   70.8   0.0     2    88   183   268   182   301 0.87 [190263/443/1]
190263/429/1.f:OMPHBF_00070 -            645 GH13_29.hmm          -            344   1.6e-22   84.6   1.4   1   1   3.4e-23   1.9e-20   77.7   0.1     2   177   183   346   182   370 0.73 [190263/429/1]
190263/565/1.f:PAEINE_06670 -           1098 GH13_29.hmm          -            344   1.8e-22   84.4   0.0   1   1   1.9e-20   1.1e-17   68.7   0.1     2   175   194   354   193   359 0.73 [190263/565/1]
190263/370/1.f:MFKGBO_01025 -            448 GH13_29.hmm          -            344   1.8e-22   84.4   0.2   1   1   2.7e-22   1.5e-19   74.8   0.2    10   179    40   195    34   234 0.81 [190263/370/1]
190263/557/1.f:DOLMEB_10490 -            442 GH13_29.hmm          -            344   2.2e-22   84.1   1.1   1   1   1.7e-21   9.5e-19   72.2   0.3    11   175    38   187    31   197 0.84 [190263/557/1]
190263/507/1.f:KPMKPI_02625 -            699 GH13_29.hmm          -            344   2.6e-22   83.9  11.1   1   1   3.2e-16   1.8e-13   54.8   1.7     2    57   193   248   192   260 0.86 [190263/507/1]
190263/383/1.f:KCEMEB_11095 -            641 GH13_29.hmm          -            344   2.8e-22   83.8   1.3   1   1   1.9e-21     1e-18   72.0   0.1     2   103   187   296   186   322 0.86 [190263/383/1]
190263/457/1.f:IIKDLL_01895 -            704 GH13_29.hmm          -            344   3.4e-22   83.5  13.6   1   1   9.6e-16   5.4e-13   53.2   1.3     2    62   197   257   196   264 0.86 [190263/457/1]
190263/546/1.f:GEHMID_03350 -            698 GH13_29.hmm          -            344   3.4e-22   83.5   7.6   1   1   8.8e-17   4.9e-14   56.7   0.3     2    61   193   252   192   260 0.89 [190263/546/1]
190263/507/1.f:KPMKPI_14695 -            453 GH13_29.hmm          -            344   4.4e-22   83.1   2.3   1   1   3.1e-22   1.7e-19   74.6   0.7     9   201    38   218    33   230 0.81 [190263/507/1]
190263/457/1.f:IIKDLL_06125 -            442 GH13_29.hmm          -            344   4.7e-22   83.0   4.3   1   1   6.7e-21   3.8e-18   70.2   2.8     4   174    37   192    34   200 0.86 [190263/457/1]
190263/578/1.f:HIHCLH_08785 -            436 GH13_29.hmm          -            344     7e-22   82.5   3.9   1   1   8.9e-21     5e-18   69.8   3.0     8   177    35   189    25   227 0.80 [190263/578/1]
190263/541/1.f:IDEEIE_03490 -            435 GH13_29.hmm          -            344   7.7e-22   82.3   1.2   1   1   8.9e-22     5e-19   73.1   0.6     7   174    34   186    29   199 0.85 [190263/541/1]
190263/386/1.f:DBGIOG_11970 -            701 GH13_29.hmm          -            344   9.2e-22   82.1   8.6   1   1   2.9e-16   1.6e-13   54.9   0.6     2    60   193   251   192   261 0.88 [190263/386/1]
190263/370/1.f:MFKGBO_26585 -            707 GH13_29.hmm          -            344   9.7e-22   82.0   4.0   1   1   2.2e-16   1.3e-13   55.3   0.4     2    61   179   238   178   245 0.89 [190263/370/1]
190263/384/1.f:CDKGIA_01545 -            446 GH13_29.hmm          -            344   1.1e-21   81.9   1.9   1   1   6.6e-23   3.7e-20   76.8   1.3    11   202    41   220    34   236 0.79 [190263/384/1]
190263/439/1.f:KGLJGB_08645 -            433 GH13_29.hmm          -            344   1.1e-21   81.9   4.1   1   1   2.9e-20   1.6e-17   68.1   4.0     6   214    33   229    30   234 0.79 [190263/439/1]
190263/412/1.f:OOIBGL_10985 -            436 GH13_29.hmm          -            344   1.5e-21   81.4   1.8   1   1   1.4e-20   7.9e-18   69.1   1.4     7   174    34   186    30   201 0.83 [190263/412/1]
190263/520/1.f:GGDGDE_17165 -            734 GH13_29.hmm          -            344   1.7e-21   81.2   6.9   1   1   8.3e-16   4.7e-13   53.4   0.7     2    52   194   243   193   271 0.90 [190263/520/1]
190263/496/1.f:JJBAFO_04445 -           1096 GH13_29.hmm          -            344   2.3e-21   80.8   0.1   1   1   3.9e-21   2.2e-18   71.0   0.0     2   104   195   304   194   312 0.88 [190263/496/1]
190263/472/1.f:NMGHJI_09485 -            582 GH13_29.hmm          -            344   2.5e-21   80.6   2.6   1   1     1e-20   5.8e-18   69.6   1.1     7   179    36   194    30   237 0.79 [190263/472/1]
190263/478/1.f:BOCJFA_08205 -            581 GH13_29.hmm          -            344   2.5e-21   80.6   2.5   1   1   1.2e-20     7e-18   69.3   1.2     9   202    38   219    31   238 0.77 [190263/478/1]
190263/586/1.f:KBDCAC_01405 -            732 GH13_29.hmm          -            344   2.7e-21   80.5   7.8   1   1     1e-16   5.7e-14   56.4   0.4     2    60   178   236   177   245 0.90 [190263/586/1]
190263/443/1.f:LNLACP_13505 -            440 GH13_29.hmm          -            344     3e-21   80.4   2.1   1   1     1e-21   5.7e-19   72.9   1.4     8   174    39   190    34   196 0.89 [190263/443/1]
190263/490/1.f:OIBLLI_01470 -            436 GH13_29.hmm          -            344   3.2e-21   80.3   4.1   1   1   3.3e-20   1.8e-17   67.9   3.8    10   182    37   194    31   229 0.81 [190263/490/1]
190263/495/1.f:ANKNCD_06835 -            701 GH13_29.hmm          -            344   3.3e-21   80.2   6.0   1   1   9.4e-16   5.3e-13   53.3   0.2     2    59   194   251   193   262 0.86 [190263/495/1]
190263/434/1.f:NCAOKI_09055 -           1104 GH13_29.hmm          -            344   3.6e-21   80.1   0.1   1   1   1.3e-21   7.3e-19   72.5   0.0     2   179   195   359   194   369 0.84 [190263/434/1]
190263/455/1.f:GDGJDA_12270 -            434 GH13_29.hmm          -            344   3.6e-21   80.1   2.3   1   1   9.4e-21   5.3e-18   69.7   0.9    12   176    39   188    31   205 0.82 [190263/455/1]
190263/490/1.f:OIBLLI_08280 -            704 GH13_29.hmm          -            344   4.8e-21   79.7  10.2   1   1   4.5e-16   2.5e-13   54.3   0.4     2    56   197   250   196   265 0.86 [190263/490/1]
190263/596/1.f:GDHELL_06780 -            751 GH13_29.hmm          -            344   5.6e-21   79.5   3.4   1   1   5.7e-17   3.2e-14   57.3   0.2     2    79   177   257   176   267 0.89 [190263/596/1]
190263/382/1.f:JACGKO_00555 -           1160 GH13_29.hmm          -            344   5.8e-21   79.4   3.6   1   1   3.2e-22   1.8e-19   74.5   0.4     2    91   671   760   670   799 0.85 [190263/382/1]
190263/580/1.f:JCPJNN_23320 -            440 GH13_29.hmm          -            344   6.3e-21   79.3   0.4   1   1   1.2e-19     7e-17   66.0   0.3     4   177    35   193    32   208 0.83 [190263/580/1]
190263/386/1.f:DBGIOG_09510 -            457 GH13_29.hmm          -            344   8.6e-21   78.9   1.0   1   1   1.6e-21   8.9e-19   72.3   0.2    11   176    41   192    33   221 0.82 [190263/386/1]
190263/423/1.f:PDNKFB_06835 -           1368 GH13_29.hmm          -            344   9.2e-21   78.8   4.9   1   1   7.9e-19   4.4e-16   63.4   1.1     2    93   841   945   840   970 0.79 [190263/423/1]
190263/363/1.f:CIHHOC_15755 -            564 GH13_29.hmm          -            344   9.2e-21   78.8   0.0   1   1   4.1e-23   2.3e-20   77.5   0.0    19   180    84   239    69   264 0.85 [190263/363/1]
190263/390/1.f:OLPOLE_07045 -            435 GH13_29.hmm          -            344   9.6e-21   78.7   0.0   1   1   2.2e-19   1.3e-16   65.2   0.0    10   174    37   186    31   196 0.82 [190263/390/1]
190263/557/1.f:DOLMEB_12030 -            684 GH13_29.hmm          -            344     1e-20   78.6   9.2   1   1   5.9e-16   3.3e-13   53.9   1.0     2    52   171   220   170   239 0.82 [190263/557/1]
190263/495/1.f:ANKNCD_19165 -            436 GH13_29.hmm          -            344     1e-20   78.6   2.4   1   1   4.2e-20   2.4e-17   67.6   2.0     7   177    34   189    30   232 0.84 [190263/495/1]
190263/532/1.f:BGDBBA_08525 -            550 GH13_29.hmm          -            344   1.3e-20   78.2   5.8   1   1   3.2e-19   1.8e-16   64.7   2.8    13   176    41   190    33   200 0.86 [190263/532/1]
190263/495/1.f:ANKNCD_08725 -           1674 GH13_29.hmm          -            344   1.4e-20   78.2   1.9   1   1   2.8e-18   1.6e-15   61.6   0.6     2    84   963  1058   962  1087 0.82 [190263/495/1]
190263/380/1.f:GDCFAC_00690 -            620 GH13_29.hmm          -            344   1.4e-20   78.2   0.1   1   1     1e-21   5.6e-19   72.9   0.0     2   175   175   337   174   363 0.77 [190263/380/1]
190263/520/1.f:GGDGDE_16030 -            436 GH13_29.hmm          -            344   1.5e-20   78.1   4.0   1   1   6.6e-20   3.7e-17   66.9   2.5     7   176    34   188    30   197 0.84 [190263/520/1]
190263/433/1.f:ADFNDI_04915 -            563 GH13_29.hmm          -            344   1.6e-20   78.0   3.6   1   1   1.4e-19   7.7e-17   65.9   1.7     9   178    38   193    31   233 0.83 [190263/433/1]
190263/477/1.f:PCLDCI_13985 -            551 GH13_29.hmm          -            344   1.6e-20   78.0   1.9   1   1   2.3e-20   1.3e-17   68.4   0.2    10   179    40   195    34   223 0.81 [190263/477/1]
190263/532/1.f:BGDBBA_00800 -            701 GH13_29.hmm          -            344   1.8e-20   77.8  12.8   1   1   9.9e-16   5.6e-13   53.2   0.6     2    52   192   241   191   256 0.93 [190263/532/1]
190263/468/1.f:DIOFOH_00365 -            527 GH13_29.hmm          -            344   1.8e-20   77.8  10.8   1   1   1.6e-20   8.9e-18   69.0   2.4    11   177    40   192    33   219 0.87 [190263/468/1]
190263/423/1.f:PDNKFB_07145 -            434 GH13_29.hmm          -            344     2e-20   77.7   2.5   1   1   1.4e-19   7.6e-17   65.9   1.7     7   178    34   191    30   233 0.78 [190263/423/1]
190263/425/1.f:HPANHD_10050 -            607 GH13_29.hmm          -            344   2.2e-20   77.5   1.7   1   1   1.2e-22     7e-20   75.9   1.7     2   172   180   343   179   359 0.84 [190263/425/1]
190263/596/1.f:GDHELL_04035 -            427 GH13_29.hmm          -            344   2.3e-20   77.5   5.0   1   1   2.3e-17   1.3e-14   58.6   0.0     2    82    26   112    25   126 0.88 [190263/596/1]
190263/596/1.f:GDHELL_00025 -            558 GH13_29.hmm          -            344   2.4e-20   77.4   9.1   1   1   1.2e-19   6.6e-17   66.1   3.5     7   180    35   194    31   232 0.78 [190263/596/1]
190263/513/1.f:MKNBNH_11095 -            598 GH13_29.hmm          -            344   2.6e-20   77.3   3.5   1   1   3.2e-19   1.8e-16   64.7   2.1     9   179    38   194    31   239 0.83 [190263/513/1]
190263/496/1.f:JJBAFO_01220 -            456 GH13_29.hmm          -            344   4.9e-20   76.4   0.0   1   1   5.4e-16   3.1e-13   54.0   0.0    11    99    43   131    40   143 0.88 [190263/496/1]
190263/487/1.f:MPKEFC_06950 -            441 GH13_29.hmm          -            344   5.2e-20   76.3   1.2   1   1   2.6e-19   1.4e-16   65.0   1.0     7   178    38   194    33   235 0.88 [190263/487/1]
190263/363/1.f:CIHHOC_14895 -            450 GH13_29.hmm          -            344   5.6e-20   76.2   0.6   1   1     1e-20   5.9e-18   69.6   0.4    10   195    40   213    36   242 0.78 [190263/363/1]
190263/368/1.f:HPMDBE_16250 -            612 GH13_29.hmm          -            344   6.3e-20   76.0   3.4   1   1   3.7e-21   2.1e-18   71.0   2.8     2   170   163   323   162   334 0.76 [190263/368/1]
190263/379/1.f:LOJHAC_16715 -            612 GH13_29.hmm          -            344   6.3e-20   76.0   3.4   1   1   3.7e-21   2.1e-18   71.0   2.8     2   170   163   323   162   334 0.76 [190263/379/1]
190263/516/1.f:MGNFBC_14160 -            612 GH13_29.hmm          -            344   6.3e-20   76.0   3.4   1   1   3.7e-21   2.1e-18   71.0   2.8     2   170   163   323   162   334 0.76 [190263/516/1]
190263/514/1.f:MMHOAN_01610 -            441 GH13_29.hmm          -            344   1.1e-19   75.3   2.0   1   1   2.5e-20   1.4e-17   68.3   1.1    12   175    39   187    33   200 0.86 [190263/514/1]
190263/567/1.f:NOEGFN_05575 -            550 GH13_29.hmm          -            344   1.2e-19   75.1   0.7   1   1   3.6e-19     2e-16   64.5   0.0     5   177    34   192    31   219 0.80 [190263/567/1]
190263/578/1.f:HIHCLH_02510 -            433 GH13_29.hmm          -            344   2.7e-19   74.0   7.7   1   1   6.9e-17   3.9e-14   57.0   0.0     2    81    26   111    25   128 0.85 [190263/578/1]
190263/434/1.f:NCAOKI_06450 -            529 GH13_29.hmm          -            344   2.7e-19   74.0   0.4   1   1   1.1e-19     6e-17   66.2   0.1     8   175    45   197    39   208 0.85 [190263/434/1]
190263/560/1.f:OAGBLH_03685 -            533 GH13_29.hmm          -            344   3.7e-19   73.5   5.9   1   1   2.3e-20   1.3e-17   68.4   2.5     8   181    37   196    31   220 0.84 [190263/560/1]
190263/429/1.f:OMPHBF_14120 -            535 GH13_29.hmm          -            344   4.6e-19   73.2   0.1   1   1   1.7e-18   9.6e-16   62.3   0.0     7   178    37   194    31   221 0.78 [190263/429/1]
190263/565/1.f:PAEINE_09665 -            458 GH13_29.hmm          -            344   4.9e-19   73.1   0.1   1   1   1.8e-17     1e-14   58.9   0.0     7   180    49   207    45   244 0.84 [190263/565/1]
190263/409/1.f:AJJCMD_03115 -            560 GH13_29.hmm          -            344   6.5e-19   72.7   0.0   1   1   1.9e-21   1.1e-18   72.0   0.0    19   180    83   238    75   250 0.89 [190263/409/1]
190263/496/1.f:JJBAFO_05545 -            425 GH13_29.hmm          -            344     9e-19   72.2   0.3   1   1   8.6e-17   4.8e-14   56.7   0.0     2    87    26   117    25   126 0.89 [190263/496/1]
190263/396/1.f:KAAOMA_13065 -            528 GH13_29.hmm          -            344     1e-18   72.0   2.6   1   1   4.5e-19   2.5e-16   64.2   0.6     7   178    37   194    33   221 0.83 [190263/396/1]
190263/422/1.f:HJBCNJ_14695 -            443 GH13_29.hmm          -            344   2.2e-18   71.0   0.0   1   1   5.1e-21   2.8e-18   70.6   0.0     2    88   175   260   174   312 0.82 [190263/422/1]
190263/530/1.f:LBOGMJ_11835 -            672 GH13_29.hmm          -            344   5.9e-18   69.6   0.1   1   1   2.7e-18   1.5e-15   61.6   0.0     2   175   199   361   198   382 0.75 [190263/530/1]
190263/562/1.f:KJGNCK_02055 -            758 GH13_29.hmm          -            344   2.4e-16   64.3   1.1   1   1   1.6e-17     9e-15   59.1   0.1     2    83   329   411   328   427 0.94 [190263/562/1]
190263/552/1.f:EMALNL_07955 -            758 GH13_29.hmm          -            344   2.4e-16   64.3   1.1   1   1   1.6e-17     9e-15   59.1   0.1     2    83   329   411   328   427 0.94 [190263/552/1]
190263/475/1.f:MCKEEP_01675 -            793 GH13_29.hmm          -            344   2.4e-16   64.2   1.4   1   1   1.7e-16   9.4e-14   55.7   0.2     1    92   349   442   349   459 0.86 [190263/475/1]
190263/573/1.f:LIDFCI_15620 -            783 GH13_29.hmm          -            344   2.6e-16   64.2   1.4   1   1   1.6e-16   9.2e-14   55.8   0.2     1    92   339   432   339   449 0.86 [190263/573/1]
190263/585/1.f:DLBDDB_01385 -            809 GH13_29.hmm          -            344   3.9e-16   63.6   4.0   1   1   1.8e-17     1e-14   58.9   0.0     1    84   371   455   371   478 0.90 [190263/585/1]
#
# Program:         hmmsearch
# Version:         3.3.2 (Nov 2020)
# Pipeline mode:   SEARCH
# Query file:      /kb/module/work/tmp/output.1725388484971/GH13_29/GH13_29.hmm
# Target file:     /kb/module/work/tmp/output.1725388484971/hCom2_RAST.fasta
# Option settings: /kb/module/hmmer/bin/hmmsearch --domtblout /kb/module/work/tmp/output.1725388484971/GH13_29/GH13_29-hCom2_RAST.hitout.txt --noali --notextw --domE 1e-15 /kb/module/work/tmp/output.1725388484971/GH13_29/GH13_29.hmm /kb/module/work/tmp/output.1725388484971/hCom2_RAST.fasta 
# Current dir:     /kb/module/work/tmp/output.1725388484971
# Date:            Tue Sep  3 18:49:07 2024
# [ok]
