#                                                                                   --- full sequence --- -------------- this domain -------------   hmm coord   ali coord   env coord
# target name               accession   tlen query name           accession   qlen   E-value  score  bias   #  of  c-Evalue  i-Evalue  score  bias  from    to  from    to  from    to  acc description of target
#       ------------------- ---------- ----- -------------------- ---------- ----- --------- ------ ----- --- --- --------- --------- ------ ----- ----- ----- ----- ----- ----- ----- ---- ---------------------
190263/527/1.f:HGADJN_08895 -            586 GH13_30.hmm          -            365  1.2e-161  542.4   2.8   1   1  2.8e-164  1.6e-161  541.9   2.8     1   365    37   403    37   403 0.97 [190263/527/1]
190263/565/1.f:PAEINE_04520 -            577 GH13_30.hmm          -            365  1.4e-161  542.1   2.0   1   1  3.1e-164  1.8e-161  541.8   2.0     1   365    34   401    34   401 0.96 [190263/565/1]
190263/474/1.f:AMDJJA_00490 -            604 GH13_30.hmm          -            365  9.4e-161  539.4   1.7   1   1  2.7e-163  1.5e-160  538.7   1.7     1   365    33   403    33   403 0.95 [190263/474/1]
190263/420/1.f:GMHOLO_08475 -            583 GH13_30.hmm          -            365  6.4e-159  533.4   0.8   1   1  1.5e-161  8.7e-159  532.9   0.8     1   365    33   403    33   403 0.94 [190263/420/1]
190263/512/1.f:JBCLGH_07570 -            562 GH13_30.hmm          -            365   1.1e-89  305.6   8.5   1   1   3.3e-92   1.9e-89  304.8   5.3     1   364    30   374    30   375 0.86 [190263/512/1]
190263/409/1.f:AJJCMD_00615 -            565 GH13_30.hmm          -            365     3e-89  304.1   3.7   1   1   2.2e-91   1.2e-88  302.1   3.7     1   364    28   372    28   373 0.86 [190263/409/1]
190263/452/1.f:PEIHBN_10935 -            559 GH13_30.hmm          -            365   2.2e-88  301.3  10.6   1   1   5.1e-91   2.9e-88  300.9   6.6     1   364    29   373    29   374 0.85 [190263/452/1]
190263/406/1.f:DKNBGD_12580 -            551 GH13_30.hmm          -            365   4.4e-88  300.3   0.5   1   1   3.8e-90   2.2e-87  298.0   0.5     1   364    26   376    26   377 0.85 [190263/406/1]
190263/557/1.f:DOLMEB_09075 -            560 GH13_30.hmm          -            365   6.8e-87  296.4   5.3   1   1   1.2e-89   6.8e-87  296.4   5.3     1   364    30   374    30   375 0.88 [190263/557/1]
190263/409/1.f:AJJCMD_13305 -            517 GH13_30.hmm          -            365   3.4e-86  294.1   0.3   1   1   2.2e-88   1.3e-85  292.2   0.3     3   318    29   333    27   359 0.92 [190263/409/1]
190263/375/1.f:CNGHJF_04595 -            557 GH13_30.hmm          -            365   1.7e-85  291.7   4.5   1   1   8.1e-88   4.6e-85  290.4   4.5     1   364    27   372    27   373 0.85 [190263/375/1]
190263/458/1.f:AMPCAI_01140 -            559 GH13_30.hmm          -            365   2.1e-85  291.5   3.3   1   1   1.6e-87   9.2e-85  289.4   3.3     1   364    29   375    29   376 0.85 [190263/458/1]
190263/586/1.f:KBDCAC_04650 -            560 GH13_30.hmm          -            365   6.9e-85  289.8   5.4   1   1   9.9e-87   5.6e-84  286.8   5.4     1   364    26   365    26   366 0.87 [190263/586/1]
190263/474/1.f:AMDJJA_02480 -            604 GH13_30.hmm          -            365   9.1e-85  289.4   1.2   1   1   3.1e-87   1.7e-84  288.5   1.2     1   364    46   412    46   413 0.84 [190263/474/1]
190263/429/1.f:OMPHBF_12730 -            589 GH13_30.hmm          -            365   2.2e-84  288.1   5.5   1   1   1.2e-86   6.7e-84  286.5   5.5     1   364    52   401    52   402 0.83 [190263/429/1]
190263/549/1.f:CNBDFB_11805 -            558 GH13_30.hmm          -            365   2.6e-84  287.9   5.8   1   1   4.6e-87   2.6e-84  287.9   5.8     1   364    28   375    28   376 0.84 [190263/549/1]
190263/382/1.f:JACGKO_02195 -            543 GH13_30.hmm          -            365   3.2e-84  287.6   5.1   1   1     3e-86   1.7e-83  285.2   5.1     1   364    25   363    25   364 0.83 [190263/382/1]
190263/409/1.f:AJJCMD_25500 -            555 GH13_30.hmm          -            365   3.3e-84  287.5   4.6   1   1   2.5e-86   1.4e-83  285.5   4.6     1   364    26   367    26   368 0.89 [190263/409/1]
190263/425/1.f:HPANHD_03290 -            554 GH13_30.hmm          -            365   4.7e-84  287.0   5.7   1   1   5.2e-86     3e-83  284.4   5.7     1   364    27   373    27   374 0.85 [190263/425/1]
190263/580/1.f:JCPJNN_24345 -            560 GH13_30.hmm          -            365   5.4e-84  286.8   1.9   1   1   2.9e-86   1.6e-83  285.3   1.9     1   364    28   374    28   375 0.85 [190263/580/1]
190263/530/1.f:LBOGMJ_11355 -            566 GH13_30.hmm          -            365   7.4e-84  286.4   3.9   1   1   8.4e-86   4.8e-83  283.7   3.9     1   363    36   381    36   383 0.83 [190263/530/1]
190263/363/1.f:CIHHOC_02445 -            551 GH13_30.hmm          -            365   1.2e-83  285.7   7.7   1   1   2.1e-86   1.2e-83  285.7   7.7     1   364    26   367    26   368 0.90 [190263/363/1]
190263/472/1.f:NMGHJI_04910 -            559 GH13_30.hmm          -            365   1.6e-83  285.3   7.6   1   1   7.4e-86   4.2e-83  283.9   7.6     1   364    28   376    28   377 0.80 [190263/472/1]
190263/474/1.f:AMDJJA_09650 -            608 GH13_30.hmm          -            365   3.2e-83  284.3   0.3   1   1   1.1e-85   6.1e-83  283.4   0.3     1   364    46   411    46   412 0.80 [190263/474/1]
190263/420/1.f:GMHOLO_08275 -            607 GH13_30.hmm          -            365   3.8e-83  284.0   1.7   1   1   1.1e-85   6.4e-83  283.3   1.7     1   364    46   412    46   413 0.83 [190263/420/1]
190263/527/1.f:HGADJN_09155 -            602 GH13_30.hmm          -            365   5.4e-83  283.6   1.6   1   1   1.6e-85     9e-83  282.8   1.6     1   364    46   411    46   412 0.80 [190263/527/1]
190263/546/1.f:GEHMID_00295 -            565 GH13_30.hmm          -            365   2.2e-82  281.6   3.4   1   1   3.8e-85   2.2e-82  281.6   3.4     1   364    28   374    28   375 0.85 [190263/546/1]
190263/478/1.f:BOCJFA_07705 -            558 GH13_30.hmm          -            365   2.8e-82  281.2   3.8   1   1   4.9e-85   2.8e-82  281.2   3.8     1   364    28   374    28   375 0.85 [190263/478/1]
190263/382/1.f:JACGKO_03265 -            561 GH13_30.hmm          -            365   3.1e-82  281.1   5.1   1   1   3.4e-84   1.9e-81  278.4   5.1     1   364    31   380    31   381 0.83 [190263/382/1]
190263/507/1.f:KPMKPI_12330 -            554 GH13_30.hmm          -            365   4.9e-82  280.4   8.2   1   1   2.4e-84   1.4e-81  278.9   6.5     1   364    28   374    28   375 0.84 [190263/507/1]
190263/448/1.f:IBJDOL_10285 -            559 GH13_30.hmm          -            365   5.6e-82  280.2   7.6   1   1   5.4e-84   3.1e-81  277.8   7.6     1   364    26   367    26   368 0.85 [190263/448/1]
190263/452/1.f:PEIHBN_09925 -            552 GH13_30.hmm          -            365   6.8e-82  279.9   5.5   1   1   1.2e-84   6.8e-82  279.9   5.5     1   364    28   374    28   375 0.85 [190263/452/1]
190263/447/1.f:OLODHC_03415 -            554 GH13_30.hmm          -            365     8e-82  279.7  12.3   1   1   4.7e-84   2.7e-81  278.0  11.1     1   364    28   369    28   370 0.88 [190263/447/1]
190263/520/1.f:GGDGDE_20000 -            560 GH13_30.hmm          -            365   1.5e-81  278.8   8.3   1   1   8.4e-84   4.8e-81  277.2   8.3     1   364    29   376    29   377 0.83 [190263/520/1]
190263/527/1.f:HGADJN_09225 -            606 GH13_30.hmm          -            365   1.6e-81  278.7   1.8   1   1   4.8e-84   2.7e-81  277.9   1.8     1   364    46   411    46   412 0.81 [190263/527/1]
190263/584/1.f:DDCNLE_03835 -            557 GH13_30.hmm          -            365   3.8e-81  277.5   0.7   1   1   2.9e-83   1.6e-80  275.4   0.7     1   364    28   376    28   377 0.92 [190263/584/1]
190263/455/1.f:GDGJDA_15340 -            557 GH13_30.hmm          -            365   3.9e-81  277.4   3.4   1   1   2.4e-83   1.3e-80  275.7   3.4     1   364    28   374    28   375 0.85 [190263/455/1]
190263/433/1.f:ADFNDI_13085 -            556 GH13_30.hmm          -            365   4.5e-81  277.2   4.6   1   1   2.2e-83   1.3e-80  275.7   4.6     1   364    28   374    28   375 0.85 [190263/433/1]
190263/532/1.f:BGDBBA_06200 -            558 GH13_30.hmm          -            365   4.9e-81  277.1   1.8   1   1   5.7e-83   3.3e-80  274.4   1.8     1   316    28   342    28   374 0.84 [190263/532/1]
190263/409/1.f:AJJCMD_26280 -            550 GH13_30.hmm          -            365   5.4e-81  277.0   0.7   1   1     3e-83   1.7e-80  275.3   0.7     1   364    28   367    28   368 0.88 [190263/409/1]
190263/384/1.f:CDKGIA_03450 -            548 GH13_30.hmm          -            365   6.7e-81  276.7   4.1   1   1   7.6e-83   4.3e-80  274.0   4.1     1   364    26   365    26   366 0.86 [190263/384/1]
190263/448/1.f:IBJDOL_08635 -            554 GH13_30.hmm          -            365   1.3e-80  275.8   6.8   1   1     9e-83   5.1e-80  273.8   6.8     1   364    28   370    28   371 0.84 [190263/448/1]
190263/584/1.f:DDCNLE_03830 -            556 GH13_30.hmm          -            365   1.5e-80  275.5   4.6   1   1   6.7e-83   3.8e-80  274.2   4.6     1   364    28   374    28   375 0.86 [190263/584/1]
190263/425/1.f:HPANHD_03210 -            554 GH13_30.hmm          -            365   1.7e-80  275.3   4.8   1   1   1.2e-82   6.8e-80  273.4   4.8     1   364    27   371    27   372 0.86 [190263/425/1]
190263/478/1.f:BOCJFA_01370 -            559 GH13_30.hmm          -            365   1.8e-80  275.2   5.9   1   1   1.6e-82   9.3e-80  272.9   5.9     1   364    27   376    27   377 0.84 [190263/478/1]
190263/580/1.f:JCPJNN_29355 -            566 GH13_30.hmm          -            365   1.9e-80  275.2   0.1   1   1   2.5e-82   1.4e-79  272.3   0.1     1   363    28   373    28   375 0.85 [190263/580/1]
190263/541/1.f:IDEEIE_02835 -            559 GH13_30.hmm          -            365   2.1e-80  275.0   7.8   1   1   2.6e-82   1.5e-79  272.3   7.8     1   364    27   376    27   377 0.84 [190263/541/1]
190263/382/1.f:JACGKO_00540 -            554 GH13_30.hmm          -            365   2.2e-80  275.0   1.4   1   1   2.3e-82   1.3e-79  272.4   1.4     1   364    29   375    29   376 0.87 [190263/382/1]
190263/375/1.f:CNGHJF_16955 -            552 GH13_30.hmm          -            365     5e-80  273.8   2.8   1   1   8.8e-83     5e-80  273.8   2.8     1   364    26   367    26   368 0.88 [190263/375/1]
190263/423/1.f:PDNKFB_07745 -            541 GH13_30.hmm          -            365   9.5e-80  272.9   5.3   1   1   9.4e-80   5.3e-77  263.8   5.3     1   364    32   364    32   365 0.84 [190263/423/1]
190263/514/1.f:MMHOAN_12710 -            542 GH13_30.hmm          -            365   1.5e-79  272.3   7.8   1   1   6.4e-80   3.6e-77  264.4   7.8     1   364    32   364    32   365 0.83 [190263/514/1]
190263/586/1.f:KBDCAC_00925 -            570 GH13_30.hmm          -            365   5.6e-79  270.3   2.5   1   1   5.5e-81   3.1e-78  267.9   2.5     1   364    27   369    27   370 0.85 [190263/586/1]
190263/455/1.f:GDGJDA_14820 -            543 GH13_30.hmm          -            365   1.2e-78  269.3  10.5   1   1   1.7e-79   9.5e-77  263.0   7.8     1   364    30   362    30   363 0.84 [190263/455/1]
190263/363/1.f:CIHHOC_11415 -            558 GH13_30.hmm          -            365   1.5e-78  269.0   7.1   1   1   1.7e-80   9.6e-78  266.3   7.1     1   364    27   376    27   377 0.84 [190263/363/1]
190263/455/1.f:GDGJDA_05900 -            561 GH13_30.hmm          -            365   2.5e-78  268.2   0.4   1   1   3.8e-80   2.2e-77  265.1   0.4     1   316    28   342    28   374 0.83 [190263/455/1]
190263/370/1.f:MFKGBO_21105 -            550 GH13_30.hmm          -            365   2.6e-78  268.2   5.0   1   1   3.6e-80     2e-77  265.2   5.0     1   363    26   364    26   366 0.84 [190263/370/1]
190263/423/1.f:PDNKFB_07750 -            561 GH13_30.hmm          -            365   2.8e-78  268.0   0.1   1   1   3.9e-80   2.2e-77  265.1   0.1     1   318    28   344    28   374 0.84 [190263/423/1]
190263/384/1.f:CDKGIA_00625 -            570 GH13_30.hmm          -            365     3e-78  267.9   5.2   1   1   3.7e-80   2.1e-77  265.2   5.2     1   364    30   377    30   378 0.85 [190263/384/1]
190263/409/1.f:AJJCMD_20400 -            565 GH13_30.hmm          -            365   3.9e-78  267.6   0.1   1   1     3e-80   1.7e-77  265.5   0.1     1   363    28   372    28   374 0.83 [190263/409/1]
190263/580/1.f:JCPJNN_28235 -            543 GH13_30.hmm          -            365   5.6e-78  267.0   8.3   1   1   8.9e-79   5.1e-76  260.6   5.7     1   364    31   363    31   364 0.84 [190263/580/1]
190263/472/1.f:NMGHJI_16290 -            552 GH13_30.hmm          -            365   6.6e-78  266.8   3.8   1   1   5.7e-80   3.2e-77  264.5   3.8     1   364    30   364    30   365 0.86 [190263/472/1]
190263/520/1.f:GGDGDE_05590 -            557 GH13_30.hmm          -            365   7.7e-78  266.6   9.3   1   1   4.9e-80   2.8e-77  264.8   9.3     1   364    28   375    28   376 0.81 [190263/520/1]
190263/513/1.f:MKNBNH_02055 -            565 GH13_30.hmm          -            365   9.4e-78  266.3   0.2   1   1   4.9e-80   2.8e-77  264.8   0.2     1   363    28   373    28   375 0.85 [190263/513/1]
190263/447/1.f:OLODHC_03105 -            539 GH13_30.hmm          -            365     1e-77  266.2   7.6   1   1   9.1e-78   5.2e-75  257.3   7.6     1   364    28   360    28   361 0.83 [190263/447/1]
190263/375/1.f:CNGHJF_04955 -            539 GH13_30.hmm          -            365   1.3e-77  265.8   2.8   1   1   7.9e-72   4.5e-69  237.7   1.2     1   191    28   210    28   230 0.95 [190263/375/1]
190263/541/1.f:IDEEIE_03910 -            541 GH13_30.hmm          -            365   1.4e-77  265.7   7.6   1   1   6.5e-78   3.7e-75  257.8   7.6     1   364    30   362    30   363 0.85 [190263/541/1]
190263/363/1.f:CIHHOC_04800 -            542 GH13_30.hmm          -            365   1.5e-77  265.7   9.8   1   1   6.4e-78   3.6e-75  257.8   8.0     1   364    31   363    31   364 0.84 [190263/363/1]
190263/546/1.f:GEHMID_11585 -            555 GH13_30.hmm          -            365   1.6e-77  265.5   0.3   1   1   2.9e-79   1.7e-76  262.2   0.3     1   364    28   373    28   374 0.81 [190263/546/1]
190263/520/1.f:GGDGDE_10805 -            560 GH13_30.hmm          -            365     3e-77  264.6   1.0   1   1     2e-79   1.1e-76  262.8   1.0     1   363    28   372    28   374 0.85 [190263/520/1]
190263/495/1.f:ANKNCD_08970 -            565 GH13_30.hmm          -            365   5.1e-77  263.9   4.0   1   1     1e-79   5.7e-77  263.7   2.0     1   363    28   372    28   374 0.82 [190263/495/1]
190263/423/1.f:PDNKFB_11910 -            541 GH13_30.hmm          -            365   5.4e-77  263.8   3.1   1   1   6.4e-79   3.6e-76  261.1   3.1     1   364    28   367    28   368 0.86 [190263/423/1]
190263/514/1.f:MMHOAN_03820 -            569 GH13_30.hmm          -            365   9.8e-77  263.0   5.2   1   1   5.3e-77     3e-74  254.8   5.2     1   364    28   360    28   361 0.81 [190263/514/1]
190263/390/1.f:OLPOLE_06095 -            631 GH13_30.hmm          -            365     1e-76  262.9   2.9   1   1   1.2e-78   6.9e-76  260.2   2.9     1   364   109   453   109   454 0.86 [190263/390/1]
190263/384/1.f:CDKGIA_15920 -            590 GH13_30.hmm          -            365   1.1e-76  262.8   1.0   1   1   1.3e-78   7.6e-76  260.0   1.0     1   363    38   381    38   383 0.84 [190263/384/1]
190263/409/1.f:AJJCMD_08075 -            543 GH13_30.hmm          -            365   1.7e-76  262.2   8.4   1   1   1.4e-77   8.1e-75  256.7   4.9     1   364    34   366    34   367 0.85 [190263/409/1]
190263/425/1.f:HPANHD_02620 -            541 GH13_30.hmm          -            365   1.7e-76  262.2   3.6   1   1   1.6e-76     9e-74  253.2   3.6     1   364    28   360    28   361 0.75 [190263/425/1]
190263/439/1.f:KGLJGB_07065 -            557 GH13_30.hmm          -            365   1.8e-76  262.1   0.6   1   1   2.1e-78   1.2e-75  259.4   0.6     1   362    28   371    28   374 0.84 [190263/439/1]
190263/383/1.f:KCEMEB_04450 -            525 GH13_30.hmm          -            365   2.6e-76  261.6   3.8   1   1   5.4e-79     3e-76  261.3   1.2     1   363    28   375    28   377 0.86 [190263/383/1]
190263/433/1.f:ADFNDI_01880 -            557 GH13_30.hmm          -            365   6.5e-76  260.3   2.9   1   1   3.3e-78   1.8e-75  258.8   0.6     1   363    28   372    28   374 0.83 [190263/433/1]
190263/531/1.f:KJIPPC_09425 -            557 GH13_30.hmm          -            365   2.6e-75  258.3   0.2   1   1   2.8e-77   1.6e-74  255.7   0.2     1   363    28   372    28   374 0.83 [190263/531/1]
190263/472/1.f:NMGHJI_04900 -            554 GH13_30.hmm          -            365   4.8e-75  257.4   0.7   1   1   1.2e-76   7.1e-74  253.6   0.7     1   363    28   372    28   374 0.78 [190263/472/1]
190263/425/1.f:HPANHD_10085 -            559 GH13_30.hmm          -            365   8.3e-75  256.6   7.1   1   1   1.8e-76     1e-73  253.0   7.1     1   346    28   363    28   382 0.78 [190263/425/1]
190263/478/1.f:BOCJFA_10845 -            558 GH13_30.hmm          -            365   4.1e-73  251.0   0.1   1   1   4.7e-75   2.7e-72  248.4   0.1     1   316    28   344    28   376 0.83 [190263/478/1]
190263/375/1.f:CNGHJF_04990 -            554 GH13_30.hmm          -            365     2e-72  248.8   0.0   1   1   6.9e-75   3.9e-72  247.8   0.0     1   364    28   373    28   374 0.84 [190263/375/1]
190263/580/1.f:JCPJNN_03710 -            629 GH13_30.hmm          -            365   3.2e-72  248.1   6.3   1   1   7.8e-75   4.4e-72  247.6   2.6     1   362   112   459   112   462 0.82 [190263/580/1]
190263/406/1.f:DKNBGD_03735 -            567 GH13_30.hmm          -            365   5.5e-72  247.3   2.7   1   1   5.3e-74     3e-71  244.9   2.7     1   364    28   384    28   385 0.79 [190263/406/1]
190263/507/1.f:KPMKPI_03005 -            556 GH13_30.hmm          -            365   7.6e-72  246.9   0.3   1   1   1.1e-73     6e-71  243.9   0.3     1   312    28   339    28   375 0.79 [190263/507/1]
190263/516/1.f:MGNFBC_04840 -            588 GH13_30.hmm          -            365   1.6e-70  242.5   1.4   1   1     8e-73   4.5e-70  241.0   1.4     1   362    43   387    43   390 0.81 [190263/516/1]
190263/379/1.f:LOJHAC_03790 -            588 GH13_30.hmm          -            365   7.2e-70  240.4   1.5   1   1   3.4e-72     2e-69  238.9   1.5     1   362    43   387    43   390 0.81 [190263/379/1]
190263/526/1.f:GBBCGM_01410 -            561 GH13_30.hmm          -            365   1.1e-69  239.8   0.4   1   1   4.8e-72   2.7e-69  238.5   0.4     1   319    31   346    31   375 0.82 [190263/526/1]
190263/523/1.f:MDNHKG_08680 -            568 GH13_30.hmm          -            365   5.1e-69  237.6   0.8   1   1   2.5e-71   1.4e-68  236.1   0.8     1   363    38   383    38   385 0.81 [190263/523/1]
190263/540/1.f:BCGFLB_01175 -            585 GH13_30.hmm          -            365   7.5e-66  227.1   0.6   1   1     2e-68   1.1e-65  226.5   0.6     1   324    45   367    45   390 0.84 [190263/540/1]
190263/513/1.f:MKNBNH_04310 -            604 GH13_30.hmm          -            365   5.6e-53  184.8  10.9   1   1   4.9e-53   2.8e-50  175.9  10.9     1   363   133   457   133   459 0.82 [190263/513/1]
190263/423/1.f:PDNKFB_09310 -            564 GH13_30.hmm          -            365   1.9e-49  173.2   2.8   1   1     2e-44   1.2e-41  147.6   0.5     1   188    96   273    96   290 0.85 [190263/423/1]
190263/443/1.f:LNLACP_11920 -            522 GH13_30.hmm          -            365   2.6e-49  172.7   0.3   1   1   1.7e-48   9.7e-46  161.0   0.1     1   193    27   220    27   240 0.88 [190263/443/1]
190263/468/1.f:DIOFOH_01755 -            517 GH13_30.hmm          -            365   5.6e-49  171.6   3.3   1   1   4.6e-47   2.6e-44  156.3   4.0     1   198    27   225    27   241 0.82 [190263/468/1]
190263/460/1.f:IHFGKI_10500 -            578 GH13_30.hmm          -            365   1.6e-48  170.1   3.7   1   1   1.1e-46   6.5e-44  155.0   1.3     1   189    53   261    53   266 0.86 [190263/460/1]
190263/596/1.f:GDHELL_05465 -            511 GH13_30.hmm          -            365   1.7e-48  170.1   4.1   1   1     1e-48   5.7e-46  161.7   1.9     1   197    27   225    27   246 0.81 [190263/596/1]
190263/429/1.f:OMPHBF_06140 -            518 GH13_30.hmm          -            365   2.4e-48  169.5   0.8   1   1   2.1e-39   1.2e-36  131.0   0.0     1   103    27   128    27   134 0.95 [190263/429/1]
190263/520/1.f:GGDGDE_02775 -            587 GH13_30.hmm          -            365   2.2e-47  166.4   9.0   1   1     4e-44   2.3e-41  146.6   1.8     1   184   107   288   107   297 0.87 [190263/520/1]
190263/527/1.f:HGADJN_08845 -            535 GH13_30.hmm          -            365   4.5e-47  165.4   3.0   1   1   1.4e-45   7.9e-43  151.4   1.0     1   191    35   226    35   247 0.85 [190263/527/1]
190263/400/1.f:EIBLKL_02735 -            553 GH13_30.hmm          -            365     7e-47  164.7   0.3   1   1   4.6e-46   2.6e-43  153.0   0.3     1   363    75   405    75   407 0.73 [190263/400/1]
190263/456/1.f:LKAJBD_04210 -            560 GH13_30.hmm          -            365   1.4e-46  163.7   1.7   1   1   3.5e-48     2e-45  159.9   1.4     1   196    50   248    50   264 0.89 [190263/456/1]
190263/421/1.f:PBKEAC_02115 -            559 GH13_30.hmm          -            365   1.4e-46  163.7   0.9   1   1   1.9e-48   1.1e-45  160.8   1.0     1   195    50   247    50   264 0.87 [190263/421/1]
190263/466/1.f:PGJOII_04830 -            560 GH13_30.hmm          -            365   1.8e-46  163.4   2.0   1   1   4.3e-48   2.4e-45  159.7   1.5     1   196    50   248    50   265 0.90 [190263/466/1]
190263/580/1.f:JCPJNN_09070 -            521 GH13_30.hmm          -            365   4.3e-46  162.1   0.5   1   1     1e-35   5.9e-33  118.9   0.0     1   105    27   130    27   139 0.95 [190263/580/1]
190263/513/1.f:MKNBNH_10810 -            530 GH13_30.hmm          -            365   1.2e-45  160.7   0.1   1   1   4.5e-36   2.6e-33  120.1   0.0     1   105    27   130    27   138 0.94 [190263/513/1]
190263/409/1.f:AJJCMD_12165 -            510 GH13_30.hmm          -            365   1.7e-45  160.2   1.0   1   1   9.7e-45   5.5e-42  148.6   0.1     1   195    27   222    27   247 0.83 [190263/409/1]
190263/474/1.f:AMDJJA_00520 -            628 GH13_30.hmm          -            365   1.8e-45  160.1   1.0   1   1   1.7e-35   9.8e-33  118.2   0.0     1    89    39   127    39   135 0.95 [190263/474/1]
190263/495/1.f:ANKNCD_06875 -            582 GH13_30.hmm          -            365   2.5e-45  159.6   7.9   1   1   3.3e-43   1.9e-40  143.6   2.8     1   186    99   282    99   292 0.85 [190263/495/1]
190263/456/1.f:LKAJBD_04235 -            560 GH13_30.hmm          -            365     7e-45  158.2   1.3   1   1   1.7e-44   9.7e-42  147.8   0.9     1   192    53   246    53   265 0.86 [190263/456/1]
190263/466/1.f:PGJOII_04855 -            554 GH13_30.hmm          -            365   9.2e-45  157.8   1.1   1   1   1.9e-44   1.1e-41  147.7   0.8     1   191    47   239    47   259 0.87 [190263/466/1]
190263/596/1.f:GDHELL_05010 -            551 GH13_30.hmm          -            365   4.5e-44  155.5   6.3   1   1     1e-30   5.7e-28  102.5   0.2     1    93    76   175    76   190 0.90 [190263/596/1]
190263/456/1.f:LKAJBD_15395 -            681 GH13_30.hmm          -            365   4.8e-42  148.8   6.4   1   1   3.8e-35   2.2e-32  117.0   0.0     1   105    74   176    74   204 0.91 [190263/456/1]
190263/578/1.f:HIHCLH_07765 -            543 GH13_30.hmm          -            365   5.3e-42  148.7   1.7   1   1   3.7e-42   2.1e-39  140.1   0.2     1   185    71   246    71   260 0.89 [190263/578/1]
190263/400/1.f:EIBLKL_04930 -            512 GH13_30.hmm          -            365   6.4e-42  148.4   0.2   1   1   3.8e-41   2.1e-38  136.8   0.1     1   191    27   218    27   242 0.83 [190263/400/1]
190263/466/1.f:PGJOII_07605 -            686 GH13_30.hmm          -            365   2.1e-40  143.4   9.5   1   1   1.6e-34     9e-32  115.0   0.1     1   105    79   181    79   210 0.93 [190263/466/1]
190263/556/1.f:EMIPPF_02175 -            772 GH13_30.hmm          -            365   4.8e-40  142.2   3.2   1   1   1.2e-34   6.6e-32  115.5   0.2     1   105   161   263   161   278 0.94 [190263/556/1]
190263/534/1.f:OHCFJE_04840 -            693 GH13_30.hmm          -            365   6.7e-40  141.8   6.8   1   1   8.3e-33   4.7e-30  109.4   0.0     1   107    83   187    83   234 0.92 [190263/534/1]
190263/391/1.f:NONBJF_08120 -            693 GH13_30.hmm          -            365   6.8e-40  141.7   6.8   1   1   8.3e-33   4.7e-30  109.4   0.0     1   107    83   187    83   234 0.92 [190263/391/1]
190263/545/1.f:NCJBIN_08240 -            693 GH13_30.hmm          -            365   6.8e-40  141.7   6.8   1   1   8.3e-33   4.7e-30  109.4   0.0     1   107    83   187    83   234 0.92 [190263/545/1]
190263/368/1.f:HPMDBE_05310 -            486 GH13_30.hmm          -            365   1.1e-39  141.1   1.4   1   1   5.5e-42   3.1e-39  139.6   1.4    64   362     4   285     1   288 0.77 [190263/368/1]
190263/362/1.f:KJODLM_11060 -            151 GH13_30.hmm          -            365   1.9e-39  140.3   0.5   1   1   4.3e-42   2.4e-39  139.9   0.5     1   127    26   142    26   147 0.92 [190263/362/1]
190263/401/1.f:DMFJNH_07595 -            692 GH13_30.hmm          -            365   2.5e-39  139.9   6.2   1   1   1.9e-35   1.1e-32  118.1   0.0     1   105    80   182    80   218 0.92 [190263/401/1]
190263/504/1.f:DOAHDM_08100 -            692 GH13_30.hmm          -            365   3.2e-39  139.5   6.6   1   1   1.9e-35   1.1e-32  118.1   0.0     1   105    80   182    80   218 0.92 [190263/504/1]
190263/527/1.f:HGADJN_00335 -            625 GH13_30.hmm          -            365   1.7e-38  137.1   1.0   1   1   1.9e-38   1.1e-35  127.9   0.6     1   196    27   229    27   251 0.82 [190263/527/1]
190263/421/1.f:PBKEAC_05055 -            772 GH13_30.hmm          -            365   1.1e-37  134.5   8.1   1   1   3.4e-34   1.9e-31  113.9   0.3     1   105   161   263   161   278 0.94 [190263/421/1]
190263/446/1.f:LHJMMB_09610 -            772 GH13_30.hmm          -            365   1.1e-37  134.5   8.1   1   1   3.4e-34   1.9e-31  113.9   0.3     1   105   161   263   161   278 0.94 [190263/446/1]
190263/455/1.f:GDGJDA_03815 -            611 GH13_30.hmm          -            365   3.9e-37  132.7   0.0   1   1   1.4e-35   8.1e-33  118.5   0.0     1   191    82   270    82   274 0.86 [190263/455/1]
190263/443/1.f:LNLACP_05295 -            749 GH13_30.hmm          -            365   9.9e-36  128.0   0.0   1   1   1.4e-36   7.9e-34  121.8   0.0     1   246   216   440   216   489 0.78 [190263/443/1]
190263/546/1.f:GEHMID_12200 -            622 GH13_30.hmm          -            365   2.4e-35  126.8   0.0   1   1   6.9e-36   3.9e-33  119.5   0.0     1   363    91   485    91   487 0.74 [190263/546/1]
190263/478/1.f:BOCJFA_00930 -            611 GH13_30.hmm          -            365   4.9e-35  125.7   0.0   1   1   2.6e-35   1.5e-32  117.6   0.0     1   280    82   342    82   374 0.83 [190263/478/1]
190263/549/1.f:CNBDFB_11595 -            622 GH13_30.hmm          -            365   7.3e-35  125.2   0.2   1   1   2.9e-35   1.7e-32  117.4   0.2     1   290    84   356    84   480 0.70 [190263/549/1]
190263/433/1.f:ADFNDI_16890 -            659 GH13_30.hmm          -            365   1.2e-34  124.5   0.1   1   1   3.8e-34   2.2e-31  113.8   0.4     1   192   129   318   129   324 0.86 [190263/433/1]
190263/513/1.f:MKNBNH_04430 -            616 GH13_30.hmm          -            365   2.3e-33  120.3   0.0   1   1   1.4e-34   7.8e-32  115.2   0.0     1   198    88   283    88   376 0.85 [190263/513/1]
190263/409/1.f:AJJCMD_00170 -            628 GH13_30.hmm          -            365   5.7e-33  119.0   0.0   1   1   1.6e-33   9.4e-31  111.7   0.0     1   277    82   339    82   369 0.80 [190263/409/1]
190263/514/1.f:MMHOAN_12715 -            584 GH13_30.hmm          -            365   7.2e-33  118.6   4.3   1   1   1.3e-25   7.5e-23   85.7   0.0     1   104   179   281   179   285 0.96 [190263/514/1]
190263/384/1.f:CDKGIA_19560 -            614 GH13_30.hmm          -            365   1.2e-32  117.9   0.0   1   1   5.9e-33   3.4e-30  109.9   0.0     1   297    81   360    81   373 0.82 [190263/384/1]
190263/580/1.f:JCPJNN_26940 -            585 GH13_30.hmm          -            365   1.2e-32  117.9   1.8   1   1   1.4e-30   7.8e-28  102.1   0.1     1   185   179   343   179   349 0.90 [190263/580/1]
190263/472/1.f:NMGHJI_14085 -            743 GH13_30.hmm          -            365   2.4e-32  116.9   0.0   1   1   4.1e-33   2.3e-30  110.4   0.0     3   227   214   417   213   481 0.78 [190263/472/1]
190263/472/1.f:NMGHJI_18160 -            584 GH13_30.hmm          -            365   3.5e-32  116.4   3.5   1   1   4.6e-26   2.6e-23   87.2   0.0     1   104   180   282   180   285 0.96 [190263/472/1]
190263/413/1.f:NMLDCG_06385 -            622 GH13_30.hmm          -            365   4.5e-32  116.0   0.1   1   1   9.7e-23   5.5e-20   76.2   0.3     1   184   184   347   184   354 0.78 [190263/413/1]
190263/556/1.f:EMIPPF_02180 -            445 GH13_30.hmm          -            365   1.1e-31  114.7   0.7   1   1   6.2e-23   3.5e-20   76.9   0.0     1    86    47   138    47   148 0.89 [190263/556/1]
190263/421/1.f:PBKEAC_05060 -            445 GH13_30.hmm          -            365   1.3e-31  114.5   0.6   1   1   9.3e-23   5.3e-20   76.3   0.0     1    86    47   138    47   142 0.89 [190263/421/1]
190263/446/1.f:LHJMMB_09605 -            445 GH13_30.hmm          -            365   1.3e-31  114.5   0.6   1   1   9.3e-23   5.3e-20   76.3   0.0     1    86    47   138    47   142 0.89 [190263/446/1]
190263/514/1.f:MMHOAN_10920 -            617 GH13_30.hmm          -            365   1.6e-31  114.2   2.2   1   1   6.7e-31   3.8e-28  103.1   0.1     1   183   188   360   188   363 0.91 [190263/514/1]
190263/390/1.f:OLPOLE_18085 -            605 GH13_30.hmm          -            365   1.9e-31  114.0   0.2   1   1   1.2e-21   6.8e-19   72.6   0.0     1   103   183   291   183   299 0.86 [190263/390/1]
190263/507/1.f:KPMKPI_15040 -            616 GH13_30.hmm          -            365   2.4e-31  113.6   0.1   1   1   4.2e-32   2.4e-29  107.0   0.0     2   221    88   286    87   374 0.79 [190263/507/1]
190263/443/1.f:LNLACP_02900 -            616 GH13_30.hmm          -            365   2.8e-31  113.4   0.0   1   1   8.7e-22     5e-19   73.1   0.0     1   103   183   284   183   320 0.88 [190263/443/1]
190263/447/1.f:OLODHC_11555 -            584 GH13_30.hmm          -            365   3.7e-31  113.0   7.4   1   1   4.9e-25   2.8e-22   83.8   0.1     1   102   180   280   180   282 0.91 [190263/447/1]
190263/495/1.f:ANKNCD_04135 -            572 GH13_30.hmm          -            365   4.9e-31  112.6   5.7   1   1   1.5e-27   8.7e-25   92.0   0.1     1   104   170   272   170   293 0.92 [190263/495/1]
190263/541/1.f:IDEEIE_03905 -            587 GH13_30.hmm          -            365   5.6e-31  112.4   4.4   1   1   4.2e-30   2.4e-27  100.5   0.7     1   185   179   343   179   347 0.90 [190263/541/1]
190263/477/1.f:PCLDCI_13415 -            621 GH13_30.hmm          -            365   6.8e-31  112.1   0.0   1   1     1e-21   5.9e-19   72.9   0.0     1   185   184   347   184   351 0.77 [190263/477/1]
190263/423/1.f:PDNKFB_13510 -            572 GH13_30.hmm          -            365   7.2e-31  112.0   3.3   1   1   7.4e-28   4.2e-25   93.1   0.0     1   112   170   282   170   294 0.91 [190263/423/1]
190263/576/1.f:FNMBCG_05375 -            618 GH13_30.hmm          -            365     1e-30  111.5   0.0   1   1   2.7e-21   1.5e-18   71.5   0.0     1    98   183   279   183   290 0.93 [190263/576/1]
190263/494/1.f:LHPBBO_03380 -            727 GH13_30.hmm          -            365   1.3e-30  111.2   0.1   1   1     1e-22   5.7e-20   76.2   0.0     1    95   238   332   238   357 0.90 [190263/494/1]
190263/382/1.f:JACGKO_09355 -           1151 GH13_30.hmm          -            365   2.5e-30  110.3   0.1   1   1   5.3e-22     3e-19   73.8   0.0     1   103   192   300   192   306 0.84 [190263/382/1]
190263/433/1.f:ADFNDI_04815 -            730 GH13_30.hmm          -            365   2.8e-30  110.1   0.0   1   1   7.1e-31     4e-28  103.0   0.0     1   246   198   422   198   485 0.78 [190263/433/1]
190263/578/1.f:HIHCLH_03535 -            574 GH13_30.hmm          -            365   3.3e-30  109.9   6.1   1   1   5.1e-25   2.9e-22   83.7   0.0     1   103   172   273   172   287 0.95 [190263/578/1]
190263/520/1.f:GGDGDE_20340 -            572 GH13_30.hmm          -            365   3.9e-30  109.6   4.3   1   1   3.3e-27   1.9e-24   90.9   0.1     1   104   170   272   170   293 0.92 [190263/520/1]
190263/595/1.f:HGDLEC_06160 -            640 GH13_30.hmm          -            365     8e-30  108.6   2.2   1   1   1.3e-25   7.7e-23   85.6   0.0     1    85   162   254   162   265 0.88 [190263/595/1]
190263/396/1.f:KAAOMA_12335 -            628 GH13_30.hmm          -            365   1.1e-29  108.2   0.0   1   1   7.6e-19   4.3e-16   63.4   0.0     1    86   182   266   182   288 0.95 [190263/396/1]
190263/447/1.f:OLODHC_03835 -            613 GH13_30.hmm          -            365   1.4e-29  107.8   0.1   1   1   4.4e-30   2.5e-27  100.4   0.1     1   275    85   340    85   481 0.64 [190263/447/1]
190263/547/1.f:KJCAKO_00600 -            555 GH13_30.hmm          -            365   1.4e-29  107.8   3.7   1   1   1.9e-27   1.1e-24   91.7   0.1     2   105   153   255   152   263 0.93 [190263/547/1]
190263/375/1.f:CNGHJF_00695 -            444 GH13_30.hmm          -            365   3.4e-29  106.6   6.9   1   1   8.3e-22   4.7e-19   73.2   0.0     8   121    39   153    35   157 0.89 [190263/375/1]
190263/580/1.f:JCPJNN_00815 -            582 GH13_30.hmm          -            365   4.2e-29  106.3   2.3   1   1   1.4e-21   8.2e-19   72.4   0.0     1   100   181   279   181   296 0.92 [190263/580/1]
190263/363/1.f:CIHHOC_04795 -            585 GH13_30.hmm          -            365   5.1e-29  106.0   3.6   1   1   2.3e-23   1.3e-20   78.3   0.1     1   103   179   280   179   283 0.93 [190263/363/1]
190263/576/1.f:FNMBCG_14575 -            609 GH13_30.hmm          -            365   6.1e-29  105.7   0.0   1   1   1.3e-28   7.6e-26   95.5   0.2     1   191    81   269    81   275 0.83 [190263/576/1]
190263/520/1.f:GGDGDE_06845 -           1856 GH13_30.hmm          -            365   7.6e-29  105.4   5.2   1   1   6.9e-23   3.9e-20   76.7   0.2     1    86   904   988   904   999 0.95 [190263/520/1]
190263/368/1.f:HPMDBE_20180 -            615 GH13_30.hmm          -            365   9.3e-29  105.1   6.2   1   1   1.8e-27     1e-24   91.8   0.2     1    86   162   250   162   264 0.95 [190263/368/1]
190263/379/1.f:LOJHAC_21325 -            615 GH13_30.hmm          -            365   9.3e-29  105.1   6.2   1   1   1.8e-27     1e-24   91.8   0.2     1    86   162   250   162   264 0.95 [190263/379/1]
190263/516/1.f:MGNFBC_18275 -            615 GH13_30.hmm          -            365   9.4e-29  105.1   6.3   1   1   1.8e-27     1e-24   91.8   0.2     1    86   162   250   162   264 0.95 [190263/516/1]
190263/567/1.f:NOEGFN_16430 -            620 GH13_30.hmm          -            365   1.1e-28  104.9   0.1   1   1   6.1e-20   3.5e-17   67.0   0.0     1   104   186   295   186   305 0.86 [190263/567/1]
190263/460/1.f:IHFGKI_10900 -            641 GH13_30.hmm          -            365     3e-28  103.4   1.1   1   1   1.4e-24   8.1e-22   82.3   0.0     1    85   162   253   162   259 0.88 [190263/460/1]
190263/400/1.f:EIBLKL_01635 -            626 GH13_30.hmm          -            365     3e-28  103.4   0.0   1   1   7.1e-19     4e-16   63.5   0.0     1    86   182   266   182   319 0.89 [190263/400/1]
190263/434/1.f:NCAOKI_09055 -           1104 GH13_30.hmm          -            365   3.9e-28  103.1   0.0   1   1   8.5e-20   4.8e-17   66.6   0.0     1    86   195   279   195   310 0.86 [190263/434/1]
190263/380/1.f:GDCFAC_00690 -            620 GH13_30.hmm          -            365   4.9e-28  102.7   0.1   1   1   5.4e-19     3e-16   63.9   0.0     1    84   175   257   175   284 0.92 [190263/380/1]
190263/420/1.f:GMHOLO_01245 -            605 GH13_30.hmm          -            365   5.3e-28  102.6   0.0   1   1     8e-29   4.6e-26   96.3   0.0     1   246    86   310    86   375 0.75 [190263/420/1]
190263/596/1.f:GDHELL_06085 -            629 GH13_30.hmm          -            365   5.7e-28  102.5   0.3   1   1     1e-20   5.9e-18   69.6   0.1     1   124   191   312   191   329 0.85 [190263/596/1]
190263/429/1.f:OMPHBF_00070 -            645 GH13_30.hmm          -            365   6.4e-28  102.3   0.3   1   1   4.2e-19   2.4e-16   64.3   0.3     1   185   183   346   183   362 0.71 [190263/429/1]
190263/584/1.f:DDCNLE_10135 -            626 GH13_30.hmm          -            365   8.1e-28  102.0   0.0   1   1   1.5e-20   8.3e-18   69.1   0.0     1    86   187   271   187   296 0.93 [190263/584/1]
190263/523/1.f:MDNHKG_06170 -            426 GH13_30.hmm          -            365   1.5e-27  101.1   2.5   1   1   8.2e-24   4.7e-21   79.8   0.0     1    87    24   116    24   129 0.87 [190263/523/1]
190263/527/1.f:HGADJN_01360 -            605 GH13_30.hmm          -            365   1.7e-27  101.0   0.0   1   1   2.4e-28   1.4e-25   94.7   0.0     1   246    86   310    86   375 0.75 [190263/527/1]
190263/417/1.f:MHBJAE_19300 -            616 GH13_30.hmm          -            365   2.7e-27  100.3   3.1   1   1     5e-28   2.8e-25   93.6   0.5     1   181   163   333   163   337 0.83 [190263/417/1]
190263/522/1.f:NPJBCH_12425 -            639 GH13_30.hmm          -            365   3.8e-27   99.8   0.4   1   1   7.2e-29   4.1e-26   96.4   0.4     1   183   162   359   162   422 0.72 [190263/522/1]
190263/488/1.f:DNPFAC_20990 -            616 GH13_30.hmm          -            365     7e-27   98.9   3.6   1   1   7.4e-28   4.2e-25   93.1   0.8     1   181   163   333   163   337 0.81 [190263/488/1]
190263/383/1.f:KCEMEB_04820 -            437 GH13_30.hmm          -            365   7.8e-27   98.8   4.2   1   1   3.8e-22   2.2e-19   74.3   0.1     6   110    32   135    28   149 0.89 [190263/383/1]
190263/366/1.f:DBJPFP_13280 -            423 GH13_30.hmm          -            365   9.3e-27   98.5   1.7   1   1   1.2e-23   6.7e-21   79.2   0.0     1    89    22   116    22   124 0.88 [190263/366/1]
190263/565/1.f:PAEINE_06670 -           1098 GH13_30.hmm          -            365     1e-26   98.4   0.0   1   1   3.9e-19   2.2e-16   64.4   0.0     1   104   194   303   194   309 0.86 [190263/565/1]
190263/382/1.f:JACGKO_00555 -           1160 GH13_30.hmm          -            365   1.1e-26   98.3   2.0   1   1     6e-21   3.4e-18   70.3   0.1     1    85   671   754   671   762 0.96 [190263/382/1]
190263/510/1.f:DELAEA_05540 -            616 GH13_30.hmm          -            365   1.4e-26   97.9   0.0   1   1   1.2e-18   6.8e-16   62.8   0.0     1    86   184   268   184   279 0.95 [190263/510/1]
190263/461/1.f:DHPHOK_10950 -            616 GH13_30.hmm          -            365   1.5e-26   97.9   4.6   1   1   7.3e-28   4.2e-25   93.1   1.3     1   181   163   333   163   338 0.84 [190263/461/1]
190263/446/1.f:LHJMMB_14315 -            427 GH13_30.hmm          -            365   1.8e-26   97.6   1.4   1   1   6.2e-21   3.5e-18   70.3   0.0     1    86    26   117    26   127 0.87 [190263/446/1]
190263/405/1.f:EHKDKA_03425 -            619 GH13_30.hmm          -            365   2.1e-26   97.4   2.5   1   1   5.1e-24   2.9e-21   80.5   0.0     1    86   163   251   163   256 0.94 [190263/405/1]
190263/383/1.f:KCEMEB_11095 -            641 GH13_30.hmm          -            365   2.9e-26   96.9   0.0   1   1   3.4e-19   1.9e-16   64.6   0.0     1    86   187   271   187   302 0.89 [190263/383/1]
190263/388/1.f:FDDJJK_07165 -            616 GH13_30.hmm          -            365   3.1e-26   96.8   0.6   1   1   7.3e-27   4.1e-24   89.8   0.2     1   181   164   331   164   336 0.83 [190263/388/1]
190263/391/1.f:NONBJF_08175 -            616 GH13_30.hmm          -            365   3.1e-26   96.8   0.6   1   1   7.3e-27   4.1e-24   89.8   0.2     1   181   164   331   164   336 0.83 [190263/391/1]
190263/534/1.f:OHCFJE_04790 -            616 GH13_30.hmm          -            365   3.1e-26   96.8   0.6   1   1   7.3e-27   4.1e-24   89.8   0.2     1   181   164   331   164   336 0.83 [190263/534/1]
190263/545/1.f:NCJBIN_08290 -            616 GH13_30.hmm          -            365   3.1e-26   96.8   0.6   1   1   7.3e-27   4.1e-24   89.8   0.2     1   181   164   331   164   336 0.83 [190263/545/1]
190263/423/1.f:PDNKFB_06345 -            588 GH13_30.hmm          -            365   3.6e-26   96.6   0.2   1   1   1.8e-22     1e-19   75.4   0.0     1   101   183   282   183   299 0.90 [190263/423/1]
190263/588/1.f:LGPOLK_03735 -           1132 GH13_30.hmm          -            365   3.6e-26   96.6   1.0   1   1   1.2e-20   6.9e-18   69.3   0.9     1   185   188   352   188   357 0.80 [190263/588/1]
190263/369/1.f:JCDIFE_19125 -            616 GH13_30.hmm          -            365   5.5e-26   96.0   5.5   1   1   3.3e-27   1.9e-24   90.9   2.0     1   181   163   333   163   341 0.83 [190263/369/1]
190263/421/1.f:PBKEAC_13760 -            423 GH13_30.hmm          -            365   5.6e-26   96.0   3.6   1   1   1.5e-23   8.3e-21   78.9   0.0     1    86    22   113    22   126 0.88 [190263/421/1]
190263/456/1.f:LKAJBD_09060 -            616 GH13_30.hmm          -            365   6.5e-26   95.8   3.3   1   1   1.4e-25   7.8e-23   85.6   0.0     1    86   163   251   163   258 0.94 [190263/456/1]
190263/399/1.f:CDLIDF_07515 -            617 GH13_30.hmm          -            365     1e-25   95.1   3.0   1   1   5.5e-26   3.1e-23   86.9   1.0     1   180   165   331   165   336 0.76 [190263/399/1]
190263/502/1.f:NONHGB_11410 -            616 GH13_30.hmm          -            365   1.1e-25   95.0   4.2   1   1   6.3e-27   3.6e-24   90.0   1.2     1   181   163   333   163   336 0.81 [190263/502/1]
190263/466/1.f:PGJOII_14705 -            616 GH13_30.hmm          -            365   1.5e-25   94.5   3.4   1   1     3e-25   1.7e-22   84.5   0.0     1    86   163   251   163   256 0.94 [190263/466/1]
190263/549/1.f:CNBDFB_03745 -            437 GH13_30.hmm          -            365   1.6e-25   94.5   2.3   1   1   2.1e-21   1.2e-18   71.9   0.3     6   103    34   129    30   152 0.87 [190263/549/1]
190263/405/1.f:EHKDKA_13290 -            616 GH13_30.hmm          -            365   1.6e-25   94.5   4.1   1   1   9.6e-27   5.5e-24   89.4   1.2     1   181   163   333   163   336 0.81 [190263/405/1]
190263/425/1.f:HPANHD_08465 -            599 GH13_30.hmm          -            365   1.9e-25   94.2   4.1   1   1   4.8e-22   2.7e-19   74.0   0.0     1    86   186   270   186   280 0.95 [190263/425/1]
190263/502/1.f:NONHGB_03625 -            447 GH13_30.hmm          -            365   2.6e-25   93.8   0.6   1   1   1.8e-20     1e-17   68.7   0.0     3    85    58   143    56   148 0.91 [190263/502/1]
190263/461/1.f:DHPHOK_10120 -            441 GH13_30.hmm          -            365   2.8e-25   93.7   1.6   1   1   1.7e-20   9.9e-18   68.8   0.0     6    86    56   139    52   145 0.92 [190263/461/1]
190263/496/1.f:JJBAFO_04445 -           1096 GH13_30.hmm          -            365   2.9e-25   93.6   0.4   1   1   2.6e-17   1.5e-14   58.4   0.0     1    93   195   286   195   310 0.83 [190263/496/1]
190263/421/1.f:PBKEAC_05065 -            625 GH13_30.hmm          -            365   3.9e-25   93.2   2.5   1   1   7.6e-22   4.3e-19   73.3   0.1     1    85   170   257   170   261 0.92 [190263/421/1]
190263/446/1.f:LHJMMB_09600 -            625 GH13_30.hmm          -            365   3.9e-25   93.2   2.5   1   1   7.6e-22   4.3e-19   73.3   0.1     1    85   170   257   170   261 0.92 [190263/446/1]
190263/556/1.f:EMIPPF_02185 -            625 GH13_30.hmm          -            365     4e-25   93.2   2.5   1   1   7.6e-22   4.3e-19   73.3   0.1     1    85   170   257   170   261 0.92 [190263/556/1]
190263/502/1.f:NONHGB_03620 -            441 GH13_30.hmm          -            365   4.5e-25   93.0   1.8   1   1   6.3e-20   3.6e-17   67.0   0.0     4    85    55   139    53   161 0.89 [190263/502/1]
190263/405/1.f:EHKDKA_03925 -            447 GH13_30.hmm          -            365   4.7e-25   92.9   0.6   1   1   3.4e-20   1.9e-17   67.9   0.0     3    85    58   143    56   148 0.91 [190263/405/1]
190263/409/1.f:AJJCMD_01560 -            444 GH13_30.hmm          -            365   5.1e-25   92.8   5.0   1   1   6.5e-23   3.7e-20   76.8   0.4     8   185    39   193    34   204 0.88 [190263/409/1]
190263/405/1.f:EHKDKA_03920 -            441 GH13_30.hmm          -            365   6.6e-25   92.4   1.8   1   1   5.7e-20   3.3e-17   67.1   0.0     4    85    55   139    53   159 0.90 [190263/405/1]
190263/390/1.f:OLPOLE_07045 -            435 GH13_30.hmm          -            365   6.7e-25   92.4   2.6   1   1   1.5e-21   8.6e-19   72.3   0.1    10   106    38   132    33   151 0.91 [190263/390/1]
190263/452/1.f:PEIHBN_02820 -            435 GH13_30.hmm          -            365     2e-24   90.9   5.7   1   1   2.9e-20   1.7e-17   68.1   0.7     6   103    34   129    30   150 0.91 [190263/452/1]
190263/530/1.f:LBOGMJ_11835 -            672 GH13_30.hmm          -            365   2.2e-24   90.7   0.0   1   1   4.6e-17   2.6e-14   57.6   0.0     1    86   199   283   199   296 0.94 [190263/530/1]
190263/401/1.f:DMFJNH_07625 -            617 GH13_30.hmm          -            365   2.2e-24   90.7   1.3   1   1   4.8e-25   2.7e-22   83.8   0.5     1   180   165   331   165   336 0.75 [190263/401/1]
190263/504/1.f:DOAHDM_08130 -            617 GH13_30.hmm          -            365   2.2e-24   90.7   1.3   1   1   4.8e-25   2.7e-22   83.8   0.5     1   180   165   331   165   336 0.75 [190263/504/1]
190263/552/1.f:EMALNL_07985 -            684 GH13_30.hmm          -            365   2.6e-24   90.5   0.9   1   1   2.4e-25   1.4e-22   84.8   0.5     1   180   232   398   232   404 0.83 [190263/552/1]
190263/562/1.f:KJGNCK_02025 -            684 GH13_30.hmm          -            365   2.6e-24   90.5   0.9   1   1   2.4e-25   1.4e-22   84.8   0.5     1   180   232   398   232   404 0.83 [190263/562/1]
190263/580/1.f:JCPJNN_23320 -            440 GH13_30.hmm          -            365   3.3e-24   90.1   0.8   1   1   4.3e-20   2.4e-17   67.5   0.0     6   107    38   137    32   153 0.91 [190263/580/1]
190263/556/1.f:EMIPPF_12930 -            425 GH13_30.hmm          -            365   3.5e-24   90.1   2.2   1   1   8.9e-21   5.1e-18   69.8   0.0     1    84    24   113    24   122 0.87 [190263/556/1]
190263/369/1.f:JCDIFE_20205 -            441 GH13_30.hmm          -            365   3.9e-24   89.9   1.8   1   1   2.7e-20   1.5e-17   68.2   0.1     6    86    56   139    52   145 0.92 [190263/369/1]
190263/436/1.f:KEEIED_02150 -           1120 GH13_30.hmm          -            365     5e-24   89.5   1.0   1   1   1.3e-20   7.5e-18   69.2   0.0     1   106   197   308   197   314 0.87 [190263/436/1]
190263/437/1.f:LBKKEJ_03795 -            617 GH13_30.hmm          -            365   5.3e-24   89.4   3.8   1   1   2.3e-25   1.3e-22   84.9   1.8     1   181   165   332   165   337 0.81 [190263/437/1]
190263/457/1.f:IIKDLL_06125 -            442 GH13_30.hmm          -            365   8.4e-24   88.8   3.7   1   1   2.4e-22   1.3e-19   75.0   0.2     6   108    40   140    36   156 0.91 [190263/457/1]
190263/512/1.f:JBCLGH_10695 -            448 GH13_30.hmm          -            365   8.6e-24   88.8   0.1   1   1   1.9e-21   1.1e-18   72.0   0.0    10   185    38   189    31   192 0.89 [190263/512/1]
190263/370/1.f:MFKGBO_01025 -            448 GH13_30.hmm          -            365   1.1e-23   88.4   3.8   1   1   9.7e-22   5.5e-19   73.0   0.3     8   185    39   193    34   207 0.87 [190263/370/1]
190263/495/1.f:ANKNCD_19165 -            436 GH13_30.hmm          -            365   1.5e-23   87.9   2.1   1   1   1.3e-20   7.3e-18   69.3   0.1     7   103    35   129    31   150 0.91 [190263/495/1]
190263/447/1.f:OLODHC_03420 -            676 GH13_30.hmm          -            365   1.6e-23   87.9   1.1   1   1   7.6e-20   4.3e-17   66.7   0.2    10   103    38   129    31   150 0.90 [190263/447/1]
190263/576/1.f:FNMBCG_04310 -            452 GH13_30.hmm          -            365   1.6e-23   87.9   3.1   1   1   1.3e-16   7.6e-14   56.0   0.0    14   101    45   130    36   149 0.93 [190263/576/1]
190263/429/1.f:OMPHBF_14120 -            535 GH13_30.hmm          -            365   1.7e-23   87.8   1.5   1   1   1.1e-19   6.2e-17   66.2   0.0     8   101    39   130    33   154 0.90 [190263/429/1]
190263/468/1.f:DIOFOH_00365 -            527 GH13_30.hmm          -            365   1.7e-23   87.8   7.9   1   1   3.8e-17   2.2e-14   57.8   0.0    10   110    40   138    33   150 0.92 [190263/468/1]
190263/458/1.f:AMPCAI_06050 -            434 GH13_30.hmm          -            365   2.1e-23   87.5   1.5   1   1     5e-21   2.8e-18   70.6   0.0     6   103    34   129    31   150 0.92 [190263/458/1]
190263/405/1.f:EHKDKA_23990 -            628 GH13_30.hmm          -            365   2.2e-23   87.4   3.6   1   1   8.5e-25   4.8e-22   83.0   0.1     1    84   177   263   177   276 0.94 [190263/405/1]
190263/532/1.f:BGDBBA_08525 -            550 GH13_30.hmm          -            365   2.8e-23   87.1   4.8   1   1   5.9e-18   3.4e-15   60.5   0.1    11   104    40   131    33   148 0.91 [190263/532/1]
190263/475/1.f:MCKEEP_01645 -            617 GH13_30.hmm          -            365   3.2e-23   86.9   1.9   1   1   5.7e-24   3.2e-21   80.3   1.0     1   180   165   331   165   337 0.76 [190263/475/1]
190263/573/1.f:LIDFCI_15590 -            617 GH13_30.hmm          -            365   3.3e-23   86.8   2.0   1   1   6.2e-24   3.6e-21   80.2   1.1     1   180   165   331   165   337 0.76 [190263/573/1]
190263/368/1.f:HPMDBE_16265 -            613 GH13_30.hmm          -            365   3.6e-23   86.7   4.2   1   1     1e-24   5.9e-22   82.7   0.0     1    86   158   246   158   252 0.94 [190263/368/1]
190263/520/1.f:GGDGDE_16030 -            436 GH13_30.hmm          -            365   3.8e-23   86.6   3.0   1   1   1.8e-20     1e-17   68.8   0.2     7   103    35   129    31   150 0.91 [190263/520/1]
190263/384/1.f:CDKGIA_01545 -            446 GH13_30.hmm          -            365   4.2e-23   86.5   7.4   1   1   4.2e-22   2.4e-19   74.1   1.5     9   190    40   198    34   217 0.83 [190263/384/1]
190263/516/1.f:MGNFBC_14175 -            613 GH13_30.hmm          -            365   4.5e-23   86.4   4.3   1   1   9.4e-25   5.4e-22   82.9   0.1     1    86   158   246   158   267 0.94 [190263/516/1]
190263/379/1.f:LOJHAC_16730 -            613 GH13_30.hmm          -            365   4.5e-23   86.4   4.3   1   1   9.4e-25   5.4e-22   82.9   0.1     1    86   158   246   158   267 0.94 [190263/379/1]
190263/595/1.f:HGDLEC_06210 -            450 GH13_30.hmm          -            365   5.3e-23   86.2   2.8   1   1   4.9e-19   2.8e-16   64.1   0.1     3    85    49   134    47   138 0.92 [190263/595/1]
190263/502/1.f:NONHGB_22080 -            651 GH13_30.hmm          -            365   5.8e-23   86.0   6.2   1   1   1.8e-24     1e-21   82.0   0.1     1    84   200   286   200   293 0.94 [190263/502/1]
190263/439/1.f:KGLJGB_08645 -            433 GH13_30.hmm          -            365   6.1e-23   86.0   2.7   1   1   1.2e-19   6.6e-17   66.1   0.1     6   100    34   126    30   149 0.91 [190263/439/1]
190263/412/1.f:OOIBGL_10985 -            436 GH13_30.hmm          -            365   6.2e-23   85.9   5.5   1   1   8.5e-22   4.8e-19   73.1   0.3     7   109    35   135    31   151 0.90 [190263/412/1]
190263/547/1.f:KJCAKO_04325 -            433 GH13_30.hmm          -            365   7.5e-23   85.7   3.9   1   1   4.6e-20   2.6e-17   67.4   0.1     8   103    36   129    31   148 0.90 [190263/547/1]
190263/425/1.f:HPANHD_10080 -            587 GH13_30.hmm          -            365   9.5e-23   85.3  11.6   1   1   3.6e-23     2e-20   77.7   1.1     1   185   180   348   180   351 0.85 [190263/425/1]
190263/578/1.f:HIHCLH_08785 -            436 GH13_30.hmm          -            365   1.2e-22   85.0   2.5   1   1   2.7e-20   1.5e-17   68.2   0.2     9   101    37   127    29   150 0.91 [190263/578/1]
190263/541/1.f:IDEEIE_03490 -            435 GH13_30.hmm          -            365   1.2e-22   85.0   0.6   1   1   7.9e-19   4.5e-16   63.4   0.1    10   103    38   129    31   151 0.90 [190263/541/1]
190263/531/1.f:KJIPPC_09870 -            435 GH13_30.hmm          -            365   1.2e-22   85.0   3.2   1   1   2.7e-19   1.5e-16   64.9   0.2    11   103    39   129    31   151 0.91 [190263/531/1]
190263/507/1.f:KPMKPI_14695 -            453 GH13_30.hmm          -            365   1.5e-22   84.7   2.0   1   1   3.1e-23   1.8e-20   77.9   0.3     8   194    38   201    33   235 0.85 [190263/507/1]
190263/546/1.f:GEHMID_08575 -            456 GH13_30.hmm          -            365   1.8e-22   84.5   6.4   1   1     3e-22   1.7e-19   74.6   1.6     7   189    38   197    34   231 0.81 [190263/546/1]
190263/583/1.f:BCCKNC_06565 -            624 GH13_30.hmm          -            365   2.3e-22   84.1   1.1   1   1   9.7e-23   5.5e-20   76.2   0.0     1    86   163   251   163   270 0.92 [190263/583/1]
190263/537/1.f:AHPNMI_04290 -            436 GH13_30.hmm          -            365   2.4e-22   84.0   4.0   1   1   1.8e-19     1e-16   65.5   0.3    11   106    39   133    31   153 0.89 [190263/537/1]
190263/425/1.f:HPANHD_10050 -            607 GH13_30.hmm          -            365   2.5e-22   84.0   0.6   1   1     6e-19   3.4e-16   63.8   0.1     1    84   180   262   180   283 0.89 [190263/425/1]
190263/490/1.f:OIBLLI_01470 -            436 GH13_30.hmm          -            365   2.6e-22   83.9   5.6   1   1   3.8e-21   2.2e-18   71.0   0.1     9   102    37   128    31   150 0.92 [190263/490/1]
190263/368/1.f:HPMDBE_05465 -            106 GH13_30.hmm          -            365     3e-22   83.7   0.1   1   1   6.8e-25   3.9e-22   83.3   0.1     1    61    43   103    43   106 0.97 [190263/368/1]
190263/557/1.f:DOLMEB_10490 -            442 GH13_30.hmm          -            365   3.2e-22   83.6   0.3   1   1   3.5e-18     2e-15   61.2   0.1    10   103    38   129    33   151 0.91 [190263/557/1]
190263/423/1.f:PDNKFB_07145 -            434 GH13_30.hmm          -            365   3.6e-22   83.4   3.5   1   1   1.5e-19   8.4e-17   65.8   1.5     7   184    35   189    31   194 0.76 [190263/423/1]
190263/478/1.f:BOCJFA_08205 -            581 GH13_30.hmm          -            365   5.6e-22   82.8   6.1   1   1   9.1e-16   5.1e-13   53.3   0.0    10   101    40   129    33   149 0.91 [190263/478/1]
190263/363/1.f:CIHHOC_14895 -            450 GH13_30.hmm          -            365   5.7e-22   82.8   4.9   1   1   2.5e-21   1.4e-18   71.6   0.5     7   186    38   194    34   209 0.85 [190263/363/1]
190263/443/1.f:LNLACP_13505 -            440 GH13_30.hmm          -            365     2e-21   80.9   5.2   1   1   4.1e-18   2.3e-15   61.0   0.2     8   103    40   133    35   154 0.91 [190263/443/1]
190263/514/1.f:MMHOAN_01610 -            441 GH13_30.hmm          -            365   2.1e-21   80.9   1.2   1   1   1.2e-16   6.9e-14   56.2   0.2    11   103    39   129    34   150 0.92 [190263/514/1]
190263/568/1.f:ABMLLK_04030 -            626 GH13_30.hmm          -            365   2.9e-21   80.5   3.1   1   1   3.9e-19   2.2e-16   64.4   0.0     1   108   198   311   198   326 0.87 [190263/568/1]
190263/496/1.f:JJBAFO_01220 -            456 GH13_30.hmm          -            365   3.4e-21   80.2   1.2   1   1   2.8e-17   1.6e-14   58.3   0.0    10   102    43   133    40   144 0.93 [190263/496/1]
190263/386/1.f:DBGIOG_09510 -            457 GH13_30.hmm          -            365   3.5e-21   80.2   3.1   1   1   8.7e-22   4.9e-19   73.1   0.6    10   185    41   193    34   225 0.89 [190263/386/1]
190263/400/1.f:EIBLKL_06495 -            439 GH13_30.hmm          -            365   3.7e-21   80.1   1.6   1   1   9.6e-20   5.5e-17   66.4   0.1     3   107    34   134    33   150 0.92 [190263/400/1]
190263/434/1.f:NCAOKI_06450 -            529 GH13_30.hmm          -            365     4e-21   80.0   1.7   1   1   1.2e-20   6.9e-18   69.3   1.1    10   187    48   201    40   208 0.89 [190263/434/1]
190263/455/1.f:GDGJDA_12270 -            434 GH13_30.hmm          -            365   9.5e-21   78.7   1.7   1   1   3.9e-18   2.2e-15   61.1   0.1    11   103    39   129    33   151 0.92 [190263/455/1]
190263/396/1.f:KAAOMA_13065 -            528 GH13_30.hmm          -            365   1.9e-20   77.8   4.7   1   1   2.1e-19   1.2e-16   65.2   0.5     6   184    37   192    33   196 0.86 [190263/396/1]
190263/595/1.f:HGDLEC_07220 -           1077 GH13_30.hmm          -            365   2.2e-20   77.6   3.2   1   1     1e-18   5.9e-16   63.0   0.1     1    79    76   157    76   163 0.91 [190263/595/1]
190263/477/1.f:PCLDCI_13985 -            551 GH13_30.hmm          -            365   3.6e-20   76.8   2.7   1   1   2.4e-19   1.3e-16   65.1   0.2     7   183    38   191    33   197 0.88 [190263/477/1]
190263/567/1.f:NOEGFN_05575 -            550 GH13_30.hmm          -            365     4e-20   76.7   1.4   1   1     2e-17   1.1e-14   58.8   0.0     5   101    35   129    32   153 0.89 [190263/567/1]
190263/461/1.f:DHPHOK_18795 -            445 GH13_30.hmm          -            365   7.6e-20   75.8   0.8   1   1   4.1e-16   2.3e-13   54.4   0.1     5    85    60   143    57   148 0.91 [190263/461/1]
190263/368/1.f:HPMDBE_16250 -            612 GH13_30.hmm          -            365   1.3e-19   75.0   2.8   1   1     2e-21   1.1e-18   71.9   0.5     1    84   163   249   163   256 0.94 [190263/368/1]
190263/379/1.f:LOJHAC_16715 -            612 GH13_30.hmm          -            365   1.3e-19   75.0   2.8   1   1     2e-21   1.1e-18   71.9   0.5     1    84   163   249   163   256 0.94 [190263/379/1]
190263/516/1.f:MGNFBC_14160 -            612 GH13_30.hmm          -            365   1.3e-19   75.0   2.8   1   1     2e-21   1.1e-18   71.9   0.5     1    84   163   249   163   256 0.94 [190263/516/1]
190263/578/1.f:HIHCLH_02510 -            433 GH13_30.hmm          -            365   1.4e-19   74.9   1.9   1   1   1.3e-17   7.1e-15   59.4   0.0     2    80    27   111    26   121 0.86 [190263/578/1]
190263/474/1.f:AMDJJA_04205 -            431 GH13_30.hmm          -            365   1.5e-19   74.8   4.2   1   1   4.4e-16   2.5e-13   54.4   0.1     8    93    51   134    45   144 0.93 [190263/474/1]
190263/562/1.f:KJGNCK_01560 -            454 GH13_30.hmm          -            365     3e-19   73.8   2.3   1   1   3.6e-18     2e-15   61.2   0.1     3    85    60   148    58   161 0.88 [190263/562/1]
190263/584/1.f:DDCNLE_06665 -            431 GH13_30.hmm          -            365   4.8e-19   73.1   3.4   1   1   3.3e-16   1.9e-13   54.8   0.2     5   110    33   136    30   151 0.90 [190263/584/1]
190263/565/1.f:PAEINE_09665 -            458 GH13_30.hmm          -            365   6.1e-19   72.8   4.6   1   1   1.9e-16   1.1e-13   55.6   0.3     6   103    49   144    46   165 0.91 [190263/565/1]
190263/562/1.f:KJGNCK_02055 -            758 GH13_30.hmm          -            365   1.4e-18   71.6   0.9   1   1   2.5e-17   1.4e-14   58.5   0.0     1    83   329   412   329   427 0.95 [190263/562/1]
190263/552/1.f:EMALNL_07955 -            758 GH13_30.hmm          -            365   1.4e-18   71.6   0.9   1   1   2.5e-17   1.4e-14   58.5   0.0     1    83   329   412   329   427 0.95 [190263/552/1]
190263/596/1.f:GDHELL_00025 -            558 GH13_30.hmm          -            365   2.2e-18   71.0   8.6   1   1   5.4e-16   3.1e-13   54.0   0.0     7   100    36   127    31   154 0.87 [190263/596/1]
190263/560/1.f:OAGBLH_03685 -            533 GH13_30.hmm          -            365   2.8e-18   70.6   3.2   1   1   1.7e-18   9.9e-16   62.2   1.5     9   188    39   195    34   240 0.84 [190263/560/1]
190263/596/1.f:GDHELL_06780 -            751 GH13_30.hmm          -            365   3.4e-18   70.3   0.2   1   1     1e-16   5.9e-14   56.4   0.1     1    79   177   258   177   271 0.90 [190263/596/1]
190263/422/1.f:HJBCNJ_14695 -            443 GH13_30.hmm          -            365   5.8e-18   69.6   0.0   1   1   1.3e-20   7.5e-18   69.2   0.0     1    84   175   257   175   284 0.92 [190263/422/1]
190263/596/1.f:GDHELL_06435 -           1356 GH13_30.hmm          -            365   8.2e-18   69.1   0.6   1   1   2.7e-17   1.5e-14   58.4   0.0     1    78   107   198   107   203 0.82 [190263/596/1]
190263/596/1.f:GDHELL_04035 -            427 GH13_30.hmm          -            365     3e-17   67.2   1.6   1   1   4.7e-16   2.7e-13   54.2   0.0     1    80    26   111    26   121 0.88 [190263/596/1]
190263/496/1.f:JJBAFO_05545 -            425 GH13_30.hmm          -            365   1.1e-16   65.4   1.0   1   1   1.1e-16     6e-14   56.4   0.0     4    86    29   117    26   120 0.89 [190263/496/1]
190263/363/1.f:CIHHOC_15755 -            564 GH13_30.hmm          -            365   7.1e-16   62.7   0.0   1   1     4e-16   2.3e-13   54.5   0.0    17   191    83   242    68   247 0.84 [190263/363/1]
190263/423/1.f:PDNKFB_06835 -           1368 GH13_30.hmm          -            365   1.3e-15   61.9   1.7   1   1     8e-18   4.6e-15   60.1   0.1     1    94   841   948   841   966 0.86 [190263/423/1]
190263/495/1.f:ANKNCD_08725 -           1674 GH13_30.hmm          -            365   1.9e-14   58.0   5.6   1   1   4.1e-17   2.3e-14   57.7   0.2     1    93   963  1069   963  1079 0.83 [190263/495/1]
190263/510/1.f:DELAEA_06680 -            480 GH13_30.hmm          -            365   3.8e-13   53.7   1.1   1   1   9.5e-16   5.4e-13   53.2   1.1    17   230    34   247    21   292 0.75 [190263/510/1]
#
# Program:         hmmsearch
# Version:         3.3.2 (Nov 2020)
# Pipeline mode:   SEARCH
# Query file:      /kb/module/work/tmp/output.1725388484971/GH13_30/GH13_30.hmm
# Target file:     /kb/module/work/tmp/output.1725388484971/hCom2_RAST.fasta
# Option settings: /kb/module/hmmer/bin/hmmsearch --domtblout /kb/module/work/tmp/output.1725388484971/GH13_30/GH13_30-hCom2_RAST.hitout.txt --noali --notextw --domE 1e-15 /kb/module/work/tmp/output.1725388484971/GH13_30/GH13_30.hmm /kb/module/work/tmp/output.1725388484971/hCom2_RAST.fasta 
# Current dir:     /kb/module/work/tmp/output.1725388484971
# Date:            Tue Sep  3 18:49:11 2024
# [ok]
