#                                                                                   --- full sequence --- -------------- this domain -------------   hmm coord   ali coord   env coord
# target name               accession   tlen query name           accession   qlen   E-value  score  bias   #  of  c-Evalue  i-Evalue  score  bias  from    to  from    to  from    to  acc description of target
#       ------------------- ---------- ----- -------------------- ---------- ----- --------- ------ ----- --- --- --------- --------- ------ ----- ----- ----- ----- ----- ----- ----- ---- ---------------------
190263/488/1.f:DNPFAC_20815 -            664 GH13_37.hmm          -            320   2.1e-45  159.4   0.0   1   1   6.3e-48   3.6e-45  158.7   0.0    16   319   196   523   184   524 0.79 [190263/488/1]
190263/520/1.f:GGDGDE_05595 -            663 GH13_37.hmm          -            320   6.2e-45  157.9   3.0   1   1   2.3e-47   1.3e-44  156.8   3.0    11   319   172   503   165   504 0.75 [190263/520/1]
190263/391/1.f:NONBJF_17690 -            664 GH13_37.hmm          -            320   8.8e-45  157.4   0.7   1   1   3.5e-47     2e-44  156.2   0.7    16   319   196   523   185   524 0.77 [190263/391/1]
190263/534/1.f:OHCFJE_16620 -            664 GH13_37.hmm          -            320   8.8e-45  157.4   0.7   1   1   3.5e-47     2e-44  156.2   0.7    16   319   196   523   185   524 0.77 [190263/534/1]
190263/545/1.f:NCJBIN_18175 -            664 GH13_37.hmm          -            320   8.8e-45  157.4   0.7   1   1   3.5e-47     2e-44  156.2   0.7    16   319   196   523   185   524 0.77 [190263/545/1]
190263/388/1.f:FDDJJK_15650 -            664 GH13_37.hmm          -            320   9.5e-45  157.3   0.5   1   1   5.1e-47   2.9e-44  155.7   0.5     9   319   193   523   185   524 0.73 [190263/388/1]
190263/417/1.f:MHBJAE_19130 -            664 GH13_37.hmm          -            320   2.9e-44  155.7   0.0   1   1     8e-47   4.5e-44  155.1   0.0    15   319   195   523   184   524 0.81 [190263/417/1]
190263/585/1.f:DLBDDB_18780 -            666 GH13_37.hmm          -            320   5.1e-44  154.9   0.2   1   1   9.6e-42   5.4e-39  138.4   0.2    16   178   198   375   186   421 0.85 [190263/585/1]
190263/369/1.f:JCDIFE_20070 -            665 GH13_37.hmm          -            320   9.6e-44  154.0   0.1   1   1   3.5e-46     2e-43  153.0   0.1    17   319   198   524   189   525 0.78 [190263/369/1]
190263/461/1.f:DHPHOK_10235 -            665 GH13_37.hmm          -            320     1e-43  153.9   0.1   1   1   3.5e-46     2e-43  153.0   0.1    17   319   198   524   189   525 0.78 [190263/461/1]
190263/495/1.f:ANKNCD_06830 -            644 GH13_37.hmm          -            320   1.2e-43  153.7   1.0   1   1   3.1e-46   1.7e-43  153.2   1.0    12   319   176   494   168   495 0.86 [190263/495/1]
190263/401/1.f:DMFJNH_23255 -            639 GH13_37.hmm          -            320   1.3e-43  153.6   0.1   1   1   1.6e-45   8.9e-43  150.8   0.1    16   319   171   498   159   499 0.82 [190263/401/1]
190263/504/1.f:DOAHDM_22525 -            639 GH13_37.hmm          -            320   1.3e-43  153.6   0.1   1   1   1.6e-45   8.9e-43  150.8   0.1    16   319   171   498   159   499 0.82 [190263/504/1]
190263/540/1.f:BCGFLB_00640 -            645 GH13_37.hmm          -            320   3.3e-43  152.2   0.0   1   1     8e-46   4.5e-43  151.8   0.0    12   319   171   503   163   504 0.86 [190263/540/1]
190263/401/1.f:DMFJNH_14165 -            655 GH13_37.hmm          -            320   3.5e-43  152.2   0.0   1   1   9.9e-46   5.5e-43  151.5   0.0    16   319   184   513   175   514 0.84 [190263/401/1]
190263/456/1.f:LKAJBD_15050 -            665 GH13_37.hmm          -            320   5.2e-43  151.6   0.1   1   1   1.7e-45   9.7e-43  150.7   0.1    17   319   198   524   192   525 0.75 [190263/456/1]
190263/474/1.f:AMDJJA_00550 -           1708 GH13_37.hmm          -            320   5.6e-43  151.5  11.0   1   1   3.4e-41   1.9e-38  136.6   2.8    16   319  1122  1452  1111  1453 0.79 [190263/474/1]
190263/504/1.f:DOAHDM_13255 -            655 GH13_37.hmm          -            320   6.6e-43  151.2   0.0   1   1   1.9e-45   1.1e-42  150.6   0.0    16   319   184   513   175   514 0.84 [190263/504/1]
190263/404/1.f:BGJBIG_16565 -            666 GH13_37.hmm          -            320   6.9e-43  151.2   0.1   1   1   1.5e-40   8.2e-38  134.5   0.2    18   178   200   375   188   400 0.85 [190263/404/1]
190263/466/1.f:PGJOII_07750 -            665 GH13_37.hmm          -            320   1.1e-42  150.5   0.0   1   1   3.3e-45   1.9e-42  149.8   0.0    17   319   198   524   189   525 0.75 [190263/466/1]
190263/596/1.f:GDHELL_08465 -           1233 GH13_37.hmm          -            320   3.3e-42  148.9   0.5   1   1   1.1e-44   6.2e-42  148.0   0.5    14   319   224   545   212   546 0.84 [190263/596/1]
190263/595/1.f:HGDLEC_06165 -            629 GH13_37.hmm          -            320   4.2e-42  148.6   0.0   1   1   1.3e-44   7.4e-42  147.8   0.0     8   319   151   488   146   489 0.77 [190263/595/1]
190263/552/1.f:EMALNL_22655 -            666 GH13_37.hmm          -            320   4.9e-42  148.4   0.0   1   1   8.9e-44     5e-41  145.1   0.0    16   319   198   525   186   526 0.80 [190263/552/1]
190263/475/1.f:MCKEEP_22440 -            668 GH13_37.hmm          -            320     6e-42  148.1   0.0   1   1   1.6e-43   8.8e-41  144.3   0.0    18   319   202   527   189   528 0.80 [190263/475/1]
190263/556/1.f:EMIPPF_05040 -            655 GH13_37.hmm          -            320   6.2e-42  148.0   0.1   1   1   2.2e-44   1.2e-41  147.1   0.1    15   319   183   513   175   514 0.82 [190263/556/1]
190263/573/1.f:LIDFCI_11895 -            668 GH13_37.hmm          -            320     8e-42  147.7   0.0   1   1   2.3e-43   1.3e-40  143.7   0.0    18   319   202   527   190   528 0.81 [190263/573/1]
190263/562/1.f:KJGNCK_24775 -            666 GH13_37.hmm          -            320   9.3e-42  147.5   0.0   1   1   2.3e-43   1.3e-40  143.7   0.0    16   319   198   525   186   526 0.78 [190263/562/1]
190263/446/1.f:LHJMMB_08835 -            655 GH13_37.hmm          -            320   3.3e-41  145.6   0.0   1   1   1.2e-43   6.7e-41  144.6   0.0    12   319   180   513   174   514 0.83 [190263/446/1]
190263/502/1.f:NONHGB_21965 -            665 GH13_37.hmm          -            320   5.6e-41  144.9   0.1   1   1   1.8e-43     1e-40  144.1   0.1    17   319   198   524   186   525 0.78 [190263/502/1]
190263/405/1.f:EHKDKA_23855 -            665 GH13_37.hmm          -            320   5.6e-41  144.9   0.2   1   1   3.4e-43   1.9e-40  143.2   0.2    17   319   198   524   186   525 0.77 [190263/405/1]
190263/527/1.f:HGADJN_04155 -           1752 GH13_37.hmm          -            320   5.7e-41  144.9  16.3   1   1   6.5e-41   3.7e-38  135.6   4.4    12   319  1136  1476  1129  1477 0.78 [190263/527/1]
190263/541/1.f:IDEEIE_03885 -            641 GH13_37.hmm          -            320   8.4e-41  144.3   2.0   1   1   2.2e-43   1.2e-40  143.8   0.4    17   319   186   499   179   500 0.78 [190263/541/1]
190263/516/1.f:MGNFBC_03455 -            543 GH13_37.hmm          -            320   9.8e-41  144.1   0.1   1   1   9.3e-43   5.2e-40  141.7   0.1    13   319    70   402    64   403 0.77 [190263/516/1]
190263/368/1.f:HPMDBE_04305 -            665 GH13_37.hmm          -            320   2.1e-40  143.0   0.1   1   1   2.4e-42   1.3e-39  140.4   0.1    13   319   192   524   185   525 0.76 [190263/368/1]
190263/379/1.f:LOJHAC_04540 -            665 GH13_37.hmm          -            320   2.1e-40  143.0   0.1   1   1   2.4e-42   1.3e-39  140.4   0.1    13   319   192   524   185   525 0.76 [190263/379/1]
190263/460/1.f:IHFGKI_10905 -            650 GH13_37.hmm          -            320   4.4e-40  142.0   0.0   1   1   1.2e-42   6.8e-40  141.3   0.0    17   319   173   508   162   509 0.74 [190263/460/1]
190263/583/1.f:BCCKNC_16240 -            664 GH13_37.hmm          -            320   1.7e-39  140.0   0.0   1   1   9.8e-42   5.5e-39  138.3   0.0    11   319   191   522   185   523 0.82 [190263/583/1]
190263/578/1.f:HIHCLH_09650 -            874 GH13_37.hmm          -            320   2.6e-39  139.4   1.5   1   1     8e-42   4.5e-39  138.7   1.5    13   319   416   726   407   727 0.77 [190263/578/1]
190263/596/1.f:GDHELL_03140 -           1059 GH13_37.hmm          -            320   3.9e-39  138.9   1.4   1   1   1.2e-41   6.9e-39  138.0   1.4    14   319   240   569   230   570 0.80 [190263/596/1]
190263/412/1.f:OOIBGL_06165 -            657 GH13_37.hmm          -            320   6.7e-39  138.1   1.1   1   1     9e-41     5e-38  135.2   1.1    17   318   186   508   175   509 0.80 [190263/412/1]
190263/522/1.f:NPJBCH_12430 -            653 GH13_37.hmm          -            320   1.8e-38  136.7   0.0   1   1   5.7e-41   3.2e-38  135.8   0.0    16   319   183   510   168   511 0.74 [190263/522/1]
190263/423/1.f:PDNKFB_13510 -            572 GH13_37.hmm          -            320     2e-38  136.5   0.9   1   1   3.9e-39   2.2e-36  129.8   0.9     8   318   169   459   165   461 0.82 [190263/423/1]
190263/596/1.f:GDHELL_03145 -            940 GH13_37.hmm          -            320   2.4e-38  136.2   0.6   1   1   7.6e-41   4.3e-38  135.4   0.6    16   319   205   530   192   531 0.79 [190263/596/1]
190263/406/1.f:DKNBGD_04055 -            709 GH13_37.hmm          -            320   3.2e-38  135.9   0.0   1   1     9e-41     5e-38  135.2   0.0    10   319   249   573   243   574 0.85 [190263/406/1]
190263/423/1.f:PDNKFB_03325 -            607 GH13_37.hmm          -            320   1.8e-37  133.4   2.3   1   1   1.2e-38   6.9e-36  128.2   2.3    16   319   153   464   137   465 0.77 [190263/423/1]
190263/399/1.f:CDLIDF_14210 -            658 GH13_37.hmm          -            320   4.5e-37  132.1   0.0   1   1   5.3e-39     3e-36  129.4   0.0    17   319   190   516   180   516 0.76 [190263/399/1]
190263/495/1.f:ANKNCD_04135 -            572 GH13_37.hmm          -            320   5.9e-37  131.7   2.3   1   1     1e-37   5.7e-35  125.2   2.3     8   319   169   460   164   461 0.83 [190263/495/1]
190263/520/1.f:GGDGDE_20340 -            572 GH13_37.hmm          -            320   8.7e-37  131.1   1.7   1   1   1.7e-37   9.7e-35  124.4   1.7     8   319   169   460   164   461 0.81 [190263/520/1]
190263/400/1.f:EIBLKL_02740 -            634 GH13_37.hmm          -            320   1.5e-36  130.3   0.1   1   1     1e-38   5.7e-36  128.4   0.1    17   319   176   498   167   499 0.79 [190263/400/1]
190263/437/1.f:LBKKEJ_12945 -            666 GH13_37.hmm          -            320   2.3e-36  129.8   0.0   1   1   1.6e-38   9.1e-36  127.8   0.0    18   319   199   524   189   525 0.78 [190263/437/1]
190263/447/1.f:OLODHC_11575 -            647 GH13_37.hmm          -            320   3.4e-35  125.9   0.3   1   1   6.2e-31   3.5e-28  102.9   0.4    18   168   188   351   175   359 0.83 [190263/447/1]
190263/580/1.f:JCPJNN_26930 -            658 GH13_37.hmm          -            320   3.9e-35  125.7   0.0   1   1   1.8e-33   9.9e-31  111.2   0.1    20   170   189   352   185   356 0.82 [190263/580/1]
190263/363/1.f:CIHHOC_04775 -            660 GH13_37.hmm          -            320   9.1e-35  124.5   0.6   1   1   1.8e-36     1e-33  121.1   0.6    17   319   186   507   178   508 0.76 [190263/363/1]
190263/443/1.f:LNLACP_03565 -            642 GH13_37.hmm          -            320     1e-34  124.3   0.2   1   1   3.3e-36   1.9e-33  120.2   0.2    17   320   182   504   169   504 0.76 [190263/443/1]
190263/423/1.f:PDNKFB_06345 -            588 GH13_37.hmm          -            320   1.6e-34  123.7   0.5   1   1   1.2e-35   6.8e-33  118.3   0.5     6   319   180   471   177   472 0.78 [190263/423/1]
190263/578/1.f:HIHCLH_03535 -            574 GH13_37.hmm          -            320   3.7e-34  122.5   0.4   1   1   1.6e-34   8.9e-32  114.7   0.3     7   179   170   356   165   376 0.82 [190263/578/1]
190263/527/1.f:HGADJN_08825 -            687 GH13_37.hmm          -            320   9.4e-34  121.2   0.0   1   1   3.3e-36   1.8e-33  120.2   0.0    18   281   196   475   191   490 0.79 [190263/527/1]
190263/425/1.f:HPANHD_10080 -            587 GH13_37.hmm          -            320   3.3e-33  119.4  12.0   1   1   1.8e-35     1e-32  117.8   8.2     8   320   179   477   174   477 0.84 [190263/425/1]
190263/368/1.f:HPMDBE_16265 -            613 GH13_37.hmm          -            320   5.1e-33  118.8   0.2   1   1   4.7e-35   2.6e-32  116.4   0.2     3   319   152   472   150   473 0.80 [190263/368/1]
190263/516/1.f:MGNFBC_14175 -            613 GH13_37.hmm          -            320     7e-33  118.3   0.1   1   1   6.5e-35   3.7e-32  115.9   0.1     3   319   152   472   150   473 0.80 [190263/516/1]
190263/379/1.f:LOJHAC_16730 -            613 GH13_37.hmm          -            320     7e-33  118.3   0.1   1   1   6.5e-35   3.7e-32  115.9   0.1     3   319   152   472   150   473 0.80 [190263/379/1]
190263/514/1.f:MMHOAN_10920 -            617 GH13_37.hmm          -            320   1.8e-32  116.9   0.4   1   1   4.6e-34   2.6e-31  113.1   0.4     8   176   187   380   181   496 0.91 [190263/514/1]
190263/438/1.f:IKAFOJ_09075 -            694 GH13_37.hmm          -            320     2e-32  116.8   0.9   1   1   5.8e-34   3.2e-31  112.8   0.9    15   319   258   570   248   571 0.78 [190263/438/1]
190263/547/1.f:KJCAKO_02505 -            702 GH13_37.hmm          -            320     5e-32  115.5   0.1   1   1   2.5e-34   1.4e-31  114.0   0.1    19   320   260   570   255   570 0.82 [190263/547/1]
190263/409/1.f:AJJCMD_08060 -            681 GH13_37.hmm          -            320   5.8e-32  115.3   0.0   1   1   2.5e-34   1.4e-31  114.0   0.0    18   319   191   516   182   517 0.80 [190263/409/1]
190263/495/1.f:ANKNCD_08725 -           1674 GH13_37.hmm          -            320   1.5e-31  114.0   9.0   1   1   6.8e-33   3.8e-30  109.3   9.0     3   320   957  1268   955  1268 0.81 [190263/495/1]
190263/576/1.f:FNMBCG_01025 -            651 GH13_37.hmm          -            320   1.6e-31  113.8   0.0   1   1   2.2e-32   1.2e-29  107.7   0.0    17   318   188   508   180   510 0.67 [190263/576/1]
190263/421/1.f:PBKEAC_05065 -            625 GH13_37.hmm          -            320   1.4e-30  110.7   0.2   1   1   3.5e-32   1.9e-29  107.0   0.2     6   319   167   482   165   483 0.80 [190263/421/1]
190263/446/1.f:LHJMMB_09600 -            625 GH13_37.hmm          -            320   1.4e-30  110.7   0.2   1   1   3.5e-32   1.9e-29  107.0   0.2     6   319   167   482   165   483 0.80 [190263/446/1]
190263/516/1.f:MGNFBC_18275 -            615 GH13_37.hmm          -            320   1.6e-30  110.6   2.1   1   1   1.9e-32   1.1e-29  107.8   2.1     5   319   158   476   155   477 0.75 [190263/516/1]
190263/423/1.f:PDNKFB_06835 -           1368 GH13_37.hmm          -            320   2.3e-30  110.0   4.8   1   1   4.4e-31   2.5e-28  103.3   4.8     3   320   835  1146   834  1146 0.78 [190263/423/1]
190263/458/1.f:AMPCAI_12050 -            695 GH13_37.hmm          -            320   3.1e-30  109.6   0.9   1   1   1.1e-32   6.4e-30  108.6   0.9    13   319   253   564   245   565 0.81 [190263/458/1]
190263/368/1.f:HPMDBE_20180 -            615 GH13_37.hmm          -            320   3.4e-30  109.5   1.9   1   1   4.2e-32   2.4e-29  106.7   1.9     5   319   158   476   155   477 0.75 [190263/368/1]
190263/379/1.f:LOJHAC_21325 -            615 GH13_37.hmm          -            320   3.4e-30  109.5   1.9   1   1   4.2e-32   2.4e-29  106.7   1.9     5   319   158   476   155   477 0.75 [190263/379/1]
190263/556/1.f:EMIPPF_02185 -            625 GH13_37.hmm          -            320   3.6e-30  109.4   0.2   1   1   8.8e-32   4.9e-29  105.6   0.2     6   319   167   482   165   483 0.80 [190263/556/1]
190263/595/1.f:HGDLEC_06160 -            640 GH13_37.hmm          -            320   5.4e-30  108.8   3.6   1   1   4.2e-26   2.4e-23   87.0   0.0     6    96   159   246   156   277 0.92 [190263/595/1]
190263/437/1.f:LBKKEJ_03795 -            617 GH13_37.hmm          -            320   6.4e-30  108.6   3.0   1   1   7.2e-32     4e-29  105.9   3.0     6   319   162   479   159   480 0.72 [190263/437/1]
190263/580/1.f:JCPJNN_00815 -            582 GH13_37.hmm          -            320   9.4e-30  108.0   0.7   1   1   3.1e-31   1.8e-28  103.8   0.7     5   318   177   471   173   472 0.77 [190263/580/1]
190263/568/1.f:ABMLLK_04030 -            626 GH13_37.hmm          -            320   1.2e-29  107.6   0.9   1   1   1.2e-31   6.9e-29  105.2   0.9     7   320   196   499   193   499 0.78 [190263/568/1]
190263/447/1.f:OLODHC_11555 -            584 GH13_37.hmm          -            320   4.3e-29  105.8   5.0   1   1   1.9e-30     1e-27  101.3   5.0     8   319   179   471   173   472 0.78 [190263/447/1]
190263/522/1.f:NPJBCH_12425 -            639 GH13_37.hmm          -            320   6.1e-29  105.3   4.4   1   1   2.7e-25   1.5e-22   84.4   0.0     6    96   159   245   156   295 0.90 [190263/522/1]
190263/399/1.f:CDLIDF_07515 -            617 GH13_37.hmm          -            320   6.4e-29  105.3   5.1   1   1   1.1e-30   5.9e-28  102.1   5.1     6   319   162   479   159   480 0.74 [190263/399/1]
190263/560/1.f:OAGBLH_00875 -            703 GH13_37.hmm          -            320   9.6e-29  104.7   0.1   1   1   1.5e-30   8.4e-28  101.6   0.1    19   319   259   574   255   575 0.82 [190263/560/1]
190263/401/1.f:DMFJNH_07625 -            617 GH13_37.hmm          -            320   2.1e-28  103.6   2.3   1   1   1.9e-30   1.1e-27  101.3   2.3     6   319   162   479   159   480 0.70 [190263/401/1]
190263/504/1.f:DOAHDM_08130 -            617 GH13_37.hmm          -            320   2.1e-28  103.6   2.3   1   1   1.9e-30   1.1e-27  101.3   2.3     6   319   162   479   159   480 0.70 [190263/504/1]
190263/573/1.f:LIDFCI_15590 -            617 GH13_37.hmm          -            320   3.6e-28  102.8   4.4   1   1   5.9e-30   3.3e-27   99.7   4.4     6   319   162   479   159   480 0.71 [190263/573/1]
190263/475/1.f:MCKEEP_01645 -            617 GH13_37.hmm          -            320     4e-28  102.7   3.7   1   1   5.8e-30   3.2e-27   99.7   3.7     6   319   162   479   159   480 0.71 [190263/475/1]
190263/596/1.f:GDHELL_05010 -            551 GH13_37.hmm          -            320   4.1e-28  102.6   2.7   1   1   9.8e-30   5.5e-27   98.9   2.7     6   320    73   393    69   393 0.76 [190263/596/1]
190263/383/1.f:KCEMEB_16615 -            703 GH13_37.hmm          -            320   4.6e-28  102.5   0.1   1   1   1.3e-25   7.5e-23   85.3   0.0     6   157   184   356   179   362 0.83 [190263/383/1]
190263/460/1.f:IHFGKI_10900 -            641 GH13_37.hmm          -            320   4.6e-28  102.5   1.4   1   1     2e-25   1.1e-22   84.8   0.1     6    96   159   245   156   262 0.92 [190263/460/1]
190263/388/1.f:FDDJJK_07165 -            616 GH13_37.hmm          -            320   7.9e-28  101.7   3.2   1   1   8.1e-30   4.6e-27   99.2   3.2     6   319   161   478   159   479 0.77 [190263/388/1]
190263/541/1.f:IDEEIE_03905 -            587 GH13_37.hmm          -            320     8e-28  101.7   4.3   1   1   4.8e-29   2.7e-26   96.7   4.3     8   319   178   470   172   471 0.80 [190263/541/1]
190263/391/1.f:NONBJF_08175 -            616 GH13_37.hmm          -            320   8.4e-28  101.6   3.2   1   1   8.1e-30   4.6e-27   99.2   3.2     6   319   161   478   159   479 0.77 [190263/391/1]
190263/534/1.f:OHCFJE_04790 -            616 GH13_37.hmm          -            320   8.4e-28  101.6   3.2   1   1   8.1e-30   4.6e-27   99.2   3.2     6   319   161   478   159   479 0.77 [190263/534/1]
190263/545/1.f:NCJBIN_08290 -            616 GH13_37.hmm          -            320   8.4e-28  101.6   3.2   1   1   8.1e-30   4.6e-27   99.2   3.2     6   319   161   478   159   479 0.77 [190263/545/1]
190263/596/1.f:GDHELL_00020 -            694 GH13_37.hmm          -            320   1.9e-27  100.5   1.1   1   1   3.3e-27   1.9e-24   90.6   0.1     6   157   176   348   171   354 0.87 [190263/596/1]
190263/405/1.f:EHKDKA_03425 -            619 GH13_37.hmm          -            320   1.9e-27  100.5   0.4   1   1   1.2e-29   6.7e-27   98.7   0.4     5   320   159   476   156   476 0.77 [190263/405/1]
190263/468/1.f:DIOFOH_11005 -            704 GH13_37.hmm          -            320     2e-27  100.4   2.4   1   1     3e-29   1.7e-26   97.3   2.4    11   319   248   571   241   572 0.78 [190263/468/1]
190263/369/1.f:JCDIFE_19125 -            616 GH13_37.hmm          -            320   3.3e-27   99.7   5.9   1   1   2.6e-29   1.5e-26   97.5   5.9     5   277   159   446   157   477 0.77 [190263/369/1]
190263/461/1.f:DHPHOK_10950 -            616 GH13_37.hmm          -            320   3.9e-27   99.4   5.4   1   1   3.2e-29   1.8e-26   97.3   5.4     5   277   159   446   157   477 0.78 [190263/461/1]
190263/412/1.f:OOIBGL_12215 -            698 GH13_37.hmm          -            320     4e-27   99.4   0.7   1   1   6.8e-27   3.8e-24   89.6   0.0     6   157   178   350   174   356 0.86 [190263/412/1]
190263/520/1.f:GGDGDE_18135 -            704 GH13_37.hmm          -            320   8.6e-27   98.3   0.1   1   1   1.7e-25   9.6e-23   85.0   0.0     7   160   190   364   185   372 0.89 [190263/520/1]
190263/466/1.f:PGJOII_14705 -            616 GH13_37.hmm          -            320   8.6e-27   98.3   5.2   1   1   7.7e-29   4.3e-26   96.0   5.2     5   277   159   446   157   477 0.79 [190263/466/1]
190263/552/1.f:EMALNL_07985 -            684 GH13_37.hmm          -            320   8.9e-27   98.2   1.4   1   1   4.4e-29   2.5e-26   96.8   1.4     6   319   229   546   227   547 0.78 [190263/552/1]
190263/562/1.f:KJGNCK_02025 -            684 GH13_37.hmm          -            320   8.9e-27   98.2   1.4   1   1   4.4e-29   2.5e-26   96.8   1.4     6   319   229   546   227   547 0.78 [190263/562/1]
190263/370/1.f:MFKGBO_19565 -            705 GH13_37.hmm          -            320   9.2e-27   98.2   0.2   1   1   2.2e-26   1.2e-23   87.9   0.0     6   157   187   359   183   365 0.87 [190263/370/1]
190263/455/1.f:GDGJDA_04615 -            694 GH13_37.hmm          -            320   9.3e-27   98.2   0.6   1   1   6.8e-26   3.8e-23   86.3   0.0     6   157   178   350   174   356 0.87 [190263/455/1]
190263/488/1.f:DNPFAC_20990 -            616 GH13_37.hmm          -            320   1.4e-26   97.6   7.1   1   1   2.5e-28   1.4e-25   94.3   7.1     5   277   159   446   157   477 0.74 [190263/488/1]
190263/456/1.f:LKAJBD_09060 -            616 GH13_37.hmm          -            320   1.7e-26   97.4   4.9   1   1   1.3e-28   7.4e-26   95.2   4.9     5   277   159   446   157   477 0.76 [190263/456/1]
190263/513/1.f:MKNBNH_04310 -            604 GH13_37.hmm          -            320   2.2e-26   96.9   5.7   1   1   2.1e-28   1.2e-25   94.6   5.7     8   320   132   456   126   456 0.84 [190263/513/1]
190263/537/1.f:AHPNMI_10750 -            719 GH13_37.hmm          -            320   2.3e-26   96.9   0.0   1   1   4.1e-27   2.3e-24   90.3   0.0     9   158   197   367   191   388 0.86 [190263/537/1]
190263/384/1.f:CDKGIA_01450 -            707 GH13_37.hmm          -            320   3.4e-26   96.3   2.1   1   1     1e-24   5.7e-22   82.5   0.6     9   177   179   414   175   439 0.86 [190263/384/1]
190263/429/1.f:OMPHBF_06140 -            518 GH13_37.hmm          -            320   5.6e-26   95.6   0.0   1   1     7e-23   3.9e-20   76.4   0.0     8    97    26   104    21   119 0.93 [190263/429/1]
190263/472/1.f:NMGHJI_18160 -            584 GH13_37.hmm          -            320   5.9e-26   95.5   0.7   1   1   2.4e-27   1.3e-24   91.1   0.7     8   319   179   471   172   472 0.78 [190263/472/1]
190263/363/1.f:CIHHOC_04795 -            585 GH13_37.hmm          -            320     6e-26   95.5   1.3   1   1   5.4e-27   3.1e-24   89.9   1.3     8   319   178   470   173   471 0.79 [190263/363/1]
190263/580/1.f:JCPJNN_26940 -            585 GH13_37.hmm          -            320   6.1e-26   95.5   0.8   1   1   2.2e-27   1.2e-24   91.2   0.8     8   281   178   443   173   471 0.80 [190263/580/1]
190263/562/1.f:KJGNCK_01560 -            454 GH13_37.hmm          -            320   8.7e-26   95.0   0.5   1   1   4.4e-28   2.5e-25   93.5   0.1    10   180    59   231    52   245 0.86 [190263/562/1]
190263/417/1.f:MHBJAE_19300 -            616 GH13_37.hmm          -            320   9.9e-26   94.8   7.3   1   1   2.2e-27   1.2e-24   91.2   6.9     5   277   159   446   157   477 0.73 [190263/417/1]
190263/588/1.f:LGPOLK_03735 -           1132 GH13_37.hmm          -            320   1.1e-25   94.7   0.1   1   1     7e-28     4e-25   92.8   0.1     9   320   188   501   184   501 0.80 [190263/588/1]
190263/541/1.f:IDEEIE_11145 -            698 GH13_37.hmm          -            320   1.8e-25   94.0   0.4   1   1   3.1e-26   1.8e-23   87.4   0.1     6   157   182   354   178   360 0.84 [190263/541/1]
190263/549/1.f:CNBDFB_10425 -            704 GH13_37.hmm          -            320   1.9e-25   93.9   0.1   1   1   1.4e-26   7.7e-24   88.6   0.0     9   157   194   363   189   370 0.84 [190263/549/1]
190263/405/1.f:EHKDKA_23990 -            628 GH13_37.hmm          -            320   3.9e-25   92.8   0.8   1   1   5.1e-27   2.9e-24   90.0   0.8     5   319   173   489   171   490 0.73 [190263/405/1]
190263/409/1.f:AJJCMD_25590 -            699 GH13_37.hmm          -            320     4e-25   92.8   0.1   1   1   3.9e-25   2.2e-22   83.8   0.0     8   157   181   351   176   357 0.85 [190263/409/1]
190263/466/1.f:PGJOII_04855 -            554 GH13_37.hmm          -            320     4e-25   92.8   1.8   1   1   1.4e-20   8.1e-18   68.8   0.2     8    98    46   125    41   142 0.94 [190263/466/1]
190263/502/1.f:NONHGB_22080 -            651 GH13_37.hmm          -            320     6e-25   92.2   0.8   1   1   6.8e-27   3.8e-24   89.6   0.8     5   319   196   512   194   513 0.75 [190263/502/1]
190263/502/1.f:NONHGB_11410 -            616 GH13_37.hmm          -            320     6e-25   92.2   6.0   1   1   8.8e-27   4.9e-24   89.2   6.0     5   277   159   446   157   477 0.75 [190263/502/1]
190263/456/1.f:LKAJBD_04235 -            560 GH13_37.hmm          -            320   6.8e-25   92.0   2.1   1   1   1.6e-20   9.2e-18   68.6   0.1     8    98    52   131    47   145 0.95 [190263/456/1]
190263/596/1.f:GDHELL_04035 -            427 GH13_37.hmm          -            320     8e-25   91.8   1.8   1   1   1.7e-26   9.7e-24   88.3   1.8     6   285    23   290    18   314 0.75 [190263/596/1]
190263/596/1.f:GDHELL_06435 -           1356 GH13_37.hmm          -            320     1e-24   91.5   9.0   1   1   1.5e-18   8.5e-16   62.2   2.1     7   139   105   241   101   255 0.76 [190263/596/1]
190263/382/1.f:JACGKO_09355 -           1151 GH13_37.hmm          -            320   1.1e-24   91.4   1.2   1   1   1.1e-26   6.4e-24   88.8   0.4     9   319   192   516   188   517 0.74 [190263/382/1]
190263/425/1.f:HPANHD_03210 -            554 GH13_37.hmm          -            320   1.7e-24   90.7   0.5   1   1   1.2e-25   6.7e-23   85.5   0.5     8   320    26   369    19   369 0.67 [190263/425/1]
190263/405/1.f:EHKDKA_13290 -            616 GH13_37.hmm          -            320   1.9e-24   90.6   6.0   1   1   2.7e-26   1.5e-23   87.6   6.0     5   277   159   446   157   477 0.74 [190263/405/1]
190263/460/1.f:IHFGKI_10500 -            578 GH13_37.hmm          -            320   1.9e-24   90.6   0.1   1   1   7.4e-22   4.2e-19   73.0   0.0     8   101    52   134    47   198 0.88 [190263/460/1]
190263/433/1.f:ADFNDI_12270 -            702 GH13_37.hmm          -            320   2.1e-24   90.4   6.5   1   1     2e-24   1.1e-21   81.5   6.5     9   320   192   564   187   564 0.70 [190263/433/1]
190263/514/1.f:MMHOAN_12715 -            584 GH13_37.hmm          -            320   2.3e-24   90.3   3.9   1   1   1.8e-25     1e-22   84.9   3.9     8   280   178   442   172   471 0.79 [190263/514/1]
190263/495/1.f:ANKNCD_06025 -            705 GH13_37.hmm          -            320   2.5e-24   90.2   0.2   1   1   7.6e-24   4.3e-21   79.6   0.0     8   160   188   361   183   366 0.89 [190263/495/1]
190263/425/1.f:HPANHD_10085 -            559 GH13_37.hmm          -            320   2.6e-24   90.1   1.8   1   1   6.2e-19   3.5e-16   63.4   0.1     8    98    27   106    21   120 0.94 [190263/425/1]
190263/546/1.f:GEHMID_11790 -            711 GH13_37.hmm          -            320   3.2e-24   89.8   0.0   1   1   2.2e-25   1.2e-22   84.6   0.0     6   156   185   356   181   362 0.81 [190263/546/1]
190263/433/1.f:ADFNDI_03065 -            714 GH13_37.hmm          -            320   3.2e-24   89.8   0.1   1   1   4.6e-25   2.6e-22   83.6   0.0     6   157   189   361   185   367 0.82 [190263/433/1]
190263/478/1.f:BOCJFA_12315 -            710 GH13_37.hmm          -            320     4e-24   89.5   0.0   1   1   4.2e-25   2.4e-22   83.7   0.0     6   156   185   356   181   362 0.86 [190263/478/1]
190263/585/1.f:DLBDDB_01385 -            809 GH13_37.hmm          -            320   4.7e-24   89.3   0.8   1   1   1.6e-26   9.1e-24   88.4   0.8     7   165   370   530   367   669 0.73 [190263/585/1]
190263/413/1.f:NMLDCG_06385 -            622 GH13_37.hmm          -            320   5.5e-24   89.1   0.0   1   1   8.4e-26   4.7e-23   86.0   0.0     9   320   184   506   180   506 0.78 [190263/413/1]
190263/368/1.f:HPMDBE_16250 -            612 GH13_37.hmm          -            320   6.2e-24   88.9   4.2   1   1   2.2e-26   1.2e-23   87.9   4.2     6   319   160   470   157   471 0.68 [190263/368/1]
190263/379/1.f:LOJHAC_16715 -            612 GH13_37.hmm          -            320   6.2e-24   88.9   4.2   1   1   2.2e-26   1.2e-23   87.9   4.2     6   319   160   470   157   471 0.68 [190263/379/1]
190263/516/1.f:MGNFBC_14160 -            612 GH13_37.hmm          -            320   6.2e-24   88.9   4.2   1   1   2.2e-26   1.2e-23   87.9   4.2     6   319   160   470   157   471 0.68 [190263/516/1]
190263/447/1.f:OLODHC_07000 -            703 GH13_37.hmm          -            320   6.2e-24   88.9   0.0   1   1   1.3e-24   7.3e-22   82.1   0.0     8   157   187   357   181   363 0.83 [190263/447/1]
190263/400/1.f:EIBLKL_06495 -            439 GH13_37.hmm          -            320   7.4e-24   88.6   0.3   1   1   1.6e-25   9.1e-23   85.1   0.2     9   180    32   211    26   222 0.80 [190263/400/1]
190263/580/1.f:JCPJNN_15375 -            732 GH13_37.hmm          -            320   1.2e-23   88.0   0.0   1   1   8.7e-24   4.9e-21   79.4   0.0     6   157   217   389   213   396 0.86 [190263/580/1]
190263/456/1.f:LKAJBD_15395 -            681 GH13_37.hmm          -            320   1.4e-23   87.8   3.9   1   1   7.6e-18   4.3e-15   59.8   0.3     6   108    71   165    67   171 0.89 [190263/456/1]
190263/405/1.f:EHKDKA_03440 -            699 GH13_37.hmm          -            320   2.4e-23   87.0   0.2   1   1   1.4e-25   7.8e-23   85.3   0.2     7   320   247   576   244   576 0.71 [190263/405/1]
190263/423/1.f:PDNKFB_15010 -            710 GH13_37.hmm          -            320   2.5e-23   86.9   0.1   1   1   4.9e-23   2.7e-20   76.9   0.0     8   158   196   367   190   374 0.81 [190263/423/1]
190263/513/1.f:MKNBNH_01175 -            697 GH13_37.hmm          -            320   2.6e-23   86.8   3.4   1   1   1.1e-21     6e-19   72.5   1.3     9   179   192   427   188   450 0.79 [190263/513/1]
190263/406/1.f:DKNBGD_03735 -            567 GH13_37.hmm          -            320   2.7e-23   86.8   0.1   1   1   4.3e-19   2.4e-16   63.9   0.0     8    98    27   106    19   130 0.89 [190263/406/1]
190263/466/1.f:PGJOII_07605 -            686 GH13_37.hmm          -            320   3.7e-23   86.3   5.0   1   1   1.9e-17   1.1e-14   58.6   0.5     6    98    76   156    71   174 0.91 [190263/466/1]
190263/557/1.f:DOLMEB_04165 -            705 GH13_37.hmm          -            320   3.9e-23   86.3   0.0   1   1   5.8e-24   3.3e-21   80.0   0.0     6   157   189   361   184   367 0.83 [190263/557/1]
190263/556/1.f:EMIPPF_02175 -            772 GH13_37.hmm          -            320     6e-23   85.6   5.6   1   1   9.7e-18   5.4e-15   59.5   0.1     3    98   155   238   153   257 0.92 [190263/556/1]
190263/557/1.f:DOLMEB_12030 -            684 GH13_37.hmm          -            320   6.3e-23   85.6   1.2   1   1   7.8e-22   4.4e-19   73.0   0.1     9   177   171   406   167   428 0.78 [190263/557/1]
190263/546/1.f:GEHMID_03350 -            698 GH13_37.hmm          -            320   8.2e-23   85.2   5.3   1   1   6.1e-21   3.4e-18   70.0   1.7     9   178   193   426   188   450 0.76 [190263/546/1]
190263/510/1.f:DELAEA_05540 -            616 GH13_37.hmm          -            320     1e-22   84.9   0.2   1   1   2.9e-24   1.7e-21   80.9   0.2     9   320   184   507   178   507 0.73 [190263/510/1]
190263/446/1.f:LHJMMB_09610 -            772 GH13_37.hmm          -            320   1.1e-22   84.8   5.0   1   1   1.1e-17   6.1e-15   59.4   0.1     3    98   155   238   153   257 0.92 [190263/446/1]
190263/421/1.f:PBKEAC_05055 -            772 GH13_37.hmm          -            320   1.1e-22   84.8   5.0   1   1   1.1e-17   6.1e-15   59.4   0.1     3    98   155   238   153   257 0.92 [190263/421/1]
190263/468/1.f:DIOFOH_01755 -            517 GH13_37.hmm          -            320   1.3e-22   84.6   1.3   1   1   3.8e-20   2.1e-17   67.4   0.0     8   101    26   108    19   138 0.88 [190263/468/1]
190263/520/1.f:GGDGDE_02775 -            587 GH13_37.hmm          -            320   1.3e-22   84.6   5.0   1   1   2.9e-24   1.6e-21   80.9   5.0     8   320   106   431   101   431 0.76 [190263/520/1]
190263/409/1.f:AJJCMD_12165 -            510 GH13_37.hmm          -            320     2e-22   84.0   0.0   1   1   1.8e-18     1e-15   61.9   0.0     8    98    26   105    21   123 0.93 [190263/409/1]
190263/384/1.f:CDKGIA_16845 -            713 GH13_37.hmm          -            320     2e-22   83.9   0.2   1   1   9.6e-23   5.4e-20   75.9   0.1     6   156   206   377   200   384 0.85 [190263/384/1]
190263/455/1.f:GDGJDA_14820 -            543 GH13_37.hmm          -            320   2.3e-22   83.8   0.1   1   1   4.4e-19   2.5e-16   63.9   0.0     8    99    29   109    24   157 0.90 [190263/455/1]
190263/583/1.f:BCCKNC_06565 -            624 GH13_37.hmm          -            320   2.4e-22   83.7   0.1   1   1   9.2e-24   5.2e-21   79.3   0.1     5   319   159   477   157   478 0.74 [190263/583/1]
190263/507/1.f:KPMKPI_02625 -            699 GH13_37.hmm          -            320   2.5e-22   83.6   7.0   1   1   2.3e-23   1.3e-20   78.0   7.0     9   320   193   561   189   561 0.68 [190263/507/1]
190263/466/1.f:PGJOII_04830 -            560 GH13_37.hmm          -            320   2.6e-22   83.6   0.9   1   1   2.9e-22   1.6e-19   74.4   0.9     8   101    49   131    43   269 0.75 [190263/466/1]
190263/396/1.f:KAAOMA_12335 -            628 GH13_37.hmm          -            320   3.1e-22   83.3   0.2   1   1   3.3e-24   1.9e-21   80.8   0.2     8   320   181   504   175   504 0.74 [190263/396/1]
190263/456/1.f:LKAJBD_04210 -            560 GH13_37.hmm          -            320   3.3e-22   83.2   1.2   1   1   3.9e-22   2.2e-19   74.0   1.2     8   100    49   130    43   263 0.76 [190263/456/1]
190263/384/1.f:CDKGIA_01545 -            446 GH13_37.hmm          -            320   3.4e-22   83.2   0.1   1   1   3.3e-24   1.9e-21   80.8   0.1    18   180    41   215    29   235 0.91 [190263/384/1]
190263/514/1.f:MMHOAN_03820 -            569 GH13_37.hmm          -            320   4.8e-22   82.7   0.0   1   1   7.8e-24   4.4e-21   79.5   0.0     8   320    27   358    22   358 0.76 [190263/514/1]
190263/541/1.f:IDEEIE_02835 -            559 GH13_37.hmm          -            320   4.8e-22   82.7   2.6   1   1   9.4e-22   5.3e-19   72.7   2.4     8   157    26   203    20   211 0.75 [190263/541/1]
190263/437/1.f:LBKKEJ_03770 -            787 GH13_37.hmm          -            320     5e-22   82.6   0.0   1   1   2.1e-24   1.2e-21   81.4   0.0     7   156   336   487   333   529 0.84 [190263/437/1]
190263/366/1.f:DBJPFP_13280 -            423 GH13_37.hmm          -            320   5.3e-22   82.6   0.0   1   1   1.4e-22     8e-20   75.4   0.0     8   185    21   200    17   209 0.80 [190263/366/1]
190263/400/1.f:EIBLKL_04930 -            512 GH13_37.hmm          -            320   5.5e-22   82.5   0.2   1   1   2.3e-19   1.3e-16   64.8   0.0     8    98    26   105    21   122 0.92 [190263/400/1]
190263/443/1.f:LNLACP_02900 -            616 GH13_37.hmm          -            320   5.6e-22   82.5   0.0   1   1   9.9e-24   5.6e-21   79.2   0.0     8   320   182   506   174   506 0.75 [190263/443/1]
190263/423/1.f:PDNKFB_07745 -            541 GH13_37.hmm          -            320   6.2e-22   82.3   0.1   1   1     2e-23   1.1e-20   78.2   0.1     8   320    31   362    25   362 0.78 [190263/423/1]
190263/527/1.f:HGADJN_09225 -            606 GH13_37.hmm          -            320   6.4e-22   82.3   1.5   1   1   1.8e-21     1e-18   71.8   1.4     8   160    45   230    40   235 0.74 [190263/527/1]
190263/439/1.f:KGLJGB_01210 -            673 GH13_37.hmm          -            320   6.4e-22   82.3  10.6   1   1   6.9e-20   3.9e-17   66.6   6.2     8   179   169   404   163   431 0.78 [190263/439/1]
190263/541/1.f:IDEEIE_03490 -            435 GH13_37.hmm          -            320   6.8e-22   82.2   0.5   1   1   1.6e-21   8.8e-19   72.0   0.3    15   174    35   205    29   213 0.84 [190263/541/1]
190263/478/1.f:BOCJFA_13060 -            705 GH13_37.hmm          -            320   7.1e-22   82.1   0.2   1   1   2.5e-20   1.4e-17   68.0   0.0     9   177   192   425   187   447 0.72 [190263/478/1]
190263/425/1.f:HPANHD_10050 -            607 GH13_37.hmm          -            320   8.4e-22   81.9   0.2   1   1   6.2e-24   3.5e-21   79.9   0.2     8   178   179   368   174   385 0.82 [190263/425/1]
190263/420/1.f:GMHOLO_03690 -            714 GH13_37.hmm          -            320   8.9e-22   81.8   0.7   1   1   7.6e-22   4.3e-19   73.0   0.1    17   168   190   363   177   407 0.80 [190263/420/1]
190263/455/1.f:GDGJDA_01855 -            680 GH13_37.hmm          -            320   9.4e-22   81.7   0.1   1   1   1.5e-21   8.6e-19   72.0   0.1     9   320   171   545   167   545 0.65 [190263/455/1]
190263/443/1.f:LNLACP_13505 -            440 GH13_37.hmm          -            320     1e-21   81.6   0.4   1   1   5.9e-23   3.3e-20   76.7   0.1    13   176    37   211    26   225 0.78 [190263/443/1]
190263/380/1.f:GDCFAC_00690 -            620 GH13_37.hmm          -            320     1e-21   81.6   0.0   1   1   1.3e-23   7.4e-21   78.8   0.0     9   320   175   499   171   499 0.77 [190263/380/1]
190263/429/1.f:OMPHBF_00070 -            645 GH13_37.hmm          -            320     1e-21   81.6   0.0   1   1   1.2e-23   6.9e-21   78.9   0.0     9   320   183   505   176   505 0.76 [190263/429/1]
190263/596/1.f:GDHELL_05465 -            511 GH13_37.hmm          -            320     1e-21   81.6   3.0   1   1   1.1e-18   6.4e-16   62.6   0.0     8    99    26   106    21   123 0.92 [190263/596/1]
190263/580/1.f:JCPJNN_09070 -            521 GH13_37.hmm          -            320     1e-21   81.6   0.9   1   1   2.2e-19   1.2e-16   64.9   0.1     8    97    26   104    20   113 0.93 [190263/580/1]
190263/375/1.f:CNGHJF_20490 -            687 GH13_37.hmm          -            320   1.2e-21   81.3   7.2   1   1   1.4e-20     8e-18   68.8   4.5     9   177   180   413   176   438 0.83 [190263/375/1]
190263/475/1.f:MCKEEP_01675 -            793 GH13_37.hmm          -            320   1.4e-21   81.1   1.2   1   1   1.4e-23     8e-21   78.7   1.2     7   164   348   507   343   650 0.81 [190263/475/1]
190263/478/1.f:BOCJFA_08205 -            581 GH13_37.hmm          -            320   1.5e-21   81.1   4.4   1   1   1.1e-22   6.2e-20   75.7   1.0    11   180    33   214    25   236 0.80 [190263/478/1]
190263/556/1.f:EMIPPF_12930 -            425 GH13_37.hmm          -            320   1.5e-21   81.1   0.1   1   1   3.1e-20   1.8e-17   67.7   0.0     7   179    22   196    19   212 0.78 [190263/556/1]
190263/447/1.f:OLODHC_03415 -            554 GH13_37.hmm          -            320   1.6e-21   80.9   4.5   1   1   6.7e-23   3.7e-20   76.5   1.8     8   320    27   367    19   367 0.67 [190263/447/1]
190263/363/1.f:CIHHOC_04065 -            700 GH13_37.hmm          -            320   1.9e-21   80.7   4.0   1   1   4.5e-20   2.5e-17   67.2   1.0     9   177   192   425   187   447 0.81 [190263/363/1]
190263/425/1.f:HPANHD_08465 -            599 GH13_37.hmm          -            320   1.9e-21   80.7   1.0   1   1   3.6e-23     2e-20   77.3   1.0     9   178   186   371   182   487 0.71 [190263/425/1]
190263/549/1.f:CNBDFB_11805 -            558 GH13_37.hmm          -            320   1.9e-21   80.7   2.1   1   1   1.6e-19   8.9e-17   65.4   1.0     8   102    27   117    21   209 0.68 [190263/549/1]
190263/573/1.f:LIDFCI_15620 -            783 GH13_37.hmm          -            320   1.9e-21   80.7   1.0   1   1   1.2e-23   6.5e-21   79.0   1.0     7   164   338   497   333   640 0.82 [190263/573/1]
190263/537/1.f:AHPNMI_00555 -            680 GH13_37.hmm          -            320   2.2e-21   80.5   4.5   1   1   4.2e-19   2.4e-16   64.0   1.0     9   177   171   406   166   430 0.76 [190263/537/1]
190263/363/1.f:CIHHOC_11415 -            558 GH13_37.hmm          -            320   2.2e-21   80.5   0.5   1   1   4.7e-21   2.6e-18   70.4   0.5     8   158    26   204    20   211 0.72 [190263/363/1]
190263/514/1.f:MMHOAN_14475 -            693 GH13_37.hmm          -            320   2.2e-21   80.5   2.3   1   1   2.9e-20   1.6e-17   67.8   2.3     7   320   169   545   166   545 0.54 [190263/514/1]
190263/502/1.f:NONHGB_03625 -            447 GH13_37.hmm          -            320   2.4e-21   80.4   0.7   1   1   6.6e-24   3.7e-21   79.8   0.7    10   237    57   296    52   318 0.72 [190263/502/1]
190263/461/1.f:DHPHOK_10120 -            441 GH13_37.hmm          -            320   2.4e-21   80.4   1.5   1   1   5.6e-22   3.1e-19   73.4   0.3    13   171    55   214    49   228 0.75 [190263/461/1]
190263/567/1.f:NOEGFN_16430 -            620 GH13_37.hmm          -            320   2.4e-21   80.4   0.0   1   1   2.7e-23   1.5e-20   77.8   0.0     8   320   185   509   179   509 0.73 [190263/567/1]
190263/512/1.f:JBCLGH_11560 -            688 GH13_37.hmm          -            320   2.6e-21   80.3   1.4   1   1     7e-20   3.9e-17   66.5   0.2     9   177   171   406   167   429 0.74 [190263/512/1]
190263/386/1.f:DBGIOG_17300 -            701 GH13_37.hmm          -            320   2.9e-21   80.1   0.0   1   1     2e-21   1.1e-18   71.6   0.0     9   157   191   360   185   372 0.78 [190263/386/1]
190263/595/1.f:HGDLEC_07220 -           1077 GH13_37.hmm          -            320   2.9e-21   80.1   0.9   1   1   6.4e-21   3.6e-18   70.0   0.0     7   106    74   165    69   210 0.88 [190263/595/1]
190263/405/1.f:EHKDKA_03925 -            447 GH13_37.hmm          -            320     3e-21   80.1   1.3   1   1   8.6e-24   4.8e-21   79.4   1.0    10   236    57   295    52   310 0.71 [190263/405/1]
190263/586/1.f:KBDCAC_01405 -            732 GH13_37.hmm          -            320   3.1e-21   80.0   4.9   1   1   1.2e-20   6.8e-18   69.1   4.9     9   320   178   550   174   550 0.58 [190263/586/1]
190263/527/1.f:HGADJN_03955 -            714 GH13_37.hmm          -            320   3.1e-21   80.0   0.9   1   1   2.2e-21   1.2e-18   71.5   0.2    17   168   190   363   177   407 0.80 [190263/527/1]
190263/409/1.f:AJJCMD_13305 -            517 GH13_37.hmm          -            320   3.2e-21   80.0   0.0   1   1   1.6e-22   9.2e-20   75.2   0.0    10   320    28   356    18   356 0.74 [190263/409/1]
190263/552/1.f:EMALNL_07955 -            758 GH13_37.hmm          -            320   3.5e-21   79.9   2.1   1   1   9.8e-24   5.5e-21   79.2   1.2     8   159   328   483   324   631 0.82 [190263/552/1]
190263/562/1.f:KJGNCK_02055 -            758 GH13_37.hmm          -            320   3.5e-21   79.9   2.1   1   1   9.8e-24   5.5e-21   79.2   1.2     8   159   328   483   324   631 0.82 [190263/562/1]
190263/596/1.f:GDHELL_06085 -            629 GH13_37.hmm          -            320   3.8e-21   79.7   0.1   1   1   4.1e-23   2.3e-20   77.2   0.1     8   320   190   513   185   513 0.79 [190263/596/1]
190263/584/1.f:DDCNLE_10135 -            626 GH13_37.hmm          -            320   4.1e-21   79.6   0.0   1   1   4.2e-23   2.3e-20   77.1   0.0     8   320   186   509   180   509 0.73 [190263/584/1]
190263/421/1.f:PBKEAC_02115 -            559 GH13_37.hmm          -            320   4.1e-21   79.6   0.1   1   1   5.7e-21   3.2e-18   70.1   0.2     8   101    49   131    43   258 0.73 [190263/421/1]
190263/458/1.f:AMPCAI_06050 -            434 GH13_37.hmm          -            320   4.3e-21   79.6   0.1   1   1   6.8e-21   3.8e-18   69.9   0.4    18   208    38   251    18   263 0.75 [190263/458/1]
190263/369/1.f:JCDIFE_20170 -            859 GH13_37.hmm          -            320   4.3e-21   79.6   0.5   1   1   1.4e-23     8e-21   78.7   0.5     7   158   433   584   430   629 0.81 [190263/369/1]
190263/474/1.f:AMDJJA_03625 -            703 GH13_37.hmm          -            320   4.6e-21   79.5   1.1   1   1   2.3e-21   1.3e-18   71.4   0.2    17   167   183   355   170   405 0.79 [190263/474/1]
190263/496/1.f:JJBAFO_01220 -            456 GH13_37.hmm          -            320   4.6e-21   79.5   0.0   1   1   5.7e-23   3.2e-20   76.7   0.0    18   320    43   334    25   334 0.76 [190263/496/1]
190263/532/1.f:BGDBBA_00800 -            701 GH13_37.hmm          -            320   4.8e-21   79.4   6.5   1   1   1.3e-18   7.3e-16   62.4   4.6     9   177   192   425   188   448 0.78 [190263/532/1]
190263/412/1.f:OOIBGL_10985 -            436 GH13_37.hmm          -            320   6.1e-21   79.1   4.3   1   1   7.9e-23   4.5e-20   76.2   2.3    13   176    33   207    25   229 0.81 [190263/412/1]
190263/421/1.f:PBKEAC_13760 -            423 GH13_37.hmm          -            320     7e-21   78.9   0.0   1   1     4e-21   2.3e-18   70.6   0.0     8   185    21   200    17   208 0.77 [190263/421/1]
190263/448/1.f:IBJDOL_08635 -            554 GH13_37.hmm          -            320   7.6e-21   78.7   1.3   1   1   1.7e-21   9.7e-19   71.8   1.3     8   320    27   368    21   368 0.70 [190263/448/1]
190263/474/1.f:AMDJJA_08535 -            815 GH13_37.hmm          -            320   8.4e-21   78.6   0.2   1   1   4.3e-22   2.4e-19   73.8   0.0    16   158   240   406   227   414 0.81 [190263/474/1]
190263/369/1.f:JCDIFE_20205 -            441 GH13_37.hmm          -            320   8.7e-21   78.6   1.4   1   1   1.6e-21   8.8e-19   72.0   0.3    13   173    55   216    49   232 0.75 [190263/369/1]
190263/520/1.f:GGDGDE_05590 -            557 GH13_37.hmm          -            320   9.1e-21   78.5   1.4   1   1   9.3e-21   5.2e-18   69.4   0.4     8   155    27   201    22   211 0.82 [190263/520/1]
190263/443/1.f:LNLACP_11920 -            522 GH13_37.hmm          -            320   9.9e-21   78.4   0.2   1   1   5.9e-19   3.3e-16   63.5   0.0     8    99    26   106    19   144 0.87 [190263/443/1]
190263/527/1.f:HGADJN_01680 -            815 GH13_37.hmm          -            320   1.1e-20   78.3   0.2   1   1     8e-22   4.5e-19   72.9   0.0    16   158   240   406   227   411 0.81 [190263/527/1]
190263/527/1.f:HGADJN_09155 -            602 GH13_37.hmm          -            320   1.2e-20   78.1   1.7   1   1   3.8e-20   2.1e-17   67.4   1.6     8   154    45   224    39   232 0.66 [190263/527/1]
190263/457/1.f:IIKDLL_06125 -            442 GH13_37.hmm          -            320   1.2e-20   78.1   1.8   1   1     3e-21   1.7e-18   71.0   1.8    11   176    37   213    29   324 0.82 [190263/457/1]
190263/390/1.f:OLPOLE_18085 -            605 GH13_37.hmm          -            320   1.3e-20   78.0   0.0   1   1   2.8e-22   1.6e-19   74.4   0.0     8   320   182   506   174   506 0.70 [190263/390/1]
190263/436/1.f:KEEIED_02150 -           1120 GH13_37.hmm          -            320   1.4e-20   77.9   0.0   1   1   1.3e-22   7.3e-20   75.5   0.0     9   320   197   504   193   504 0.79 [190263/436/1]
190263/446/1.f:LHJMMB_14315 -            427 GH13_37.hmm          -            320   1.4e-20   77.9   0.0   1   1   8.8e-21   4.9e-18   69.5   0.0     8   184    25   203    21   210 0.84 [190263/446/1]
190263/474/1.f:AMDJJA_09650 -            608 GH13_37.hmm          -            320   1.4e-20   77.8   0.9   1   1   2.5e-19   1.4e-16   64.7   1.0     8   102    45   139    40   232 0.70 [190263/474/1]
190263/478/1.f:BOCJFA_07705 -            558 GH13_37.hmm          -            320   1.8e-20   77.5   1.2   1   1   1.2e-18   6.8e-16   62.5   0.1     8   159    27   205    21   211 0.69 [190263/478/1]
190263/507/1.f:KPMKPI_14695 -            453 GH13_37.hmm          -            320     2e-20   77.3   0.3   1   1   5.6e-22   3.2e-19   73.4   0.2    18   180    40   214    32   225 0.82 [190263/507/1]
190263/578/1.f:HIHCLH_08785 -            436 GH13_37.hmm          -            320   2.1e-20   77.3   1.2   1   1   9.7e-21   5.5e-18   69.4   1.0    14   176    34   207    20   234 0.80 [190263/578/1]
190263/472/1.f:NMGHJI_04590 -            701 GH13_37.hmm          -            320   2.2e-20   77.3   4.9   1   1   8.6e-20   4.8e-17   66.2   1.8     9   177   192   426   188   448 0.82 [190263/472/1]
190263/383/1.f:KCEMEB_11095 -            641 GH13_37.hmm          -            320   2.2e-20   77.3   0.0   1   1     1e-21   5.8e-19   72.6   0.0     9   320   187   511   183   511 0.75 [190263/383/1]
190263/474/1.f:AMDJJA_02480 -            604 GH13_37.hmm          -            320   2.2e-20   77.3   1.2   1   1   2.8e-19   1.6e-16   64.6   1.0     8   104    45   136    40   234 0.71 [190263/474/1]
190263/578/1.f:HIHCLH_02510 -            433 GH13_37.hmm          -            320   2.2e-20   77.2   1.4   1   1   8.7e-22   4.9e-19   72.8   1.4     8   320    25   314    20   314 0.77 [190263/578/1]
190263/370/1.f:MFKGBO_26585 -            707 GH13_37.hmm          -            320   2.2e-20   77.2   2.2   1   1   4.3e-19   2.4e-16   63.9   1.0     9   177   179   414   175   436 0.80 [190263/370/1]
190263/434/1.f:NCAOKI_09055 -           1104 GH13_37.hmm          -            320   2.3e-20   77.2   0.0   1   1   1.3e-20   7.2e-18   69.0   0.0     9   319   195   517   191   518 0.72 [190263/434/1]
190263/512/1.f:JBCLGH_07570 -            562 GH13_37.hmm          -            320   2.5e-20   77.0   2.1   1   1   2.7e-21   1.5e-18   71.2   2.1     9   320    30   372    23   372 0.69 [190263/512/1]
190263/420/1.f:GMHOLO_01565 -            815 GH13_37.hmm          -            320   2.7e-20   76.9   0.3   1   1   1.2e-21   6.7e-19   72.4   0.0    16   158   240   406   227   411 0.81 [190263/420/1]
190263/461/1.f:DHPHOK_10125 -            859 GH13_37.hmm          -            320   2.9e-20   76.8   0.3   1   1   9.1e-23   5.1e-20   76.0   0.3     9   165   435   591   431   661 0.78 [190263/461/1]
190263/447/1.f:OLODHC_03105 -            539 GH13_37.hmm          -            320   2.9e-20   76.8   0.1   1   1   3.1e-18   1.7e-15   61.1   0.0     8    99    27   107    21   139 0.90 [190263/447/1]
190263/549/1.f:CNBDFB_03745 -            437 GH13_37.hmm          -            320   2.9e-20   76.8   0.4   1   1   5.9e-21   3.3e-18   70.1   0.1    11   173    31   204    27   213 0.82 [190263/549/1]
190263/488/1.f:DNPFAC_21035 -            952 GH13_37.hmm          -            320   3.5e-20   76.6   0.2   1   1     1e-22   5.8e-20   75.8   0.2     8   176   516   686   512   743 0.75 [190263/488/1]
190263/417/1.f:MHBJAE_19340 -            953 GH13_37.hmm          -            320   3.8e-20   76.5   0.1   1   1   1.1e-22   6.2e-20   75.8   0.1     8   196   517   709   513   751 0.73 [190263/417/1]
190263/578/1.f:HIHCLH_01010 -            702 GH13_37.hmm          -            320   3.8e-20   76.5   3.1   1   1   3.1e-19   1.7e-16   64.4   1.5     9   179   197   432   192   454 0.73 [190263/578/1]
190263/531/1.f:KJIPPC_09870 -            435 GH13_37.hmm          -            320   3.8e-20   76.4   3.7   1   1   1.6e-20   9.2e-18   68.6   3.7    18   176    38   207    30   318 0.80 [190263/531/1]
190263/490/1.f:OIBLLI_01470 -            436 GH13_37.hmm          -            320     4e-20   76.4   2.3   1   1     6e-21   3.4e-18   70.0   1.8    19   176    39   207    29   233 0.81 [190263/490/1]
190263/433/1.f:ADFNDI_13085 -            556 GH13_37.hmm          -            320     4e-20   76.4   0.6   1   1   2.2e-18   1.2e-15   61.6   0.1     8   161    27   207    21   211 0.74 [190263/433/1]
190263/409/1.f:AJJCMD_00615 -            565 GH13_37.hmm          -            320   4.2e-20   76.3   6.4   1   1   9.9e-22   5.6e-19   72.6   3.7     8   320    27   370    22   370 0.72 [190263/409/1]
190263/537/1.f:AHPNMI_04290 -            436 GH13_37.hmm          -            320   4.3e-20   76.3   0.2   1   1   2.1e-20   1.2e-17   68.3   0.5    20   175    40   206    23   213 0.80 [190263/537/1]
190263/386/1.f:DBGIOG_11970 -            701 GH13_37.hmm          -            320   4.4e-20   76.3   9.7   1   1   1.7e-18   9.4e-16   62.0   7.3     8   179   192   428   188   450 0.77 [190263/386/1]
190263/477/1.f:PCLDCI_13415 -            621 GH13_37.hmm          -            320   4.5e-20   76.2   0.0   1   1   1.5e-21   8.2e-19   72.1   0.0     8   320   183   506   177   506 0.72 [190263/477/1]
190263/531/1.f:KJIPPC_00425 -            689 GH13_37.hmm          -            320   4.7e-20   76.1   6.6   1   1   1.2e-18   6.5e-16   62.5   2.5     9   177   171   406   166   428 0.76 [190263/531/1]
190263/439/1.f:KGLJGB_08645 -            433 GH13_37.hmm          -            320   4.8e-20   76.1   3.1   1   1   3.5e-21     2e-18   70.8   3.1    13   178    33   208    25   318 0.83 [190263/439/1]
190263/425/1.f:HPANHD_02620 -            541 GH13_37.hmm          -            320   5.1e-20   76.0   0.0   1   1     7e-22   3.9e-19   73.1   0.0     8   320    27   358    21   358 0.75 [190263/425/1]
190263/487/1.f:MPKEFC_01960 -            707 GH13_37.hmm          -            320   5.2e-20   76.0  15.7   1   1   2.6e-17   1.5e-14   58.1  11.6     9   179   198   433   194   455 0.77 [190263/487/1]
190263/496/1.f:JJBAFO_05545 -            425 GH13_37.hmm          -            320   5.5e-20   75.9   0.0   1   1   5.5e-22   3.1e-19   73.5   0.0     8   180    25   203    20   314 0.84 [190263/496/1]
190263/420/1.f:GMHOLO_08275 -            607 GH13_37.hmm          -            320   5.7e-20   75.9   0.8   1   1   1.7e-19   9.8e-17   65.2   0.7     8   155    45   225    40   244 0.68 [190263/420/1]
190263/370/1.f:MFKGBO_01025 -            448 GH13_37.hmm          -            320   6.4e-20   75.7   0.1   1   1   7.2e-22     4e-19   73.1   0.0    19   180    42   215    31   236 0.91 [190263/370/1]
190263/478/1.f:BOCJFA_01370 -            559 GH13_37.hmm          -            320   6.4e-20   75.7   1.2   1   1   3.9e-21   2.2e-18   70.7   1.2     8   320    26   374    20   374 0.71 [190263/478/1]
190263/461/1.f:DHPHOK_18795 -            445 GH13_37.hmm          -            320   6.5e-20   75.7   0.3   1   1   1.8e-22     1e-19   75.1   0.3    12   179    59   227    53   292 0.86 [190263/461/1]
190263/580/1.f:JCPJNN_23320 -            440 GH13_37.hmm          -            320   6.7e-20   75.6   0.1   1   1   4.9e-21   2.8e-18   70.3   0.0    10   176    34   211    25   227 0.77 [190263/580/1]
190263/504/1.f:DOAHDM_08100 -            692 GH13_37.hmm          -            320   6.9e-20   75.6   3.5   1   1     9e-17   5.1e-14   56.3   0.4     8   100    79   159    74   206 0.84 [190263/504/1]
190263/401/1.f:DMFJNH_07595 -            692 GH13_37.hmm          -            320     7e-20   75.6   3.5   1   1     9e-17   5.1e-14   56.3   0.4     8   100    79   159    74   206 0.84 [190263/401/1]
190263/423/1.f:PDNKFB_09310 -            564 GH13_37.hmm          -            320     8e-20   75.4   7.1   1   1   1.3e-21   7.4e-19   72.2   7.1     8   320    95   415    90   415 0.76 [190263/423/1]
190263/447/1.f:OLODHC_15070 -            694 GH13_37.hmm          -            320   8.6e-20   75.3   5.3   1   1   1.7e-17   9.6e-15   58.7   1.1     9   178   185   421   181   445 0.72 [190263/447/1]
190263/580/1.f:JCPJNN_28235 -            543 GH13_37.hmm          -            320   9.2e-20   75.2   0.1   1   1   9.9e-21   5.5e-18   69.3   0.1     7   320    29   361    23   361 0.73 [190263/580/1]
190263/472/1.f:NMGHJI_04910 -            559 GH13_37.hmm          -            320   9.2e-20   75.2   3.0   1   1   2.3e-21   1.3e-18   71.4   1.9     8   320    27   374    21   374 0.77 [190263/472/1]
190263/565/1.f:PAEINE_06670 -           1098 GH13_37.hmm          -            320   9.9e-20   75.1   0.0   1   1   2.9e-21   1.6e-18   71.1   0.0     9   320   194   517   190   517 0.72 [190263/565/1]
190263/527/1.f:HGADJN_00335 -            625 GH13_37.hmm          -            320     1e-19   75.0   1.0   1   1   1.7e-17   9.6e-15   58.7   0.1     8    96    26   103    20   116 0.93 [190263/527/1]
190263/409/1.f:AJJCMD_29540 -            688 GH13_37.hmm          -            320   1.1e-19   74.9   7.0   1   1   1.1e-18     6e-16   62.7   3.9     9   178   181   415   177   439 0.78 [190263/409/1]
190263/520/1.f:GGDGDE_17165 -            734 GH13_37.hmm          -            320   1.2e-19   74.8   0.5   1   1   1.4e-18     8e-16   62.2   0.1     8   188   193   448   189   454 0.77 [190263/520/1]
190263/541/1.f:IDEEIE_16565 -            676 GH13_37.hmm          -            320   1.4e-19   74.6   6.2   1   1   3.2e-19   1.8e-16   64.4   1.3     9   178   171   404   166   428 0.78 [190263/541/1]
190263/546/1.f:GEHMID_08575 -            456 GH13_37.hmm          -            320   1.4e-19   74.6   2.1   1   1   3.4e-21   1.9e-18   70.9   1.6    16   179    39   214    29   231 0.80 [190263/546/1]
190263/363/1.f:CIHHOC_02445 -            551 GH13_37.hmm          -            320   1.5e-19   74.5   1.4   1   1   5.4e-21     3e-18   70.2   1.4     8   320    25   365    19   365 0.62 [190263/363/1]
190263/455/1.f:GDGJDA_15340 -            557 GH13_37.hmm          -            320   1.6e-19   74.4   1.3   1   1   6.1e-18   3.4e-15   60.2   0.1     8   160    27   206    21   211 0.73 [190263/455/1]
190263/363/1.f:CIHHOC_04800 -            542 GH13_37.hmm          -            320   1.6e-19   74.4   0.1   1   1   4.8e-21   2.7e-18   70.4   0.1     8   320    30   361    24   361 0.72 [190263/363/1]
190263/495/1.f:ANKNCD_06835 -            701 GH13_37.hmm          -            320   1.7e-19   74.3   2.4   1   1   3.4e-19   1.9e-16   64.3   1.0     9   188   194   448   190   453 0.76 [190263/495/1]
190263/405/1.f:EHKDKA_03360 -            859 GH13_37.hmm          -            320   1.9e-19   74.2   0.1   1   1   8.3e-22   4.7e-19   72.9   0.0     6   155   331   486   328   492 0.83 [190263/405/1]
190263/375/1.f:CNGHJF_00695 -            444 GH13_37.hmm          -            320   2.1e-19   74.0   0.2   1   1   8.9e-21     5e-18   69.5   0.0    16   180    39   215    29   233 0.86 [190263/375/1]
190263/495/1.f:ANKNCD_19165 -            436 GH13_37.hmm          -            320   2.4e-19   73.8   0.3   1   1   9.4e-20   5.3e-17   66.1   0.3    14   176    34   207    28   318 0.83 [190263/495/1]
190263/580/1.f:JCPJNN_12915 -            718 GH13_37.hmm          -            320   2.5e-19   73.8   0.0   1   1   2.7e-18   1.5e-15   61.3   0.0     8   178   191   426   187   450 0.79 [190263/580/1]
190263/560/1.f:OAGBLH_03685 -            533 GH13_37.hmm          -            320   2.5e-19   73.7   5.0   1   1   9.7e-22   5.5e-19   72.7   1.1     6   179    28   213    23   234 0.83 [190263/560/1]
190263/514/1.f:MMHOAN_12710 -            542 GH13_37.hmm          -            320   2.6e-19   73.7   0.1   1   1   1.6e-18   9.1e-16   62.1   0.0     8    99    31   111    25   160 0.88 [190263/514/1]
190263/584/1.f:DDCNLE_06665 -            431 GH13_37.hmm          -            320   2.8e-19   73.6   1.8   1   1   4.3e-19   2.4e-16   64.0   0.4    14   171    34   203    27   228 0.79 [190263/584/1]
190263/423/1.f:PDNKFB_07145 -            434 GH13_37.hmm          -            320   2.9e-19   73.6   0.5   1   1     7e-20   3.9e-17   66.6   0.4    14   176    34   208    28   240 0.77 [190263/423/1]
190263/495/1.f:ANKNCD_06875 -            582 GH13_37.hmm          -            320     3e-19   73.5   6.7   1   1   3.3e-21   1.9e-18   70.9   6.7     8   320    98   424    92   424 0.74 [190263/495/1]
190263/375/1.f:CNGHJF_04955 -            539 GH13_37.hmm          -            320     3e-19   73.5   0.0   1   1   1.6e-20   9.1e-18   68.6   0.0     8   320    27   358    21   358 0.75 [190263/375/1]
190263/472/1.f:NMGHJI_09485 -            582 GH13_37.hmm          -            320   3.4e-19   73.3   3.5   1   1   1.7e-20   9.7e-18   68.5   1.0    15   180    37   214    27   238 0.80 [190263/472/1]
190263/507/1.f:KPMKPI_12330 -            554 GH13_37.hmm          -            320   3.4e-19   73.3   3.5   1   1   1.4e-19   7.7e-17   65.6   1.5     8   156    27   202    21   210 0.74 [190263/507/1]
190263/540/1.f:BCGFLB_01175 -            585 GH13_37.hmm          -            320   3.6e-19   73.2   0.2   1   1   3.3e-17   1.8e-14   57.8   0.0     8    98    44   123    39   138 0.93 [190263/540/1]
190263/409/1.f:AJJCMD_08075 -            543 GH13_37.hmm          -            320     4e-19   73.1   0.1   1   1   4.1e-17   2.3e-14   57.4   0.0     8    99    33   113    28   142 0.91 [190263/409/1]
190263/421/1.f:PBKEAC_05060 -            445 GH13_37.hmm          -            320   4.1e-19   73.1   0.0   1   1   1.8e-19     1e-16   65.2   0.0     8   166    46   206    42   224 0.81 [190263/421/1]
190263/446/1.f:LHJMMB_09605 -            445 GH13_37.hmm          -            320   4.1e-19   73.1   0.0   1   1   1.8e-19     1e-16   65.2   0.0     8   166    46   206    42   224 0.81 [190263/446/1]
190263/580/1.f:JCPJNN_24345 -            560 GH13_37.hmm          -            320   4.4e-19   72.9   1.8   1   1   1.9e-18     1e-15   61.9   1.1     8   155    27   201    21   210 0.69 [190263/580/1]
190263/516/1.f:MGNFBC_04840 -            588 GH13_37.hmm          -            320   4.4e-19   72.9   0.2   1   1   1.6e-19   9.2e-17   65.3   0.2     8   320    42   387    37   387 0.75 [190263/516/1]
190263/527/1.f:HGADJN_08845 -            535 GH13_37.hmm          -            320   5.3e-19   72.7   0.3   1   1   5.9e-18   3.3e-15   60.2   0.0     8    98    34   113    28   116 0.93 [190263/527/1]
190263/452/1.f:PEIHBN_09925 -            552 GH13_37.hmm          -            320     6e-19   72.5   1.9   1   1     2e-19   1.1e-16   65.0   0.7     8   157    27   203    21   210 0.69 [190263/452/1]
190263/596/1.f:GDHELL_00025 -            558 GH13_37.hmm          -            320   6.6e-19   72.4   4.2   1   1   4.6e-20   2.6e-17   67.1   0.3    12   179    33   212    26   230 0.81 [190263/596/1]
190263/386/1.f:DBGIOG_09510 -            457 GH13_37.hmm          -            320   7.4e-19   72.2   2.1   1   1   3.5e-21     2e-18   70.8   0.3    18   180    41   215    31   229 0.81 [190263/386/1]
190263/375/1.f:CNGHJF_04595 -            557 GH13_37.hmm          -            320   7.4e-19   72.2   0.8   1   1   1.4e-20   7.8e-18   68.9   0.8     8   320    26   370    20   370 0.71 [190263/375/1]
190263/541/1.f:IDEEIE_03910 -            541 GH13_37.hmm          -            320   7.8e-19   72.1   0.3   1   1   3.1e-17   1.7e-14   57.9   0.0     8    98    29   108    23   138 0.90 [190263/541/1]
190263/549/1.f:CNBDFB_00790 -            682 GH13_37.hmm          -            320   7.9e-19   72.1   5.2   1   1   3.4e-17   1.9e-14   57.7   1.9     9   177   171   406   166   429 0.76 [190263/549/1]
190263/565/1.f:PAEINE_04520 -            577 GH13_37.hmm          -            320     8e-19   72.1   0.1   1   1   1.3e-19   7.3e-17   65.7   0.1     8   161    33   216    28   222 0.83 [190263/565/1]
190263/520/1.f:GGDGDE_16030 -            436 GH13_37.hmm          -            320     8e-19   72.1   1.4   1   1   1.6e-20   8.9e-18   68.7   0.4    14   176    34   207    27   224 0.77 [190263/520/1]
190263/576/1.f:FNMBCG_05375 -            618 GH13_37.hmm          -            320   8.2e-19   72.1   0.0   1   1   2.9e-20   1.6e-17   67.8   0.0     9   319   183   505   177   506 0.76 [190263/576/1]
190263/457/1.f:IIKDLL_01895 -            704 GH13_37.hmm          -            320   8.5e-19   72.0   7.5   1   1   1.3e-18   7.2e-16   62.4   7.5     9   320   197   569   193   569 0.69 [190263/457/1]
190263/382/1.f:JACGKO_00540 -            554 GH13_37.hmm          -            320   9.7e-19   71.8   0.0   1   1   1.3e-20   7.5e-18   68.9   0.0     8   100    28   109    23   209 0.88 [190263/382/1]
190263/556/1.f:EMIPPF_02180 -            445 GH13_37.hmm          -            320   9.8e-19   71.8   0.0   1   1   4.7e-19   2.7e-16   63.8   0.0     8   166    46   206    42   215 0.80 [190263/556/1]
190263/383/1.f:KCEMEB_04820 -            437 GH13_37.hmm          -            320   1.3e-18   71.4   3.0   1   1   5.9e-20   3.3e-17   66.8   0.5    14   170    32   199    23   216 0.79 [190263/383/1]
190263/513/1.f:MKNBNH_10810 -            530 GH13_37.hmm          -            320   1.3e-18   71.4   1.1   1   1   2.5e-17   1.4e-14   58.2   0.0     8   101    26   108    19   133 0.89 [190263/513/1]
190263/447/1.f:OLODHC_03420 -            676 GH13_37.hmm          -            320   1.4e-18   71.3   0.7   1   1     8e-20   4.5e-17   66.3   0.1    15   174    35   205    22   213 0.82 [190263/447/1]
190263/425/1.f:HPANHD_03290 -            554 GH13_37.hmm          -            320   1.4e-18   71.3   3.5   1   1   5.2e-20   2.9e-17   67.0   3.5     8   276    26   333    19   371 0.63 [190263/425/1]
190263/523/1.f:MDNHKG_08680 -            568 GH13_37.hmm          -            320   1.5e-18   71.2   0.1   1   1   7.4e-18   4.1e-15   59.9   0.1     8    99    37   117    31   225 0.81 [190263/523/1]
190263/452/1.f:PEIHBN_14170 -            683 GH13_37.hmm          -            320   1.5e-18   71.2  10.5   1   1   3.5e-17     2e-14   57.7   6.1     9   177   171   406   167   430 0.77 [190263/452/1]
190263/595/1.f:HGDLEC_06210 -            450 GH13_37.hmm          -            320   1.7e-18   71.0   0.6   1   1   5.9e-21   3.3e-18   70.1   0.4    10   173    48   213    44   252 0.78 [190263/595/1]
190263/375/1.f:CNGHJF_16955 -            552 GH13_37.hmm          -            320   1.8e-18   70.9   0.1   1   1     2e-19   1.1e-16   65.1   0.1     8   160    25   203    19   212 0.82 [190263/375/1]
190263/596/1.f:GDHELL_06780 -            751 GH13_37.hmm          -            320   2.2e-18   70.6   3.8   1   1   1.4e-18   7.6e-16   62.3   0.5     8   101   176   261   171   277 0.90 [190263/596/1]
190263/547/1.f:KJCAKO_00600 -            555 GH13_37.hmm          -            320   2.5e-18   70.5   2.0   1   1   4.1e-20   2.3e-17   67.3   2.0     8   222   151   394   147   437 0.77 [190263/547/1]
190263/474/1.f:AMDJJA_00520 -            628 GH13_37.hmm          -            320   2.6e-18   70.4   0.2   1   1   2.5e-17   1.4e-14   58.1   0.0     8    99    38   118    32   144 0.90 [190263/474/1]
190263/502/1.f:NONHGB_22065 -            944 GH13_37.hmm          -            320   3.2e-18   70.1   0.5   1   1   1.4e-20   7.7e-18   68.9   0.5    15   155   399   543   391   556 0.82 [190263/502/1]
190263/429/1.f:OMPHBF_14120 -            535 GH13_37.hmm          -            320   3.4e-18   70.0   0.9   1   1   1.1e-19   6.4e-17   65.9   0.1    14   179    37   214    28   235 0.80 [190263/429/1]
190263/370/1.f:MFKGBO_21105 -            550 GH13_37.hmm          -            320     4e-18   69.8   0.7   1   1   2.5e-18   1.4e-15   61.4   0.1     9    99    26   105    20   124 0.92 [190263/370/1]
190263/452/1.f:PEIHBN_02820 -            435 GH13_37.hmm          -            320   4.5e-18   69.6   0.2   1   1   6.2e-19   3.5e-16   63.4   0.2    14   176    34   207    29   214 0.80 [190263/452/1]
190263/383/1.f:KCEMEB_04450 -            525 GH13_37.hmm          -            320   4.5e-18   69.6   0.5   1   1     4e-18   2.2e-15   60.8   0.3     8   101    27   109    21   209 0.80 [190263/383/1]
190263/405/1.f:EHKDKA_23960 -            941 GH13_37.hmm          -            320   5.8e-18   69.3   0.7   1   1   2.7e-20   1.5e-17   67.9   0.7    15   155   395   539   387   548 0.78 [190263/405/1]
190263/546/1.f:GEHMID_00295 -            565 GH13_37.hmm          -            320   5.9e-18   69.3   2.0   1   1   2.1e-17   1.2e-14   58.4   0.7     8   154    27   200    21   207 0.73 [190263/546/1]
190263/379/1.f:LOJHAC_03790 -            588 GH13_37.hmm          -            320   6.5e-18   69.1   0.1   1   1   2.1e-18   1.2e-15   61.7   0.1     8   320    42   387    37   387 0.74 [190263/379/1]
190263/530/1.f:LBOGMJ_11355 -            566 GH13_37.hmm          -            320   6.8e-18   69.1   1.1   1   1   1.3e-19   7.3e-17   65.7   0.4     8   157    35   211    30   218 0.69 [190263/530/1]
190263/586/1.f:KBDCAC_04650 -            560 GH13_37.hmm          -            320   6.9e-18   69.0   0.7   1   1   6.6e-19   3.7e-16   63.3   0.7     8   320    25   363    20   363 0.73 [190263/586/1]
190263/433/1.f:ADFNDI_04915 -            563 GH13_37.hmm          -            320     7e-18   69.0   7.2   1   1   3.7e-20   2.1e-17   67.5   1.6    16   180    38   214    30   236 0.80 [190263/433/1]
190263/400/1.f:EIBLKL_01635 -            626 GH13_37.hmm          -            320   7.2e-18   69.0   0.1   1   1   2.2e-19   1.2e-16   64.9   0.1     8   320   181   505   176   505 0.73 [190263/400/1]
190263/502/1.f:NONHGB_03620 -            441 GH13_37.hmm          -            320   7.3e-18   69.0   0.1   1   1   2.1e-20   1.2e-17   68.3   0.1    12   176    55   219    51   244 0.76 [190263/502/1]
190263/384/1.f:CDKGIA_03450 -            548 GH13_37.hmm          -            320   7.9e-18   68.8   0.1   1   1   4.5e-19   2.5e-16   63.9   0.1     8    99    25   105    20   208 0.85 [190263/384/1]
190263/557/1.f:DOLMEB_09075 -            560 GH13_37.hmm          -            320   8.7e-18   68.7   1.6   1   1   2.9e-19   1.6e-16   64.5   1.6     8   320    29   372    23   372 0.68 [190263/557/1]
190263/567/1.f:NOEGFN_05575 -            550 GH13_37.hmm          -            320     9e-18   68.7   0.6   1   1   6.3e-19   3.6e-16   63.4   0.1    11   179    33   213    27   227 0.82 [190263/567/1]
190263/405/1.f:EHKDKA_03920 -            441 GH13_37.hmm          -            320     9e-18   68.6   0.1   1   1   2.6e-20   1.4e-17   68.0   0.1    12   175    55   218    51   242 0.76 [190263/405/1]
190263/382/1.f:JACGKO_02195 -            543 GH13_37.hmm          -            320   9.2e-18   68.6   0.2   1   1   8.2e-19   4.6e-16   63.0   0.2     9   160    25   202    19   361 0.58 [190263/382/1]
190263/474/1.f:AMDJJA_04205 -            431 GH13_37.hmm          -            320   1.2e-17   68.2   0.1   1   1   6.7e-16   3.8e-13   53.5   0.0    11   178    46   225    37   234 0.78 [190263/474/1]
190263/409/1.f:AJJCMD_25500 -            555 GH13_37.hmm          -            320   1.3e-17   68.1   1.0   1   1     5e-19   2.8e-16   63.7   0.5     7   153    24   196    20   208 0.69 [190263/409/1]
190263/384/1.f:CDKGIA_15920 -            590 GH13_37.hmm          -            320   1.6e-17   67.8   0.1   1   1   3.5e-18   1.9e-15   61.0   0.0     8   108    37   130    31   219 0.87 [190263/384/1]
190263/382/1.f:JACGKO_03265 -            561 GH13_37.hmm          -            320   1.7e-17   67.7   0.2   1   1   2.6e-16   1.5e-13   54.8   0.4     8   160    30   209    24   213 0.72 [190263/382/1]
190263/523/1.f:MDNHKG_06170 -            426 GH13_37.hmm          -            320   1.8e-17   67.7   0.0   1   1     1e-19   5.7e-17   66.0   0.0     8   179    23   196    18   209 0.81 [190263/523/1]
190263/468/1.f:DIOFOH_00365 -            527 GH13_37.hmm          -            320   1.8e-17   67.7   7.7   1   1   3.3e-20   1.9e-17   67.6   2.8    18   179    40   213    28   236 0.82 [190263/468/1]
190263/527/1.f:HGADJN_08895 -            586 GH13_37.hmm          -            320   1.8e-17   67.7   0.4   1   1   6.1e-19   3.4e-16   63.5   0.4     9   320    37   400    31   400 0.77 [190263/527/1]
190263/513/1.f:MKNBNH_11095 -            598 GH13_37.hmm          -            320   2.5e-17   67.2   4.8   1   1   1.2e-18   6.6e-16   62.5   1.8    17   180    39   214    25   234 0.77 [190263/513/1]
190263/409/1.f:AJJCMD_01560 -            444 GH13_37.hmm          -            320   2.8e-17   67.0   0.1   1   1     3e-19   1.7e-16   64.5   0.1    18   180    41   215    33   249 0.86 [190263/409/1]
190263/477/1.f:PCLDCI_13985 -            551 GH13_37.hmm          -            320     3e-17   66.9   0.7   1   1   1.9e-18   1.1e-15   61.8   0.7    20   179    43   214    26   320 0.85 [190263/477/1]
190263/584/1.f:DDCNLE_03830 -            556 GH13_37.hmm          -            320   3.1e-17   66.9   0.8   1   1   1.9e-17   1.1e-14   58.5   0.7     8   155    27   201    21   208 0.73 [190263/584/1]
190263/396/1.f:KAAOMA_13065 -            528 GH13_37.hmm          -            320   3.1e-17   66.9   2.5   1   1   2.3e-18   1.3e-15   61.6   0.5    11   178    34   213    27   228 0.79 [190263/396/1]
190263/580/1.f:JCPJNN_03710 -            629 GH13_37.hmm          -            320   3.2e-17   66.8   1.2   1   1   6.8e-18   3.8e-15   60.0   0.1     8    99   111   191   106   220 0.91 [190263/580/1]
190263/496/1.f:JJBAFO_04445 -           1096 GH13_37.hmm          -            320   3.4e-17   66.8   0.0   1   1   4.3e-19   2.4e-16   63.9   0.0     9   320   195   517   192   517 0.74 [190263/496/1]
190263/520/1.f:GGDGDE_20000 -            560 GH13_37.hmm          -            320   3.5e-17   66.7   3.5   1   1   1.5e-18   8.5e-16   62.2   3.5     8   320    28   374    23   374 0.71 [190263/520/1]
190263/474/1.f:AMDJJA_00490 -            604 GH13_37.hmm          -            320   3.9e-17   66.5   0.3   1   1     9e-19     5e-16   62.9   0.3     8   158    32   212    28   224 0.69 [190263/474/1]
190263/448/1.f:IBJDOL_10285 -            559 GH13_37.hmm          -            320   4.4e-17   66.4   3.3   1   1   7.1e-19     4e-16   63.2   3.3     8   320    25   365    20   365 0.73 [190263/448/1]
190263/576/1.f:FNMBCG_04310 -            452 GH13_37.hmm          -            320   5.5e-17   66.1   1.0   1   1   5.2e-18   2.9e-15   60.4   0.5    50   179    47   214    32   250 0.76 [190263/576/1]
190263/584/1.f:DDCNLE_03835 -            557 GH13_37.hmm          -            320   6.8e-17   65.8   0.1   1   1   3.7e-18   2.1e-15   60.9   0.0     8    98    27   106    22   134 0.94 [190263/584/1]
190263/580/1.f:JCPJNN_29355 -            566 GH13_37.hmm          -            320   6.8e-17   65.8   0.7   1   1   4.7e-19   2.6e-16   63.8   0.1     8   111    27   123    21   144 0.88 [190263/580/1]
190263/530/1.f:LBOGMJ_11835 -            672 GH13_37.hmm          -            320   7.5e-17   65.6   0.0   1   1   2.1e-17   1.2e-14   58.4   0.0     9   320   199   526   192   526 0.71 [190263/530/1]
190263/586/1.f:KBDCAC_00925 -            570 GH13_37.hmm          -            320   7.5e-17   65.6   0.6   1   1   2.4e-18   1.3e-15   61.5   0.6     8   223    26   276    21   367 0.57 [190263/586/1]
190263/455/1.f:GDGJDA_12270 -            434 GH13_37.hmm          -            320   7.6e-17   65.6   1.8   1   1   9.5e-18   5.3e-15   59.5   0.2    20   176    40   207    28   213 0.78 [190263/455/1]
190263/452/1.f:PEIHBN_10935 -            559 GH13_37.hmm          -            320   8.3e-17   65.5   2.4   1   1   8.4e-18   4.7e-15   59.7   2.4     8   320    28   371    22   371 0.64 [190263/452/1]
190263/420/1.f:GMHOLO_08475 -            583 GH13_37.hmm          -            320   8.5e-17   65.4   0.1   1   1   1.1e-16   6.2e-14   56.0   0.0     8    99    32   112    27   136 0.92 [190263/420/1]
190263/362/1.f:KJODLM_06390 -            150 GH13_37.hmm          -            320   9.3e-17   65.3   0.2   1   1   1.9e-19     1e-16   65.1   0.2    16   109     3   112     1   129 0.89 [190263/362/1]
190263/578/1.f:HIHCLH_07765 -            543 GH13_37.hmm          -            320   1.1e-16   65.1   4.0   1   1   2.2e-18   1.2e-15   61.7   4.0     8   320    70   390    64   390 0.73 [190263/578/1]
190263/390/1.f:OLPOLE_07045 -            435 GH13_37.hmm          -            320   1.3e-16   64.8   0.1   1   1   4.5e-18   2.6e-15   60.6   0.0    18   168    38   199    28   209 0.80 [190263/390/1]
190263/429/1.f:OMPHBF_12730 -            589 GH13_37.hmm          -            320   1.4e-16   64.8   0.8   1   1   7.8e-18   4.4e-15   59.8   0.4     8   102    51   141    45   235 0.72 [190263/429/1]
190263/472/1.f:NMGHJI_16290 -            552 GH13_37.hmm          -            320   1.4e-16   64.8   0.1   1   1   2.3e-18   1.3e-15   61.6   0.1     3   113    24   142    23   362 0.72 [190263/472/1]
190263/547/1.f:KJCAKO_04325 -            433 GH13_37.hmm          -            320   1.4e-16   64.7   2.0   1   1   8.3e-18   4.7e-15   59.7   0.9    26   171    46   202    27   205 0.78 [190263/547/1]
190263/487/1.f:MPKEFC_06950 -            441 GH13_37.hmm          -            320   2.1e-16   64.2   0.6   1   1   6.5e-18   3.7e-15   60.1   0.6    48   177    46   212    33   322 0.82 [190263/487/1]
190263/472/1.f:NMGHJI_04900 -            554 GH13_37.hmm          -            320   2.5e-16   63.9   0.0   1   1   1.4e-18   7.6e-16   62.3   0.0     8    99    27   107    20   132 0.89 [190263/472/1]
190263/365/1.f:JJMMAK_02655 -            672 GH13_37.hmm          -            320   2.7e-16   63.8   0.0   1   1   7.5e-19   4.2e-16   63.2   0.0    53   156   159   331    67   512 0.71 [190263/365/1]
190263/409/1.f:AJJCMD_26280 -            550 GH13_37.hmm          -            320     3e-16   63.7   0.0   1   1   3.7e-17   2.1e-14   57.6   0.0     8    98    27   106    21   143 0.91 [190263/409/1]
190263/390/1.f:OLPOLE_06095 -            631 GH13_37.hmm          -            320     3e-16   63.7   0.2   1   1   9.1e-17   5.1e-14   56.3   0.0     8    98   108   187   102   206 0.92 [190263/390/1]
190263/497/1.f:HENFFC_09025 -            669 GH13_37.hmm          -            320   3.1e-16   63.6   0.0   1   1   9.5e-19   5.3e-16   62.8   0.0    27   156    71   331    67   486 0.74 [190263/497/1]
190263/458/1.f:AMPCAI_01140 -            559 GH13_37.hmm          -            320   3.1e-16   63.6   3.0   1   1   1.9e-17     1e-14   58.6   3.0     8   320    28   373    22   373 0.67 [190263/458/1]
190263/512/1.f:JBCLGH_10695 -            448 GH13_37.hmm          -            320   3.1e-16   63.6   0.1   1   1   3.1e-17   1.7e-14   57.9   0.1    20   174    40   205    27   213 0.78 [190263/512/1]
190263/557/1.f:DOLMEB_10490 -            442 GH13_37.hmm          -            320   3.2e-16   63.6   0.4   1   1   1.3e-17   7.4e-15   59.1   0.0    36   174    56   205    30   213 0.76 [190263/557/1]
190263/384/1.f:CDKGIA_00625 -            570 GH13_37.hmm          -            320   3.6e-16   63.4   1.7   1   1   2.9e-17   1.6e-14   57.9   1.5     8   160    29   208    23   213 0.67 [190263/384/1]
190263/368/1.f:HPMDBE_03000 -            672 GH13_37.hmm          -            320   3.8e-16   63.3   0.2   1   1   1.4e-18   7.9e-16   62.3   0.2    26   155    70   330    67   343 0.75 [190263/368/1]
190263/583/1.f:BCCKNC_14215 -            670 GH13_37.hmm          -            320   3.9e-16   63.3   0.6   1   1   1.1e-18   6.1e-16   62.6   0.2    53   155   130   330    65   337 0.71 [190263/583/1]
190263/364/1.f:DKBBKL_13535 -            660 GH13_37.hmm          -            320   3.9e-16   63.3   0.4   1   1   9.3e-19   5.2e-16   62.9   0.4    53   155   208   327    67   359 0.80 [190263/364/1]
190263/552/1.f:EMALNL_18240 -            670 GH13_37.hmm          -            320   4.2e-16   63.2   0.4   1   1   1.3e-18   7.5e-16   62.3   0.4    53   155   206   331    75   345 0.78 [190263/552/1]
190263/562/1.f:KJGNCK_19710 -            670 GH13_37.hmm          -            320   4.5e-16   63.1   0.4   1   1   1.4e-18     8e-16   62.3   0.4    53   155   212   331    75   345 0.80 [190263/562/1]
190263/514/1.f:MMHOAN_01610 -            441 GH13_37.hmm          -            320   4.8e-16   63.0   0.9   1   1     5e-18   2.8e-15   60.5   0.2    51   172    58   203    34   209 0.81 [190263/514/1]
190263/437/1.f:LBKKEJ_13660 -            669 GH13_37.hmm          -            320   6.1e-16   62.6   0.3   1   1   1.8e-18     1e-15   61.9   0.3    53   155   168   330    68   338 0.71 [190263/437/1]
190263/573/1.f:LIDFCI_08220 -            670 GH13_37.hmm          -            320   6.7e-16   62.5   0.4   1   1   1.9e-18     1e-15   61.9   0.4    53   155   208   331    70   409 0.79 [190263/573/1]
190263/475/1.f:MCKEEP_18800 -            670 GH13_37.hmm          -            320   6.8e-16   62.5   0.4   1   1   1.9e-18     1e-15   61.9   0.4    53   155   208   331    70   409 0.79 [190263/475/1]
190263/546/1.f:GEHMID_11585 -            555 GH13_37.hmm          -            320   6.9e-16   62.5   0.0   1   1   6.7e-18   3.8e-15   60.0   0.0     8   102    27   117    20   144 0.84 [190263/546/1]
190263/379/1.f:LOJHAC_05890 -            672 GH13_37.hmm          -            320   7.4e-16   62.4   0.2   1   1   2.7e-18   1.5e-15   61.3   0.2    27   155    71   330    67   343 0.74 [190263/379/1]
190263/516/1.f:MGNFBC_09025 -            672 GH13_37.hmm          -            320   7.4e-16   62.4   0.2   1   1   2.7e-18   1.5e-15   61.3   0.2    27   155    71   330    67   343 0.74 [190263/516/1]
190263/522/1.f:NPJBCH_02890 -            689 GH13_37.hmm          -            320   9.8e-16   62.0   0.7   1   1   3.1e-18   1.7e-15   61.1   0.7    33   155   106   351    90   402 0.83 [190263/522/1]
190263/401/1.f:DMFJNH_19205 -            670 GH13_37.hmm          -            320   9.9e-16   61.9   0.3   1   1   3.2e-18   1.8e-15   61.1   0.3    53   155   195   331    69   339 0.76 [190263/401/1]
190263/504/1.f:DOAHDM_17820 -            670 GH13_37.hmm          -            320     1e-15   61.9   0.3   1   1   3.2e-18   1.8e-15   61.1   0.3    53   155   195   331    69   339 0.76 [190263/504/1]
190263/532/1.f:BGDBBA_08525 -            550 GH13_37.hmm          -            320     1e-15   61.9   2.6   1   1   8.5e-17   4.8e-14   56.4   1.2    20   179    41   212    24   235 0.78 [190263/532/1]
190263/456/1.f:LKAJBD_12020 -            669 GH13_37.hmm          -            320   1.1e-15   61.8   0.4   1   1   3.6e-18     2e-15   60.9   0.4    53   155   206   330    15   338 0.79 [190263/456/1]
190263/466/1.f:PGJOII_12210 -            669 GH13_37.hmm          -            320   1.2e-15   61.6   0.5   1   1   3.6e-18     2e-15   60.9   0.5    53   155   200   330    16   338 0.79 [190263/466/1]
190263/495/1.f:ANKNCD_08970 -            565 GH13_37.hmm          -            320   1.3e-15   61.6   0.7   1   1   1.7e-17   9.4e-15   58.7   0.3     8   102    27   114    22   209 0.76 [190263/495/1]
190263/507/1.f:KPMKPI_03005 -            556 GH13_37.hmm          -            320   1.3e-15   61.5   0.1   1   1     1e-17   5.7e-15   59.4   0.0     8    99    27   107    21   127 0.89 [190263/507/1]
190263/409/1.f:AJJCMD_20400 -            565 GH13_37.hmm          -            320   1.3e-15   61.5   0.1   1   1   1.9e-17   1.1e-14   58.6   0.1     8   101    27   109    20   143 0.87 [190263/409/1]
190263/532/1.f:BGDBBA_06200 -            558 GH13_37.hmm          -            320   1.6e-15   61.3   0.6   1   1     7e-18   3.9e-15   60.0   0.1     8   100    27   108    22   141 0.89 [190263/532/1]
190263/404/1.f:BGJBIG_13350 -            670 GH13_37.hmm          -            320   1.6e-15   61.2   0.3   1   1     5e-18   2.8e-15   60.4   0.3    53   155   215   331    73   347 0.80 [190263/404/1]
190263/585/1.f:DLBDDB_13475 -            670 GH13_37.hmm          -            320     2e-15   60.9   0.3   1   1   6.9e-18   3.9e-15   60.0   0.3    53   155   212   331    70   341 0.78 [190263/585/1]
190263/363/1.f:CIHHOC_14895 -            450 GH13_37.hmm          -            320   2.1e-15   60.9   3.7   1   1   6.4e-18   3.6e-15   60.1   0.9    18   180    41   215    36   245 0.82 [190263/363/1]
190263/434/1.f:NCAOKI_06450 -            529 GH13_37.hmm          -            320   2.1e-15   60.8   0.0   1   1   6.4e-17   3.6e-14   56.8   0.0    25   319    55   337    31   338 0.71 [190263/434/1]
190263/391/1.f:NONBJF_18990 -            675 GH13_37.hmm          -            320   2.5e-15   60.6   0.4   1   1   6.8e-18   3.8e-15   60.0   0.4    53   155   203   335    16   344 0.78 [190263/391/1]
190263/534/1.f:OHCFJE_17985 -            675 GH13_37.hmm          -            320   2.5e-15   60.6   0.4   1   1   6.8e-18   3.8e-15   60.0   0.4    53   155   203   335    16   344 0.78 [190263/534/1]
190263/545/1.f:NCJBIN_19455 -            675 GH13_37.hmm          -            320   2.5e-15   60.6   0.4   1   1   6.8e-18   3.8e-15   60.0   0.4    53   155   203   335    16   344 0.78 [190263/545/1]
190263/388/1.f:FDDJJK_17140 -            675 GH13_37.hmm          -            320   2.6e-15   60.6   0.3   1   1   7.1e-18     4e-15   59.9   0.3    53   155   207   335    16   343 0.78 [190263/388/1]
190263/375/1.f:CNGHJF_04990 -            554 GH13_37.hmm          -            320   2.6e-15   60.6   0.0   1   1     3e-17   1.7e-14   57.9   0.0     8   109    27   121    22   139 0.87 [190263/375/1]
190263/362/1.f:KJODLM_08335 -            159 GH13_37.hmm          -            320   2.9e-15   60.4   0.1   1   1   5.5e-18   3.1e-15   60.3   0.1    89   180     1   117     1   148 0.80 [190263/362/1]
190263/417/1.f:MHBJAE_14810 -            670 GH13_37.hmm          -            320   3.6e-15   60.1   0.7   1   1   1.2e-17   6.5e-15   59.3   0.2    53   155   207   331    86   339 0.77 [190263/417/1]
190263/460/1.f:IHFGKI_05370 -            699 GH13_37.hmm          -            320   3.7e-15   60.1   1.4   1   1   7.5e-18   4.2e-15   59.9   0.4    27   155   102   361    98   372 0.78 [190263/460/1]
190263/423/1.f:PDNKFB_11910 -            541 GH13_37.hmm          -            320   4.6e-15   59.8   1.0   1   1   2.1e-16   1.2e-13   55.1   1.0     8   286    27   338    22   365 0.57 [190263/423/1]
190263/513/1.f:MKNBNH_02055 -            565 GH13_37.hmm          -            320   4.7e-15   59.7   0.0   1   1   2.4e-16   1.4e-13   54.9   0.0     8    99    27   107    21   121 0.92 [190263/513/1]
190263/488/1.f:DNPFAC_16585 -            670 GH13_37.hmm          -            320   5.9e-15   59.4   0.6   1   1     2e-17   1.1e-14   58.5   0.2    53   155   135   331    74   339 0.70 [190263/488/1]
190263/520/1.f:GGDGDE_10805 -            560 GH13_37.hmm          -            320   6.5e-15   59.3   0.2   1   1   6.8e-17   3.8e-14   56.7   0.1     8   100    27   108    22   209 0.89 [190263/520/1]
190263/369/1.f:JCDIFE_14845 -            669 GH13_37.hmm          -            320   8.2e-15   58.9   0.3   1   1   2.4e-17   1.3e-14   58.2   0.3    53   155   211   330    12   338 0.80 [190263/369/1]
190263/461/1.f:DHPHOK_14875 -            669 GH13_37.hmm          -            320   8.4e-15   58.9   0.3   1   1   2.4e-17   1.3e-14   58.2   0.3    53   155   211   330    12   338 0.79 [190263/461/1]
190263/564/1.f:KIHMBJ_00050 -            680 GH13_37.hmm          -            320   8.9e-15   58.8   0.7   1   1   2.5e-17   1.4e-14   58.2   0.7    50   155   218   340   158   373 0.84 [190263/564/1]
190263/523/1.f:MDNHKG_05785 -            674 GH13_37.hmm          -            320   9.4e-15   58.7   1.0   1   1   2.8e-17   1.6e-14   58.0   1.0    53   155   154   338   119   353 0.72 [190263/523/1]
190263/478/1.f:BOCJFA_10845 -            558 GH13_37.hmm          -            320   1.1e-14   58.5   0.0   1   1   1.1e-16     6e-14   56.1   0.0     8    99    27   107    21   127 0.89 [190263/478/1]
190263/502/1.f:NONHGB_17590 -            669 GH13_37.hmm          -            320   1.3e-14   58.3   0.2   1   1     4e-17   2.2e-14   57.5   0.2    53   155   211   330    83   339 0.81 [190263/502/1]
190263/405/1.f:EHKDKA_19230 -            669 GH13_37.hmm          -            320   1.3e-14   58.3   0.2   1   1   4.1e-17   2.3e-14   57.5   0.2    53   155   211   330    88   339 0.81 [190263/405/1]
190263/433/1.f:ADFNDI_16145 -            628 GH13_37.hmm          -            320   1.3e-14   58.2   0.0   1   1     1e-16   5.9e-14   56.1   0.0    53   320   185   483   132   483 0.71 [190263/433/1]
190263/399/1.f:CDLIDF_11765 -            670 GH13_37.hmm          -            320   1.8e-14   57.8   0.2   1   1   5.1e-17   2.9e-14   57.1   0.2    53   155   189   330    79   337 0.77 [190263/399/1]
190263/490/1.f:OIBLLI_11235 -           1390 GH13_37.hmm          -            320   2.2e-14   57.5   0.4   1   1   8.5e-17   4.8e-14   56.4   0.4    15   162   249   399   239   441 0.74 [190263/490/1]
190263/439/1.f:KGLJGB_07065 -            557 GH13_37.hmm          -            320   2.5e-14   57.4   0.1   1   1   1.5e-16   8.7e-14   55.6   0.0     8   101    27   109    22   142 0.88 [190263/439/1]
190263/530/1.f:LBOGMJ_04540 -            654 GH13_37.hmm          -            320   2.9e-14   57.1   0.2   1   1   9.4e-17   5.3e-14   56.3   0.2    53   155   210   329   108   348 0.84 [190263/530/1]
190263/531/1.f:KJIPPC_09425 -            557 GH13_37.hmm          -            320   3.3e-14   56.9   0.2   1   1   1.6e-16   8.8e-14   55.5   0.0     8   111    27   123    22   208 0.89 [190263/531/1]
190263/540/1.f:BCGFLB_00575 -            678 GH13_37.hmm          -            320   6.3e-14   56.0   0.2   1   1   2.2e-16   1.2e-13   55.1   0.2    54   155   230   339   154   348 0.82 [190263/540/1]
190263/458/1.f:AMPCAI_01310 -            591 GH13_37.hmm          -            320   7.1e-14   55.8   0.4   1   1     2e-16   1.1e-13   55.2   0.4    54   158   187   297    95   316 0.82 [190263/458/1]
190263/366/1.f:DBJPFP_12805 -            678 GH13_37.hmm          -            320     1e-13   55.3   1.5   1   1   2.9e-16   1.6e-13   54.7   0.8    53   155   215   339   125   349 0.77 [190263/366/1]
190263/421/1.f:PBKEAC_13085 -            678 GH13_37.hmm          -            320   1.3e-13   55.0   1.5   1   1   4.7e-16   2.7e-13   54.0   1.0    53   155   209   339   124   349 0.76 [190263/421/1]
190263/568/1.f:ABMLLK_04005 -            657 GH13_37.hmm          -            320   1.3e-13   54.9   0.4   1   1   8.9e-16     5e-13   53.1   0.3    12   155   129   269   115   277 0.80 [190263/568/1]
190263/526/1.f:GBBCGM_01460 -            668 GH13_37.hmm          -            320   1.3e-13   54.9   0.4   1   1   4.4e-16   2.5e-13   54.1   0.4    54   154   219   327   124   335 0.81 [190263/526/1]
190263/422/1.f:HJBCNJ_14695 -            443 GH13_37.hmm          -            320   2.4e-13   54.1   0.0   1   1   9.2e-16   5.2e-13   53.0   0.0     9    96   175   250   170   275 0.90 [190263/422/1]
190263/413/1.f:NMLDCG_10435 -            640 GH13_37.hmm          -            320   2.5e-13   54.0   0.6   1   1   4.5e-16   2.5e-13   54.0   0.6    19   155   172   305   155   314 0.79 [190263/413/1]
190263/506/1.f:IKGMED_09040 -            668 GH13_37.hmm          -            320   2.8e-13   53.9   0.2   1   1   7.9e-16   4.4e-13   53.2   0.2    53   154   215   324   126   330 0.82 [190263/506/1]
#
# Program:         hmmsearch
# Version:         3.3.2 (Nov 2020)
# Pipeline mode:   SEARCH
# Query file:      /kb/module/work/tmp/output.1725388484971/GH13_37/GH13_37.hmm
# Target file:     /kb/module/work/tmp/output.1725388484971/hCom2_RAST.fasta
# Option settings: /kb/module/hmmer/bin/hmmsearch --domtblout /kb/module/work/tmp/output.1725388484971/GH13_37/GH13_37-hCom2_RAST.hitout.txt --noali --notextw --domE 1e-15 /kb/module/work/tmp/output.1725388484971/GH13_37/GH13_37.hmm /kb/module/work/tmp/output.1725388484971/hCom2_RAST.fasta 
# Current dir:     /kb/module/work/tmp/output.1725388484971
# Date:            Tue Sep  3 18:49:31 2024
# [ok]
