#                                                                                   --- full sequence --- -------------- this domain -------------   hmm coord   ali coord   env coord
# target name               accession   tlen query name           accession   qlen   E-value  score  bias   #  of  c-Evalue  i-Evalue  score  bias  from    to  from    to  from    to  acc description of target
#       ------------------- ---------- ----- -------------------- ---------- ----- --------- ------ ----- --- --- --------- --------- ------ ----- ----- ----- ----- ----- ----- ----- ---- ---------------------
190263/522/1.f:NPJBCH_12475 -            600 GH13_6.hmm           -            289   5.3e-52  181.5   4.6   1   1   1.8e-54   1.1e-51  180.5   4.6     9   289    59   336    54   336 0.91 [190263/522/1]
190263/460/1.f:IHFGKI_10990 -            675 GH13_6.hmm           -            289   6.3e-48  168.2   4.6   1   1   2.5e-50   1.5e-47  166.9   4.6     9   289    61   346    56   346 0.80 [190263/460/1]
190263/595/1.f:HGDLEC_06270 -            661 GH13_6.hmm           -            289     7e-47  164.7   7.9   1   1   2.1e-49   1.2e-46  163.9   7.9     9   289    58   339    52   339 0.84 [190263/595/1]
190263/596/1.f:GDHELL_06435 -           1356 GH13_6.hmm           -            289   4.8e-35  125.9   4.3   1   1   2.9e-37   1.8e-34  124.0   4.3     2   289   119   473   118   473 0.87 [190263/596/1]
190263/522/1.f:NPJBCH_12270 -            490 GH13_6.hmm           -            289     3e-33  120.0   0.7   1   1   1.5e-35   9.3e-33  118.4   0.7     3   289    29   364    27   364 0.76 [190263/522/1]
190263/399/1.f:CDLIDF_07515 -            617 GH13_6.hmm           -            289   8.9e-30  108.6   6.0   1   1   2.3e-32   1.4e-29  107.9   6.0     2   289   175   474   174   474 0.78 [190263/399/1]
190263/368/1.f:HPMDBE_05470 -            480 GH13_6.hmm           -            289   1.2e-29  108.2   3.1   1   1     4e-32   2.4e-29  107.2   3.1     3   289    30   363    28   363 0.75 [190263/368/1]
190263/406/1.f:DKNBGD_16975 -            489 GH13_6.hmm           -            289   1.3e-29  108.1   0.9   1   1   4.1e-32   2.5e-29  107.1   0.9     5   289    32   362    28   362 0.78 [190263/406/1]
190263/379/1.f:LOJHAC_03785 -            480 GH13_6.hmm           -            289   1.7e-29  107.7   3.2   1   1   5.7e-32   3.5e-29  106.7   3.2     3   289    30   363    28   363 0.75 [190263/379/1]
190263/516/1.f:MGNFBC_04845 -            482 GH13_6.hmm           -            289   1.7e-29  107.7   3.2   1   1   5.8e-32   3.5e-29  106.6   3.2     3   289    30   363    28   363 0.75 [190263/516/1]
190263/391/1.f:NONBJF_08175 -            616 GH13_6.hmm           -            289     3e-29  106.8   5.7   1   1   8.3e-32     5e-29  106.1   5.7     2   289   174   473   173   473 0.86 [190263/391/1]
190263/534/1.f:OHCFJE_04790 -            616 GH13_6.hmm           -            289     3e-29  106.8   5.7   1   1   8.3e-32     5e-29  106.1   5.7     2   289   174   473   173   473 0.86 [190263/534/1]
190263/545/1.f:NCJBIN_08290 -            616 GH13_6.hmm           -            289     3e-29  106.8   5.7   1   1   8.3e-32     5e-29  106.1   5.7     2   289   174   473   173   473 0.86 [190263/545/1]
190263/388/1.f:FDDJJK_07165 -            616 GH13_6.hmm           -            289   3.3e-29  106.7   5.7   1   1   8.3e-32     5e-29  106.1   5.7     2   289   174   473   173   473 0.86 [190263/388/1]
190263/562/1.f:KJGNCK_02025 -            684 GH13_6.hmm           -            289   1.9e-28  104.2   5.3   1   1   4.8e-31   2.9e-28  103.6   5.3     2   289   242   541   241   541 0.83 [190263/562/1]
190263/552/1.f:EMALNL_07985 -            684 GH13_6.hmm           -            289   1.9e-28  104.2   5.3   1   1   4.8e-31   2.9e-28  103.6   5.3     2   289   242   541   241   541 0.83 [190263/552/1]
190263/401/1.f:DMFJNH_07625 -            617 GH13_6.hmm           -            289   2.2e-28  104.0   5.2   1   1   5.6e-31   3.4e-28  103.4   5.2     2   289   175   474   174   474 0.82 [190263/401/1]
190263/504/1.f:DOAHDM_08130 -            617 GH13_6.hmm           -            289   2.2e-28  104.0   5.2   1   1   5.6e-31   3.4e-28  103.4   5.2     2   289   175   474   174   474 0.82 [190263/504/1]
190263/573/1.f:LIDFCI_15590 -            617 GH13_6.hmm           -            289   3.6e-28  103.3   7.1   1   1   9.8e-31   5.9e-28  102.6   7.1     2   289   175   474   174   474 0.82 [190263/573/1]
190263/475/1.f:MCKEEP_01645 -            617 GH13_6.hmm           -            289     4e-28  103.2   6.6   1   1   1.1e-30   6.7e-28  102.4   6.6     2   289   175   474   174   474 0.82 [190263/475/1]
190263/437/1.f:LBKKEJ_03795 -            617 GH13_6.hmm           -            289   4.3e-28  103.1   6.7   1   1   9.9e-31     6e-28  102.6   6.7     2   289   175   474   174   474 0.82 [190263/437/1]
190263/516/1.f:MGNFBC_18275 -            615 GH13_6.hmm           -            289   1.6e-27  101.2   4.4   1   1   5.1e-30   3.1e-27  100.3   4.4     2   289   172   471   171   471 0.75 [190263/516/1]
190263/368/1.f:HPMDBE_20180 -            615 GH13_6.hmm           -            289     2e-27  100.9   4.4   1   1   6.1e-30   3.7e-27  100.0   4.4     2   289   172   471   171   471 0.75 [190263/368/1]
190263/379/1.f:LOJHAC_21325 -            615 GH13_6.hmm           -            289     2e-27  100.9   4.4   1   1   6.1e-30   3.7e-27  100.0   4.4     2   289   172   471   171   471 0.75 [190263/379/1]
190263/504/1.f:DOAHDM_13260 -            481 GH13_6.hmm           -            289   2.6e-27  100.5   1.9   1   1   1.1e-29   6.9e-27   99.1   1.9     4   289    31   363    29   363 0.79 [190263/504/1]
190263/417/1.f:MHBJAE_18870 -            481 GH13_6.hmm           -            289   3.8e-27  100.0   2.5   1   1   1.5e-29   9.1e-27   98.7   2.5     3   289    30   363    28   363 0.80 [190263/417/1]
190263/540/1.f:BCGFLB_10110 -            481 GH13_6.hmm           -            289   3.9e-27   99.9   1.1   1   1   1.6e-29   9.4e-27   98.7   1.1     3   289    30   364    28   364 0.81 [190263/540/1]
190263/401/1.f:DMFJNH_14170 -            481 GH13_6.hmm           -            289   4.5e-27   99.7   1.9   1   1     2e-29   1.2e-26   98.3   1.9     4   289    31   363    29   363 0.79 [190263/401/1]
190263/468/1.f:DIOFOH_10185 -            489 GH13_6.hmm           -            289   5.8e-27   99.4   4.4   1   1   1.7e-29   9.9e-27   98.6   4.4     2   289    30   363    29   363 0.79 [190263/468/1]
190263/423/1.f:PDNKFB_06835 -           1368 GH13_6.hmm           -            289   1.7e-26   97.8   1.9   1   1   8.2e-29     5e-26   96.3   1.9     2   176   851  1035   850  1059 0.84 [190263/423/1]
190263/379/1.f:LOJHAC_16730 -            613 GH13_6.hmm           -            289   2.3e-26   97.4   2.6   1   1   5.6e-29   3.4e-26   96.8   2.6     2   289   168   467   167   467 0.79 [190263/379/1]
190263/516/1.f:MGNFBC_14175 -            613 GH13_6.hmm           -            289   2.3e-26   97.4   2.6   1   1   5.6e-29   3.4e-26   96.8   2.6     2   289   168   467   167   467 0.79 [190263/516/1]
190263/368/1.f:HPMDBE_16265 -            613 GH13_6.hmm           -            289   2.4e-26   97.3   2.9   1   1     6e-29   3.6e-26   96.8   2.9     2   289   168   467   167   467 0.79 [190263/368/1]
190263/502/1.f:NONHGB_12240 -            481 GH13_6.hmm           -            289   4.1e-26   96.6   2.5   1   1   1.5e-28   9.1e-26   95.4   2.5     3   269    30   340    28   363 0.77 [190263/502/1]
190263/556/1.f:EMIPPF_05095 -            476 GH13_6.hmm           -            289   5.5e-26   96.1   2.3   1   1   1.5e-28   9.1e-26   95.4   2.3     3   289    24   357    22   357 0.82 [190263/556/1]
190263/526/1.f:GBBCGM_01405 -            476 GH13_6.hmm           -            289   5.6e-26   96.1   4.8   1   1   1.9e-28   1.1e-25   95.1   4.8     3   289    25   358    23   358 0.77 [190263/526/1]
190263/488/1.f:DNPFAC_20230 -            481 GH13_6.hmm           -            289     6e-26   96.0   1.9   1   1   2.3e-28   1.4e-25   94.8   1.9     3   289    30   363    28   363 0.78 [190263/488/1]
190263/446/1.f:LHJMMB_08785 -            474 GH13_6.hmm           -            289   7.3e-26   95.8   1.4   1   1     2e-28   1.2e-25   95.0   1.4     3   289    24   357    22   357 0.82 [190263/446/1]
190263/362/1.f:KJODLM_08930 -            483 GH13_6.hmm           -            289   2.7e-25   93.9   4.6   1   1   1.1e-27   6.9e-25   92.5   4.6     3   289    30   365    28   365 0.69 [190263/362/1]
190263/458/1.f:AMPCAI_09980 -            465 GH13_6.hmm           -            289     3e-25   93.7   5.4   1   1   1.2e-27   7.3e-25   92.5   5.4     3   289    30   360    28   360 0.78 [190263/458/1]
190263/368/1.f:HPMDBE_16250 -            612 GH13_6.hmm           -            289   6.7e-24   89.3   3.0   1   1   2.9e-26   1.8e-23   87.9   3.0     3   289   174   465   172   465 0.74 [190263/368/1]
190263/379/1.f:LOJHAC_16715 -            612 GH13_6.hmm           -            289   6.7e-24   89.3   3.0   1   1   2.9e-26   1.8e-23   87.9   3.0     3   289   174   465   172   465 0.74 [190263/379/1]
190263/516/1.f:MGNFBC_14160 -            612 GH13_6.hmm           -            289   6.7e-24   89.3   3.0   1   1   2.9e-26   1.8e-23   87.9   3.0     3   289   174   465   172   465 0.74 [190263/516/1]
190263/595/1.f:HGDLEC_06160 -            640 GH13_6.hmm           -            289   7.3e-24   89.2   3.0   1   1   4.8e-26   2.9e-23   87.2   3.0     2   289   172   496   171   496 0.74 [190263/595/1]
190263/556/1.f:EMIPPF_02185 -            625 GH13_6.hmm           -            289   8.7e-24   88.9   0.3   1   1   7.3e-26   4.4e-23   86.6   0.1     2   289   180   477   179   477 0.81 [190263/556/1]
190263/421/1.f:PBKEAC_05065 -            625 GH13_6.hmm           -            289   9.4e-24   88.8   0.3   1   1     8e-26   4.8e-23   86.5   0.1     2   289   180   477   179   477 0.81 [190263/421/1]
190263/446/1.f:LHJMMB_09600 -            625 GH13_6.hmm           -            289   9.4e-24   88.8   0.3   1   1     8e-26   4.8e-23   86.5   0.1     2   289   180   477   179   477 0.81 [190263/446/1]
190263/522/1.f:NPJBCH_12425 -            639 GH13_6.hmm           -            289   1.2e-23   88.5   6.0   1   1   6.2e-26   3.8e-23   86.9   4.7     2   289   172   495   171   495 0.72 [190263/522/1]
190263/506/1.f:IKGMED_09345 -            526 GH13_6.hmm           -            289   1.9e-23   87.8   4.8   1   1   6.7e-26     4e-23   86.8   4.8     2   289    63   397    62   397 0.73 [190263/506/1]
190263/417/1.f:MHBJAE_19300 -            616 GH13_6.hmm           -            289   2.4e-23   87.5  10.2   1   1     7e-26   4.2e-23   86.7  10.2     2   287   173   470   172   472 0.74 [190263/417/1]
190263/474/1.f:AMDJJA_00550 -           1708 GH13_6.hmm           -            289     4e-23   86.8   9.6   1   1   1.6e-19   9.8e-17   65.8   1.3     8   289    77   361    73   361 0.74 [190263/474/1]
190263/423/1.f:PDNKFB_13510 -            572 GH13_6.hmm           -            289   4.5e-23   86.6   1.8   1   1   7.8e-22   4.7e-19   73.4   0.7     2   179   180   360   179   385 0.83 [190263/423/1]
190263/495/1.f:ANKNCD_08725 -           1674 GH13_6.hmm           -            289   4.8e-23   86.5   7.7   1   1   7.9e-26   4.8e-23   86.5   7.7     2   278   973  1242   972  1250 0.71 [190263/495/1]
190263/583/1.f:BCCKNC_06565 -            624 GH13_6.hmm           -            289   1.2e-22   85.2   0.2   1   1   2.9e-25   1.7e-22   84.7   0.2     2   289   173   472   172   472 0.78 [190263/583/1]
190263/532/1.f:BGDBBA_11880 -            488 GH13_6.hmm           -            289   1.3e-22   85.1   2.4   1   1   4.6e-25   2.8e-22   84.0   2.4     3   289    31   366    29   366 0.72 [190263/532/1]
190263/472/1.f:NMGHJI_18160 -            584 GH13_6.hmm           -            289   1.6e-22   84.8   1.2   1   1   7.4e-25   4.5e-22   83.3   1.2     2   289   190   466   189   466 0.78 [190263/472/1]
190263/405/1.f:EHKDKA_03425 -            619 GH13_6.hmm           -            289   2.1e-22   84.4   0.7   1   1   5.6e-25   3.4e-22   83.7   0.7     2   289   173   470   172   470 0.79 [190263/405/1]
190263/520/1.f:GGDGDE_20340 -            572 GH13_6.hmm           -            289   2.2e-22   84.3   2.4   1   1   7.7e-21   4.6e-18   70.1   1.6     3   179   181   360   179   384 0.81 [190263/520/1]
190263/488/1.f:DNPFAC_20990 -            616 GH13_6.hmm           -            289   2.6e-22   84.1  10.3   1   1   8.3e-25     5e-22   83.2  10.3     2   287   173   470   172   472 0.73 [190263/488/1]
190263/363/1.f:CIHHOC_04795 -            585 GH13_6.hmm           -            289   6.1e-22   82.9   0.7   1   1   2.9e-24   1.7e-21   81.4   0.7     2   289   189   465   188   465 0.79 [190263/363/1]
190263/514/1.f:MMHOAN_12715 -            584 GH13_6.hmm           -            289   6.4e-22   82.8   1.9   1   1   6.7e-24     4e-21   80.2   1.9     1   289   188   465   188   465 0.79 [190263/514/1]
190263/507/1.f:KPMKPI_14695 -            453 GH13_6.hmm           -            289   7.5e-22   82.6   0.5   1   1   1.7e-24     1e-21   82.1   0.5     2   289    41   316    40   316 0.82 [190263/507/1]
190263/423/1.f:PDNKFB_06345 -            588 GH13_6.hmm           -            289   8.1e-22   82.5   0.2   1   1   1.1e-23   6.6e-21   79.5   0.2     2   289   193   466   192   466 0.76 [190263/423/1]
190263/549/1.f:CNBDFB_03745 -            437 GH13_6.hmm           -            289   1.2e-21   81.9   0.3   1   1   3.6e-23   2.2e-20   77.8   0.3     2   289    39   312    38   312 0.75 [190263/549/1]
190263/495/1.f:ANKNCD_04135 -            572 GH13_6.hmm           -            289   1.6e-21   81.5   2.5   1   1   5.3e-20   3.2e-17   67.4   1.7     3   179   181   360   179   384 0.81 [190263/495/1]
190263/460/1.f:IHFGKI_10900 -            641 GH13_6.hmm           -            289   3.5e-21   80.4   4.2   1   1     1e-22     6e-20   76.3   4.2     2   261   172   470   171   497 0.66 [190263/460/1]
190263/580/1.f:JCPJNN_26940 -            585 GH13_6.hmm           -            289     4e-21   80.2   0.8   1   1   1.5e-23   9.1e-21   79.0   0.8     2   289   189   465   188   465 0.75 [190263/580/1]
190263/405/1.f:EHKDKA_23990 -            628 GH13_6.hmm           -            289   4.1e-21   80.2   1.6   1   1   5.8e-23   3.5e-20   77.1   1.6     2   289   187   484   186   484 0.74 [190263/405/1]
190263/530/1.f:LBOGMJ_11660 -            400 GH13_6.hmm           -            289   4.9e-21   79.9   0.3   1   1   1.2e-23   7.2e-21   79.4   0.3     4   180    31   266    28   310 0.77 [190263/530/1]
190263/369/1.f:JCDIFE_19125 -            616 GH13_6.hmm           -            289   5.2e-21   79.8  10.7   1   1   1.8e-23   1.1e-20   78.7  10.7     2   261   173   445   172   472 0.73 [190263/369/1]
190263/461/1.f:DHPHOK_10950 -            616 GH13_6.hmm           -            289   5.7e-21   79.7  10.3   1   1   1.9e-23   1.2e-20   78.7  10.3     2   261   173   445   172   472 0.72 [190263/461/1]
190263/546/1.f:GEHMID_08575 -            456 GH13_6.hmm           -            289   6.6e-21   79.5   2.4   1   1   1.5e-23   9.3e-21   79.0   2.4     2   289    42   315    41   315 0.84 [190263/546/1]
190263/425/1.f:HPANHD_10080 -            587 GH13_6.hmm           -            289   6.6e-21   79.5   6.0   1   1     2e-23   1.2e-20   78.6   6.0     2   289   190   471   189   471 0.80 [190263/425/1]
190263/514/1.f:MMHOAN_10920 -            617 GH13_6.hmm           -            289   7.9e-21   79.2   0.9   1   1   1.2e-19   7.1e-17   66.2   0.6     2   179   198   390   197   410 0.81 [190263/514/1]
190263/456/1.f:LKAJBD_09060 -            616 GH13_6.hmm           -            289   1.1e-20   78.7   9.6   1   1   4.7e-23   2.9e-20   77.4   9.6     2   261   173   445   172   472 0.73 [190263/456/1]
190263/466/1.f:PGJOII_14705 -            616 GH13_6.hmm           -            289   1.7e-20   78.2   9.9   1   1   6.8e-23   4.1e-20   76.9   9.9     2   261   173   445   172   472 0.73 [190263/466/1]
190263/502/1.f:NONHGB_11410 -            616 GH13_6.hmm           -            289   1.8e-20   78.1  10.3   1   1   5.6e-23   3.4e-20   77.1  10.3     2   261   173   445   172   472 0.72 [190263/502/1]
190263/447/1.f:OLODHC_11555 -            584 GH13_6.hmm           -            289   1.9e-20   78.0   4.4   1   1   1.1e-22   6.6e-20   76.2   4.4     2   289   190   466   189   466 0.79 [190263/447/1]
190263/400/1.f:EIBLKL_02735 -            553 GH13_6.hmm           -            289     2e-20   77.9   1.8   1   1   1.1e-22   6.5e-20   76.2   1.8     2   289    85   398    84   398 0.75 [190263/400/1]
190263/578/1.f:HIHCLH_08785 -            436 GH13_6.hmm           -            289   2.1e-20   77.9   2.2   1   1   2.6e-22   1.5e-19   75.0   2.2     2   289    39   312    38   312 0.82 [190263/578/1]
190263/405/1.f:EHKDKA_13290 -            616 GH13_6.hmm           -            289   2.7e-20   77.5  10.5   1   1   8.8e-23   5.3e-20   76.5  10.5     2   261   173   445   172   472 0.72 [190263/405/1]
190263/370/1.f:MFKGBO_01025 -            448 GH13_6.hmm           -            289   3.2e-20   77.2   0.1   1   1   3.2e-22   1.9e-19   74.7   0.1     2   289    42   309    41   309 0.83 [190263/370/1]
190263/541/1.f:IDEEIE_03905 -            587 GH13_6.hmm           -            289   3.2e-20   77.2   5.1   1   1   6.4e-22   3.9e-19   73.7   4.4     3   289   190   465   188   465 0.77 [190263/541/1]
190263/502/1.f:NONHGB_22080 -            651 GH13_6.hmm           -            289   4.2e-20   76.8   1.4   1   1   3.5e-22   2.1e-19   74.5   1.4     2   289   210   507   209   507 0.71 [190263/502/1]
190263/541/1.f:IDEEIE_02835 -            559 GH13_6.hmm           -            289   5.5e-20   76.5   2.4   1   1   2.9e-22   1.8e-19   74.8   2.4     2   289    37   368    36   368 0.80 [190263/541/1]
190263/596/1.f:GDHELL_05010 -            551 GH13_6.hmm           -            289   7.4e-20   76.0   2.0   1   1   2.9e-22   1.7e-19   74.8   2.0     6   289    98   387    95   387 0.69 [190263/596/1]
190263/439/1.f:KGLJGB_08645 -            433 GH13_6.hmm           -            289   8.2e-20   75.9   1.0   1   1   4.9e-22     3e-19   74.1   1.0     1   289    38   312    38   312 0.80 [190263/439/1]
190263/475/1.f:MCKEEP_01675 -            793 GH13_6.hmm           -            289   8.2e-20   75.9   1.1   1   1   9.5e-22   5.7e-19   73.1   1.1     2   288   360   643   359   644 0.72 [190263/475/1]
190263/513/1.f:MKNBNH_09715 -            499 GH13_6.hmm           -            289   9.7e-20   75.7   3.0   1   1   3.2e-22   1.9e-19   74.7   3.0     3   288    31   376    29   377 0.74 [190263/513/1]
190263/363/1.f:CIHHOC_14895 -            450 GH13_6.hmm           -            289   9.7e-20   75.7   0.1   1   1   2.9e-22   1.7e-19   74.8   0.1     2   289    42   315    41   315 0.81 [190263/363/1]
190263/573/1.f:LIDFCI_15620 -            783 GH13_6.hmm           -            289   1.3e-19   75.2   1.0   1   1   1.5e-21     9e-19   72.5   1.0     2   288   350   633   349   634 0.70 [190263/573/1]
190263/363/1.f:CIHHOC_11415 -            558 GH13_6.hmm           -            289   1.5e-19   75.1   2.4   1   1   3.2e-21   1.9e-18   71.4   2.2     2   153    37   216    36   253 0.82 [190263/363/1]
190263/384/1.f:CDKGIA_01545 -            446 GH13_6.hmm           -            289   1.5e-19   75.1   1.1   1   1   8.8e-22   5.3e-19   73.2   1.1     2   289    42   309    41   309 0.82 [190263/384/1]
190263/456/1.f:LKAJBD_04235 -            560 GH13_6.hmm           -            289   1.5e-19   75.0   0.7   1   1   2.7e-18   1.6e-15   61.8   0.6     2   153    63   254    62   297 0.76 [190263/456/1]
190263/400/1.f:EIBLKL_06495 -            439 GH13_6.hmm           -            289   2.1e-19   74.6   1.2   1   1   8.4e-22   5.1e-19   73.3   1.2     1   289    41   312    41   312 0.80 [190263/400/1]
190263/375/1.f:CNGHJF_00695 -            444 GH13_6.hmm           -            289   2.1e-19   74.5   0.1   1   1   1.3e-21   7.6e-19   72.7   0.1     2   289    42   309    41   309 0.85 [190263/375/1]
190263/466/1.f:PGJOII_07605 -            686 GH13_6.hmm           -            289   2.3e-19   74.4   1.1   1   1   1.2e-17   7.1e-15   59.7   0.1     2    72    89   159    88   204 0.85 [190263/466/1]
190263/513/1.f:MKNBNH_04310 -            604 GH13_6.hmm           -            289   2.4e-19   74.3   6.0   1   1   1.6e-21   9.7e-19   72.4   6.0     2   289   143   450   142   450 0.65 [190263/513/1]
190263/447/1.f:OLODHC_03420 -            676 GH13_6.hmm           -            289   2.5e-19   74.3   0.1   1   1   3.3e-21     2e-18   71.4   0.1     2   289    39   312    38   312 0.75 [190263/447/1]
190263/466/1.f:PGJOII_04855 -            554 GH13_6.hmm           -            289   2.9e-19   74.1   0.5   1   1   5.2e-18   3.1e-15   60.9   0.5     2   153    57   235    56   291 0.75 [190263/466/1]
190263/478/1.f:BOCJFA_08205 -            581 GH13_6.hmm           -            289     3e-19   74.0   4.6   1   1   3.2e-21   1.9e-18   71.4   4.6     2   289    41   309    40   309 0.84 [190263/478/1]
190263/472/1.f:NMGHJI_09485 -            582 GH13_6.hmm           -            289   3.4e-19   73.9   4.3   1   1   3.3e-21     2e-18   71.3   4.3     2   289    41   309    40   309 0.83 [190263/472/1]
190263/490/1.f:OIBLLI_01470 -            436 GH13_6.hmm           -            289   3.9e-19   73.7   3.4   1   1   1.6e-20   9.5e-18   69.1   3.4     2   289    39   312    38   312 0.72 [190263/490/1]
190263/514/1.f:MMHOAN_03820 -            569 GH13_6.hmm           -            289   4.4e-19   73.5   1.4   1   1   1.7e-21     1e-18   72.3   1.4     1   179    37   245    37   277 0.74 [190263/514/1]
190263/520/1.f:GGDGDE_05590 -            557 GH13_6.hmm           -            289   5.6e-19   73.2   2.0   1   1   9.3e-22   5.6e-19   73.2   2.0     2   153    38   208    37   278 0.85 [190263/520/1]
190263/383/1.f:KCEMEB_04820 -            437 GH13_6.hmm           -            289     6e-19   73.1   2.4   1   1   1.1e-18   6.8e-16   63.0   0.9     2   177    37   213    36   236 0.79 [190263/383/1]
190263/429/1.f:OMPHBF_14120 -            535 GH13_6.hmm           -            289   6.9e-19   72.9   0.1   1   1   4.9e-20   2.9e-17   67.5   0.1     2   289    42   314    41   314 0.74 [190263/429/1]
190263/375/1.f:CNGHJF_04595 -            557 GH13_6.hmm           -            289   8.3e-19   72.6   1.1   1   1   1.4e-21   8.3e-19   72.6   1.1     2   152    37   200    36   279 0.80 [190263/375/1]
190263/495/1.f:ANKNCD_19165 -            436 GH13_6.hmm           -            289   8.4e-19   72.6   1.4   1   1   4.3e-21   2.6e-18   71.0   1.4     1   289    38   312    38   312 0.75 [190263/495/1]
190263/531/1.f:KJIPPC_09870 -            435 GH13_6.hmm           -            289   8.7e-19   72.5   1.7   1   1   3.3e-20     2e-17   68.1   1.7     3   289    40   312    38   312 0.72 [190263/531/1]
190263/409/1.f:AJJCMD_01560 -            444 GH13_6.hmm           -            289   8.9e-19   72.5   1.2   1   1   6.5e-21   3.9e-18   70.4   1.2     2   289    42   309    41   309 0.83 [190263/409/1]
190263/363/1.f:CIHHOC_04800 -            542 GH13_6.hmm           -            289   9.1e-19   72.5   2.3   1   1   2.6e-20   1.6e-17   68.4   0.1     2   209    41   278    40   355 0.78 [190263/363/1]
190263/433/1.f:ADFNDI_04915 -            563 GH13_6.hmm           -            289   1.2e-18   72.0   5.5   1   1   2.2e-20   1.3e-17   68.7   5.5     2   289    41   309    40   309 0.82 [190263/433/1]
190263/557/1.f:DOLMEB_10490 -            442 GH13_6.hmm           -            289   1.4e-18   71.9   0.2   1   1   4.8e-20   2.9e-17   67.5   0.2     3   289    40   312    38   312 0.72 [190263/557/1]
190263/520/1.f:GGDGDE_02775 -            587 GH13_6.hmm           -            289   1.4e-18   71.9   2.8   1   1   4.2e-21   2.5e-18   71.0   2.8     6   182   129   327   126   382 0.74 [190263/520/1]
190263/457/1.f:IIKDLL_06125 -            442 GH13_6.hmm           -            289   1.6e-18   71.7   0.8   1   1   2.9e-20   1.7e-17   68.3   0.8     1   289    44   318    44   318 0.78 [190263/457/1]
190263/541/1.f:IDEEIE_03490 -            435 GH13_6.hmm           -            289   1.9e-18   71.4   0.1   1   1     3e-20   1.8e-17   68.2   0.1     2   289    39   312    38   312 0.75 [190263/541/1]
190263/423/1.f:PDNKFB_07145 -            434 GH13_6.hmm           -            289   2.1e-18   71.3   0.5   1   1   7.6e-21   4.6e-18   70.1   0.5     1   289    38   313    38   313 0.78 [190263/423/1]
190263/452/1.f:PEIHBN_09925 -            552 GH13_6.hmm           -            289   2.1e-18   71.3   0.4   1   1   6.5e-21   3.9e-18   70.4   0.3     2   152    38   201    37   287 0.81 [190263/452/1]
190263/578/1.f:HIHCLH_07765 -            543 GH13_6.hmm           -            289   2.2e-18   71.2   5.1   1   1   2.5e-19   1.5e-16   65.2   2.3     2   186    81   288    80   305 0.75 [190263/578/1]
190263/448/1.f:IBJDOL_08635 -            554 GH13_6.hmm           -            289   2.5e-18   71.0   3.1   1   1   4.1e-21   2.5e-18   71.0   3.1     2   262    38   338    37   362 0.70 [190263/448/1]
190263/560/1.f:OAGBLH_03685 -            533 GH13_6.hmm           -            289   2.6e-18   70.9   2.9   1   1   2.1e-20   1.3e-17   68.7   2.9     2   289    41   313    40   313 0.83 [190263/560/1]
190263/596/1.f:GDHELL_06780 -            751 GH13_6.hmm           -            289   2.7e-18   70.9   6.0   1   1   3.6e-19   2.2e-16   64.7   2.8     2   163   187   399   186   429 0.80 [190263/596/1]
190263/429/1.f:OMPHBF_12730 -            589 GH13_6.hmm           -            289   2.7e-18   70.9   2.7   1   1   2.3e-20   1.4e-17   68.6   1.9     2   153    62   236    61   310 0.78 [190263/429/1]
190263/423/1.f:PDNKFB_07745 -            541 GH13_6.hmm           -            289   2.8e-18   70.9   1.0   1   1   2.1e-20   1.3e-17   68.7   0.7     2   194    42   263    41   287 0.82 [190263/423/1]
190263/578/1.f:HIHCLH_03535 -            574 GH13_6.hmm           -            289   3.3e-18   70.6   0.8   1   1   2.8e-19   1.7e-16   65.0   0.8     3   289   183   458   181   458 0.76 [190263/578/1]
190263/472/1.f:NMGHJI_04910 -            559 GH13_6.hmm           -            289   3.3e-18   70.6   0.4   1   1   1.1e-20   6.7e-18   69.6   0.4     2   200    38   281    37   368 0.75 [190263/472/1]
190263/512/1.f:JBCLGH_10695 -            448 GH13_6.hmm           -            289   3.4e-18   70.6   0.2   1   1     8e-20   4.8e-17   66.8   0.2     3   289    40   312    38   312 0.74 [190263/512/1]
190263/425/1.f:HPANHD_03290 -            554 GH13_6.hmm           -            289   3.5e-18   70.6   0.4   1   1   1.1e-20   6.4e-18   69.7   0.4     2   153    37   215    36   279 0.77 [190263/425/1]
190263/527/1.f:HGADJN_09225 -            606 GH13_6.hmm           -            289   3.7e-18   70.5   2.3   1   1   1.1e-20   6.6e-18   69.6   1.8     2   158    56   231    55   241 0.85 [190263/527/1]
190263/527/1.f:HGADJN_09155 -            602 GH13_6.hmm           -            289   3.9e-18   70.4   0.8   1   1   1.3e-20   8.1e-18   69.3   0.8     2   152    56   225    55   260 0.85 [190263/527/1]
190263/595/1.f:HGDLEC_07220 -           1077 GH13_6.hmm           -            289     4e-18   70.4   1.2   1   1   6.1e-19   3.7e-16   63.9   0.3     2   153    86   290    85   319 0.76 [190263/595/1]
190263/412/1.f:OOIBGL_10985 -            436 GH13_6.hmm           -            289   4.1e-18   70.3   1.0   1   1   5.6e-20   3.4e-17   67.3   1.0     2   289    39   312    38   312 0.74 [190263/412/1]
190263/405/1.f:EHKDKA_03440 -            699 GH13_6.hmm           -            289   4.5e-18   70.2   0.1   1   1   4.1e-19   2.5e-16   64.5   0.1     4   182   263   454   261   471 0.78 [190263/405/1]
190263/425/1.f:HPANHD_02620 -            541 GH13_6.hmm           -            289   5.9e-18   69.8   1.5   1   1   1.8e-20   1.1e-17   68.9   1.5     2   179    38   245    37   276 0.75 [190263/425/1]
190263/455/1.f:GDGJDA_12270 -            434 GH13_6.hmm           -            289   6.9e-18   69.6   0.3   1   1   9.5e-20   5.7e-17   66.6   0.3     3   289    40   312    38   312 0.74 [190263/455/1]
190263/580/1.f:JCPJNN_23320 -            440 GH13_6.hmm           -            289   7.6e-18   69.4   0.2   1   1   2.4e-19   1.5e-16   65.2   0.2     2   289    43   316    42   316 0.82 [190263/580/1]
190263/452/1.f:PEIHBN_10935 -            559 GH13_6.hmm           -            289   7.8e-18   69.4   0.3   1   1   2.3e-20   1.4e-17   68.6   0.2     2   153    39   216    38   295 0.81 [190263/452/1]
190263/478/1.f:BOCJFA_01370 -            559 GH13_6.hmm           -            289   8.1e-18   69.3   4.9   1   1     4e-20   2.4e-17   67.8   2.6     2   153    37   211    36   247 0.84 [190263/478/1]
190263/585/1.f:DLBDDB_01385 -            809 GH13_6.hmm           -            289   8.4e-18   69.3   0.9   1   1   7.6e-20   4.6e-17   66.9   0.6     2   161   382   529   381   576 0.88 [190263/585/1]
190263/461/1.f:DHPHOK_18795 -            445 GH13_6.hmm           -            289   8.9e-18   69.2   2.6   1   1   3.3e-19     2e-16   64.8   2.6     3   161    67   212    65   239 0.85 [190263/461/1]
190263/386/1.f:DBGIOG_09510 -            457 GH13_6.hmm           -            289   9.5e-18   69.1   0.3   1   1   2.5e-20   1.5e-17   68.5   0.3     3   289    43   317    41   317 0.81 [190263/386/1]
190263/527/1.f:HGADJN_08895 -            586 GH13_6.hmm           -            289     1e-17   69.0   0.7   1   1   2.3e-19   1.4e-16   65.3   0.7     2   199    47   293    46   305 0.80 [190263/527/1]
190263/537/1.f:AHPNMI_04290 -            436 GH13_6.hmm           -            289   1.2e-17   68.8   1.5   1   1     1e-18   6.1e-16   63.2   1.5     3   289    40   312    38   312 0.72 [190263/537/1]
190263/477/1.f:PCLDCI_13985 -            551 GH13_6.hmm           -            289   1.3e-17   68.7   0.7   1   1   1.1e-18   6.5e-16   63.1   0.7     2   289    42   314    41   314 0.75 [190263/477/1]
190263/495/1.f:ANKNCD_08970 -            565 GH13_6.hmm           -            289   1.3e-17   68.6   0.2   1   1   7.3e-20   4.4e-17   66.9   0.1     2   153    38   211    37   286 0.72 [190263/495/1]
190263/507/1.f:KPMKPI_12330 -            554 GH13_6.hmm           -            289   1.5e-17   68.5   2.9   1   1   4.6e-20   2.8e-17   67.6   2.9     2   153    38   208    37   300 0.75 [190263/507/1]
190263/549/1.f:CNBDFB_11805 -            558 GH13_6.hmm           -            289   1.5e-17   68.5   0.4   1   1   6.2e-20   3.7e-17   67.2   0.4     2   152    38   201    37   256 0.78 [190263/549/1]
190263/382/1.f:JACGKO_03265 -            561 GH13_6.hmm           -            289   1.5e-17   68.5   1.7   1   1   4.6e-20   2.8e-17   67.6   1.2     1   152    40   204    40   250 0.78 [190263/382/1]
190263/565/1.f:PAEINE_09665 -            458 GH13_6.hmm           -            289   1.6e-17   68.4   0.0   1   1   2.9e-19   1.8e-16   64.9   0.0     2   289    54   327    53   327 0.74 [190263/565/1]
190263/478/1.f:BOCJFA_07705 -            558 GH13_6.hmm           -            289   1.7e-17   68.3   0.2   1   1     6e-20   3.6e-17   67.2   0.2     2   176    38   256    37   366 0.71 [190263/478/1]
190263/375/1.f:CNGHJF_04990 -            554 GH13_6.hmm           -            289   1.8e-17   68.2   0.2   1   1   5.6e-20   3.4e-17   67.3   0.2     2   215    38   282    37   292 0.72 [190263/375/1]
190263/456/1.f:LKAJBD_15395 -            681 GH13_6.hmm           -            289   1.8e-17   68.2   0.3   1   1   1.6e-16   9.7e-14   56.0   0.0     2    76    84   158    83   233 0.83 [190263/456/1]
190263/512/1.f:JBCLGH_07570 -            562 GH13_6.hmm           -            289   1.9e-17   68.1   0.2   1   1   5.9e-20   3.5e-17   67.2   0.1     3   153    41   217    39   295 0.73 [190263/512/1]
190263/409/1.f:AJJCMD_00615 -            565 GH13_6.hmm           -            289   2.1e-17   68.0   0.1   1   1   1.3e-18   7.7e-16   62.8   0.0     2   197    38   275    37   364 0.72 [190263/409/1]
190263/514/1.f:MMHOAN_12710 -            542 GH13_6.hmm           -            289   2.1e-17   68.0   0.8   1   1   5.3e-20   3.2e-17   67.4   0.1     2   195    42   264    41   356 0.79 [190263/514/1]
190263/474/1.f:AMDJJA_02480 -            604 GH13_6.hmm           -            289   2.3e-17   67.9   0.8   1   1   4.5e-19   2.7e-16   64.3   0.5     2   152    56   225    55   238 0.86 [190263/474/1]
190263/495/1.f:ANKNCD_06875 -            582 GH13_6.hmm           -            289   2.3e-17   67.9   5.0   1   1   3.8e-20   2.3e-17   67.9   5.0     6   183   121   320   118   339 0.77 [190263/495/1]
190263/580/1.f:JCPJNN_00815 -            582 GH13_6.hmm           -            289   2.4e-17   67.8   0.1   1   1     7e-20   4.2e-17   67.0   0.1     2   289   191   467   190   467 0.87 [190263/580/1]
190263/425/1.f:HPANHD_08465 -            599 GH13_6.hmm           -            289   2.5e-17   67.7   1.0   1   1   1.6e-19   9.5e-17   65.8   1.0     1   289   195   481   195   481 0.75 [190263/425/1]
190263/458/1.f:AMPCAI_06050 -            434 GH13_6.hmm           -            289   2.7e-17   67.6   0.2   1   1     2e-18   1.2e-15   62.2   0.2     1   289    38   308    38   308 0.78 [190263/458/1]
190263/547/1.f:KJCAKO_04325 -            433 GH13_6.hmm           -            289     3e-17   67.5   4.4   1   1   1.4e-19   8.4e-17   66.0   4.4     2   289    39   309    38   309 0.78 [190263/547/1]
190263/434/1.f:NCAOKI_06450 -            529 GH13_6.hmm           -            289   3.3e-17   67.3   0.2   1   1     4e-16   2.4e-13   54.7   0.1     2   161    49   205    48   211 0.76 [190263/434/1]
190263/552/1.f:EMALNL_07955 -            758 GH13_6.hmm           -            289   3.5e-17   67.3   4.0   1   1   3.3e-19     2e-16   64.8   4.0     2   284   339   620   338   625 0.71 [190263/552/1]
190263/562/1.f:KJGNCK_02055 -            758 GH13_6.hmm           -            289   3.5e-17   67.3   4.0   1   1   3.3e-19     2e-16   64.8   4.0     2   284   339   620   338   625 0.71 [190263/562/1]
190263/448/1.f:IBJDOL_10285 -            559 GH13_6.hmm           -            289   4.1e-17   67.0   3.3   1   1   9.6e-20   5.8e-17   66.5   0.9     2   222    36   302    35   359 0.77 [190263/448/1]
190263/520/1.f:GGDGDE_16030 -            436 GH13_6.hmm           -            289   4.3e-17   67.0   1.8   1   1   2.4e-19   1.5e-16   65.2   1.8     1   289    38   312    38   312 0.74 [190263/520/1]
190263/567/1.f:NOEGFN_05575 -            550 GH13_6.hmm           -            289   4.7e-17   66.9   0.2   1   1   9.6e-19   5.8e-16   63.3   0.2     3   289    42   313    40   313 0.79 [190263/567/1]
190263/455/1.f:GDGJDA_14820 -            543 GH13_6.hmm           -            289   4.9e-17   66.8   0.7   1   1   1.7e-19     1e-16   65.7   0.1     2   186    40   254    39   354 0.80 [190263/455/1]
190263/439/1.f:KGLJGB_07065 -            557 GH13_6.hmm           -            289   6.2e-17   66.5   0.9   1   1   7.1e-19   4.3e-16   63.7   0.0     2   218    38   285    37   294 0.78 [190263/439/1]
190263/452/1.f:PEIHBN_02820 -            435 GH13_6.hmm           -            289   6.8e-17   66.3   0.2   1   1   1.3e-18   7.7e-16   62.9   0.2     2   289    39   312    38   312 0.74 [190263/452/1]
190263/513/1.f:MKNBNH_11095 -            598 GH13_6.hmm           -            289   6.9e-17   66.3   5.7   1   1   4.5e-19   2.7e-16   64.4   5.7     2   289    41   309    40   309 0.83 [190263/513/1]
190263/472/1.f:NMGHJI_04900 -            554 GH13_6.hmm           -            289   7.5e-17   66.2   0.3   1   1     3e-19   1.8e-16   64.9   0.3     2   215    38   282    37   289 0.70 [190263/472/1]
190263/420/1.f:GMHOLO_08275 -            607 GH13_6.hmm           -            289   7.5e-17   66.2   0.2   1   1   2.7e-19   1.6e-16   65.1   0.2     2   152    56   225    55   290 0.86 [190263/420/1]
190263/468/1.f:DIOFOH_00365 -            527 GH13_6.hmm           -            289   8.1e-17   66.1   5.5   1   1   1.3e-19   8.1e-17   66.1   5.5     2   289    41   311    40   311 0.81 [190263/468/1]
190263/513/1.f:MKNBNH_10810 -            530 GH13_6.hmm           -            289   8.1e-17   66.1   0.2   1   1   2.9e-19   1.7e-16   65.0   0.2     2   289    37   368    36   368 0.78 [190263/513/1]
190263/546/1.f:GEHMID_11585 -            555 GH13_6.hmm           -            289   8.6e-17   66.0   0.1   1   1   6.5e-19   3.9e-16   63.8   0.0     2   214    38   281    37   286 0.70 [190263/546/1]
190263/363/1.f:CIHHOC_02445 -            551 GH13_6.hmm           -            289   8.7e-17   66.0   0.6   1   1   3.2e-19   1.9e-16   64.8   0.6     2   163    36   211    35   298 0.77 [190263/363/1]
190263/458/1.f:AMPCAI_01140 -            559 GH13_6.hmm           -            289   8.9e-17   65.9   0.4   1   1   3.3e-19     2e-16   64.8   0.2     2   180    39   243    38   286 0.75 [190263/458/1]
190263/580/1.f:JCPJNN_24345 -            560 GH13_6.hmm           -            289     9e-17   65.9   0.3   1   1   1.5e-19     9e-17   65.9   0.3     2   152    38   201    37   255 0.82 [190263/580/1]
190263/584/1.f:DDCNLE_03830 -            556 GH13_6.hmm           -            289   9.4e-17   65.8   1.2   1   1   2.2e-19   1.3e-16   65.4   0.7     2   152    38   201    37   267 0.87 [190263/584/1]
190263/447/1.f:OLODHC_03105 -            539 GH13_6.hmm           -            289   1.1e-16   65.7   0.1   1   1   3.8e-19   2.3e-16   64.6   0.1     2   178    38   244    37   334 0.80 [190263/447/1]
190263/369/1.f:JCDIFE_20170 -            859 GH13_6.hmm           -            289   1.1e-16   65.6   1.2   1   1   5.6e-19   3.4e-16   64.0   1.2     3   288   446   724   444   725 0.83 [190263/369/1]
190263/474/1.f:AMDJJA_09650 -            608 GH13_6.hmm           -            289   1.4e-16   65.3   0.7   1   1   4.2e-19   2.5e-16   64.4   0.7     2   152    56   225    55   236 0.85 [190263/474/1]
190263/384/1.f:CDKGIA_15920 -            590 GH13_6.hmm           -            289   1.4e-16   65.3   0.0   1   1   4.2e-19   2.5e-16   64.4   0.0     2   261    48   342    47   374 0.69 [190263/384/1]
190263/557/1.f:DOLMEB_09075 -            560 GH13_6.hmm           -            289   1.6e-16   65.1   0.9   1   1   4.2e-19   2.5e-16   64.4   0.9     1   163    39   222    39   297 0.75 [190263/557/1]
190263/547/1.f:KJCAKO_00600 -            555 GH13_6.hmm           -            289   1.6e-16   65.1   1.6   1   1     6e-18   3.6e-15   60.6   1.6     2   289   162   432   161   432 0.75 [190263/547/1]
190263/456/1.f:LKAJBD_04210 -            560 GH13_6.hmm           -            289     2e-16   64.8   0.4   1   1     6e-19   3.6e-16   63.9   0.4     2   289    60   382    59   382 0.72 [190263/456/1]
190263/423/1.f:PDNKFB_07750 -            561 GH13_6.hmm           -            289   2.1e-16   64.7   0.1   1   1   1.6e-18   9.9e-16   62.5   0.0     2   216    38   283    37   289 0.75 [190263/423/1]
190263/384/1.f:CDKGIA_00625 -            570 GH13_6.hmm           -            289   2.1e-16   64.7   0.4   1   1   7.7e-19   4.6e-16   63.6   0.4     2   152    40   203    39   245 0.83 [190263/384/1]
190263/541/1.f:IDEEIE_03910 -            541 GH13_6.hmm           -            289   2.2e-16   64.6   1.2   1   1     1e-18   6.1e-16   63.2   0.0     2   195    40   262    39   342 0.81 [190263/541/1]
190263/532/1.f:BGDBBA_08525 -            550 GH13_6.hmm           -            289   2.3e-16   64.6   7.0   1   1   8.8e-19   5.3e-16   63.4   6.1     5   289    43   309    39   309 0.80 [190263/532/1]
190263/513/1.f:MKNBNH_02055 -            565 GH13_6.hmm           -            289   2.9e-16   64.2   1.4   1   1   1.3e-18   7.9e-16   62.8   1.0     2   151    38   197    37   206 0.76 [190263/513/1]
190263/409/1.f:AJJCMD_13305 -            517 GH13_6.hmm           -            289     3e-16   64.2   1.1   1   1   9.1e-19   5.5e-16   63.3   1.1     2   153    37   203    36   230 0.79 [190263/409/1]
190263/466/1.f:PGJOII_04830 -            560 GH13_6.hmm           -            289   3.1e-16   64.2   0.5   1   1   9.6e-19   5.8e-16   63.3   0.5     2   289    60   382    59   382 0.72 [190263/466/1]
190263/433/1.f:ADFNDI_13085 -            556 GH13_6.hmm           -            289   3.2e-16   64.1   1.4   1   1   5.4e-19   3.2e-16   64.1   1.4     2   152    38   201    37   365 0.79 [190263/433/1]
190263/487/1.f:MPKEFC_06950 -            441 GH13_6.hmm           -            289   3.3e-16   64.1   1.2   1   1   1.5e-18   8.8e-16   62.7   1.2     2   289    43   316    42   316 0.73 [190263/487/1]
190263/433/1.f:ADFNDI_01880 -            557 GH13_6.hmm           -            289   3.3e-16   64.0   0.3   1   1   3.1e-18   1.9e-15   61.6   0.0     2   216    38   283    37   294 0.73 [190263/433/1]
190263/455/1.f:GDGJDA_05900 -            561 GH13_6.hmm           -            289   4.3e-16   63.7   0.0   1   1   2.7e-18   1.7e-15   61.8   0.0     2   217    38   284    37   289 0.77 [190263/455/1]
190263/474/1.f:AMDJJA_00490 -            604 GH13_6.hmm           -            289   4.5e-16   63.6   0.1   1   1     1e-17   6.1e-15   59.9   0.1     2   182    43   278    42   300 0.74 [190263/474/1]
190263/443/1.f:LNLACP_13505 -            440 GH13_6.hmm           -            289     5e-16   63.5   0.5   1   1   7.4e-18   4.4e-15   60.4   0.5     2   289    43   316    42   316 0.70 [190263/443/1]
190263/409/1.f:AJJCMD_08075 -            543 GH13_6.hmm           -            289     5e-16   63.5   0.0   1   1   2.7e-18   1.6e-15   61.8   0.0     2   178    44   250    43   277 0.76 [190263/409/1]
190263/472/1.f:NMGHJI_16290 -            552 GH13_6.hmm           -            289   5.9e-16   63.2   0.0   1   1   1.8e-18   1.1e-15   62.4   0.0     2   289    40   356    39   356 0.82 [190263/472/1]
190263/596/1.f:GDHELL_00025 -            558 GH13_6.hmm           -            289   5.9e-16   63.2   6.3   1   1   2.8e-18   1.7e-15   61.8   6.3     2   289    40   312    39   312 0.84 [190263/596/1]
190263/400/1.f:EIBLKL_04930 -            512 GH13_6.hmm           -            289   6.4e-16   63.1   0.1   1   1   6.2e-16   3.7e-13   54.0   0.1     2   153    37   223    36   261 0.72 [190263/400/1]
190263/532/1.f:BGDBBA_06200 -            558 GH13_6.hmm           -            289   6.8e-16   63.0   0.2   1   1   4.1e-18   2.5e-15   61.2   0.2     2   219    38   286    37   291 0.73 [190263/532/1]
190263/420/1.f:GMHOLO_08475 -            583 GH13_6.hmm           -            289   6.9e-16   63.0   0.0   1   1   1.3e-17   7.8e-15   59.6   0.0     2   191    43   284    42   318 0.75 [190263/420/1]
190263/455/1.f:GDGJDA_15340 -            557 GH13_6.hmm           -            289   8.4e-16   62.7   0.5   1   1   3.6e-18   2.2e-15   61.4   0.5     2   153    38   208    37   365 0.77 [190263/455/1]
190263/396/1.f:KAAOMA_13065 -            528 GH13_6.hmm           -            289   9.1e-16   62.6   0.7   1   1   3.4e-17     2e-14   58.2   0.7     2   289    42   315    41   315 0.75 [190263/396/1]
190263/584/1.f:DDCNLE_06665 -            431 GH13_6.hmm           -            289   9.3e-16   62.6   0.1   1   1   3.3e-18     2e-15   61.5   0.1     2   289    39   308    38   308 0.79 [190263/584/1]
190263/507/1.f:KPMKPI_03005 -            556 GH13_6.hmm           -            289   1.1e-15   62.3   0.0   1   1     4e-18   2.4e-15   61.2   0.0     2   203    38   284    37   330 0.76 [190263/507/1]
190263/531/1.f:KJIPPC_09425 -            557 GH13_6.hmm           -            289   1.2e-15   62.3   0.4   1   1   3.8e-17   2.3e-14   58.0   0.1     2   215    38   282    37   291 0.71 [190263/531/1]
190263/409/1.f:AJJCMD_20400 -            565 GH13_6.hmm           -            289   1.4e-15   62.0   0.0   1   1     3e-17   1.8e-14   58.3   0.0     2   217    38   284    37   289 0.74 [190263/409/1]
190263/461/1.f:DHPHOK_10125 -            859 GH13_6.hmm           -            289   1.5e-15   61.9   0.6   1   1   2.3e-17   1.4e-14   58.7   0.6     3   288   446   724   444   725 0.70 [190263/461/1]
190263/390/1.f:OLPOLE_07045 -            435 GH13_6.hmm           -            289   1.5e-15   61.9   0.0   1   1   4.3e-16   2.6e-13   54.6   0.0     1   289    38   312    38   312 0.69 [190263/390/1]
190263/423/1.f:PDNKFB_09310 -            564 GH13_6.hmm           -            289   1.5e-15   61.9   5.4   1   1   1.9e-17   1.1e-14   59.0   5.4     2   285   106   405   105   409 0.63 [190263/423/1]
190263/516/1.f:MGNFBC_04840 -            588 GH13_6.hmm           -            289   1.6e-15   61.8   1.3   1   1     2e-17   1.2e-14   58.9   0.2     2   152    53   217    52   290 0.76 [190263/516/1]
190263/447/1.f:OLODHC_03415 -            554 GH13_6.hmm           -            289   1.7e-15   61.7   1.0   1   1   1.2e-17     7e-15   59.7   1.0     2   176    38   234    37   291 0.70 [190263/447/1]
190263/546/1.f:GEHMID_00295 -            565 GH13_6.hmm           -            289     2e-15   61.5   3.0   1   1     6e-18   3.6e-15   60.7   3.0     3   153    39   234    38   341 0.75 [190263/546/1]
190263/478/1.f:BOCJFA_10845 -            558 GH13_6.hmm           -            289   2.1e-15   61.4   0.0   1   1   8.4e-18     5e-15   60.2   0.0     2   289    38   367    37   367 0.78 [190263/478/1]
190263/460/1.f:IHFGKI_10500 -            578 GH13_6.hmm           -            289   2.2e-15   61.4   0.6   1   1   1.1e-17   6.5e-15   59.8   0.6     2   289    63   406    62   406 0.75 [190263/460/1]
190263/568/1.f:ABMLLK_04030 -            626 GH13_6.hmm           -            289   2.4e-15   61.3   2.4   1   1   1.6e-17   9.8e-15   59.2   2.4     2   214   208   437   207   493 0.73 [190263/568/1]
190263/520/1.f:GGDGDE_20000 -            560 GH13_6.hmm           -            289   2.4e-15   61.2   2.2   1   1   3.9e-18   2.4e-15   61.2   2.2     3   152    40   202    38   267 0.80 [190263/520/1]
190263/425/1.f:HPANHD_03210 -            554 GH13_6.hmm           -            289   2.5e-15   61.2   2.2   1   1   4.1e-18   2.5e-15   61.2   2.2     3   178    38   243    36   263 0.76 [190263/425/1]
190263/421/1.f:PBKEAC_02115 -            559 GH13_6.hmm           -            289   2.6e-15   61.1   0.2   1   1   9.6e-17   5.8e-14   56.7   0.2     3   153    61   239    59   276 0.74 [190263/421/1]
190263/520/1.f:GGDGDE_10805 -            560 GH13_6.hmm           -            289   2.7e-15   61.1   0.1   1   1   1.7e-17     1e-14   59.2   0.1     2   218    38   285    37   290 0.71 [190263/520/1]
190263/383/1.f:KCEMEB_04450 -            525 GH13_6.hmm           -            289   2.8e-15   61.0   0.5   1   1   3.4e-17     2e-14   58.2   0.5     2   152    38   201    37   368 0.80 [190263/383/1]
190263/596/1.f:GDHELL_06085 -            629 GH13_6.hmm           -            289   2.9e-15   61.0   0.3   1   1   8.3e-17     5e-14   56.9   0.3     2   202   201   408   200   416 0.75 [190263/596/1]
190263/425/1.f:HPANHD_10085 -            559 GH13_6.hmm           -            289   3.1e-15   60.9   0.3   1   1   1.9e-17   1.2e-14   59.0   0.2     2   152    38   202    37   260 0.76 [190263/425/1]
190263/437/1.f:LBKKEJ_03770 -            787 GH13_6.hmm           -            289   3.3e-15   60.8   0.1   1   1   3.8e-17   2.3e-14   58.0   0.1     2   161   348   495   347   507 0.85 [190263/437/1]
190263/375/1.f:CNGHJF_04955 -            539 GH13_6.hmm           -            289   3.4e-15   60.8   0.0   1   1   2.1e-17   1.3e-14   58.8   0.0     2   178    38   244    37   268 0.79 [190263/375/1]
190263/586/1.f:KBDCAC_04650 -            560 GH13_6.hmm           -            289   5.4e-15   60.1   0.1   1   1   3.5e-17   2.1e-14   58.1   0.1     3   153    37   217    35   305 0.76 [190263/586/1]
190263/580/1.f:JCPJNN_29355 -            566 GH13_6.hmm           -            289     9e-15   59.3   0.0   1   1   4.3e-17   2.6e-14   57.9   0.0     2   216    38   283    37   287 0.73 [190263/580/1]
190263/584/1.f:DDCNLE_03835 -            557 GH13_6.hmm           -            289   1.1e-14   59.0   0.2   1   1   1.9e-16   1.1e-13   55.7   0.1     2   152    38   201    37   246 0.83 [190263/584/1]
190263/382/1.f:JACGKO_00540 -            554 GH13_6.hmm           -            289   1.1e-14   59.0   0.6   1   1   7.6e-17   4.6e-14   57.0   0.3     2   151    39   202    38   218 0.80 [190263/382/1]
190263/580/1.f:JCPJNN_28235 -            543 GH13_6.hmm           -            289   1.2e-14   58.9   0.4   1   1   3.2e-16   1.9e-13   55.0   0.0     2   178    41   247    40   272 0.74 [190263/580/1]
190263/578/1.f:HIHCLH_05700 -            699 GH13_6.hmm           -            289   1.6e-14   58.5   1.3   1   1   5.4e-17   3.3e-14   57.5   1.3    26   260   133   358   104   390 0.75 [190263/578/1]
190263/379/1.f:LOJHAC_03790 -            588 GH13_6.hmm           -            289   1.7e-14   58.5   1.4   1   1     2e-16   1.2e-13   55.6   0.2     2   152    53   217    52   290 0.76 [190263/379/1]
190263/382/1.f:JACGKO_02195 -            543 GH13_6.hmm           -            289   1.8e-14   58.4   0.0   1   1   9.1e-17   5.5e-14   56.8   0.0     2   153    35   215    34   266 0.76 [190263/382/1]
190263/596/1.f:GDHELL_00370 -            568 GH13_6.hmm           -            289   1.8e-14   58.4   0.1   1   1   2.3e-16   1.4e-13   55.5   0.1    26   279   100   346    62   357 0.68 [190263/596/1]
190263/488/1.f:DNPFAC_21035 -            952 GH13_6.hmm           -            289   1.9e-14   58.3   0.1   1   1   9.4e-17   5.7e-14   56.7   0.1     2   162   527   675   526   814 0.79 [190263/488/1]
190263/580/1.f:JCPJNN_03710 -            629 GH13_6.hmm           -            289   2.2e-14   58.0   4.8   1   1   7.2e-17   4.3e-14   57.1   0.7     3   153   123   290   121   346 0.79 [190263/580/1]
190263/409/1.f:AJJCMD_25500 -            555 GH13_6.hmm           -            289   2.5e-14   57.9   0.9   1   1   7.8e-17   4.7e-14   57.0   0.9     2   200    36   273    35   283 0.79 [190263/409/1]
190263/417/1.f:MHBJAE_19340 -            953 GH13_6.hmm           -            289   2.9e-14   57.7   0.1   1   1   1.9e-16   1.1e-13   55.8   0.1     2   162   528   676   527   815 0.82 [190263/417/1]
190263/496/1.f:JJBAFO_01220 -            456 GH13_6.hmm           -            289   3.1e-14   57.6   0.0   1   1   6.6e-16     4e-13   53.9   0.0     4   289    46   328    43   328 0.72 [190263/496/1]
190263/540/1.f:BCGFLB_01175 -            585 GH13_6.hmm           -            289   3.3e-14   57.5   0.1   1   1   4.1e-16   2.5e-13   54.6   0.1     3   152    56   219    54   272 0.72 [190263/540/1]
190263/405/1.f:EHKDKA_23960 -            941 GH13_6.hmm           -            289   3.3e-14   57.5   2.6   1   1   1.9e-16   1.2e-13   55.7   2.6     2   287   399   704   398   706 0.70 [190263/405/1]
190263/565/1.f:PAEINE_06670 -           1098 GH13_6.hmm           -            289   3.4e-14   57.4   0.0   1   1   4.5e-16   2.7e-13   54.5   0.0     2   186   204   393   203   434 0.78 [190263/565/1]
190263/567/1.f:NOEGFN_16430 -            620 GH13_6.hmm           -            289     8e-14   56.2   0.0   1   1     2e-16   1.2e-13   55.6   0.0     2   200   196   401   195   407 0.78 [190263/567/1]
190263/526/1.f:GBBCGM_01410 -            561 GH13_6.hmm           -            289   8.7e-14   56.1   0.1   1   1   4.4e-16   2.7e-13   54.5   0.1     2   153    41   218    40   268 0.75 [190263/526/1]
190263/429/1.f:OMPHBF_06140 -            518 GH13_6.hmm           -            289   9.3e-14   56.0   0.1   1   1   8.5e-16   5.1e-13   53.6   0.0     2   153    37   220    36   252 0.76 [190263/429/1]
190263/423/1.f:PDNKFB_11910 -            541 GH13_6.hmm           -            289   1.1e-13   55.7   0.7   1   1   6.3e-16   3.8e-13   54.0   0.7     2   165    38   230    37   359 0.64 [190263/423/1]
190263/409/1.f:AJJCMD_26280 -            550 GH13_6.hmm           -            289   1.2e-13   55.7   0.1   1   1   9.6e-16   5.8e-13   53.4   0.1     2   153    38   207    37   359 0.74 [190263/409/1]
190263/576/1.f:FNMBCG_04310 -            452 GH13_6.hmm           -            289   2.1e-13   54.9   2.1   1   1   9.8e-16   5.9e-13   53.4   2.1     5   289    45   311    41   311 0.79 [190263/576/1]
#
# Program:         hmmsearch
# Version:         3.3.2 (Nov 2020)
# Pipeline mode:   SEARCH
# Query file:      /kb/module/work/tmp/output.1725388484971/GH13_6/GH13_6.hmm
# Target file:     /kb/module/work/tmp/output.1725388484971/hCom2_RAST.fasta
# Option settings: /kb/module/hmmer/bin/hmmsearch --domtblout /kb/module/work/tmp/output.1725388484971/GH13_6/GH13_6-hCom2_RAST.hitout.txt --noali --notextw --domE 1e-15 /kb/module/work/tmp/output.1725388484971/GH13_6/GH13_6.hmm /kb/module/work/tmp/output.1725388484971/hCom2_RAST.fasta 
# Current dir:     /kb/module/work/tmp/output.1725388484971
# Date:            Tue Sep  3 18:47:58 2024
# [ok]
