#                                                                                   --- full sequence --- -------------- this domain -------------   hmm coord   ali coord   env coord
# target name               accession   tlen query name           accession   qlen   E-value  score  bias   #  of  c-Evalue  i-Evalue  score  bias  from    to  from    to  from    to  acc description of target
#       ------------------- ---------- ----- -------------------- ---------- ----- --------- ------ ----- --- --- --------- --------- ------ ----- ----- ----- ----- ----- ----- ----- ---- ---------------------
190263/417/1.f:MHBJAE_02450 -            430 GH144.hmm            -            404  3.1e-199  666.3   0.9   1   1  5.4e-203  3.5e-199  666.1   0.9     3   403    27   427    25   428 0.99 [190263/417/1]
190263/488/1.f:DNPFAC_02725 -            431 GH144.hmm            -            404  1.2e-197  661.1   0.4   1   1  2.1e-201  1.3e-197  660.9   0.4     2   403    26   427    25   428 0.99 [190263/488/1]
190263/502/1.f:NONHGB_07035 -            436 GH144.hmm            -            404  1.1e-195  654.6   4.4   1   1  1.9e-199  1.3e-195  654.4   4.4     2   403    28   431    27   432 0.99 [190263/502/1]
190263/461/1.f:DHPHOK_03535 -            443 GH144.hmm            -            404  3.7e-195  652.8   2.6   1   1  6.5e-199  4.2e-195  652.6   2.6     2   404    31   436    30   436 0.99 [190263/461/1]
190263/405/1.f:EHKDKA_07775 -            436 GH144.hmm            -            404  6.2e-195  652.1   4.8   1   1  1.1e-198  7.1e-195  651.9   4.8     2   403    28   431    27   432 0.99 [190263/405/1]
190263/488/1.f:DNPFAC_05670 -            451 GH144.hmm            -            404  2.1e-190  637.2   0.2   1   1  3.8e-194  2.4e-190  637.0   0.2     2   403    36   448    35   449 0.98 [190263/488/1]
190263/585/1.f:DLBDDB_01670 -            457 GH144.hmm            -            404  2.2e-190  637.1   0.8   1   1    4e-194  2.6e-190  636.9   0.8     2   403    36   448    35   449 0.99 [190263/585/1]
190263/404/1.f:BGJBIG_05115 -            467 GH144.hmm            -            404  4.1e-190  636.2   0.6   1   1  7.4e-194  4.8e-190  636.0   0.6     2   403    46   458    45   459 0.98 [190263/404/1]
190263/502/1.f:NONHGB_07030 -            554 GH144.hmm            -            404  5.2e-190  635.9   3.5   1   1  9.5e-194  6.1e-190  635.6   3.5     3   403   149   549   147   550 0.99 [190263/502/1]
190263/475/1.f:MCKEEP_08005 -            457 GH144.hmm            -            404  5.6e-190  635.8   0.7   1   1  9.9e-194  6.4e-190  635.6   0.7     2   403    36   448    35   449 0.99 [190263/475/1]
190263/573/1.f:LIDFCI_16415 -            457 GH144.hmm            -            404  5.6e-190  635.8   0.7   1   1  9.9e-194  6.4e-190  635.6   0.7     2   403    36   448    35   449 0.99 [190263/573/1]
190263/552/1.f:EMALNL_07345 -            457 GH144.hmm            -            404  6.3e-190  635.6   0.8   1   1  1.1e-193  7.3e-190  635.4   0.8     2   403    36   448    35   449 0.99 [190263/552/1]
190263/417/1.f:MHBJAE_05135 -            451 GH144.hmm            -            404  6.4e-190  635.6   0.2   1   1  1.1e-193  7.4e-190  635.4   0.2     2   403    36   448    35   449 0.98 [190263/417/1]
190263/401/1.f:DMFJNH_06835 -            454 GH144.hmm            -            404  8.9e-190  635.1   1.2   1   1  1.6e-193    1e-189  634.9   1.2     2   403    33   445    32   446 0.98 [190263/401/1]
190263/504/1.f:DOAHDM_07435 -            454 GH144.hmm            -            404  1.9e-189  634.0   1.3   1   1  3.3e-193  2.1e-189  633.8   1.3     2   403    33   445    32   446 0.98 [190263/504/1]
190263/368/1.f:HPMDBE_17825 -            460 GH144.hmm            -            404  3.4e-189  633.2   1.9   1   1  6.2e-193    4e-189  632.9   1.9     4   403    44   453    41   454 0.99 [190263/368/1]
190263/369/1.f:JCDIFE_02590 -            444 GH144.hmm            -            404  3.5e-189  633.1   1.3   1   1  6.3e-193  4.1e-189  632.9   1.3     3   403    29   440    27   441 0.99 [190263/369/1]
190263/562/1.f:KJGNCK_02685 -            467 GH144.hmm            -            404  4.3e-189  632.8   0.8   1   1  7.7e-193    5e-189  632.6   0.8     2   403    46   458    45   459 0.98 [190263/562/1]
190263/516/1.f:MGNFBC_15795 -            460 GH144.hmm            -            404  5.1e-189  632.6   1.9   1   1  9.1e-193  5.9e-189  632.4   1.9     4   403    44   453    41   454 0.99 [190263/516/1]
190263/379/1.f:LOJHAC_19895 -            460 GH144.hmm            -            404  5.9e-189  632.4   2.2   1   1  1.1e-192  6.9e-189  632.2   2.2     4   403    44   453    41   454 0.99 [190263/379/1]
190263/466/1.f:PGJOII_04515 -            453 GH144.hmm            -            404  9.2e-189  631.8   0.3   1   1  1.6e-192  1.1e-188  631.6   0.3     3   403    32   443    30   444 0.98 [190263/466/1]
190263/405/1.f:EHKDKA_07770 -            554 GH144.hmm            -            404  1.6e-188  631.0   3.2   1   1  2.9e-192  1.9e-188  630.7   3.2     3   403   149   549   147   550 0.99 [190263/405/1]
190263/585/1.f:DLBDDB_01905 -           1182 GH144.hmm            -            404  1.1e-187  628.2   5.4   1   1  2.7e-191  1.7e-187  627.6   5.4     2   403   764  1174   763  1175 0.98 [190263/585/1]
190263/405/1.f:EHKDKA_03060 -            441 GH144.hmm            -            404  1.7e-187  627.6   0.7   1   1    3e-191  1.9e-187  627.4   0.7     2   403    29   441    28   441 0.98 [190263/405/1]
190263/391/1.f:NONBJF_06395 -            452 GH144.hmm            -            404  1.9e-187  627.4   0.9   1   1  3.4e-191  2.2e-187  627.2   0.9     2   403    37   449    36   450 0.98 [190263/391/1]
190263/534/1.f:OHCFJE_06705 -            452 GH144.hmm            -            404  2.4e-187  627.1   0.8   1   1  4.3e-191  2.8e-187  626.9   0.8     2   403    37   449    36   450 0.98 [190263/534/1]
190263/545/1.f:NCJBIN_06240 -            452 GH144.hmm            -            404  2.4e-187  627.1   0.8   1   1  4.3e-191  2.8e-187  626.9   0.8     2   403    37   449    36   450 0.98 [190263/545/1]
190263/456/1.f:LKAJBD_03840 -            448 GH144.hmm            -            404  2.6e-187  627.0   0.2   1   1  4.5e-191  2.9e-187  626.8   0.2     3   403    32   443    30   444 0.98 [190263/456/1]
190263/461/1.f:DHPHOK_02995 -            444 GH144.hmm            -            404  4.2e-187  626.3   1.1   1   1  7.5e-191  4.9e-187  626.1   1.1     3   403    29   440    27   441 0.99 [190263/461/1]
190263/502/1.f:NONHGB_02850 -            440 GH144.hmm            -            404  5.6e-187  625.9   0.3   1   1  9.9e-191  6.4e-187  625.7   0.3     3   403    29   440    27   440 0.98 [190263/502/1]
190263/502/1.f:NONHGB_02825 -            444 GH144.hmm            -            404  1.6e-186  624.4   0.1   1   1  2.8e-190  1.8e-186  624.2   0.1     3   403    30   441    28   442 0.98 [190263/502/1]
190263/461/1.f:DHPHOK_02965 -            463 GH144.hmm            -            404    2e-186  624.1   0.2   1   1  3.6e-190  2.3e-186  623.9   0.2     3   403    52   462    50   463 0.99 [190263/461/1]
190263/562/1.f:KJGNCK_05715 -            453 GH144.hmm            -            404  6.2e-186  622.4   1.2   1   1  1.1e-189  7.2e-186  622.2   1.2     4   404    39   449    36   449 0.99 [190263/562/1]
190263/405/1.f:EHKDKA_03165 -            440 GH144.hmm            -            404  1.2e-185  621.5   0.1   1   1  2.2e-189  1.4e-185  621.3   0.1     3   403    29   440    27   440 0.98 [190263/405/1]
190263/369/1.f:JCDIFE_02555 -            467 GH144.hmm            -            404  2.8e-185  620.3   0.2   1   1    5e-189  3.2e-185  620.1   0.2     3   403    52   462    50   463 0.99 [190263/369/1]
190263/475/1.f:MCKEEP_04655 -            454 GH144.hmm            -            404  3.7e-185  619.9   0.9   1   1  6.6e-189  4.3e-185  619.7   0.9     4   404    40   450    37   450 0.99 [190263/475/1]
190263/437/1.f:LBKKEJ_06005 -            452 GH144.hmm            -            404  2.2e-184  617.4   0.6   1   1  3.9e-188  2.5e-184  617.1   0.6     4   403    40   449    37   450 0.99 [190263/437/1]
190263/585/1.f:DLBDDB_01900 -            556 GH144.hmm            -            404    3e-182  610.3   2.6   1   1  5.6e-186  3.6e-182  610.1   2.6     3   403   151   551   149   552 0.99 [190263/585/1]
190263/379/1.f:LOJHAC_19905 -            721 GH144.hmm            -            404  1.8e-169  568.2  10.4   1   1  4.3e-173  2.8e-169  567.6  10.4     3   400   299   717   297   719 0.98 [190263/379/1]
190263/516/1.f:MGNFBC_15785 -            721 GH144.hmm            -            404  2.2e-169  568.0  10.5   1   1  5.2e-173  3.4e-169  567.3  10.5     3   400   299   717   297   719 0.98 [190263/516/1]
190263/368/1.f:HPMDBE_17815 -            721 GH144.hmm            -            404  2.5e-169  567.8  10.7   1   1  5.9e-173  3.8e-169  567.2  10.7     3   400   299   717   297   719 0.98 [190263/368/1]
190263/366/1.f:DBJPFP_03425 -            449 GH144.hmm            -            404  4.6e-158  530.7   0.3   1   1  8.3e-162  5.4e-158  530.4   0.3     4   403    34   446    31   447 0.98 [190263/366/1]
190263/405/1.f:EHKDKA_07485 -            719 GH144.hmm            -            404  4.2e-156  524.2   7.8   1   1    1e-159  6.5e-156  523.6   7.8     3   396   295   712   293   717 0.97 [190263/405/1]
190263/366/1.f:DBJPFP_03430 -            464 GH144.hmm            -            404  8.7e-135  454.0   0.2   1   1  1.6e-138    1e-134  453.8   0.2     6   403    47   460    42   461 0.96 [190263/366/1]
190263/475/1.f:MCKEEP_05165 -            542 GH144.hmm            -            404  8.1e-123  414.6   6.3   1   1  1.5e-126  9.6e-123  414.3   6.3     5   401    44   438    40   441 0.96 [190263/475/1]
#
# Program:         hmmsearch
# Version:         3.3.2 (Nov 2020)
# Pipeline mode:   SEARCH
# Query file:      /kb/module/work/tmp/output.1725388484971/GH144/GH144.hmm
# Target file:     /kb/module/work/tmp/output.1725388484971/hCom2_RAST.fasta
# Option settings: /kb/module/hmmer/bin/hmmsearch --domtblout /kb/module/work/tmp/output.1725388484971/GH144/GH144-hCom2_RAST.hitout.txt --noali --notextw --domE 1e-15 /kb/module/work/tmp/output.1725388484971/GH144/GH144.hmm /kb/module/work/tmp/output.1725388484971/hCom2_RAST.fasta 
# Current dir:     /kb/module/work/tmp/output.1725388484971
# Date:            Tue Sep  3 18:56:29 2024
# [ok]
