#                                                                                   --- full sequence --- -------------- this domain -------------   hmm coord   ali coord   env coord
# target name               accession   tlen query name           accession   qlen   E-value  score  bias   #  of  c-Evalue  i-Evalue  score  bias  from    to  from    to  from    to  acc description of target
#       ------------------- ---------- ----- -------------------- ---------- ----- --------- ------ ----- --- --- --------- --------- ------ ----- ----- ----- ----- ----- ----- ----- ---- ---------------------
190263/405/1.f:EHKDKA_22140 -            782 GH146.hmm            -            503  2.7e-220  736.4   0.1   1   1  3.7e-223    6e-220  735.3   0.1     1   503    33   541    33   541 1.00 [190263/405/1]
190263/502/1.f:NONHGB_20440 -            789 GH146.hmm            -            503  6.7e-218  728.5   0.1   1   1  6.2e-221    1e-217  727.9   0.1     1   503    33   548    33   548 0.99 [190263/502/1]
190263/456/1.f:LKAJBD_09265 -            781 GH146.hmm            -            503  1.8e-216  723.8   0.0   1   1  1.4e-219  2.2e-216  723.5   0.0     2   503    33   540    32   540 0.99 [190263/456/1]
190263/562/1.f:KJGNCK_15400 -            800 GH146.hmm            -            503  1.5e-211  707.6   0.0   1   1  1.2e-214  1.9e-211  707.3   0.0     2   503    33   559    32   559 0.97 [190263/562/1]
190263/504/1.f:DOAHDM_15590 -            802 GH146.hmm            -            503  1.8e-211  707.3   0.0   1   1  1.4e-214  2.3e-211  707.0   0.0     1   503    32   560    32   560 0.97 [190263/504/1]
190263/388/1.f:FDDJJK_02580 -            783 GH146.hmm            -            503    4e-211  706.2   0.0   1   1  5.5e-214  9.1e-211  705.0   0.0     1   503    35   543    35   543 0.99 [190263/388/1]
190263/401/1.f:DMFJNH_15930 -            802 GH146.hmm            -            503  4.2e-211  706.1   0.0   1   1  3.4e-214  5.5e-211  705.7   0.0     1   503    32   560    32   560 0.97 [190263/401/1]
190263/534/1.f:OHCFJE_09740 -            783 GH146.hmm            -            503  5.2e-211  705.8   0.0   1   1  3.9e-214  6.4e-211  705.5   0.0     1   503    35   543    35   543 0.99 [190263/534/1]
190263/475/1.f:MCKEEP_15250 -            800 GH146.hmm            -            503    9e-211  705.0   0.0   1   1  7.3e-214  1.2e-210  704.6   0.0     2   503    33   559    32   559 0.97 [190263/475/1]
190263/391/1.f:NONBJF_02475 -            783 GH146.hmm            -            503  1.2e-210  704.6   0.0   1   1  9.3e-214  1.5e-210  704.3   0.0     1   503    35   543    35   543 0.99 [190263/391/1]
190263/585/1.f:DLBDDB_15960 -            800 GH146.hmm            -            503  1.6e-210  704.2   0.0   1   1  1.3e-213  2.2e-210  703.7   0.0     1   503    32   559    32   559 0.98 [190263/585/1]
190263/545/1.f:NCJBIN_02850 -            783 GH146.hmm            -            503  2.5e-210  703.6   0.0   1   1    2e-213  3.2e-210  703.2   0.0     1   503    35   543    35   543 0.99 [190263/545/1]
190263/552/1.f:EMALNL_14965 -            800 GH146.hmm            -            503  3.4e-210  703.1   0.0   1   1  2.8e-213  4.6e-210  702.7   0.0     2   503    33   559    32   559 0.97 [190263/552/1]
190263/573/1.f:LIDFCI_05030 -            800 GH146.hmm            -            503  1.8e-209  700.8   0.0   1   1  1.4e-212  2.3e-209  700.4   0.0     2   503    33   559    32   559 0.98 [190263/573/1]
190263/526/1.f:GBBCGM_17355 -            779 GH146.hmm            -            503  8.6e-206  688.6   0.0   1   1  6.3e-209    1e-205  688.3   0.0     1   503    44   554    44   554 0.99 [190263/526/1]
190263/399/1.f:CDLIDF_16930 -            796 GH146.hmm            -            503  1.9e-202  677.6   0.6   1   1  3.5e-205  5.7e-202  676.0   0.1     1   502    37   543    37   544 0.98 [190263/399/1]
190263/504/1.f:DOAHDM_14535 -            641 GH146.hmm            -            503  1.1e-200  671.7   0.3   1   1    8e-204  1.3e-200  671.5   0.3     1   503    51   556    51   556 1.00 [190263/504/1]
190263/401/1.f:DMFJNH_14505 -            641 GH146.hmm            -            503  1.1e-200  671.7   0.3   1   1    8e-204  1.3e-200  671.5   0.3     1   503    51   556    51   556 1.00 [190263/401/1]
190263/405/1.f:EHKDKA_03500 -            777 GH146.hmm            -            503  1.9e-200  670.9   0.1   1   1  1.6e-203  2.6e-200  670.5   0.1     2   503    41   549    40   549 0.99 [190263/405/1]
190263/405/1.f:EHKDKA_15380 -            641 GH146.hmm            -            503  8.2e-200  668.9   0.3   1   1    6e-203  9.8e-200  668.6   0.3     1   503    50   555    50   555 1.00 [190263/405/1]
190263/573/1.f:LIDFCI_04150 -            640 GH146.hmm            -            503  8.3e-200  668.9   0.2   1   1    6e-203  9.7e-200  668.6   0.2     1   503    49   554    49   554 1.00 [190263/573/1]
190263/534/1.f:OHCFJE_01330 -            646 GH146.hmm            -            503  1.9e-199  667.7   0.1   1   1  1.5e-202  2.5e-199  667.3   0.1     1   503    55   560    55   560 1.00 [190263/534/1]
190263/388/1.f:FDDJJK_00630 -            640 GH146.hmm            -            503  4.1e-199  666.6   0.2   1   1  3.4e-202  5.5e-199  666.1   0.2     1   503    49   554    49   554 1.00 [190263/388/1]
190263/562/1.f:KJGNCK_14290 -            643 GH146.hmm            -            503  2.8e-198  663.8   0.1   1   1    2e-201  3.3e-198  663.6   0.1     1   503    52   557    52   557 1.00 [190263/562/1]
190263/552/1.f:EMALNL_14050 -            643 GH146.hmm            -            503  4.2e-198  663.2   0.1   1   1  3.1e-201    5e-198  663.0   0.1     2   503    52   556    51   556 1.00 [190263/552/1]
190263/573/1.f:LIDFCI_15910 -            801 GH146.hmm            -            503    1e-197  661.9   1.1   1   1  6.1e-200  9.9e-197  658.7   0.3     1   502    35   544    35   545 0.98 [190263/573/1]
190263/585/1.f:DLBDDB_17025 -            644 GH146.hmm            -            503  2.4e-197  660.7   0.1   1   1  1.7e-200  2.8e-197  660.5   0.1     1   503    52   557    52   557 1.00 [190263/585/1]
190263/391/1.f:NONBJF_00570 -            646 GH146.hmm            -            503  2.6e-196  657.3   0.0   1   1  2.2e-199  3.5e-196  656.9   0.0     1   503    55   560    55   560 1.00 [190263/391/1]
190263/545/1.f:NCJBIN_00670 -            646 GH146.hmm            -            503  9.2e-196  655.5   0.0   1   1  7.2e-199  1.2e-195  655.2   0.0     1   503    55   560    55   560 1.00 [190263/545/1]
190263/552/1.f:EMALNL_01530 -            801 GH146.hmm            -            503  2.9e-195  653.9   1.5   1   1  2.3e-197  3.7e-194  650.2   0.0     1   502    36   546    36   547 0.99 [190263/552/1]
190263/502/1.f:NONHGB_05205 -            805 GH146.hmm            -            503    3e-195  653.8   0.8   1   1  6.2e-197    1e-193  648.8   0.3     1   502    33   545    33   546 0.98 [190263/502/1]
190263/405/1.f:EHKDKA_05890 -            805 GH146.hmm            -            503  1.2e-194  651.9   0.7   1   1  1.4e-196  2.3e-193  647.6   0.3     1   502    33   545    33   546 0.98 [190263/405/1]
190263/502/1.f:NONHGB_01650 -            777 GH146.hmm            -            503  1.8e-194  651.2   0.1   1   1  1.4e-197  2.3e-194  650.9   0.1     1   503    43   553    43   553 0.99 [190263/502/1]
190263/405/1.f:EHKDKA_05875 -            790 GH146.hmm            -            503  1.8e-190  638.1   0.0   1   1  1.8e-193    3e-190  637.3   0.0     1   502    32   540    32   541 0.98 [190263/405/1]
190263/502/1.f:NONHGB_05190 -            790 GH146.hmm            -            503  2.5e-189  634.3   0.1   1   1  2.8e-192  4.6e-189  633.4   0.0     1   502    32   540    32   541 0.98 [190263/502/1]
190263/391/1.f:NONBJF_11035 -            811 GH146.hmm            -            503  9.7e-183  612.5   0.3   1   1  7.2e-186  1.2e-182  612.3   0.3     1   503    40   557    40   557 0.99 [190263/391/1]
190263/396/1.f:KAAOMA_13875 -           1082 GH146.hmm            -            503  1.5e-179  602.0   1.3   1   1  1.2e-182  1.9e-179  601.7   1.3     1   503    47   572    47   572 0.97 [190263/396/1]
190263/391/1.f:NONBJF_04455 -            808 GH146.hmm            -            503  3.2e-179  600.9   0.0   1   1  2.4e-182  3.9e-179  600.7   0.0     1   503    41   559    41   559 0.98 [190263/391/1]
190263/534/1.f:OHCFJE_07765 -            808 GH146.hmm            -            503  3.2e-179  600.9   0.0   1   1  2.4e-182  3.9e-179  600.7   0.0     1   503    41   559    41   559 0.98 [190263/534/1]
190263/545/1.f:NCJBIN_05120 -            808 GH146.hmm            -            503  3.2e-179  600.9   0.0   1   1  2.4e-182  3.9e-179  600.7   0.0     1   503    41   559    41   559 0.98 [190263/545/1]
190263/534/1.f:OHCFJE_07750 -            797 GH146.hmm            -            503  5.9e-179  600.1   0.0   1   1  4.8e-182  7.9e-179  599.6   0.0     1   503    46   560    46   560 0.97 [190263/534/1]
190263/391/1.f:NONBJF_04470 -            797 GH146.hmm            -            503  5.9e-179  600.1   0.0   1   1  4.8e-182  7.9e-179  599.6   0.0     1   503    46   560    46   560 0.97 [190263/391/1]
190263/545/1.f:NCJBIN_05135 -            797 GH146.hmm            -            503  1.4e-178  598.9   0.0   1   1  1.1e-181  1.8e-178  598.5   0.0     1   503    46   560    46   560 0.97 [190263/545/1]
190263/527/1.f:HGADJN_00815 -            853 GH146.hmm            -            503  1.5e-178  598.7   0.0   1   1  1.1e-181  1.8e-178  598.5   0.0     1   503    13   591    13   591 0.95 [190263/527/1]
190263/580/1.f:JCPJNN_08960 -            754 GH146.hmm            -            503  6.9e-174  583.3   0.0   1   1  5.6e-177  9.1e-174  583.0   0.0     6   503   193   697   189   697 0.98 [190263/580/1]
190263/412/1.f:OOIBGL_16405 -            791 GH146.hmm            -            503  3.2e-172  577.8   0.9   1   1  2.4e-175  3.9e-172  577.6   0.9     1   503    13   535    13   535 0.96 [190263/412/1]
190263/580/1.f:JCPJNN_10050 -            628 GH146.hmm            -            503  1.5e-171  575.6   0.3   1   1  1.1e-174  1.8e-171  575.4   0.3     3   503    16   560    14   560 0.97 [190263/580/1]
190263/447/1.f:OLODHC_13880 -            742 GH146.hmm            -            503  2.6e-170  571.6   0.2   1   1    2e-173  3.3e-170  571.2   0.2     7   503   186   688   181   688 0.98 [190263/447/1]
190263/401/1.f:DMFJNH_03590 -            655 GH146.hmm            -            503  3.3e-170  571.2   0.0   1   1  2.3e-173  3.8e-170  571.0   0.0     1   503    50   571    50   571 0.99 [190263/401/1]
190263/504/1.f:DOAHDM_04025 -            655 GH146.hmm            -            503  3.3e-170  571.2   0.0   1   1  2.3e-173  3.8e-170  571.0   0.0     1   503    50   571    50   571 0.99 [190263/504/1]
190263/404/1.f:BGJBIG_02680 -            655 GH146.hmm            -            503  1.2e-168  566.1   0.0   1   1  8.4e-172  1.4e-168  565.9   0.0     2   503    51   571    50   571 0.98 [190263/404/1]
190263/366/1.f:DBJPFP_01255 -            643 GH146.hmm            -            503  8.1e-168  563.3   0.0   1   1  5.7e-171  9.3e-168  563.1   0.0     1   503    45   560    45   560 0.99 [190263/366/1]
190263/455/1.f:GDGJDA_00565 -            747 GH146.hmm            -            503  5.9e-161  540.7   0.8   1   1  4.3e-164  7.1e-161  540.4   0.8     1   503   186   696   186   696 0.96 [190263/455/1]
190263/580/1.f:JCPJNN_30700 -           1101 GH146.hmm            -            503  1.3e-160  539.6   0.0   1   1    1e-163  1.7e-160  539.2   0.0     4   502   462  1041   458  1042 0.97 [190263/580/1]
190263/447/1.f:OLODHC_13600 -            740 GH146.hmm            -            503    9e-156  523.6   2.8   1   1  6.5e-159  1.1e-155  523.4   2.8     2   503   187   690   186   690 0.96 [190263/447/1]
190263/502/1.f:NONHGB_14105 -            713 GH146.hmm            -            503  2.8e-148  498.9   0.7   1   1  2.1e-151  3.4e-148  498.6   0.7   138   503     3   367     1   367 0.99 [190263/502/1]
190263/580/1.f:JCPJNN_28250 -            645 GH146.hmm            -            503  1.2e-146  493.5   0.0   1   1  8.5e-150  1.4e-146  493.3   0.0     3   503    11   577     9   577 0.96 [190263/580/1]
190263/580/1.f:JCPJNN_11815 -            620 GH146.hmm            -            503    7e-144  484.3   0.4   1   1  4.9e-147  8.1e-144  484.2   0.4     2   503     9   553     8   553 0.96 [190263/580/1]
190263/534/1.f:OHCFJE_06540 -           1118 GH146.hmm            -            503  7.2e-142  477.7   6.2   1   1  6.6e-145  1.1e-141  477.1   6.2     6   490   161   734   155   744 0.91 [190263/534/1]
190263/388/1.f:FDDJJK_05885 -           1118 GH146.hmm            -            503  1.1e-141  477.2   6.5   1   1  9.5e-145  1.6e-141  476.6   6.5     6   489   161   732   155   743 0.91 [190263/388/1]
190263/580/1.f:JCPJNN_26905 -            601 GH146.hmm            -            503   1.2e-97  331.8   0.0   1   1  2.5e-100   4.1e-97  330.1   0.0     2   503    12   535    11   535 0.92 [190263/580/1]
190263/405/1.f:EHKDKA_01850 -            664 GH146.hmm            -            503   2.2e-65  225.4   0.8   1   1   2.1e-68   3.5e-65  224.8   0.8    43   494    72   540    45   547 0.83 [190263/405/1]
190263/399/1.f:CDLIDF_06490 -            802 GH146.hmm            -            503     2e-57  199.1   0.0   1   1     2e-60   3.2e-57  198.5   0.0    68   502   104   569    98   570 0.87 [190263/399/1]
190263/534/1.f:OHCFJE_06605 -            801 GH146.hmm            -            503     2e-56  195.9   0.1   1   1   1.9e-59   3.1e-56  195.2   0.1    68   502   103   568    98   569 0.87 [190263/534/1]
190263/502/1.f:NONHGB_01695 -            801 GH146.hmm            -            503   4.1e-56  194.8   0.0   1   1   3.9e-59   6.4e-56  194.2   0.0    68   502   103   568    98   569 0.87 [190263/502/1]
190263/391/1.f:NONBJF_06475 -            801 GH146.hmm            -            503   4.5e-56  194.7   0.0   1   1   4.2e-59   6.9e-56  194.1   0.0    68   502   103   568    98   569 0.87 [190263/391/1]
190263/365/1.f:JJMMAK_04890 -            625 GH146.hmm            -            503     7e-56  194.1   0.1   1   1   7.9e-59   1.3e-55  193.2   0.1    46   503    72   530    35   530 0.88 [190263/365/1]
190263/545/1.f:NCJBIN_06340 -            801 GH146.hmm            -            503     7e-56  194.1   0.0   1   1   6.6e-59   1.1e-55  193.4   0.0    68   502   103   568    98   569 0.87 [190263/545/1]
190263/388/1.f:FDDJJK_05825 -            801 GH146.hmm            -            503     1e-55  193.5   0.1   1   1   9.4e-59   1.5e-55  192.9   0.1    68   502   103   568    98   569 0.87 [190263/388/1]
190263/405/1.f:EHKDKA_01820 -            801 GH146.hmm            -            503   1.1e-55  193.4   0.0   1   1   1.1e-58   1.8e-55  192.7   0.0    68   502   103   568    98   569 0.87 [190263/405/1]
190263/497/1.f:HENFFC_07160 -            625 GH146.hmm            -            503   2.9e-55  192.0   0.2   1   1   3.3e-58   5.3e-55  191.2   0.2    46   503    72   530    35   530 0.89 [190263/497/1]
190263/366/1.f:DBJPFP_12310 -           1135 GH146.hmm            -            503   8.6e-55  190.5   0.0   1   1   6.9e-58   1.1e-54  190.1   0.0    53   503   598  1066   514  1066 0.86 [190263/366/1]
190263/502/1.f:NONHGB_01675 -            812 GH146.hmm            -            503   8.6e-55  190.5   0.1   1   1   7.9e-58   1.3e-54  189.9   0.1    67   501   104   569    99   571 0.87 [190263/502/1]
190263/526/1.f:GBBCGM_18785 -            800 GH146.hmm            -            503   1.1e-54  190.1   0.0   1   1   1.1e-57   1.8e-54  189.4   0.0    67   502   101   567    96   568 0.87 [190263/526/1]
190263/401/1.f:DMFJNH_07480 -            668 GH146.hmm            -            503   1.8e-54  189.4   0.0   1   1   1.7e-57   2.8e-54  188.8   0.0    69   502   101   564    94   565 0.84 [190263/401/1]
190263/504/1.f:DOAHDM_07985 -            668 GH146.hmm            -            503   1.8e-54  189.4   0.0   1   1   1.7e-57   2.8e-54  188.8   0.0    69   502   101   564    94   565 0.84 [190263/504/1]
190263/540/1.f:BCGFLB_01330 -            630 GH146.hmm            -            503   2.2e-54  189.1   0.0   1   1   1.9e-57     3e-54  188.7   0.0    58   503    81   535    60   535 0.91 [190263/540/1]
190263/391/1.f:NONBJF_06520 -            811 GH146.hmm            -            503   3.1e-54  188.6   0.3   1   1   3.1e-57   5.1e-54  187.9   0.3    68   501   104   568    99   570 0.87 [190263/391/1]
190263/497/1.f:HENFFC_04040 -            657 GH146.hmm            -            503   4.3e-54  188.2   0.0   1   1   4.3e-57     7e-54  187.5   0.0    68   502   100   565    94   566 0.85 [190263/497/1]
190263/379/1.f:LOJHAC_08185 -            623 GH146.hmm            -            503   5.2e-54  187.9   0.1   1   1   4.9e-57     8e-54  187.3   0.1    46   503    72   530    38   530 0.89 [190263/379/1]
190263/516/1.f:MGNFBC_06915 -            623 GH146.hmm            -            503   5.2e-54  187.9   0.1   1   1   4.9e-57     8e-54  187.3   0.1    46   503    72   530    38   530 0.89 [190263/516/1]
190263/534/1.f:OHCFJE_06575 -            811 GH146.hmm            -            503     6e-54  187.7   0.3   1   1   5.6e-57   9.1e-54  187.1   0.3    67   501   103   568    98   570 0.87 [190263/534/1]
190263/595/1.f:HGDLEC_06260 -            825 GH146.hmm            -            503   6.7e-54  187.5   0.0   1   1   6.8e-57   1.1e-53  186.8   0.0    68   502   108   577   103   578 0.86 [190263/595/1]
190263/545/1.f:NCJBIN_06385 -            810 GH146.hmm            -            503   1.7e-53  186.2   0.2   1   1   1.7e-56   2.7e-53  185.5   0.2    68   501   103   567    98   569 0.87 [190263/545/1]
190263/366/1.f:DBJPFP_01340 -            794 GH146.hmm            -            503   1.8e-53  186.1   0.0   1   1   2.7e-56   4.3e-53  184.8   0.0     8   503   236   728   233   728 0.85 [190263/366/1]
190263/388/1.f:FDDJJK_05860 -            811 GH146.hmm            -            503   1.8e-53  186.1   0.1   1   1   1.8e-56     3e-53  185.4   0.1    68   501   104   568    99   570 0.86 [190263/388/1]
190263/399/1.f:CDLIDF_06440 -            821 GH146.hmm            -            503   3.4e-53  185.2   1.6   1   1   3.5e-56   5.8e-53  184.4   1.6    67   501   113   578   108   580 0.86 [190263/399/1]
190263/405/1.f:EHKDKA_01800 -            820 GH146.hmm            -            503   4.8e-53  184.7   0.3   1   1   4.5e-56   7.3e-53  184.1   0.3    67   501   112   577   107   579 0.87 [190263/405/1]
190263/540/1.f:BCGFLB_06565 -            664 GH146.hmm            -            503   1.7e-52  182.9   0.0   1   1   1.9e-55   3.1e-52  182.0   0.0    22   503    68   547    62   547 0.88 [190263/540/1]
190263/369/1.f:JCDIFE_00200 -            668 GH146.hmm            -            503   6.2e-52  181.0   0.0   1   1     6e-55   9.8e-52  180.4   0.0    70   502   106   576    99   577 0.85 [190263/369/1]
190263/580/1.f:JCPJNN_28930 -            686 GH146.hmm            -            503   1.5e-51  179.8   0.0   1   1   1.4e-54   2.4e-51  179.1   0.0    63   502   110   595   100   596 0.84 [190263/580/1]
190263/502/1.f:NONHGB_13570 -            611 GH146.hmm            -            503   1.6e-51  179.7   2.4   1   1   1.5e-54   2.4e-51  179.1   2.4    46   503    63   520    40   520 0.87 [190263/502/1]
190263/516/1.f:MGNFBC_17200 -            617 GH146.hmm            -            503   1.7e-51  179.6   0.0   1   1   1.9e-54   3.1e-51  178.7   0.0    64   502    98   547    94   548 0.85 [190263/516/1]
190263/497/1.f:HENFFC_04035 -            816 GH146.hmm            -            503   1.8e-51  179.5   0.0   1   1   1.9e-54     3e-51  178.8   0.0    72   502   106   569    97   570 0.85 [190263/497/1]
190263/461/1.f:DHPHOK_00490 -            663 GH146.hmm            -            503   2.3e-51  179.1   0.0   1   1   2.3e-54   3.7e-51  178.5   0.0    69   502   105   576    98   577 0.85 [190263/461/1]
190263/368/1.f:HPMDBE_18990 -            618 GH146.hmm            -            503     1e-50  177.0   0.0   1   1   1.4e-53   2.3e-50  175.9   0.0    64   502   100   548    98   549 0.86 [190263/368/1]
190263/585/1.f:DLBDDB_14240 -            700 GH146.hmm            -            503   1.3e-50  176.7   0.4   1   1     1e-53   1.6e-50  176.3   0.4    63   502   106   608    79   609 0.88 [190263/585/1]
190263/564/1.f:KIHMBJ_11400 -            630 GH146.hmm            -            503   1.8e-50  176.2   0.0   1   1     2e-53   3.3e-50  175.3   0.0    58   503    82   536    68   536 0.87 [190263/564/1]
190263/552/1.f:EMALNL_17165 -            698 GH146.hmm            -            503   2.1e-50  176.0   0.3   1   1   1.7e-53   2.8e-50  175.6   0.3    63   502   106   606    80   607 0.88 [190263/552/1]
190263/365/1.f:JJMMAK_00635 -            617 GH146.hmm            -            503   3.8e-50  175.1   0.1   1   1   4.4e-53   7.3e-50  174.2   0.1    64   502    99   547    95   548 0.86 [190263/365/1]
190263/379/1.f:LOJHAC_18325 -            618 GH146.hmm            -            503   4.1e-50  175.0   0.0   1   1   5.4e-53   8.9e-50  173.9   0.0    64   501   100   547    98   549 0.85 [190263/379/1]
190263/475/1.f:MCKEEP_18705 -            698 GH146.hmm            -            503   8.9e-50  173.9   0.5   1   1   7.3e-53   1.2e-49  173.5   0.5    63   502   106   606    80   607 0.86 [190263/475/1]
190263/562/1.f:KJGNCK_18160 -            698 GH146.hmm            -            503   1.1e-49  173.7   0.3   1   1   8.7e-53   1.4e-49  173.3   0.3    62   502   105   606    74   607 0.84 [190263/562/1]
190263/595/1.f:HGDLEC_06250 -            813 GH146.hmm            -            503   7.4e-49  170.9   0.0   1   1   7.2e-52   1.2e-48  170.2   0.0    68   502   108   569   102   570 0.86 [190263/595/1]
190263/417/1.f:MHBJAE_05025 -            695 GH146.hmm            -            503   1.4e-48  170.0   0.1   1   1     3e-46   4.9e-43  151.7   0.0   232   502   333   621   319   622 0.91 [190263/417/1]
190263/488/1.f:DNPFAC_05565 -            695 GH146.hmm            -            503   3.8e-48  168.6   0.2   1   1   1.4e-45   2.3e-42  149.4   0.0   232   502   333   621   319   622 0.91 [190263/488/1]
190263/534/1.f:OHCFJE_14190 -            701 GH146.hmm            -            503   3.8e-48  168.5   1.6   1   1   3.1e-51     5e-48  168.2   1.6    62   502   105   606    64   607 0.84 [190263/534/1]
190263/388/1.f:FDDJJK_13630 -            701 GH146.hmm            -            503     5e-48  168.1   1.4   1   1     4e-51   6.6e-48  167.8   1.4    62   502   105   606    64   607 0.84 [190263/388/1]
190263/564/1.f:KIHMBJ_03195 -            623 GH146.hmm            -            503   5.1e-48  168.1   0.0   1   1   6.5e-51   1.1e-47  167.1   0.0    67   502   105   554   100   555 0.85 [190263/564/1]
190263/409/1.f:AJJCMD_19200 -            647 GH146.hmm            -            503   6.4e-48  167.8   0.4   1   1   7.1e-51   1.2e-47  166.9   0.4    21   502    44   556    30   557 0.90 [190263/409/1]
190263/545/1.f:NCJBIN_15115 -            701 GH146.hmm            -            503   7.6e-48  167.5   1.5   1   1   6.1e-51     1e-47  167.2   1.5    62   502   105   606    64   607 0.84 [190263/545/1]
190263/456/1.f:LKAJBD_05205 -            698 GH146.hmm            -            503   7.7e-48  167.5   1.4   1   1   6.4e-51     1e-47  167.1   1.4    63   502   106   606    94   607 0.87 [190263/456/1]
190263/556/1.f:EMIPPF_01670 -            687 GH146.hmm            -            503   8.2e-48  167.5   0.0   1   1   5.3e-44   8.6e-41  144.3   0.0   233   502   328   614   318   615 0.91 [190263/556/1]
190263/391/1.f:NONBJF_14620 -            701 GH146.hmm            -            503   8.2e-48  167.4   1.5   1   1   6.6e-51   1.1e-47  167.0   1.5    62   502   105   606    63   607 0.84 [190263/391/1]
190263/429/1.f:OMPHBF_13100 -            653 GH146.hmm            -            503   1.5e-47  166.6   0.0   1   1   2.9e-50   4.7e-47  164.9   0.0    27   502    52   564    37   565 0.85 [190263/429/1]
190263/504/1.f:DOAHDM_19090 -            698 GH146.hmm            -            503   1.7e-47  166.4   0.5   1   1   1.4e-50   2.3e-47  165.9   0.5    63   502   106   606    80   607 0.84 [190263/504/1]
190263/405/1.f:EHKDKA_15970 -            698 GH146.hmm            -            503   6.7e-47  164.4   0.3   1   1   5.4e-50   8.9e-47  164.0   0.3    62   502   105   606    75   607 0.85 [190263/405/1]
190263/401/1.f:DMFJNH_18165 -            698 GH146.hmm            -            503   1.1e-46  163.8   0.4   1   1   8.9e-50   1.5e-46  163.3   0.4    63   502   106   606    80   607 0.84 [190263/401/1]
190263/562/1.f:KJGNCK_03860 -            621 GH146.hmm            -            503   3.5e-46  162.1   3.1   1   1     3e-49   4.9e-46  161.6   3.1    54   503    66   523    47   523 0.90 [190263/562/1]
190263/526/1.f:GBBCGM_18805 -            796 GH146.hmm            -            503   4.2e-46  161.8   0.0   1   1     4e-49   6.5e-46  161.2   0.0    66   502    99   567    45   568 0.88 [190263/526/1]
190263/437/1.f:LBKKEJ_18170 -            552 GH146.hmm            -            503     1e-45  160.5   0.0   1   1   9.1e-49   1.5e-45  160.0   0.0    67   465   126   551   121   552 0.86 [190263/437/1]
190263/417/1.f:MHBJAE_02545 -            691 GH146.hmm            -            503   1.8e-45  159.7   0.0   1   1   1.5e-42   2.5e-39  139.5   0.0   225   501   328   622   318   624 0.89 [190263/417/1]
190263/520/1.f:GGDGDE_15640 -            643 GH146.hmm            -            503   2.4e-45  159.3   0.0   1   1   4.1e-48   6.7e-45  157.8   0.0    23   502    46   556    13   557 0.86 [190263/520/1]
190263/488/1.f:DNPFAC_02820 -            691 GH146.hmm            -            503   1.3e-44  156.9   0.0   1   1   6.9e-43   1.1e-39  140.6   0.0   225   501   328   622   318   624 0.90 [190263/488/1]
190263/595/1.f:HGDLEC_08220 -            678 GH146.hmm            -            503   5.4e-44  154.9   0.0   1   1     5e-47   8.1e-44  154.3   0.0    67   502   106   581   101   582 0.86 [190263/595/1]
190263/472/1.f:NMGHJI_01015 -            642 GH146.hmm            -            503   7.6e-44  154.4   0.1   1   1   8.9e-47   1.5e-43  153.4   0.1    23   502    46   554    13   555 0.86 [190263/472/1]
190263/531/1.f:KJIPPC_12180 -            649 GH146.hmm            -            503     8e-44  154.3   0.3   1   1   1.1e-46   1.8e-43  153.2   0.3    61   502    78   558    41   559 0.84 [190263/531/1]
190263/460/1.f:IHFGKI_11310 -            690 GH146.hmm            -            503   9.5e-44  154.0   0.0   1   1   9.3e-47   1.5e-43  153.4   0.0    68   502   119   593   113   594 0.85 [190263/460/1]
190263/545/1.f:NCJBIN_05130 -            807 GH146.hmm            -            503     1e-43  154.0   0.0   1   1   1.1e-46   1.8e-43  153.2   0.0    64   502    98   579    96   580 0.91 [190263/545/1]
190263/534/1.f:OHCFJE_07755 -            807 GH146.hmm            -            503   1.6e-43  153.3   0.0   1   1   1.8e-46   2.9e-43  152.4   0.0    64   502    98   579    96   580 0.91 [190263/534/1]
190263/472/1.f:NMGHJI_16585 -            650 GH146.hmm            -            503   3.1e-43  152.3   1.5   1   1     7e-46   1.2e-42  150.5   1.5    22   502    46   557    36   558 0.80 [190263/472/1]
190263/391/1.f:NONBJF_04465 -            807 GH146.hmm            -            503     5e-43  151.7   0.0   1   1   5.5e-46   9.1e-43  150.8   0.0    64   502    98   579    96   580 0.91 [190263/391/1]
190263/401/1.f:DMFJNH_26805 -            687 GH146.hmm            -            503   6.2e-43  151.4   0.0   1   1   8.4e-42   1.4e-38  137.0   0.0   232   501   331   618   317   620 0.87 [190263/401/1]
190263/504/1.f:DOAHDM_24790 -            687 GH146.hmm            -            503   6.2e-43  151.4   0.0   1   1   8.4e-42   1.4e-38  137.0   0.0   232   501   331   618   317   620 0.87 [190263/504/1]
190263/409/1.f:AJJCMD_23840 -            644 GH146.hmm            -            503     1e-42  150.6   0.0   1   1   1.6e-45   2.6e-42  149.3   0.0    63   502    69   557    42   558 0.86 [190263/409/1]
190263/409/1.f:AJJCMD_17575 -            676 GH146.hmm            -            503   1.3e-42  150.3   0.0   1   1   1.5e-45   2.5e-42  149.3   0.0    63   502   111   584   109   585 0.87 [190263/409/1]
190263/447/1.f:OLODHC_00615 -            656 GH146.hmm            -            503   6.4e-42  148.0   0.8   1   1   6.1e-45     1e-41  147.4   0.8    23   486    48   540    32   561 0.86 [190263/447/1]
190263/386/1.f:DBGIOG_15485 -            647 GH146.hmm            -            503   1.1e-41  147.3   0.0   1   1   1.4e-44   2.4e-41  146.1   0.0    25   502    48   557    37   558 0.87 [190263/386/1]
190263/520/1.f:GGDGDE_16795 -            650 GH146.hmm            -            503   1.9e-41  146.5   0.1   1   1   2.7e-44   4.5e-41  145.2   0.1    61   502    78   559    40   560 0.82 [190263/520/1]
190263/540/1.f:BCGFLB_04910 -            632 GH146.hmm            -            503   6.4e-41  144.7   0.0   1   1   5.3e-44   8.6e-41  144.3   0.0    61   503    94   561    82   561 0.83 [190263/540/1]
190263/437/1.f:LBKKEJ_08000 -            593 GH146.hmm            -            503   8.8e-41  144.2   0.0   1   1   9.6e-44   1.6e-40  143.4   0.0   186   502     1   362     1   363 0.85 [190263/437/1]
190263/429/1.f:OMPHBF_11480 -            643 GH146.hmm            -            503   9.8e-41  144.1   0.1   1   1   2.3e-43   3.8e-40  142.2   0.1    63   502    80   554    43   555 0.86 [190263/429/1]
190263/546/1.f:GEHMID_15495 -            645 GH146.hmm            -            503   1.1e-40  143.9   0.0   1   1   1.5e-43   2.4e-40  142.8   0.0    23   502    44   555    27   556 0.84 [190263/546/1]
190263/477/1.f:PCLDCI_00085 -           1296 GH146.hmm            -            503   3.1e-40  142.4   0.4   1   1   4.1e-43   6.6e-40  141.4   0.4     3   503   229   751   227   751 0.84 [190263/477/1]
190263/429/1.f:OMPHBF_00680 -            650 GH146.hmm            -            503     3e-39  139.2   0.2   1   1   3.7e-42     6e-39  138.2   0.2    23   502    36   558    14   559 0.81 [190263/429/1]
190263/420/1.f:GMHOLO_08220 -            721 GH146.hmm            -            503   7.6e-39  137.9   0.0   1   1   1.2e-41   1.9e-38  136.5   0.0    64   500   115   606   111   609 0.82 [190263/420/1]
190263/564/1.f:KIHMBJ_10600 -            810 GH146.hmm            -            503   1.1e-38  137.3   0.0   1   1   1.3e-41   2.1e-38  136.4   0.0    63   502    88   575    87   576 0.86 [190263/564/1]
190263/527/1.f:HGADJN_00640 -            657 GH146.hmm            -            503   1.1e-38  137.3   0.0   1   1   2.1e-41   3.4e-38  135.7   0.0    63   502    81   564    78   565 0.85 [190263/527/1]
190263/420/1.f:GMHOLO_00595 -            657 GH146.hmm            -            503   1.8e-38  136.6   0.0   1   1   3.4e-41   5.6e-38  135.0   0.0    63   502    81   564    80   565 0.84 [190263/420/1]
190263/417/1.f:MHBJAE_02495 -            820 GH146.hmm            -            503   7.1e-38  134.7   0.0   1   1   8.5e-41   1.4e-37  133.7   0.0    75   502   106   584    32   585 0.80 [190263/417/1]
190263/488/1.f:DNPFAC_02770 -            820 GH146.hmm            -            503   2.8e-37  132.7   0.0   1   1     3e-40     5e-37  131.9   0.0    64   502    95   584    32   585 0.80 [190263/488/1]
190263/405/1.f:EHKDKA_03235 -            686 GH146.hmm            -            503   2.1e-36  129.8   0.6   1   1   1.7e-39   2.8e-36  129.4   0.6    76   503   114   550   105   550 0.83 [190263/405/1]
190263/474/1.f:AMDJJA_01060 -            626 GH146.hmm            -            503   2.6e-35  126.2   0.0   1   1   7.8e-38   1.3e-34  123.9   0.0    63   501    53   532    51   534 0.83 [190263/474/1]
190263/420/1.f:GMHOLO_02580 -            660 GH146.hmm            -            503   4.2e-35  125.5   0.0   1   1   4.4e-38   7.1e-35  124.8   0.0    63   502    88   570    61   571 0.80 [190263/420/1]
190263/400/1.f:EIBLKL_07305 -            633 GH146.hmm            -            503   4.8e-34  122.0   0.1   1   1   4.2e-37   6.8e-34  121.5   0.1    29   502    50   547    33   548 0.87 [190263/400/1]
190263/460/1.f:IHFGKI_00335 -            703 GH146.hmm            -            503   6.7e-34  121.6   2.4   1   1   8.5e-37   1.4e-33  120.5   2.3    63   502   113   594   109   595 0.81 [190263/460/1]
190263/365/1.f:JJMMAK_00630 -            679 GH146.hmm            -            503   7.7e-34  121.3   0.2   1   1   6.4e-37     1e-33  120.9   0.2   139   503   168   552   109   552 0.80 [190263/365/1]
190263/417/1.f:MHBJAE_04865 -            678 GH146.hmm            -            503   2.6e-32  116.3   0.1   1   1   2.1e-35   3.4e-32  115.9   0.1   140   503   172   551   110   551 0.81 [190263/417/1]
190263/502/1.f:NONHGB_14110 -            167 GH146.hmm            -            503   1.1e-31  114.2   0.0   1   1   7.7e-35   1.3e-31  114.1   0.0     1   116    42   164    42   167 0.97 [190263/502/1]
190263/488/1.f:DNPFAC_05415 -            678 GH146.hmm            -            503   1.2e-31  114.1   0.1   1   1   9.4e-35   1.5e-31  113.8   0.1   149   503   179   551   112   551 0.81 [190263/488/1]
190263/429/1.f:OMPHBF_03860 -            627 GH146.hmm            -            503   3.3e-31  112.7   0.2   1   1   4.1e-34   6.6e-31  111.7   0.2    24   463    44   500    24   542 0.81 [190263/429/1]
190263/417/1.f:MHBJAE_04870 -            687 GH146.hmm            -            503   3.4e-31  112.6   0.3   1   1   2.7e-34   4.5e-31  112.2   0.3   144   502   186   552   126   553 0.84 [190263/417/1]
190263/379/1.f:LOJHAC_18330 -            680 GH146.hmm            -            503   6.3e-31  111.8   0.0   1   1   4.9e-34     8e-31  111.4   0.0   140   501   172   551   108   553 0.82 [190263/379/1]
190263/368/1.f:HPMDBE_18985 -            680 GH146.hmm            -            503   6.3e-31  111.7   0.0   1   1   4.9e-34     8e-31  111.4   0.0   140   501   172   551   108   553 0.82 [190263/368/1]
190263/488/1.f:DNPFAC_05420 -            687 GH146.hmm            -            503   8.4e-31  111.3   0.3   1   1   6.9e-34   1.1e-30  110.9   0.3   146   502   188   552   128   553 0.83 [190263/488/1]
190263/401/1.f:DMFJNH_06600 -            687 GH146.hmm            -            503   1.7e-30  110.3   0.1   1   1   1.4e-33   2.3e-30  109.9   0.1   144   502   183   552   155   553 0.85 [190263/401/1]
190263/562/1.f:KJGNCK_02930 -            684 GH146.hmm            -            503   1.8e-30  110.2   0.1   1   1   1.5e-33   2.4e-30  109.8   0.1   144   502   180   549   145   550 0.85 [190263/562/1]
190263/504/1.f:DOAHDM_07240 -            687 GH146.hmm            -            503   2.5e-30  109.7   0.1   1   1   2.1e-33   3.5e-30  109.3   0.1   144   502   183   552   168   553 0.84 [190263/504/1]
190263/516/1.f:MGNFBC_17195 -            683 GH146.hmm            -            503   3.9e-30  109.1   0.1   1   1   3.6e-33   5.8e-30  108.6   0.1   151   503   184   556   112   556 0.76 [190263/516/1]
190263/573/1.f:LIDFCI_16600 -            704 GH146.hmm            -            503   8.5e-30  108.0   0.2   1   1   6.9e-33   1.1e-29  107.6   0.2   144   502   200   569   166   570 0.85 [190263/573/1]
190263/475/1.f:MCKEEP_07845 -            704 GH146.hmm            -            503   1.1e-29  107.7   0.2   1   1   8.8e-33   1.4e-29  107.3   0.2   144   502   200   569   166   570 0.85 [190263/475/1]
190263/534/1.f:OHCFJE_07740 -            689 GH146.hmm            -            503   9.3e-29  104.6   0.0   1   1   7.9e-32   1.3e-28  104.1   0.0   140   501   182   552   172   554 0.83 [190263/534/1]
190263/545/1.f:NCJBIN_05145 -            689 GH146.hmm            -            503   9.3e-29  104.6   0.0   1   1   7.9e-32   1.3e-28  104.1   0.0   140   501   182   552   172   554 0.83 [190263/545/1]
190263/369/1.f:JCDIFE_01250 -            685 GH146.hmm            -            503   1.1e-28  104.4   0.1   1   1   8.5e-32   1.4e-28  104.0   0.1   136   502   176   550   110   551 0.83 [190263/369/1]
190263/556/1.f:EMIPPF_06150 -            675 GH146.hmm            -            503   2.2e-28  103.4   0.0   1   1   3.3e-31   5.4e-28  102.1   0.0   280   502   304   544   205   545 0.77 [190263/556/1]
190263/391/1.f:NONBJF_04480 -            689 GH146.hmm            -            503     3e-28  102.9   0.0   1   1   2.6e-31   4.2e-28  102.4   0.0   140   501   182   552   172   554 0.83 [190263/391/1]
190263/461/1.f:DHPHOK_01430 -            685 GH146.hmm            -            503   3.8e-28  102.6   0.0   1   1   3.1e-31   5.1e-28  102.1   0.0   142   502   179   550   114   551 0.86 [190263/461/1]
190263/366/1.f:DBJPFP_04635 -            674 GH146.hmm            -            503     4e-28  102.5   0.2   1   1   1.2e-30     2e-27  100.2   0.0   287   503   313   543   208   543 0.86 [190263/366/1]
190263/405/1.f:EHKDKA_07875 -            647 GH146.hmm            -            503     6e-28  101.9   0.0   1   1   8.5e-28   1.4e-24   90.8   0.0   240   500   257   526   254   529 0.90 [190263/405/1]
190263/540/1.f:BCGFLB_11155 -            577 GH146.hmm            -            503     8e-28  101.5   0.0   1   1   1.5e-30   2.5e-27   99.9   0.0   217   503   240   519   220   519 0.87 [190263/540/1]
190263/466/1.f:PGJOII_06080 -            638 GH146.hmm            -            503   1.1e-27  101.1   0.0   1   1   8.6e-31   1.4e-27  100.7   0.0   140   502   133   503    67   504 0.84 [190263/466/1]
190263/447/1.f:OLODHC_13015 -            622 GH146.hmm            -            503   1.1e-27  101.1   0.1   1   1   1.2e-29   1.9e-26   97.0   0.0   239   503   242   511   212   511 0.87 [190263/447/1]
190263/437/1.f:LBKKEJ_07570 -            686 GH146.hmm            -            503   2.4e-27   99.9   0.2   1   1     2e-30   3.3e-27   99.5   0.2   139   501   180   550   173   552 0.83 [190263/437/1]
190263/405/1.f:EHKDKA_05145 -            678 GH146.hmm            -            503   2.6e-27   99.8   0.1   1   1     2e-30   3.3e-27   99.5   0.1   151   503   183   553   115   553 0.82 [190263/405/1]
190263/497/1.f:HENFFC_10585 -            671 GH146.hmm            -            503   5.2e-27   98.8   0.1   1   1   4.6e-30   7.5e-27   98.3   0.1   176   502   204   541   167   542 0.79 [190263/497/1]
190263/365/1.f:JJMMAK_00620 -            672 GH146.hmm            -            503   8.8e-27   98.1   0.1   1   1   7.7e-30   1.3e-26   97.5   0.1   186   502   215   541   168   542 0.79 [190263/365/1]
190263/461/1.f:DHPHOK_05135 -            688 GH146.hmm            -            503   1.3e-26   97.5   0.0   1   1     1e-29   1.7e-26   97.1   0.0   150   503   192   563   147   563 0.83 [190263/461/1]
190263/366/1.f:DBJPFP_02820 -            673 GH146.hmm            -            503   7.2e-26   95.1   0.0   1   1   6.8e-29   1.1e-25   94.4   0.0   290   503   313   545   161   545 0.88 [190263/366/1]
190263/446/1.f:LHJMMB_05290 -            645 GH146.hmm            -            503   1.1e-24   91.1   0.0   1   1   9.2e-28   1.5e-24   90.7   0.0   189   500   189   513   163   516 0.89 [190263/446/1]
190263/366/1.f:DBJPFP_05240 -            645 GH146.hmm            -            503   1.3e-24   91.0   0.0   1   1     1e-27   1.7e-24   90.6   0.0   189   500   189   513   163   516 0.89 [190263/366/1]
190263/556/1.f:EMIPPF_04450 -            675 GH146.hmm            -            503   1.4e-24   90.8   0.0   1   1   1.1e-27   1.8e-24   90.4   0.0   183   503   213   549   107   549 0.76 [190263/556/1]
190263/379/1.f:LOJHAC_19535 -            675 GH146.hmm            -            503   2.7e-24   89.9   0.0   1   1   2.4e-27   3.9e-24   89.3   0.0   185   503   214   549   129   549 0.84 [190263/379/1]
190263/421/1.f:PBKEAC_12390 -            645 GH146.hmm            -            503   1.3e-23   87.6   0.0   1   1   1.1e-26   1.7e-23   87.2   0.0   189   500   189   513   163   516 0.89 [190263/421/1]
190263/580/1.f:JCPJNN_22960 -            613 GH146.hmm            -            503   1.5e-15   61.0   0.0   1   1   2.8e-18   4.5e-15   59.4   0.0   244   502   235   496   212   497 0.86 [190263/580/1]
#
# Program:         hmmsearch
# Version:         3.3.2 (Nov 2020)
# Pipeline mode:   SEARCH
# Query file:      /kb/module/work/tmp/output.1725388484971/GH146/GH146.hmm
# Target file:     /kb/module/work/tmp/output.1725388484971/hCom2_RAST.fasta
# Option settings: /kb/module/hmmer/bin/hmmsearch --domtblout /kb/module/work/tmp/output.1725388484971/GH146/GH146-hCom2_RAST.hitout.txt --noali --notextw --domE 1e-15 /kb/module/work/tmp/output.1725388484971/GH146/GH146.hmm /kb/module/work/tmp/output.1725388484971/hCom2_RAST.fasta 
# Current dir:     /kb/module/work/tmp/output.1725388484971
# Date:            Tue Sep  3 18:56:32 2024
# [ok]
