#                                                                                   --- full sequence --- -------------- this domain -------------   hmm coord   ali coord   env coord
# target name               accession   tlen query name           accession   qlen   E-value  score  bias   #  of  c-Evalue  i-Evalue  score  bias  from    to  from    to  from    to  acc description of target
#       ------------------- ---------- ----- -------------------- ---------- ----- --------- ------ ----- --- --- --------- --------- ------ ----- ----- ----- ----- ----- ----- ----- ---- ---------------------
190263/396/1.f:KAAOMA_19615 -            921 GH16.hmm             -            189   5.1e-74  253.3  80.1   1   3   1.5e-30   5.1e-27  100.0  12.0    12   186   184   372   168   375 0.73 [190263/396/1]
190263/396/1.f:KAAOMA_19615 -            921 GH16.hmm             -            189   5.1e-74  253.3  80.1   2   3     1e-27   3.3e-24   90.8  14.9     9   176   453   637   439   653 0.73 [190263/396/1]
190263/396/1.f:KAAOMA_19615 -            921 GH16.hmm             -            189   5.1e-74  253.3  80.1   3   3   2.8e-25   9.2e-22   82.9  25.8     9   186   719   916   648   919 0.79 [190263/396/1]
190263/439/1.f:KGLJGB_10475 -            580 GH16.hmm             -            189   1.2e-56  196.6  14.4   1   1   3.7e-60   1.2e-56  196.6  14.4     2   189    36   260    35   260 0.84 [190263/439/1]
190263/396/1.f:KAAOMA_16000 -            473 GH16.hmm             -            189   1.9e-56  196.0   6.5   1   1   5.8e-60   1.9e-56  196.0   6.5     2   189    63   299    62   299 0.86 [190263/396/1]
190263/532/1.f:BGDBBA_02020 -           1157 GH16.hmm             -            189   4.6e-55  191.5   8.1   1   1   1.4e-58   4.6e-55  191.5   8.1     2   189   271   509   270   509 0.87 [190263/532/1]
190263/585/1.f:DLBDDB_09235 -            315 GH16.hmm             -            189   7.4e-52  181.0   1.7   1   1   2.7e-55   8.9e-52  180.8   1.7     2   189    38   274    37   274 0.83 [190263/585/1]
190263/522/1.f:NPJBCH_07820 -            292 GH16.hmm             -            189   9.2e-52  180.7   5.2   1   1   3.5e-55   1.1e-51  180.4   5.2     2   188    67   288    66   289 0.84 [190263/522/1]
190263/513/1.f:MKNBNH_07060 -           1211 GH16.hmm             -            189   2.1e-51  179.5   7.6   1   1   6.5e-55   2.1e-51  179.5   7.6     2   189   304   543   303   543 0.84 [190263/513/1]
190263/379/1.f:LOJHAC_19925 -            255 GH16.hmm             -            189     4e-51  178.6   7.3   1   1   1.4e-54   4.7e-51  178.4   7.3     4   189    22   253    19   253 0.84 [190263/379/1]
190263/516/1.f:MGNFBC_15760 -            276 GH16.hmm             -            189   5.3e-51  178.2   7.3   1   1   1.9e-54   6.3e-51  178.0   7.3     4   189    43   274    40   274 0.84 [190263/516/1]
190263/368/1.f:HPMDBE_17795 -            276 GH16.hmm             -            189   6.7e-51  177.9   7.9   1   1   2.4e-54   8.1e-51  177.6   7.9     4   189    43   274    40   274 0.84 [190263/368/1]
190263/396/1.f:KAAOMA_14215 -            482 GH16.hmm             -            189   3.2e-50  175.7  12.2   1   1   1.9e-53   6.2e-50  174.8  12.2     2   189    82   333    81   333 0.85 [190263/396/1]
190263/439/1.f:KGLJGB_07375 -            876 GH16.hmm             -            189   4.6e-50  175.2   5.0   1   1   1.4e-53   4.6e-50  175.2   5.0     3   189   444   701   442   701 0.86 [190263/439/1]
190263/595/1.f:HGDLEC_08135 -            368 GH16.hmm             -            189   5.5e-49  171.7   3.7   1   1   1.7e-52   5.5e-49  171.7   3.7     2   189   138   366   137   366 0.83 [190263/595/1]
190263/399/1.f:CDLIDF_02905 -            278 GH16.hmm             -            189   4.1e-47  165.5   2.3   1   1   1.4e-50   4.8e-47  165.3   2.3     2   189    41   276    40   276 0.85 [190263/399/1]
190263/502/1.f:NONHGB_00290 -            283 GH16.hmm             -            189   7.4e-47  164.7   4.2   1   1   2.6e-50   8.7e-47  164.5   4.2     2   189    29   280    28   280 0.82 [190263/502/1]
190263/437/1.f:LBKKEJ_09785 -            277 GH16.hmm             -            189     3e-46  162.7   6.1   1   1   1.1e-49   3.6e-46  162.5   6.1     3   189    39   277    37   277 0.80 [190263/437/1]
190263/506/1.f:IKGMED_04530 -            313 GH16.hmm             -            189   4.4e-46  162.2   4.4   1   1   1.7e-49   5.5e-46  161.9   4.4     2   189    51   296    50   296 0.84 [190263/506/1]
190263/506/1.f:IKGMED_03750 -            304 GH16.hmm             -            189   4.8e-46  162.1   1.8   1   1   1.7e-49   5.8e-46  161.8   1.8     3   189    37   282    35   282 0.84 [190263/506/1]
190263/573/1.f:LIDFCI_18930 -            271 GH16.hmm             -            189   5.2e-46  162.0   4.0   1   1   1.8e-49     6e-46  161.8   4.0     3   188    38   270    36   271 0.82 [190263/573/1]
190263/475/1.f:MCKEEP_04685 -            271 GH16.hmm             -            189   5.8e-46  161.8   3.8   1   1     2e-49   6.8e-46  161.6   3.8     3   188    38   270    36   271 0.82 [190263/475/1]
190263/552/1.f:EMALNL_04680 -            271 GH16.hmm             -            189   6.2e-46  161.7   3.9   1   1   2.2e-49   7.2e-46  161.5   3.9     3   188    38   270    36   271 0.82 [190263/552/1]
190263/369/1.f:JCDIFE_00235 -            294 GH16.hmm             -            189   7.3e-46  161.5   1.3   1   1   2.6e-49   8.6e-46  161.2   1.3     2   189    33   284    32   284 0.82 [190263/369/1]
190263/573/1.f:LIDFCI_15705 -            646 GH16.hmm             -            189   1.5e-45  160.4   3.1   1   1   4.6e-49   1.5e-45  160.4   3.1     2   189    43   294    42   294 0.83 [190263/573/1]
190263/405/1.f:EHKDKA_13010 -            374 GH16.hmm             -            189   1.9e-45  160.1   7.5   1   1   5.7e-49   1.9e-45  160.1   7.5     2   188   139   369   138   370 0.83 [190263/405/1]
190263/401/1.f:DMFJNH_07525 -            631 GH16.hmm             -            189   3.9e-45  159.1   4.1   1   1   1.2e-48   3.9e-45  159.1   4.1     2   189    29   280    28   280 0.82 [190263/401/1]
190263/504/1.f:DOAHDM_08030 -            631 GH16.hmm             -            189   3.9e-45  159.1   4.1   1   1   1.2e-48   3.9e-45  159.1   4.1     2   189    29   280    28   280 0.82 [190263/504/1]
190263/502/1.f:NONHGB_11315 -            374 GH16.hmm             -            189   6.2e-45  158.4   8.5   1   1   1.9e-48   6.2e-45  158.4   8.5     2   188   138   367   137   368 0.84 [190263/502/1]
190263/439/1.f:KGLJGB_05760 -            411 GH16.hmm             -            189     9e-45  157.9  12.4   1   1   4.6e-48   1.5e-44  157.2  12.4     2   189    42   288    41   288 0.82 [190263/439/1]
190263/404/1.f:BGJBIG_05355 -            635 GH16.hmm             -            189   1.6e-44  157.1   3.2   1   1   4.7e-48   1.6e-44  157.1   3.2     2   189    32   283    31   283 0.81 [190263/404/1]
190263/401/1.f:DMFJNH_26560 -            277 GH16.hmm             -            189   2.9e-44  156.3   3.2   1   1   1.1e-47   3.7e-44  155.9   3.2     3   189    51   274    49   274 0.83 [190263/401/1]
190263/405/1.f:EHKDKA_00295 -            628 GH16.hmm             -            189   4.8e-44  155.6   5.5   1   1   1.4e-47   4.8e-44  155.6   5.5     2   189   375   626   374   626 0.82 [190263/405/1]
190263/504/1.f:DOAHDM_03575 -            372 GH16.hmm             -            189   5.5e-44  155.3   3.6   1   1   1.7e-47   5.5e-44  155.3   3.6     3   188   137   367   135   368 0.83 [190263/504/1]
190263/401/1.f:DMFJNH_03110 -            372 GH16.hmm             -            189   5.6e-44  155.3   3.7   1   1   1.7e-47   5.6e-44  155.3   3.7     3   188   137   367   135   368 0.83 [190263/401/1]
190263/404/1.f:BGJBIG_00690 -            274 GH16.hmm             -            189   7.9e-44  154.8   3.4   1   1   2.9e-47   9.5e-44  154.6   3.4     3   189    48   271    46   271 0.82 [190263/404/1]
190263/545/1.f:NCJBIN_13625 -            254 GH16.hmm             -            189   2.7e-43  153.1   0.3   1   1   9.4e-47   3.1e-43  152.9   0.3     2   189    29   250    28   250 0.82 [190263/545/1]
190263/439/1.f:KGLJGB_05600 -            451 GH16.hmm             -            189   1.7e-42  150.5  13.9   1   1   5.2e-46   1.7e-42  150.5  13.9     2   189   200   450   199   450 0.82 [190263/439/1]
190263/369/1.f:JCDIFE_19215 -            478 GH16.hmm             -            189   6.4e-42  148.6   8.4   1   1   1.9e-45   6.4e-42  148.6   8.4     2   188   240   474   239   475 0.80 [190263/369/1]
190263/461/1.f:DHPHOK_10860 -            478 GH16.hmm             -            189   2.9e-41  146.5   8.1   1   1   8.8e-45   2.9e-41  146.5   8.1     2   188   240   474   239   475 0.80 [190263/461/1]
190263/506/1.f:IKGMED_10860 -            298 GH16.hmm             -            189   5.1e-41  145.7  11.4   1   1   1.9e-44   6.3e-41  145.4  11.4     3   189    17   266    15   266 0.76 [190263/506/1]
190263/404/1.f:BGJBIG_02545 -            374 GH16.hmm             -            189   5.2e-41  145.7   2.7   1   1   3.1e-44     1e-40  144.7   2.7     3   188   138   369   136   370 0.79 [190263/404/1]
190263/417/1.f:MHBJAE_10185 -            274 GH16.hmm             -            189   1.3e-40  144.3   2.0   1   1   4.8e-44   1.6e-40  144.1   2.0     2   189    44   267    43   267 0.81 [190263/417/1]
190263/488/1.f:DNPFAC_11925 -            274 GH16.hmm             -            189   3.1e-40  143.1   1.6   1   1   1.1e-43   3.8e-40  142.8   1.6     2   189    44   267    43   267 0.81 [190263/488/1]
190263/417/1.f:MHBJAE_19200 -            279 GH16.hmm             -            189     7e-40  142.0   0.7   1   1   2.5e-43   8.3e-40  141.7   0.7     3   188    46   273    44   274 0.80 [190263/417/1]
190263/488/1.f:DNPFAC_20885 -            278 GH16.hmm             -            189   1.5e-39  140.9   0.8   1   1   5.4e-43   1.8e-39  140.6   0.8     3   188    45   272    43   273 0.80 [190263/488/1]
190263/437/1.f:LBKKEJ_08115 -            206 GH16.hmm             -            189   4.3e-39  139.4   0.5   1   1   1.4e-42   4.7e-39  139.3   0.5    21   189     2   201     1   201 0.83 [190263/437/1]
190263/417/1.f:MHBJAE_02305 -            264 GH16.hmm             -            189   3.1e-37  133.3   2.8   1   1   1.1e-40   3.8e-37  133.1   2.8     3   189    35   260    33   260 0.79 [190263/417/1]
190263/488/1.f:DNPFAC_02585 -            263 GH16.hmm             -            189   7.4e-37  132.1   3.2   1   1   2.7e-40     9e-37  131.8   3.2     3   189    35   260    33   260 0.79 [190263/488/1]
190263/401/1.f:DMFJNH_26550 -            286 GH16.hmm             -            189   1.2e-36  131.4   0.6   1   1   4.6e-40   1.5e-36  131.1   0.6     4   188    41   272    38   273 0.81 [190263/401/1]
190263/562/1.f:KJGNCK_08680 -            267 GH16.hmm             -            189   5.3e-36  129.3   1.9   1   1     2e-39   6.6e-36  129.0   1.9     4   189    37   261    34   261 0.78 [190263/562/1]
190263/552/1.f:EMALNL_02385 -            267 GH16.hmm             -            189   5.3e-36  129.3   1.9   1   1     2e-39   6.6e-36  129.0   1.9     4   189    37   261    34   261 0.78 [190263/552/1]
190263/404/1.f:BGJBIG_00685 -            280 GH16.hmm             -            189   1.2e-35  128.1   0.6   1   1   4.8e-39   1.6e-35  127.8   0.6     4   188    39   270    37   271 0.82 [190263/404/1]
190263/562/1.f:KJGNCK_22385 -            394 GH16.hmm             -            189   1.3e-35  128.0   5.4   1   1   5.8e-39   1.9e-35  127.5   5.4     3   189    51   300    49   300 0.81 [190263/562/1]
190263/366/1.f:DBJPFP_12630 -            279 GH16.hmm             -            189   2.9e-35  126.9   0.0   1   1   1.1e-38   3.6e-35  126.6   0.0     6   188    50   273    46   274 0.73 [190263/366/1]
190263/404/1.f:BGJBIG_01350 -            267 GH16.hmm             -            189   3.4e-35  126.7   2.2   1   1   1.2e-38     4e-35  126.4   2.2     4   189    37   261    34   261 0.78 [190263/404/1]
190263/583/1.f:BCCKNC_10065 -            260 GH16.hmm             -            189     4e-35  126.4   2.7   1   1   1.4e-38   4.7e-35  126.2   2.7     3   189    31   256    29   256 0.76 [190263/583/1]
190263/573/1.f:LIDFCI_15710 -            491 GH16.hmm             -            189   1.1e-34  125.0   9.8   1   1   5.7e-38   1.9e-34  124.3   9.8     2   189   231   487   230   487 0.81 [190263/573/1]
190263/401/1.f:DMFJNH_01685 -            268 GH16.hmm             -            189     2e-34  124.2   0.9   1   1   7.3e-38   2.4e-34  123.9   0.9     4   189    38   262    30   262 0.78 [190263/401/1]
190263/504/1.f:DOAHDM_02100 -            268 GH16.hmm             -            189   2.5e-34  123.9   0.8   1   1   9.1e-38     3e-34  123.6   0.8     4   189    38   262    30   262 0.78 [190263/504/1]
190263/399/1.f:CDLIDF_00565 -            316 GH16.hmm             -            189   3.6e-34  123.3   3.0   1   1   1.4e-37   4.6e-34  123.0   3.0     3   189    50   310    48   310 0.83 [190263/399/1]
190263/404/1.f:BGJBIG_17800 -            258 GH16.hmm             -            189   4.5e-33  119.8   3.2   1   1   1.6e-36   5.3e-33  119.5   3.2     2   189    27   255    26   255 0.79 [190263/404/1]
190263/391/1.f:NONBJF_00215 -            263 GH16.hmm             -            189     5e-33  119.6   4.5   1   1   1.8e-36     6e-33  119.4   4.5     4   189    36   260    33   260 0.77 [190263/391/1]
190263/534/1.f:OHCFJE_00215 -            263 GH16.hmm             -            189     5e-33  119.6   4.5   1   1   1.8e-36     6e-33  119.4   4.5     4   189    36   260    33   260 0.77 [190263/534/1]
190263/545/1.f:NCJBIN_00215 -            263 GH16.hmm             -            189     5e-33  119.6   4.5   1   1   1.8e-36     6e-33  119.4   4.5     4   189    36   260    33   260 0.77 [190263/545/1]
190263/562/1.f:KJGNCK_22420 -            687 GH16.hmm             -            189   5.9e-33  119.4   6.2   1   1   1.8e-36   5.9e-33  119.4   6.2     3   189   189   437   187   437 0.81 [190263/562/1]
190263/497/1.f:HENFFC_18650 -            262 GH16.hmm             -            189   1.1e-32  118.5   2.1   1   1   3.9e-36   1.3e-32  118.3   2.1     3   189    35   258    30   258 0.76 [190263/497/1]
190263/583/1.f:BCCKNC_17370 -            267 GH16.hmm             -            189   1.3e-32  118.3   2.1   1   1   4.7e-36   1.6e-32  118.0   2.1     2   189    33   261    32   261 0.75 [190263/583/1]
190263/388/1.f:FDDJJK_00235 -            263 GH16.hmm             -            189   2.9e-32  117.1   3.8   1   1     1e-35   3.4e-32  116.9   3.8     4   189    36   260    33   260 0.77 [190263/388/1]
190263/488/1.f:DNPFAC_03005 -            284 GH16.hmm             -            189   3.1e-32  117.0   1.2   1   1   1.2e-35   3.9e-32  116.7   1.2     8   188    47   270    33   271 0.78 [190263/488/1]
190263/391/1.f:NONBJF_12510 -            258 GH16.hmm             -            189   3.2e-32  117.0   3.6   1   1   1.2e-35   3.9e-32  116.7   3.6     2   189    27   255    26   255 0.78 [190263/391/1]
190263/545/1.f:NCJBIN_13510 -            258 GH16.hmm             -            189   3.2e-32  117.0   3.6   1   1   1.2e-35   3.9e-32  116.7   3.6     2   189    27   255    26   255 0.78 [190263/545/1]
190263/534/1.f:OHCFJE_12840 -            258 GH16.hmm             -            189   3.3e-32  116.9   3.3   1   1   1.2e-35   3.9e-32  116.7   3.3     2   189    27   255    26   255 0.78 [190263/534/1]
190263/405/1.f:EHKDKA_00300 -            490 GH16.hmm             -            189   4.2e-32  116.6  10.3   1   1     2e-35   6.6e-32  116.0  10.3     2   189   229   487   228   487 0.82 [190263/405/1]
190263/365/1.f:JJMMAK_17560 -            262 GH16.hmm             -            189   4.5e-32  116.5   2.3   1   1   1.7e-35   5.7e-32  116.2   2.3     3   189    38   258    31   258 0.74 [190263/365/1]
190263/585/1.f:DLBDDB_07045 -            506 GH16.hmm             -            189   5.3e-32  116.3   4.0   1   1   3.1e-35     1e-31  115.3   4.0     4   189    45   274    42   274 0.74 [190263/585/1]
190263/404/1.f:BGJBIG_05350 -            511 GH16.hmm             -            189     1e-30  112.1   9.8   1   1   4.6e-34   1.5e-30  111.5   9.8     3   189   230   508   228   508 0.81 [190263/404/1]
190263/382/1.f:JACGKO_02280 -            260 GH16.hmm             -            189   2.9e-30  110.6   3.8   1   1   1.1e-33   3.5e-30  110.3   3.8    12   188    62   255    40   256 0.75 [190263/382/1]
190263/412/1.f:OOIBGL_13920 -            264 GH16.hmm             -            189   1.4e-29  108.4   5.1   1   1   5.3e-33   1.8e-29  108.0   5.1     6   176    60   240    48   260 0.74 [190263/412/1]
190263/365/1.f:JJMMAK_14225 -            395 GH16.hmm             -            189   4.9e-29  106.6   5.9   1   1   2.2e-32   7.2e-29  106.0   5.9     3   189    43   281    41   281 0.74 [190263/365/1]
190263/497/1.f:HENFFC_15415 -            395 GH16.hmm             -            189   5.5e-29  106.4   5.5   1   1   2.4e-32     8e-29  105.9   5.5     3   189    43   281    41   281 0.74 [190263/497/1]
190263/583/1.f:BCCKNC_17705 -            285 GH16.hmm             -            189   6.4e-29  106.2   6.2   1   1   3.2e-32   1.1e-28  105.5   6.1     3   189    49   267    47   267 0.79 [190263/583/1]
190263/399/1.f:CDLIDF_00410 -            300 GH16.hmm             -            189   7.3e-29  106.0   3.2   1   1   2.9e-32   9.5e-29  105.7   3.2     3   189    77   297    75   297 0.77 [190263/399/1]
190263/366/1.f:DBJPFP_12660 -            366 GH16.hmm             -            189   1.5e-28  105.0   2.8   1   1   8.2e-32   2.7e-28  104.2   2.8     4   188   138   361   135   362 0.78 [190263/366/1]
190263/366/1.f:DBJPFP_12625 -            357 GH16.hmm             -            189   2.5e-28  104.3   2.8   1   1   7.6e-32   2.5e-28  104.3   2.8     4   188   129   352   126   353 0.78 [190263/366/1]
190263/399/1.f:CDLIDF_00475 -            321 GH16.hmm             -            189   1.1e-26   98.9  11.5   1   1   4.1e-30   1.4e-26   98.6  11.5     2   189    51   314    50   314 0.80 [190263/399/1]
190263/390/1.f:OLPOLE_13255 -            591 GH16.hmm             -            189   3.1e-26   97.5   3.8   1   1   9.4e-30   3.1e-26   97.5   3.8     5   189    46   285    42   285 0.73 [190263/390/1]
190263/417/1.f:MHBJAE_06440 -            440 GH16.hmm             -            189   4.9e-26   96.8   2.8   1   1     4e-29   1.3e-25   95.4   3.2     3   189   165   413   163   413 0.74 [190263/417/1]
190263/405/1.f:EHKDKA_08140 -            436 GH16.hmm             -            189   6.3e-24   89.9   1.6   1   1   3.4e-27   1.1e-23   89.1   1.6    12   189   202   417   172   417 0.68 [190263/405/1]
190263/526/1.f:GBBCGM_16385 -            471 GH16.hmm             -            189   3.2e-21   81.1   0.4   1   1   1.4e-24   4.7e-21   80.6   0.4     3   189   247   467   245   467 0.77 [190263/526/1]
190263/458/1.f:AMPCAI_10155 -            731 GH16.hmm             -            189   9.2e-21   79.6   5.4   1   1   2.8e-24   9.2e-21   79.6   5.4     3   188    34   285    31   286 0.72 [190263/458/1]
190263/562/1.f:KJGNCK_22655 -            678 GH16.hmm             -            189   2.4e-20   78.3   0.5   1   1     1e-23   3.4e-20   77.8   0.5     2   189    37   317    36   317 0.75 [190263/562/1]
190263/502/1.f:NONHGB_03245 -            320 GH16.hmm             -            189   3.1e-20   77.9   2.9   1   1   1.1e-23   3.7e-20   77.6   2.9    31   189    90   304    33   304 0.75 [190263/502/1]
190263/466/1.f:PGJOII_07720 -            925 GH16.hmm             -            189   3.8e-20   77.6   1.7   1   1   2.7e-23     9e-20   76.4   1.7    31   189   695   909   647   909 0.75 [190263/466/1]
190263/405/1.f:EHKDKA_03450 -            806 GH16.hmm             -            189   4.2e-20   77.5   2.1   1   1   3.5e-23   1.2e-19   76.0   2.1    31   189   576   790   522   790 0.76 [190263/405/1]
190263/552/1.f:EMALNL_20585 -           1049 GH16.hmm             -            189   4.8e-20   77.3   0.4   1   1   2.9e-23   9.7e-20   76.3   0.4     2   189    37   317    36   317 0.75 [190263/552/1]
190263/466/1.f:PGJOII_04390 -            926 GH16.hmm             -            189   5.5e-19   73.8   4.4   1   1   3.3e-22   1.1e-18   72.8   4.4    31   189   696   910   646   910 0.74 [190263/466/1]
190263/552/1.f:EMALNL_20590 -            887 GH16.hmm             -            189   9.1e-17   66.6   1.9   1   1     8e-20   2.7e-16   65.1   1.9     2   188   544   828   543   829 0.71 [190263/552/1]
190263/562/1.f:KJGNCK_22660 -            887 GH16.hmm             -            189   1.4e-16   65.9   1.4   1   1   1.2e-19   3.9e-16   64.5   1.4     3   188   545   828   543   829 0.70 [190263/562/1]
190263/466/1.f:PGJOII_04365 -            649 GH16.hmm             -            189   5.1e-16   64.1   3.5   1   1   2.6e-19   8.5e-16   63.4   3.5    32   189   368   630   313   630 0.70 [190263/466/1]
#
# Program:         hmmsearch
# Version:         3.3.2 (Nov 2020)
# Pipeline mode:   SEARCH
# Query file:      /kb/module/work/tmp/output.1725388484971/GH16/GH16.hmm
# Target file:     /kb/module/work/tmp/output.1725388484971/hCom2_RAST.fasta
# Option settings: /kb/module/hmmer/bin/hmmsearch --domtblout /kb/module/work/tmp/output.1725388484971/GH16/GH16-hCom2_RAST.hitout.txt --noali --notextw --domE 1e-15 /kb/module/work/tmp/output.1725388484971/GH16/GH16.hmm /kb/module/work/tmp/output.1725388484971/hCom2_RAST.fasta 
# Current dir:     /kb/module/work/tmp/output.1725388484971
# Date:            Tue Sep  3 18:49:51 2024
# [ok]
