#                                                                                   --- full sequence --- -------------- this domain -------------   hmm coord   ali coord   env coord
# target name               accession   tlen query name           accession   qlen   E-value  score  bias   #  of  c-Evalue  i-Evalue  score  bias  from    to  from    to  from    to  acc description of target
#       ------------------- ---------- ----- -------------------- ---------- ----- --------- ------ ----- --- --- --------- --------- ------ ----- ----- ----- ----- ----- ----- ----- ---- ---------------------
190263/396/1.f:KAAOMA_16000 -            473 GH16_6.hmm           -            274   3.2e-49  172.1   4.0   1   1   3.6e-52   1.2e-48  170.1   4.0     1   274    63   297    63   297 0.88 [190263/396/1]
190263/532/1.f:BGDBBA_02020 -           1157 GH16_6.hmm           -            274   8.8e-48  167.3   5.2   1   1   2.6e-51   8.8e-48  167.3   5.2     1   274   271   507   271   507 0.85 [190263/532/1]
190263/506/1.f:IKGMED_03750 -            304 GH16_6.hmm           -            274   9.5e-47  163.9   1.8   1   1   1.2e-49   3.9e-46  161.9   1.8     1   274    36   280    36   280 0.91 [190263/506/1]
190263/513/1.f:MKNBNH_07060 -           1211 GH16_6.hmm           -            274   2.3e-45  159.4   3.9   1   1   2.3e-48   7.7e-45  157.7   3.9     1   274   304   541   304   541 0.84 [190263/513/1]
190263/439/1.f:KGLJGB_10475 -            580 GH16_6.hmm           -            274   9.1e-44  154.2  12.8   1   1   2.1e-46     7e-43  151.3  12.8     1   274    36   258    36   258 0.85 [190263/439/1]
190263/369/1.f:JCDIFE_00235 -            294 GH16_6.hmm           -            274   2.8e-43  152.6   1.1   1   1   1.1e-44   3.7e-41  145.6   1.1     1   274    33   282    33   282 0.80 [190263/369/1]
190263/401/1.f:DMFJNH_07525 -            631 GH16_6.hmm           -            274   3.8e-42  148.9   1.8   1   1   1.7e-44   5.7e-41  145.0   1.8     1   274    29   278    29   278 0.82 [190263/401/1]
190263/504/1.f:DOAHDM_08030 -            631 GH16_6.hmm           -            274   3.8e-42  148.9   1.8   1   1   1.7e-44   5.7e-41  145.0   1.8     1   274    29   278    29   278 0.82 [190263/504/1]
190263/573/1.f:LIDFCI_15705 -            646 GH16_6.hmm           -            274     9e-42  147.6   1.3   1   1   2.5e-43   8.3e-40  141.2   1.3     1   274    43   292    43   292 0.79 [190263/573/1]
190263/404/1.f:BGJBIG_05355 -            635 GH16_6.hmm           -            274   2.1e-41  146.4   1.2   1   1   3.7e-43   1.2e-39  140.6   1.2     1   274    32   281    32   281 0.80 [190263/404/1]
190263/502/1.f:NONHGB_00290 -            283 GH16_6.hmm           -            274   3.3e-41  145.8   3.3   1   1   8.4e-43   2.8e-39  139.4   3.3     1   274    29   278    29   278 0.81 [190263/502/1]
190263/405/1.f:EHKDKA_00295 -            628 GH16_6.hmm           -            274   5.2e-39  138.6   4.2   1   1   4.3e-41   1.4e-37  133.8   4.2     1   274   375   624   375   624 0.82 [190263/405/1]
190263/545/1.f:NCJBIN_13625 -            254 GH16_6.hmm           -            274   5.3e-34  122.1   5.9   1   1   1.8e-34   5.9e-31  112.1   5.9     1   274    29   248    29   248 0.85 [190263/545/1]
190263/506/1.f:IKGMED_04530 -            313 GH16_6.hmm           -            274   1.3e-32  117.6   4.2   1   1   6.3e-25   2.1e-21   80.8   2.0     1   138    51   177    51   184 0.88 [190263/506/1]
190263/585/1.f:DLBDDB_09235 -            315 GH16_6.hmm           -            274     2e-32  117.0   3.2   1   1   4.4e-34   1.5e-30  110.9   3.2     1   274    38   272    38   272 0.83 [190263/585/1]
190263/562/1.f:KJGNCK_22385 -            394 GH16_6.hmm           -            274   2.9e-32  116.4   5.8   1   1   1.8e-35     6e-32  115.4   5.8     1   261    50   291    50   298 0.80 [190263/562/1]
190263/379/1.f:LOJHAC_19925 -            255 GH16_6.hmm           -            274   1.3e-30  111.0   9.8   1   1   1.9e-31   6.4e-28  102.2   9.8     1   274    20   251    20   251 0.84 [190263/379/1]
190263/368/1.f:HPMDBE_17795 -            276 GH16_6.hmm           -            274   2.1e-30  110.3  10.2   1   1   2.2e-31   7.5e-28  102.0  10.2     1   274    41   272    41   272 0.84 [190263/368/1]
190263/516/1.f:MGNFBC_15760 -            276 GH16_6.hmm           -            274   2.5e-30  110.1  10.1   1   1   3.2e-31   1.1e-27  101.5  10.1     1   274    41   272    41   272 0.84 [190263/516/1]
190263/562/1.f:KJGNCK_22420 -            687 GH16_6.hmm           -            274   3.1e-30  109.8   8.4   1   1   4.9e-33   1.6e-29  107.4   7.4     1   273   188   434   188   435 0.80 [190263/562/1]
190263/437/1.f:LBKKEJ_08115 -            206 GH16_6.hmm           -            274   4.2e-29  106.1  10.1   1   1   6.1e-29     2e-25   94.0  10.1    22   274     1   199     1   199 0.83 [190263/437/1]
190263/439/1.f:KGLJGB_07375 -            876 GH16_6.hmm           -            274     4e-28  102.9   4.2   1   1   1.2e-31     4e-28  102.9   4.2     2   274   444   699   443   699 0.77 [190263/439/1]
190263/405/1.f:EHKDKA_13010 -            374 GH16_6.hmm           -            274     3e-26   96.7   9.0   1   1   2.1e-27   6.9e-24   89.0   9.0     1   274   139   368   139   368 0.81 [190263/405/1]
190263/522/1.f:NPJBCH_07820 -            292 GH16_6.hmm           -            274   7.7e-26   95.4   9.7   1   1   3.3e-27   1.1e-23   88.3   9.7     1   274    67   287    67   287 0.85 [190263/522/1]
190263/396/1.f:KAAOMA_14215 -            482 GH16_6.hmm           -            274   1.3e-25   94.6  12.2   1   1   5.3e-28   1.8e-24   90.9  12.2     1   274    82   331    82   331 0.79 [190263/396/1]
190263/573/1.f:LIDFCI_18930 -            271 GH16_6.hmm           -            274   1.5e-25   94.5   4.4   1   1   6.4e-29   2.1e-25   93.9   4.4    71   274    92   269    57   269 0.82 [190263/573/1]
190263/475/1.f:MCKEEP_04685 -            271 GH16_6.hmm           -            274   1.9e-25   94.1   4.3   1   1   8.2e-29   2.8e-25   93.6   4.3    71   274    92   269    57   269 0.82 [190263/475/1]
190263/552/1.f:EMALNL_04680 -            271 GH16_6.hmm           -            274     2e-25   94.0   4.4   1   1   8.8e-29     3e-25   93.5   4.4    71   274    92   269    57   269 0.82 [190263/552/1]
190263/502/1.f:NONHGB_11315 -            374 GH16_6.hmm           -            274     3e-25   93.4  10.7   1   1   2.2e-26   7.2e-23   85.6  10.7     1   274   138   366   138   366 0.84 [190263/502/1]
190263/417/1.f:MHBJAE_10185 -            274 GH16_6.hmm           -            274   5.8e-25   92.5   1.1   1   1   2.7e-27     9e-24   88.6   1.1    37   274    75   265    44   265 0.77 [190263/417/1]
190263/488/1.f:DNPFAC_11925 -            274 GH16_6.hmm           -            274   1.1e-24   91.5   0.8   1   1     5e-27   1.7e-23   87.7   0.8    38   274    76   265    44   265 0.78 [190263/488/1]
190263/439/1.f:KGLJGB_05600 -            451 GH16_6.hmm           -            274   1.7e-24   90.9  12.4   1   1   4.7e-26   1.6e-22   84.5  12.3     1   259   200   423   200   435 0.79 [190263/439/1]
190263/595/1.f:HGDLEC_08135 -            368 GH16_6.hmm           -            274   1.1e-23   88.4   4.4   1   1   1.8e-26   5.9e-23   85.9   4.4    73   274   199   364   138   364 0.89 [190263/595/1]
190263/399/1.f:CDLIDF_02905 -            278 GH16_6.hmm           -            274   1.6e-23   87.7   4.9   1   1     1e-24   3.4e-21   80.1   4.9     1   274    41   274    41   274 0.77 [190263/399/1]
190263/437/1.f:LBKKEJ_09785 -            277 GH16_6.hmm           -            274   1.3e-22   84.8   8.3   1   1     9e-26     3e-22   83.6   8.1    72   274    94   275    38   275 0.82 [190263/437/1]
190263/573/1.f:LIDFCI_15710 -            491 GH16_6.hmm           -            274   4.7e-22   82.9   9.8   1   1   9.5e-24   3.2e-20   77.0   9.8     1   274   231   485   231   485 0.80 [190263/573/1]
190263/369/1.f:JCDIFE_19215 -            478 GH16_6.hmm           -            274   5.7e-22   82.7   9.7   1   1   1.8e-23     6e-20   76.1   9.7     1   274   240   473   240   473 0.73 [190263/369/1]
190263/439/1.f:KGLJGB_05760 -            411 GH16_6.hmm           -            274   1.1e-21   81.7   8.7   1   1   4.4e-24   1.5e-20   78.1   8.7     1   274    42   286    42   286 0.84 [190263/439/1]
190263/404/1.f:BGJBIG_00690 -            274 GH16_6.hmm           -            274   1.6e-21   81.2   5.3   1   1   1.8e-17   6.1e-14   56.4   1.4    37   141    84   166    47   195 0.69 [190263/404/1]
190263/401/1.f:DMFJNH_26560 -            277 GH16_6.hmm           -            274     2e-21   80.9   5.6   1   1   5.2e-22   1.8e-18   71.2   5.6    37   274    87   272    50   272 0.74 [190263/401/1]
190263/461/1.f:DHPHOK_10860 -            478 GH16_6.hmm           -            274   3.3e-21   80.2   9.3   1   1   2.5e-22   8.3e-19   72.3   9.3     1   274   240   473   240   473 0.76 [190263/461/1]
190263/404/1.f:BGJBIG_01350 -            267 GH16_6.hmm           -            274   3.5e-21   80.1   3.2   1   1     3e-23     1e-19   75.3   3.2     1   273    35   258    35   259 0.81 [190263/404/1]
190263/404/1.f:BGJBIG_02545 -            374 GH16_6.hmm           -            274   6.4e-21   79.2   3.8   1   1   3.1e-23     1e-19   75.3   3.8    71   274   190   368   138   368 0.81 [190263/404/1]
190263/401/1.f:DMFJNH_03110 -            372 GH16_6.hmm           -            274   9.5e-21   78.7   5.1   1   1   9.4e-23   3.1e-19   73.7   5.1    71   274   189   366   136   366 0.78 [190263/401/1]
190263/504/1.f:DOAHDM_03575 -            372 GH16_6.hmm           -            274   9.6e-21   78.7   5.1   1   1   9.4e-23   3.1e-19   73.7   5.1    71   274   189   366   136   366 0.78 [190263/504/1]
190263/562/1.f:KJGNCK_08680 -            267 GH16_6.hmm           -            274   9.9e-21   78.6   2.2   1   1     6e-23     2e-19   74.3   2.2     1   274    35   259    35   259 0.81 [190263/562/1]
190263/552/1.f:EMALNL_02385 -            267 GH16_6.hmm           -            274   9.9e-21   78.6   2.2   1   1     6e-23     2e-19   74.3   2.2     1   274    35   259    35   259 0.81 [190263/552/1]
190263/417/1.f:MHBJAE_19200 -            279 GH16_6.hmm           -            274   1.7e-20   77.9   4.0   1   1   2.3e-22   7.9e-19   72.4   4.0    70   274    98   272    45   272 0.80 [190263/417/1]
190263/401/1.f:DMFJNH_01685 -            268 GH16_6.hmm           -            274   2.1e-20   77.6   1.8   1   1   1.5e-22   5.1e-19   73.0   1.8     1   274    36   260    36   260 0.77 [190263/401/1]
190263/488/1.f:DNPFAC_20885 -            278 GH16_6.hmm           -            274   2.5e-20   77.3   4.2   1   1   4.7e-22   1.6e-18   71.4   4.2    70   274    97   271    44   271 0.80 [190263/488/1]
190263/534/1.f:OHCFJE_12840 -            258 GH16_6.hmm           -            274   4.7e-20   76.4   0.7   1   1   1.1e-22   3.8e-19   73.4   0.7     1   274    27   253    27   253 0.81 [190263/534/1]
190263/504/1.f:DOAHDM_02100 -            268 GH16_6.hmm           -            274   4.9e-20   76.3   1.7   1   1   5.4e-22   1.8e-18   71.2   1.7     1   274    36   260    36   260 0.77 [190263/504/1]
190263/391/1.f:NONBJF_12510 -            258 GH16_6.hmm           -            274   5.3e-20   76.2   0.7   1   1   1.3e-22   4.3e-19   73.2   0.7     1   274    27   253    27   253 0.81 [190263/391/1]
190263/545/1.f:NCJBIN_13510 -            258 GH16_6.hmm           -            274   5.3e-20   76.2   0.7   1   1   1.3e-22   4.3e-19   73.2   0.7     1   274    27   253    27   253 0.81 [190263/545/1]
190263/488/1.f:DNPFAC_02585 -            263 GH16_6.hmm           -            274     1e-19   75.3   4.4   1   1     7e-22   2.3e-18   70.8   4.4     1   274    34   258    34   258 0.81 [190263/488/1]
190263/417/1.f:MHBJAE_02305 -            264 GH16_6.hmm           -            274   1.6e-19   74.7   4.4   1   1   1.2e-21     4e-18   70.1   4.4     1   274    34   258    34   258 0.81 [190263/417/1]
190263/583/1.f:BCCKNC_17370 -            267 GH16_6.hmm           -            274   1.8e-19   74.5   1.3   1   1   4.3e-22   1.4e-18   71.5   1.3     1   274    33   259    33   259 0.83 [190263/583/1]
190263/405/1.f:EHKDKA_00300 -            490 GH16_6.hmm           -            274   2.1e-19   74.2  13.5   1   1   1.5e-21   4.9e-18   69.8  10.1     1   274   229   485   229   485 0.78 [190263/405/1]
190263/404/1.f:BGJBIG_17800 -            258 GH16_6.hmm           -            274   2.5e-19   74.0   1.6   1   1   7.1e-22   2.4e-18   70.8   1.6     1   274    27   253    27   253 0.79 [190263/404/1]
190263/583/1.f:BCCKNC_10065 -            260 GH16_6.hmm           -            274   2.9e-18   70.5   3.9   1   1   1.4e-20   4.7e-17   66.6   3.9     1   274    30   254    30   254 0.83 [190263/583/1]
190263/391/1.f:NONBJF_00215 -            263 GH16_6.hmm           -            274   4.5e-18   69.9   4.9   1   1   1.8e-20     6e-17   66.2   4.9     1   274    34   258    34   258 0.79 [190263/391/1]
190263/534/1.f:OHCFJE_00215 -            263 GH16_6.hmm           -            274   4.5e-18   69.9   4.9   1   1   1.8e-20     6e-17   66.2   4.9     1   274    34   258    34   258 0.79 [190263/534/1]
190263/545/1.f:NCJBIN_00215 -            263 GH16_6.hmm           -            274   4.5e-18   69.9   4.9   1   1   1.8e-20     6e-17   66.2   4.9     1   274    34   258    34   258 0.79 [190263/545/1]
190263/388/1.f:FDDJJK_00235 -            263 GH16_6.hmm           -            274   6.1e-17   66.2   3.9   1   1   2.5e-19   8.5e-16   62.4   3.9     1   274    34   258    34   258 0.79 [190263/388/1]
190263/506/1.f:IKGMED_10860 -            298 GH16_6.hmm           -            274   6.8e-17   66.0   9.5   1   1   1.1e-19   3.8e-16   63.6   9.5     2   274    17   264    16   264 0.77 [190263/506/1]
190263/497/1.f:HENFFC_18650 -            262 GH16_6.hmm           -            274   6.7e-16   62.8   6.4   1   1   7.3e-18   2.4e-14   57.7   6.4     1   274    31   256    31   256 0.82 [190263/497/1]
190263/365/1.f:JJMMAK_17560 -            262 GH16_6.hmm           -            274   1.1e-15   62.0   6.4   1   1   1.5e-17   4.9e-14   56.7   6.4     1   274    31   256    31   256 0.80 [190263/365/1]
#
# Program:         hmmsearch
# Version:         3.3.2 (Nov 2020)
# Pipeline mode:   SEARCH
# Query file:      /kb/module/work/tmp/output.1725388484971/GH16_6/GH16_6.hmm
# Target file:     /kb/module/work/tmp/output.1725388484971/hCom2_RAST.fasta
# Option settings: /kb/module/hmmer/bin/hmmsearch --domtblout /kb/module/work/tmp/output.1725388484971/GH16_6/GH16_6-hCom2_RAST.hitout.txt --noali --notextw --domE 1e-15 /kb/module/work/tmp/output.1725388484971/GH16_6/GH16_6.hmm /kb/module/work/tmp/output.1725388484971/hCom2_RAST.fasta 
# Current dir:     /kb/module/work/tmp/output.1725388484971
# Date:            Tue Sep  3 18:49:59 2024
# [ok]
