#                                                                                   --- full sequence --- -------------- this domain -------------   hmm coord   ali coord   env coord
# target name               accession   tlen query name           accession   qlen   E-value  score  bias   #  of  c-Evalue  i-Evalue  score  bias  from    to  from    to  from    to  acc description of target
#       ------------------- ---------- ----- -------------------- ---------- ----- --------- ------ ----- --- --- --------- --------- ------ ----- ----- ----- ----- ----- ----- ----- ---- ---------------------
190263/405/1.f:EHKDKA_08140 -            436 GH16_7.hmm           -            226   2.3e-40  142.9   0.8   1   1   7.1e-44   3.1e-40  142.5   0.8     1   226   174   417   174   417 0.86 [190263/405/1]
190263/522/1.f:NPJBCH_07820 -            292 GH16_7.hmm           -            226   6.1e-30  108.8   0.6   1   1   2.1e-33   8.9e-30  108.3   0.6    43   226   105   289    93   289 0.83 [190263/522/1]
190263/369/1.f:JCDIFE_19215 -            478 GH16_7.hmm           -            226   4.5e-29  106.0   1.2   1   1   1.7e-32   7.4e-29  105.3   1.2    45   226   285   475   275   475 0.78 [190263/369/1]
190263/595/1.f:HGDLEC_08135 -            368 GH16_7.hmm           -            226   6.6e-29  105.5   0.6   1   1   2.1e-32   8.9e-29  105.0   0.6    41   226   179   366   140   366 0.83 [190263/595/1]
190263/461/1.f:DHPHOK_10860 -            478 GH16_7.hmm           -            226   1.9e-28  104.0   1.0   1   1     7e-32     3e-28  103.3   1.0    44   226   284   475   274   475 0.78 [190263/461/1]
190263/585/1.f:DLBDDB_09235 -            315 GH16_7.hmm           -            226   3.3e-28  103.2   0.4   1   1     9e-32   3.9e-28  102.9   0.4    12   226    50   274    40   274 0.78 [190263/585/1]
190263/502/1.f:NONHGB_11315 -            374 GH16_7.hmm           -            226   4.4e-26   96.2   2.4   1   1   1.5e-29   6.6e-26   95.6   2.4    43   226   184   368   140   368 0.76 [190263/502/1]
190263/439/1.f:KGLJGB_10475 -            580 GH16_7.hmm           -            226   4.1e-25   93.0   5.9   1   1   9.6e-29   4.1e-25   93.0   5.9    39   226    71   260    47   260 0.82 [190263/439/1]
190263/368/1.f:HPMDBE_17795 -            276 GH16_7.hmm           -            226   3.4e-24   90.1   3.2   1   1   1.1e-27   4.5e-24   89.6   3.2    30   226    71   274    48   274 0.81 [190263/368/1]
190263/399/1.f:CDLIDF_02905 -            278 GH16_7.hmm           -            226   3.8e-24   89.9   0.6   1   1     1e-27   4.5e-24   89.6   0.6    72   226   114   276    50   276 0.78 [190263/399/1]
190263/379/1.f:LOJHAC_19925 -            255 GH16_7.hmm           -            226   4.2e-24   89.7   2.7   1   1   1.3e-27   5.5e-24   89.3   2.7    30   226    50   253    28   253 0.80 [190263/379/1]
190263/516/1.f:MGNFBC_15760 -            276 GH16_7.hmm           -            226   5.3e-24   89.4   2.7   1   1   1.7e-27   7.3e-24   89.0   2.7    30   226    71   274    49   274 0.80 [190263/516/1]
190263/405/1.f:EHKDKA_13010 -            374 GH16_7.hmm           -            226   4.2e-23   86.4   1.0   1   1   1.4e-26     6e-23   85.9   1.0    74   226   211   370   141   370 0.74 [190263/405/1]
190263/390/1.f:OLPOLE_13255 -            591 GH16_7.hmm           -            226   1.1e-22   85.1   0.4   1   1   1.6e-25   6.8e-22   82.5   0.6    53   226   110   285    86   285 0.87 [190263/390/1]
190263/497/1.f:HENFFC_15415 -            395 GH16_7.hmm           -            226   2.3e-22   84.1   3.0   1   1   1.7e-25   7.4e-22   82.4   3.0    73   226   127   281    70   281 0.77 [190263/497/1]
190263/437/1.f:LBKKEJ_08115 -            206 GH16_7.hmm           -            226   2.6e-22   83.8   0.7   1   1   7.3e-26   3.2e-22   83.6   0.7    42   226    16   201     8   201 0.80 [190263/437/1]
190263/365/1.f:JJMMAK_14225 -            395 GH16_7.hmm           -            226   3.1e-22   83.6   3.2   1   1   2.2e-25   9.6e-22   82.0   3.2    73   226   127   281    67   281 0.77 [190263/365/1]
190263/545/1.f:NCJBIN_13625 -            254 GH16_7.hmm           -            226   6.7e-21   79.2   0.0   1   1   1.9e-24   8.4e-21   78.9   0.0    44   226    67   250    54   250 0.78 [190263/545/1]
190263/532/1.f:BGDBBA_02020 -           1157 GH16_7.hmm           -            226   4.1e-20   76.7   2.3   1   1   2.8e-23   1.2e-19   75.1   2.3    38   226   305   509   300   509 0.74 [190263/532/1]
190263/439/1.f:KGLJGB_05760 -            411 GH16_7.hmm           -            226   4.6e-20   76.5   8.9   1   1     2e-22   8.6e-19   72.4   3.6    37   186    75   216    47   230 0.81 [190263/439/1]
190263/396/1.f:KAAOMA_16000 -            473 GH16_7.hmm           -            226   5.4e-20   76.3   1.4   1   1     5e-23   2.1e-19   74.3   1.4    43   226   102   299    92   299 0.78 [190263/396/1]
190263/506/1.f:IKGMED_10860 -            298 GH16_7.hmm           -            226   9.9e-20   75.4   2.9   1   1   4.5e-23   1.9e-19   74.5   2.9    74   213    96   242    92   266 0.78 [190263/506/1]
190263/439/1.f:KGLJGB_07375 -            876 GH16_7.hmm           -            226   1.1e-19   75.3   0.4   1   1   9.1e-23   3.9e-19   73.5   0.4    55   226   514   701   483   701 0.70 [190263/439/1]
190263/506/1.f:IKGMED_03750 -            304 GH16_7.hmm           -            226   1.4e-19   74.9   0.8   1   1   4.7e-23     2e-19   74.4   0.2    74   226   119   282    81   282 0.83 [190263/506/1]
190263/401/1.f:DMFJNH_07525 -            631 GH16_7.hmm           -            226   2.8e-19   73.9   0.3   1   1   1.6e-22   6.7e-19   72.7   0.3    74   226   108   280    40   280 0.70 [190263/401/1]
190263/504/1.f:DOAHDM_08030 -            631 GH16_7.hmm           -            226   2.8e-19   73.9   0.3   1   1   1.6e-22   6.7e-19   72.7   0.3    74   226   108   280    40   280 0.70 [190263/504/1]
190263/404/1.f:BGJBIG_05355 -            635 GH16_7.hmm           -            226   1.2e-18   71.9   0.1   1   1   6.7e-22   2.9e-18   70.6   0.1    75   226   114   283   102   283 0.75 [190263/404/1]
190263/506/1.f:IKGMED_04530 -            313 GH16_7.hmm           -            226   1.2e-18   71.8   0.8   1   1   8.1e-22   3.5e-18   70.4   0.8    68   226   126   296    65   296 0.76 [190263/506/1]
190263/573/1.f:LIDFCI_15705 -            646 GH16_7.hmm           -            226   1.6e-18   71.5   0.1   1   1   7.5e-22   3.2e-18   70.5   0.1    75   226   125   294    76   294 0.79 [190263/573/1]
190263/502/1.f:NONHGB_00290 -            283 GH16_7.hmm           -            226   3.3e-18   70.4   0.4   1   1   3.8e-21   1.6e-17   68.2   0.4    74   226   108   280    40   280 0.68 [190263/502/1]
190263/369/1.f:JCDIFE_00235 -            294 GH16_7.hmm           -            226   3.6e-18   70.3   0.0   1   1   2.3e-21   9.9e-18   68.9   0.0    75   226   115   284    45   284 0.81 [190263/369/1]
190263/513/1.f:MKNBNH_07060 -           1211 GH16_7.hmm           -            226   1.2e-17   68.6   1.3   1   1   7.1e-21     3e-17   67.3   1.3    41   226   341   543   333   543 0.74 [190263/513/1]
190263/417/1.f:MHBJAE_02305 -            264 GH16_7.hmm           -            226     3e-17   67.3   0.1   1   1     1e-20   4.3e-17   66.8   0.1    79   226   108   260    96   260 0.80 [190263/417/1]
190263/396/1.f:KAAOMA_14215 -            482 GH16_7.hmm           -            226   4.2e-17   66.8   3.5   1   1   9.8e-21   4.2e-17   66.8   3.5    40   226   127   333    84   333 0.77 [190263/396/1]
190263/401/1.f:DMFJNH_26560 -            277 GH16_7.hmm           -            226   5.4e-17   66.5   2.4   1   1   1.7e-20   7.1e-17   66.1   2.4    16   226    63   274    52   274 0.81 [190263/401/1]
190263/405/1.f:EHKDKA_00295 -            628 GH16_7.hmm           -            226   5.9e-17   66.3   0.7   1   1   4.7e-20     2e-16   64.6   0.7    24   226   390   626   385   626 0.65 [190263/405/1]
190263/583/1.f:BCCKNC_17370 -            267 GH16_7.hmm           -            226   7.3e-17   66.0   0.2   1   1   2.1e-20   8.9e-17   65.8   0.2    80   226   107   261    61   261 0.81 [190263/583/1]
190263/437/1.f:LBKKEJ_09785 -            277 GH16_7.hmm           -            226   7.7e-17   66.0   1.1   1   1     3e-20   1.3e-16   65.2   1.1    60   226    93   277    69   277 0.74 [190263/437/1]
190263/404/1.f:BGJBIG_00690 -            274 GH16_7.hmm           -            226     1e-16   65.6   2.3   1   1   3.1e-20   1.3e-16   65.2   2.3    16   226    60   271    49   271 0.80 [190263/404/1]
190263/583/1.f:BCCKNC_10065 -            260 GH16_7.hmm           -            226   1.2e-16   65.4   0.1   1   1   3.7e-20   1.6e-16   65.0   0.1    75   226   100   256    48   256 0.78 [190263/583/1]
190263/488/1.f:DNPFAC_02585 -            263 GH16_7.hmm           -            226   1.5e-16   65.0   0.1   1   1   5.1e-20   2.2e-16   64.5   0.1    79   226   108   260    96   260 0.80 [190263/488/1]
190263/417/1.f:MHBJAE_10185 -            274 GH16_7.hmm           -            226   2.1e-16   64.5   0.1   1   1   6.4e-20   2.8e-16   64.2   0.1    44   226    77   267    63   267 0.77 [190263/417/1]
190263/552/1.f:EMALNL_04680 -            271 GH16_7.hmm           -            226   4.4e-16   63.5   0.4   1   1   1.4e-19     6e-16   63.1   0.4    49   208    82   244    67   271 0.71 [190263/552/1]
190263/573/1.f:LIDFCI_18930 -            271 GH16_7.hmm           -            226   5.2e-16   63.3   0.4   1   1   1.6e-19     7e-16   62.8   0.4    49   208    82   244    67   271 0.71 [190263/573/1]
190263/475/1.f:MCKEEP_04685 -            271 GH16_7.hmm           -            226     6e-16   63.1   0.4   1   1   1.9e-19   8.1e-16   62.6   0.4    49   208    82   244    67   271 0.71 [190263/475/1]
190263/366/1.f:DBJPFP_12630 -            279 GH16_7.hmm           -            226   6.2e-16   63.0   0.0   1   1   2.4e-19     1e-15   62.3   0.0    43   225    84   273    76   274 0.79 [190263/366/1]
190263/488/1.f:DNPFAC_11925 -            274 GH16_7.hmm           -            226   6.2e-16   63.0   0.1   1   1   1.9e-19     8e-16   62.6   0.1    44   226    77   267    63   267 0.76 [190263/488/1]
190263/401/1.f:DMFJNH_01685 -            268 GH16_7.hmm           -            226   8.7e-16   62.5   0.1   1   1   2.9e-19   1.2e-15   62.0   0.1    81   226   112   262    99   262 0.79 [190263/401/1]
190263/404/1.f:BGJBIG_17800 -            258 GH16_7.hmm           -            226   1.5e-15   61.8   0.3   1   1   4.4e-19   1.9e-15   61.4   0.3    80   226   101   255    75   255 0.82 [190263/404/1]
190263/504/1.f:DOAHDM_02100 -            268 GH16_7.hmm           -            226   1.9e-15   61.4   0.1   1   1   6.3e-19   2.7e-15   60.9   0.1    81   226   112   262    99   262 0.80 [190263/504/1]
190263/404/1.f:BGJBIG_01350 -            267 GH16_7.hmm           -            226   4.5e-15   60.2   0.2   1   1   1.6e-18   7.1e-15   59.5   0.2    81   226   111   261    98   261 0.80 [190263/404/1]
190263/391/1.f:NONBJF_00215 -            263 GH16_7.hmm           -            226     1e-14   59.0   0.3   1   1   3.2e-18   1.4e-14   58.6   0.3    81   226   110   260    69   260 0.81 [190263/391/1]
190263/534/1.f:OHCFJE_00215 -            263 GH16_7.hmm           -            226     1e-14   59.0   0.3   1   1   3.2e-18   1.4e-14   58.6   0.3    81   226   110   260    69   260 0.81 [190263/534/1]
190263/545/1.f:NCJBIN_00215 -            263 GH16_7.hmm           -            226     1e-14   59.0   0.3   1   1   3.2e-18   1.4e-14   58.6   0.3    81   226   110   260    69   260 0.81 [190263/545/1]
190263/534/1.f:OHCFJE_12840 -            258 GH16_7.hmm           -            226   1.3e-14   58.7   0.5   1   1   3.8e-18   1.6e-14   58.4   0.5    80   226   101   255    81   255 0.81 [190263/534/1]
190263/391/1.f:NONBJF_12510 -            258 GH16_7.hmm           -            226   1.5e-14   58.5   0.6   1   1   4.6e-18     2e-14   58.1   0.6    80   226   101   255    81   255 0.80 [190263/391/1]
190263/545/1.f:NCJBIN_13510 -            258 GH16_7.hmm           -            226   1.5e-14   58.5   0.6   1   1   4.6e-18     2e-14   58.1   0.6    80   226   101   255    81   255 0.80 [190263/545/1]
190263/417/1.f:MHBJAE_06440 -            440 GH16_7.hmm           -            226   3.2e-14   57.4   5.6   1   1   6.4e-16   2.7e-12   51.1   5.6    76   226   239   413   223   413 0.70 [190263/417/1]
190263/552/1.f:EMALNL_02385 -            267 GH16_7.hmm           -            226   7.6e-14   56.2   0.1   1   1   2.6e-17   1.1e-13   55.6   0.1    79   226   109   261    88   261 0.79 [190263/552/1]
190263/562/1.f:KJGNCK_08680 -            267 GH16_7.hmm           -            226   7.6e-14   56.2   0.1   1   1   2.6e-17   1.1e-13   55.6   0.1    79   226   109   261    88   261 0.79 [190263/562/1]
190263/497/1.f:HENFFC_18650 -            262 GH16_7.hmm           -            226   1.4e-13   55.3   0.1   1   1   5.4e-17   2.3e-13   54.6   0.1    81   226   107   258    96   258 0.78 [190263/497/1]
190263/365/1.f:JJMMAK_17560 -            262 GH16_7.hmm           -            226   3.4e-13   54.0   0.1   1   1   1.4e-16   6.2e-13   53.2   0.1    81   226   107   258    96   258 0.78 [190263/365/1]
190263/388/1.f:FDDJJK_00235 -            263 GH16_7.hmm           -            226   3.6e-13   54.0   0.3   1   1   1.1e-16   4.9e-13   53.5   0.3    81   226   110   260    70   260 0.81 [190263/388/1]
190263/585/1.f:DLBDDB_07045 -            506 GH16_7.hmm           -            226   1.8e-12   51.7   1.8   1   1   7.3e-16   3.1e-12   50.9   1.8    43   226    81   274    55   274 0.79 [190263/585/1]
#
# Program:         hmmsearch
# Version:         3.3.2 (Nov 2020)
# Pipeline mode:   SEARCH
# Query file:      /kb/module/work/tmp/output.1725388484971/GH16_7/GH16_7.hmm
# Target file:     /kb/module/work/tmp/output.1725388484971/hCom2_RAST.fasta
# Option settings: /kb/module/hmmer/bin/hmmsearch --domtblout /kb/module/work/tmp/output.1725388484971/GH16_7/GH16_7-hCom2_RAST.hitout.txt --noali --notextw --domE 1e-15 /kb/module/work/tmp/output.1725388484971/GH16_7/GH16_7.hmm /kb/module/work/tmp/output.1725388484971/hCom2_RAST.fasta 
# Current dir:     /kb/module/work/tmp/output.1725388484971
# Date:            Tue Sep  3 18:50:00 2024
# [ok]
