#                                                                                   --- full sequence --- -------------- this domain -------------   hmm coord   ali coord   env coord
# target name               accession   tlen query name           accession   qlen   E-value  score  bias   #  of  c-Evalue  i-Evalue  score  bias  from    to  from    to  from    to  acc description of target
#       ------------------- ---------- ----- -------------------- ---------- ----- --------- ------ ----- --- --- --------- --------- ------ ----- ----- ----- ----- ----- ----- ----- ---- ---------------------
190263/439/1.f:KGLJGB_10475 -            580 GH16_3.hmm           -            230   2.8e-83  283.7  14.1   1   1   7.9e-87   2.8e-83  283.7  14.1     1   230    36   260    36   260 0.94 [190263/439/1]
190263/379/1.f:LOJHAC_19925 -            255 GH16_3.hmm           -            230   1.4e-82  281.4   5.7   1   1   4.5e-86   1.6e-82  281.2   5.7     1   230    20   253    20   253 0.94 [190263/379/1]
190263/585/1.f:DLBDDB_09235 -            315 GH16_3.hmm           -            230   1.6e-82  281.2   0.2   1   1   5.2e-86   1.9e-82  281.0   0.2     1   230    38   274    38   274 0.96 [190263/585/1]
190263/516/1.f:MGNFBC_15760 -            276 GH16_3.hmm           -            230   1.9e-82  281.0   5.7   1   1     6e-86   2.2e-82  280.8   5.7     1   230    41   274    41   274 0.94 [190263/516/1]
190263/368/1.f:HPMDBE_17795 -            276 GH16_3.hmm           -            230   3.1e-82  280.3   6.4   1   1   9.8e-86   3.5e-82  280.1   6.4     1   230    41   274    41   274 0.95 [190263/368/1]
190263/396/1.f:KAAOMA_16000 -            473 GH16_3.hmm           -            230   1.9e-81  277.7   6.5   1   1   9.9e-85   3.6e-81  276.8   6.5     1   230    63   299    63   299 0.91 [190263/396/1]
190263/532/1.f:BGDBBA_02020 -           1157 GH16_3.hmm           -            230   2.3e-78  267.6   7.1   1   1   6.3e-82   2.3e-78  267.6   7.1     1   230   271   509   271   509 0.91 [190263/532/1]
190263/513/1.f:MKNBNH_07060 -           1211 GH16_3.hmm           -            230   1.7e-77  264.8   6.1   1   1   4.7e-81   1.7e-77  264.8   6.1     1   230   304   543   304   543 0.90 [190263/513/1]
190263/522/1.f:NPJBCH_07820 -            292 GH16_3.hmm           -            230   3.2e-75  257.3   3.3   1   1   1.2e-78   4.2e-75  256.9   3.3     1   230    67   289    67   289 0.93 [190263/522/1]
190263/396/1.f:KAAOMA_14215 -            482 GH16_3.hmm           -            230   4.4e-74  253.6  10.2   1   1   1.2e-77   4.4e-74  253.6  10.2     1   230    82   333    82   333 0.93 [190263/396/1]
190263/502/1.f:NONHGB_11315 -            374 GH16_3.hmm           -            230   5.4e-72  246.8   8.2   1   1   2.5e-75   9.1e-72  246.0   8.2     1   230   138   368   138   368 0.93 [190263/502/1]
190263/439/1.f:KGLJGB_07375 -            876 GH16_3.hmm           -            230     4e-71  243.9   2.5   1   1   1.1e-74     4e-71  243.9   2.5     2   230   444   701   443   701 0.91 [190263/439/1]
190263/399/1.f:CDLIDF_02905 -            278 GH16_3.hmm           -            230   1.2e-70  242.4   1.0   1   1   3.8e-74   1.4e-70  242.2   1.0     1   230    41   276    41   276 0.92 [190263/399/1]
190263/405/1.f:EHKDKA_13010 -            374 GH16_3.hmm           -            230   2.1e-68  235.0   5.7   1   1   5.8e-72   2.1e-68  235.0   5.7     1   230   139   370   139   370 0.90 [190263/405/1]
190263/595/1.f:HGDLEC_08135 -            368 GH16_3.hmm           -            230   4.2e-68  234.0   1.7   1   1   1.2e-71   4.2e-68  234.0   1.7     1   230   138   366   138   366 0.93 [190263/595/1]
190263/369/1.f:JCDIFE_19215 -            478 GH16_3.hmm           -            230     3e-66  228.0   7.3   1   1   1.6e-69   5.6e-66  227.1   7.3     1   230   240   475   240   475 0.91 [190263/369/1]
190263/506/1.f:IKGMED_03750 -            304 GH16_3.hmm           -            230   1.5e-65  225.7   0.7   1   1   4.8e-69   1.7e-65  225.5   0.7     1   230    36   282    36   282 0.90 [190263/506/1]
190263/461/1.f:DHPHOK_10860 -            478 GH16_3.hmm           -            230   3.1e-65  224.7   6.8   1   1   8.6e-69   3.1e-65  224.7   6.8     1   230   240   475   240   475 0.91 [190263/461/1]
190263/439/1.f:KGLJGB_05760 -            411 GH16_3.hmm           -            230   3.8e-65  224.4  10.5   1   1   1.9e-68   6.8e-65  223.5  10.5     1   230    42   288    42   288 0.89 [190263/439/1]
190263/545/1.f:NCJBIN_13625 -            254 GH16_3.hmm           -            230   1.6e-62  215.8   0.1   1   1     5e-66   1.8e-62  215.6   0.1     1   230    29   250    29   250 0.92 [190263/545/1]
190263/573/1.f:LIDFCI_15705 -            646 GH16_3.hmm           -            230   1.1e-61  213.1   2.7   1   1   6.9e-65   2.5e-61  211.9   2.7     1   230    43   294    43   294 0.87 [190263/573/1]
190263/502/1.f:NONHGB_00290 -            283 GH16_3.hmm           -            230   1.1e-61  213.1   3.6   1   1   3.5e-65   1.3e-61  212.9   3.6     1   230    29   280    29   280 0.88 [190263/502/1]
190263/439/1.f:KGLJGB_05600 -            451 GH16_3.hmm           -            230   1.8e-61  212.4  13.2   1   1     5e-65   1.8e-61  212.4  13.2     1   230   200   450   200   450 0.83 [190263/439/1]
190263/369/1.f:JCDIFE_00235 -            294 GH16_3.hmm           -            230   1.9e-61  212.3   0.4   1   1   6.1e-65   2.2e-61  212.1   0.4     1   230    33   284    33   284 0.88 [190263/369/1]
190263/404/1.f:BGJBIG_05355 -            635 GH16_3.hmm           -            230     2e-61  212.2   3.0   1   1   1.2e-64   4.4e-61  211.1   3.0     1   230    32   283    32   283 0.86 [190263/404/1]
190263/401/1.f:DMFJNH_07525 -            631 GH16_3.hmm           -            230   2.7e-61  211.8   4.8   1   1   1.1e-64   3.8e-61  211.3   4.0     1   230    29   280    29   280 0.87 [190263/401/1]
190263/504/1.f:DOAHDM_08030 -            631 GH16_3.hmm           -            230   2.7e-61  211.8   4.8   1   1   1.1e-64   3.8e-61  211.3   4.0     1   230    29   280    29   280 0.87 [190263/504/1]
190263/506/1.f:IKGMED_04530 -            313 GH16_3.hmm           -            230   3.3e-61  211.5   4.1   1   1   1.1e-64   3.9e-61  211.2   4.1     1   230    51   296    51   296 0.88 [190263/506/1]
190263/405/1.f:EHKDKA_00295 -            628 GH16_3.hmm           -            230   2.5e-60  208.6   5.0   1   1   6.9e-64   2.5e-60  208.6   5.0     1   230   375   626   375   626 0.89 [190263/405/1]
190263/404/1.f:BGJBIG_00690 -            274 GH16_3.hmm           -            230   5.6e-59  204.2   1.5   1   1   1.8e-62   6.6e-59  204.0   1.5     2   230    48   271    47   271 0.88 [190263/404/1]
190263/401/1.f:DMFJNH_26560 -            277 GH16_3.hmm           -            230   9.4e-59  203.5   1.3   1   1   3.3e-62   1.2e-58  203.1   1.3     2   230    51   274    50   274 0.88 [190263/401/1]
190263/437/1.f:LBKKEJ_09785 -            277 GH16_3.hmm           -            230     2e-57  199.1   6.2   1   1   6.7e-61   2.4e-57  198.9   6.2     2   230    39   277    38   277 0.83 [190263/437/1]
190263/437/1.f:LBKKEJ_08115 -            206 GH16_3.hmm           -            230   5.4e-57  197.7   1.0   1   1   1.7e-60     6e-57  197.6   1.0    27   230     4   201     1   201 0.89 [190263/437/1]
190263/573/1.f:LIDFCI_18930 -            271 GH16_3.hmm           -            230   3.2e-56  195.2   5.1   1   1     1e-59   3.7e-56  195.0   5.1     2   229    38   270    37   271 0.84 [190263/573/1]
190263/417/1.f:MHBJAE_10185 -            274 GH16_3.hmm           -            230   4.8e-56  194.6   0.3   1   1   1.6e-59   5.9e-56  194.3   0.3     1   230    44   267    44   267 0.87 [190263/417/1]
190263/552/1.f:EMALNL_04680 -            271 GH16_3.hmm           -            230   5.5e-56  194.4   5.1   1   1   1.8e-59   6.4e-56  194.2   5.1     2   229    38   270    37   271 0.84 [190263/552/1]
190263/475/1.f:MCKEEP_04685 -            271 GH16_3.hmm           -            230   6.4e-56  194.2   5.0   1   1   2.1e-59   7.4e-56  194.0   5.0     2   229    38   270    37   271 0.84 [190263/475/1]
190263/401/1.f:DMFJNH_03110 -            372 GH16_3.hmm           -            230   2.9e-55  192.0   3.1   1   1   8.1e-59   2.9e-55  192.0   3.1     3   229   138   367   136   367 0.86 [190263/401/1]
190263/504/1.f:DOAHDM_03575 -            372 GH16_3.hmm           -            230   2.9e-55  192.0   3.1   1   1   8.1e-59   2.9e-55  192.0   3.1     3   229   138   367   136   367 0.86 [190263/504/1]
190263/488/1.f:DNPFAC_11925 -            274 GH16_3.hmm           -            230   7.1e-55  190.8   0.2   1   1   2.4e-58   8.7e-55  190.5   0.2     1   230    44   267    44   267 0.87 [190263/488/1]
190263/417/1.f:MHBJAE_19200 -            279 GH16_3.hmm           -            230   9.9e-55  190.3   0.2   1   1   3.5e-58   1.2e-54  190.0   0.2     2   229    46   273    45   273 0.86 [190263/417/1]
190263/488/1.f:DNPFAC_20885 -            278 GH16_3.hmm           -            230   1.2e-54  190.1   0.2   1   1   4.1e-58   1.5e-54  189.7   0.2     2   229    45   272    44   272 0.86 [190263/488/1]
190263/417/1.f:MHBJAE_02305 -            264 GH16_3.hmm           -            230   6.4e-54  187.7   0.7   1   1     2e-57   7.3e-54  187.5   0.7     1   230    34   260    34   260 0.90 [190263/417/1]
190263/488/1.f:DNPFAC_02585 -            263 GH16_3.hmm           -            230   1.9e-53  186.1   0.9   1   1     6e-57   2.2e-53  185.9   0.9     1   230    34   260    34   260 0.90 [190263/488/1]
190263/552/1.f:EMALNL_02385 -            267 GH16_3.hmm           -            230   1.5e-52  183.1   0.6   1   1   4.9e-56   1.8e-52  182.9   0.6     1   230    35   261    35   261 0.89 [190263/552/1]
190263/562/1.f:KJGNCK_08680 -            267 GH16_3.hmm           -            230   1.5e-52  183.1   0.6   1   1   4.9e-56   1.8e-52  182.9   0.6     1   230    35   261    35   261 0.89 [190263/562/1]
190263/401/1.f:DMFJNH_01685 -            268 GH16_3.hmm           -            230     2e-52  182.8   0.2   1   1   6.3e-56   2.3e-52  182.6   0.2     1   230    36   262    36   262 0.91 [190263/401/1]
190263/404/1.f:BGJBIG_01350 -            267 GH16_3.hmm           -            230   4.5e-52  181.6   1.3   1   1   1.4e-55   5.1e-52  181.4   1.3     1   230    35   261    35   261 0.90 [190263/404/1]
190263/404/1.f:BGJBIG_02545 -            374 GH16_3.hmm           -            230   4.8e-52  181.5   1.5   1   1     3e-55   1.1e-51  180.4   1.5     3   229   139   369   137   369 0.85 [190263/404/1]
190263/504/1.f:DOAHDM_02100 -            268 GH16_3.hmm           -            230   6.3e-52  181.1   0.1   1   1     2e-55   7.2e-52  180.9   0.1     1   230    36   262    36   262 0.90 [190263/504/1]
190263/391/1.f:NONBJF_12510 -            258 GH16_3.hmm           -            230   9.2e-52  180.6   0.5   1   1   2.9e-55   1.1e-51  180.4   0.5     1   230    27   255    27   255 0.90 [190263/391/1]
190263/545/1.f:NCJBIN_13510 -            258 GH16_3.hmm           -            230   9.2e-52  180.6   0.5   1   1   2.9e-55   1.1e-51  180.4   0.5     1   230    27   255    27   255 0.90 [190263/545/1]
190263/534/1.f:OHCFJE_12840 -            258 GH16_3.hmm           -            230   1.1e-51  180.3   0.4   1   1   3.5e-55   1.2e-51  180.2   0.4     1   230    27   255    27   255 0.90 [190263/534/1]
190263/404/1.f:BGJBIG_17800 -            258 GH16_3.hmm           -            230   3.8e-51  178.6   0.7   1   1   1.2e-54   4.3e-51  178.4   0.7     1   230    27   255    27   255 0.89 [190263/404/1]
190263/583/1.f:BCCKNC_10065 -            260 GH16_3.hmm           -            230   5.4e-51  178.1   1.7   1   1   1.7e-54   6.2e-51  177.9   1.7     1   230    30   256    30   256 0.90 [190263/583/1]
190263/506/1.f:IKGMED_10860 -            298 GH16_3.hmm           -            230   3.7e-50  175.4   9.7   1   1   1.2e-53   4.3e-50  175.1   9.7     2   230    17   266    16   266 0.79 [190263/506/1]
190263/573/1.f:LIDFCI_15710 -            491 GH16_3.hmm           -            230   2.6e-49  172.6  10.7   1   1   1.3e-52   4.7e-49  171.7  10.7     1   230   231   487   231   487 0.85 [190263/573/1]
190263/391/1.f:NONBJF_00215 -            263 GH16_3.hmm           -            230   8.4e-49  170.9   2.9   1   1   2.7e-52   9.7e-49  170.7   2.9     1   230    34   260    34   260 0.88 [190263/391/1]
190263/534/1.f:OHCFJE_00215 -            263 GH16_3.hmm           -            230   8.4e-49  170.9   2.9   1   1   2.7e-52   9.7e-49  170.7   2.9     1   230    34   260    34   260 0.88 [190263/534/1]
190263/545/1.f:NCJBIN_00215 -            263 GH16_3.hmm           -            230   8.4e-49  170.9   2.9   1   1   2.7e-52   9.7e-49  170.7   2.9     1   230    34   260    34   260 0.88 [190263/545/1]
190263/497/1.f:HENFFC_18650 -            262 GH16_3.hmm           -            230     3e-48  169.1   0.3   1   1   9.5e-52   3.4e-48  168.9   0.3     1   230    31   258    31   258 0.88 [190263/497/1]
190263/405/1.f:EHKDKA_00300 -            490 GH16_3.hmm           -            230     4e-48  168.7  11.7   1   1   1.1e-51     4e-48  168.7  11.7     1   230   229   487   229   487 0.86 [190263/405/1]
190263/366/1.f:DBJPFP_12630 -            279 GH16_3.hmm           -            230   4.7e-48  168.5   0.0   1   1   1.7e-51     6e-48  168.1   0.0     2   229    47   273    46   273 0.88 [190263/366/1]
190263/583/1.f:BCCKNC_17370 -            267 GH16_3.hmm           -            230   5.4e-48  168.3   0.5   1   1   1.7e-51   6.1e-48  168.1   0.5     1   230    33   261    33   261 0.88 [190263/583/1]
190263/365/1.f:JJMMAK_17560 -            262 GH16_3.hmm           -            230   8.8e-48  167.6   0.5   1   1   2.8e-51     1e-47  167.4   0.5     1   230    31   258    31   258 0.88 [190263/365/1]
190263/388/1.f:FDDJJK_00235 -            263 GH16_3.hmm           -            230   9.8e-48  167.4   2.1   1   1   3.1e-51   1.1e-47  167.2   2.1     1   230    34   260    34   260 0.88 [190263/388/1]
190263/562/1.f:KJGNCK_22420 -            687 GH16_3.hmm           -            230   1.1e-45  160.7   6.3   1   1     3e-49   1.1e-45  160.7   6.3     1   230   188   437   188   437 0.88 [190263/562/1]
190263/585/1.f:DLBDDB_07045 -            506 GH16_3.hmm           -            230   7.4e-45  158.0   4.3   1   1     3e-48   1.1e-44  157.4   4.3     1   230    43   274    43   274 0.84 [190263/585/1]
190263/562/1.f:KJGNCK_22385 -            394 GH16_3.hmm           -            230   1.2e-44  157.3   4.7   1   1   4.6e-48   1.6e-44  156.9   4.7     1   230    50   300    50   300 0.84 [190263/562/1]
190263/404/1.f:BGJBIG_05350 -            511 GH16_3.hmm           -            230   1.9e-43  153.4   8.1   1   1   9.4e-47   3.4e-43  152.6   8.1     2   230   230   508   229   508 0.84 [190263/404/1]
190263/396/1.f:KAAOMA_19615 -            921 GH16_3.hmm           -            230   1.4e-42  150.5  48.4   1   3   9.6e-21   3.4e-17   67.5   3.4    23   184   185   336   171   374 0.82 [190263/396/1]
190263/396/1.f:KAAOMA_19615 -            921 GH16_3.hmm           -            230   1.4e-42  150.5  48.4   2   3   8.2e-17     3e-13   54.6   5.6    22   183   456   613   443   652 0.80 [190263/396/1]
190263/396/1.f:KAAOMA_19615 -            921 GH16_3.hmm           -            230   1.4e-42  150.5  48.4   3   3   3.6e-16   1.3e-12   52.5   5.8    22   182   722   878   697   917 0.80 [190263/396/1]
190263/401/1.f:DMFJNH_26550 -            286 GH16_3.hmm           -            230   8.6e-37  131.6   0.1   1   1   2.8e-40     1e-36  131.4   0.1     3   229    41   272    39   273 0.83 [190263/401/1]
190263/404/1.f:BGJBIG_00685 -            280 GH16_3.hmm           -            230   3.7e-36  129.5   0.2   1   1   1.2e-39   4.4e-36  129.3   0.2     3   229    39   270    37   271 0.81 [190263/404/1]
190263/366/1.f:DBJPFP_12660 -            366 GH16_3.hmm           -            230   4.7e-36  129.2   1.4   1   1   2.4e-39   8.5e-36  128.3   1.4     3   229   138   361   136   361 0.85 [190263/366/1]
190263/366/1.f:DBJPFP_12625 -            357 GH16_3.hmm           -            230     8e-36  128.4   1.4   1   1   2.2e-39     8e-36  128.4   1.4     3   229   129   352   127   352 0.85 [190263/366/1]
190263/488/1.f:DNPFAC_03005 -            284 GH16_3.hmm           -            230     5e-35  125.8   0.1   1   1   1.6e-38   5.8e-35  125.6   0.1     3   229    39   270    37   271 0.82 [190263/488/1]
190263/497/1.f:HENFFC_15415 -            395 GH16_3.hmm           -            230   4.5e-28  103.1   4.5   1   1   3.2e-31   1.2e-27  101.7   4.5     2   230    43   281    42   281 0.80 [190263/497/1]
190263/365/1.f:JJMMAK_14225 -            395 GH16_3.hmm           -            230   5.4e-28  102.8   4.9   1   1   4.2e-31   1.5e-27  101.4   4.9     2   230    43   281    42   281 0.79 [190263/365/1]
190263/417/1.f:MHBJAE_06440 -            440 GH16_3.hmm           -            230   2.1e-27  100.9   3.1   1   1   1.4e-30   5.1e-27   99.6   3.1     2   230   165   413   164   413 0.83 [190263/417/1]
190263/399/1.f:CDLIDF_00410 -            300 GH16_3.hmm           -            230     8e-26   95.7   1.3   1   1   3.2e-29   1.1e-25   95.2   1.3     2   230    77   297    77   297 0.82 [190263/399/1]
190263/502/1.f:NONHGB_03245 -            320 GH16_3.hmm           -            230   1.2e-24   91.9   0.7   1   1   4.1e-28   1.5e-24   91.6   0.7    33   230    85   304    52   304 0.78 [190263/502/1]
190263/466/1.f:PGJOII_07720 -            925 GH16_3.hmm           -            230     1e-23   88.9   0.3   1   1   5.1e-27   1.8e-23   88.0   0.3    34   230   691   909   675   909 0.78 [190263/466/1]
190263/466/1.f:PGJOII_04390 -            926 GH16_3.hmm           -            230   1.1e-23   88.8   2.1   1   1     4e-27   1.4e-23   88.4   1.2    34   230   692   910   650   910 0.77 [190263/466/1]
190263/390/1.f:OLPOLE_13255 -            591 GH16_3.hmm           -            230   6.3e-23   86.2   1.6   1   1   1.8e-26   6.3e-23   86.2   1.6     2   230    44   285    43   285 0.74 [190263/390/1]
190263/405/1.f:EHKDKA_03450 -            806 GH16_3.hmm           -            230   6.7e-23   86.2   0.4   1   1   1.9e-26   6.7e-23   86.2   0.4    34   230   572   790   535   790 0.80 [190263/405/1]
190263/405/1.f:EHKDKA_08140 -            436 GH16_3.hmm           -            230   6.5e-21   79.7   0.1   1   1   2.5e-24   8.9e-21   79.2   0.1    39   230   216   417   172   417 0.74 [190263/405/1]
190263/583/1.f:BCCKNC_17705 -            285 GH16_3.hmm           -            230   1.2e-20   78.8   4.7   1   1   6.3e-24   2.3e-20   77.9   4.7     2   196    49   242    48   267 0.80 [190263/583/1]
190263/382/1.f:JACGKO_02280 -            260 GH16_3.hmm           -            230   7.1e-20   76.3   0.7   1   1   2.6e-23   9.2e-20   75.9   0.7    22   228    62   254    40   255 0.81 [190263/382/1]
190263/412/1.f:OOIBGL_13920 -            264 GH16_3.hmm           -            230   2.1e-19   74.7   1.4   1   1   8.2e-23   2.9e-19   74.2   1.4    18   222    71   255    58   258 0.84 [190263/412/1]
190263/526/1.f:GBBCGM_16385 -            471 GH16_3.hmm           -            230   2.6e-19   74.4   0.5   1   1   1.6e-22   5.9e-19   73.2   0.5     2   230   247   467   246   467 0.77 [190263/526/1]
190263/562/1.f:KJGNCK_22655 -            678 GH16_3.hmm           -            230   9.7e-18   69.3   0.1   1   1   3.8e-21   1.4e-17   68.8   0.1     3   230    39   317    38   317 0.69 [190263/562/1]
190263/552/1.f:EMALNL_20585 -           1049 GH16_3.hmm           -            230   5.3e-17   66.8   0.1   1   1   2.4e-20   8.5e-17   66.2   0.1     3   230    39   317    38   317 0.69 [190263/552/1]
190263/466/1.f:PGJOII_04365 -            649 GH16_3.hmm           -            230     5e-16   63.7   2.6   1   1   2.6e-19   9.4e-16   62.8   2.6    26   230   355   630   340   630 0.64 [190263/466/1]
190263/552/1.f:EMALNL_20590 -            887 GH16_3.hmm           -            230   9.6e-16   62.7   0.4   1   1   5.1e-19   1.8e-15   61.8   0.4     3   230   546   829   545   829 0.71 [190263/552/1]
190263/562/1.f:KJGNCK_22660 -            887 GH16_3.hmm           -            230   1.4e-15   62.2   0.2   1   1   7.4e-19   2.6e-15   61.3   0.2     3   230   546   829   545   829 0.71 [190263/562/1]
190263/399/1.f:CDLIDF_00565 -            316 GH16_3.hmm           -            230   1.2e-13   55.9   0.8   1   1   4.3e-17   1.6e-13   55.5   0.8     3   230    51   310    49   310 0.69 [190263/399/1]
190263/562/1.f:KJGNCK_02085 -            650 GH16_3.hmm           -            230     6e-13   53.6   3.8   1   1   4.3e-16   1.5e-12   52.3   3.8    74   230   429   630   350   630 0.69 [190263/562/1]
190263/552/1.f:EMALNL_07925 -            650 GH16_3.hmm           -            230   7.2e-13   53.3   3.7   1   1     5e-16   1.8e-12   52.0   3.7    75   230   430   630   352   630 0.73 [190263/552/1]
190263/458/1.f:AMPCAI_10155 -            731 GH16_3.hmm           -            230   7.8e-13   53.2   2.0   1   1   2.2e-16   7.8e-13   53.2   2.0     3   181    35   236    33   253 0.74 [190263/458/1]
#
# Program:         hmmsearch
# Version:         3.3.2 (Nov 2020)
# Pipeline mode:   SEARCH
# Query file:      /kb/module/work/tmp/output.1725388484971/GH16_3/GH16_3.hmm
# Target file:     /kb/module/work/tmp/output.1725388484971/hCom2_RAST.fasta
# Option settings: /kb/module/hmmer/bin/hmmsearch --domtblout /kb/module/work/tmp/output.1725388484971/GH16_3/GH16_3-hCom2_RAST.hitout.txt --noali --notextw --domE 1e-15 /kb/module/work/tmp/output.1725388484971/GH16_3/GH16_3.hmm /kb/module/work/tmp/output.1725388484971/hCom2_RAST.fasta 
# Current dir:     /kb/module/work/tmp/output.1725388484971
# Date:            Tue Sep  3 18:49:55 2024
# [ok]
