#                                                                                   --- full sequence --- -------------- this domain -------------   hmm coord   ali coord   env coord
# target name               accession   tlen query name           accession   qlen   E-value  score  bias   #  of  c-Evalue  i-Evalue  score  bias  from    to  from    to  from    to  acc description of target
#       ------------------- ---------- ----- -------------------- ---------- ----- --------- ------ ----- --- --- --------- --------- ------ ----- ----- ----- ----- ----- ----- ----- ---- ---------------------
190263/396/1.f:KAAOMA_19615 -            921 GH16_21.hmm          -            206  2.3e-241  799.1  44.5   1   3   4.4e-84   1.9e-80  273.6   6.6     2   205   171   372   170   373 0.98 [190263/396/1]
190263/396/1.f:KAAOMA_19615 -            921 GH16_21.hmm          -            206  2.3e-241  799.1  44.5   2   3   2.8e-82   1.2e-78  267.7  11.1     2   205   443   650   442   651 0.96 [190263/396/1]
190263/396/1.f:KAAOMA_19615 -            921 GH16_21.hmm          -            206  2.3e-241  799.1  44.5   3   3   5.2e-83   2.2e-79  270.1  10.8     2   205   709   916   708   917 0.96 [190263/396/1]
190263/412/1.f:OOIBGL_13920 -            264 GH16_21.hmm          -            206   6.5e-87  294.7   6.0   1   1   1.8e-90   7.7e-87  294.4   6.0     2   204    59   257    58   259 0.98 [190263/412/1]
190263/382/1.f:JACGKO_02280 -            260 GH16_21.hmm          -            206   2.4e-83  283.0   4.2   1   1   6.6e-87   2.8e-83  282.8   4.2     2   206    49   254    48   254 0.98 [190263/382/1]
190263/396/1.f:KAAOMA_16000 -            473 GH16_21.hmm          -            206   4.2e-30  109.1   4.0   1   1   1.4e-33   5.9e-30  108.6   4.0     1   206    65   297    65   297 0.89 [190263/396/1]
190263/532/1.f:BGDBBA_02020 -           1157 GH16_21.hmm          -            206     3e-27   99.8   5.2   1   1     7e-31     3e-27   99.8   5.2     1   205   273   506   273   507 0.84 [190263/532/1]
190263/513/1.f:MKNBNH_07060 -           1211 GH16_21.hmm          -            206   1.3e-26   97.7   4.1   1   1   7.7e-30   3.3e-26   96.4   4.1     1   205   306   540   306   541 0.89 [190263/513/1]
190263/522/1.f:NPJBCH_07820 -            292 GH16_21.hmm          -            206   2.2e-25   93.7   2.0   1   1   6.4e-29   2.8e-25   93.4   2.0    14   206    86   287    69   287 0.85 [190263/522/1]
190263/439/1.f:KGLJGB_10475 -            580 GH16_21.hmm          -            206   1.2e-24   91.2  11.4   1   1   5.5e-28   2.4e-24   90.3  11.4     1   206    38   258    38   258 0.79 [190263/439/1]
190263/399/1.f:CDLIDF_02905 -            278 GH16_21.hmm          -            206   2.3e-22   83.8   0.7   1   1   6.8e-26   2.9e-22   83.5   0.7    28   206    81   274    52   274 0.84 [190263/399/1]
190263/368/1.f:HPMDBE_17795 -            276 GH16_21.hmm          -            206     2e-21   80.8   3.8   1   1   5.6e-25   2.4e-21   80.5   3.8    18   206    69   272    47   272 0.83 [190263/368/1]
190263/379/1.f:LOJHAC_19925 -            255 GH16_21.hmm          -            206   2.2e-21   80.6   3.1   1   1   6.3e-25   2.7e-21   80.3   3.1    18   206    48   251    26   251 0.82 [190263/379/1]
190263/516/1.f:MGNFBC_15760 -            276 GH16_21.hmm          -            206   2.9e-21   80.3   3.1   1   1   8.2e-25   3.5e-21   80.0   3.1    18   206    69   272    47   272 0.82 [190263/516/1]
190263/595/1.f:HGDLEC_08135 -            368 GH16_21.hmm          -            206     9e-21   78.6   0.3   1   1   3.2e-24   1.4e-20   78.0   0.3    47   206   193   364   172   364 0.81 [190263/595/1]
190263/437/1.f:LBKKEJ_08115 -            206 GH16_21.hmm          -            206   1.2e-20   78.2   1.7   1   1   3.5e-24   1.5e-20   77.9   1.7    28   206    12   199     4   199 0.82 [190263/437/1]
190263/585/1.f:DLBDDB_09235 -            315 GH16_21.hmm          -            206   8.2e-20   75.5   0.1   1   1   2.5e-23   1.1e-19   75.1   0.1     8   206    53   272    47   272 0.82 [190263/585/1]
190263/545/1.f:NCJBIN_13625 -            254 GH16_21.hmm          -            206   1.3e-19   74.9   0.1   1   1   3.4e-23   1.4e-19   74.7   0.1    11   206    44   248    31   248 0.82 [190263/545/1]
190263/396/1.f:KAAOMA_14215 -            482 GH16_21.hmm          -            206   1.8e-19   74.4   6.2   1   1   9.2e-23   3.9e-19   73.3   6.2     4   191   103   311    99   331 0.86 [190263/396/1]
190263/405/1.f:EHKDKA_13010 -            374 GH16_21.hmm          -            206   1.8e-19   74.4   3.3   1   1   7.1e-23   3.1e-19   73.6   3.3    10   206   155   368   145   368 0.77 [190263/405/1]
190263/401/1.f:DMFJNH_26560 -            277 GH16_21.hmm          -            206   2.3e-19   74.1   1.7   1   1   6.7e-23   2.9e-19   73.7   1.7    28   206    83   272    52   272 0.82 [190263/401/1]
190263/502/1.f:NONHGB_11315 -            374 GH16_21.hmm          -            206   9.8e-19   72.0   5.6   1   1   3.6e-22   1.6e-18   71.3   5.6     7   206   151   366   144   366 0.78 [190263/502/1]
190263/404/1.f:BGJBIG_00690 -            274 GH16_21.hmm          -            206   1.2e-18   71.7   1.8   1   1   3.1e-22   1.3e-18   71.5   1.8    28   206    80   269    49   269 0.82 [190263/404/1]
190263/369/1.f:JCDIFE_19215 -            478 GH16_21.hmm          -            206   3.3e-18   70.3   4.5   1   1   1.3e-21   5.7e-18   69.5   4.5    32   206   282   473   244   473 0.76 [190263/369/1]
190263/461/1.f:DHPHOK_10860 -            478 GH16_21.hmm          -            206   1.5e-17   68.1   4.1   1   1   6.2e-21   2.7e-17   67.3   4.1    32   206   282   473   244   473 0.76 [190263/461/1]
190263/365/1.f:JJMMAK_14225 -            395 GH16_21.hmm          -            206   1.7e-17   68.0   3.2   1   1   5.4e-21   2.3e-17   67.5   3.2    33   206    76   279    46   279 0.84 [190263/365/1]
190263/583/1.f:BCCKNC_17705 -            285 GH16_21.hmm          -            206   2.3e-17   67.5   3.1   1   1   7.3e-21   3.1e-17   67.1   3.1     1   165    50   228    50   262 0.82 [190263/583/1]
190263/497/1.f:HENFFC_15415 -            395 GH16_21.hmm          -            206   3.1e-17   67.1   3.0   1   1     1e-20   4.4e-17   66.6   3.0    34   206    77   279    46   279 0.83 [190263/497/1]
190263/506/1.f:IKGMED_03750 -            304 GH16_21.hmm          -            206   7.9e-17   65.7   0.5   1   1   2.4e-20     1e-16   65.4   0.5     1   205    38   279    38   280 0.80 [190263/506/1]
190263/404/1.f:BGJBIG_02545 -            374 GH16_21.hmm          -            206   1.2e-16   65.2   3.3   1   1   1.8e-19   7.6e-16   62.5   1.5    25   206   166   368   139   368 0.78 [190263/404/1]
190263/399/1.f:CDLIDF_00410 -            300 GH16_21.hmm          -            206   1.2e-15   61.9   2.0   1   1   3.8e-19   1.6e-15   61.5   2.0     1   205    78   294    78   295 0.81 [190263/399/1]
190263/439/1.f:KGLJGB_05760 -            411 GH16_21.hmm          -            206   1.3e-15   61.7   7.9   1   1   7.2e-19   3.1e-15   60.5   7.9     1   163    44   216    44   286 0.81 [190263/439/1]
190263/401/1.f:DMFJNH_03110 -            372 GH16_21.hmm          -            206   1.9e-15   61.3   4.4   1   1   4.6e-19     2e-15   61.2   2.8    28   206   168   366   138   366 0.76 [190263/401/1]
190263/504/1.f:DOAHDM_03575 -            372 GH16_21.hmm          -            206     2e-15   61.2   2.8   1   1   4.6e-19     2e-15   61.2   2.8    28   206   168   366   138   366 0.76 [190263/504/1]
190263/488/1.f:DNPFAC_02585 -            263 GH16_21.hmm          -            206   4.1e-15   60.1   0.4   1   1   1.1e-18   4.8e-15   59.9   0.4    32   206    70   258    36   258 0.77 [190263/488/1]
190263/390/1.f:OLPOLE_13255 -            591 GH16_21.hmm          -            206     5e-15   59.9   1.3   1   1   1.2e-18     5e-15   59.9   1.3    61   205   132   282    74   283 0.86 [190263/390/1]
190263/437/1.f:LBKKEJ_09785 -            277 GH16_21.hmm          -            206   6.7e-15   59.5   6.7   1   1   2.1e-18   9.2e-15   59.0   6.7     1   206    40   275    40   275 0.73 [190263/437/1]
190263/417/1.f:MHBJAE_02305 -            264 GH16_21.hmm          -            206     8e-15   59.2   0.3   1   1   2.2e-18   9.2e-15   59.0   0.3    32   206    70   258    36   258 0.77 [190263/417/1]
190263/417/1.f:MHBJAE_10185 -            274 GH16_21.hmm          -            206   1.2e-14   58.6   0.1   1   1   3.8e-18   1.6e-14   58.2   0.1    34   206    77   265    62   265 0.80 [190263/417/1]
190263/488/1.f:DNPFAC_11925 -            274 GH16_21.hmm          -            206   1.5e-14   58.3   0.1   1   1   4.5e-18   1.9e-14   58.0   0.1    34   206    77   265    64   265 0.80 [190263/488/1]
190263/458/1.f:AMPCAI_10155 -            731 GH16_21.hmm          -            206   2.9e-14   57.4   3.6   1   1   6.6e-18   2.9e-14   57.4   3.6     1   184    35   254    35   265 0.77 [190263/458/1]
190263/439/1.f:KGLJGB_05600 -            451 GH16_21.hmm          -            206   3.4e-14   57.1   6.8   1   1   1.6e-17     7e-14   56.1   6.8     1   157   202   380   202   394 0.81 [190263/439/1]
190263/439/1.f:KGLJGB_07375 -            876 GH16_21.hmm          -            206   6.9e-14   56.1   2.5   1   1   3.1e-17   1.3e-13   55.2   2.5    16   206   474   699   445   699 0.79 [190263/439/1]
190263/417/1.f:MHBJAE_06440 -            440 GH16_21.hmm          -            206   8.9e-14   55.8   6.1   1   1   4.1e-16   1.8e-12   51.5   5.1    29   204   204   409   177   411 0.81 [190263/417/1]
190263/573/1.f:LIDFCI_18930 -            271 GH16_21.hmm          -            206   9.7e-14   55.7   6.7   1   1   2.9e-17   1.2e-13   55.3   6.7     1   206    39   269    39   269 0.72 [190263/573/1]
190263/552/1.f:EMALNL_04680 -            271 GH16_21.hmm          -            206   1.9e-13   54.8   6.6   1   1   5.5e-17   2.4e-13   54.4   6.6     1   206    39   269    39   269 0.72 [190263/552/1]
190263/506/1.f:IKGMED_10860 -            298 GH16_21.hmm          -            206   2.3e-13   54.4   4.4   1   1   6.7e-17   2.9e-13   54.1   4.4    46   170    79   217    18   242 0.76 [190263/506/1]
190263/475/1.f:MCKEEP_04685 -            271 GH16_21.hmm          -            206   2.5e-13   54.3   6.5   1   1   7.4e-17   3.2e-13   54.0   6.5     1   206    39   269    39   269 0.72 [190263/475/1]
190263/585/1.f:DLBDDB_07045 -            506 GH16_21.hmm          -            206     9e-13   52.5   1.4   1   1   3.8e-16   1.6e-12   51.7   1.4    29   206    77   272    52   272 0.81 [190263/585/1]
190263/401/1.f:DMFJNH_07525 -            631 GH16_21.hmm          -            206   1.5e-12   51.8   1.5   1   1   7.3e-16   3.1e-12   50.7   1.5     6   206    39   278    31   278 0.85 [190263/401/1]
190263/504/1.f:DOAHDM_08030 -            631 GH16_21.hmm          -            206   1.5e-12   51.8   1.5   1   1   7.3e-16   3.1e-12   50.7   1.5     6   206    39   278    31   278 0.85 [190263/504/1]
#
# Program:         hmmsearch
# Version:         3.3.2 (Nov 2020)
# Pipeline mode:   SEARCH
# Query file:      /kb/module/work/tmp/output.1725388484971/GH16_21/GH16_21.hmm
# Target file:     /kb/module/work/tmp/output.1725388484971/hCom2_RAST.fasta
# Option settings: /kb/module/hmmer/bin/hmmsearch --domtblout /kb/module/work/tmp/output.1725388484971/GH16_21/GH16_21-hCom2_RAST.hitout.txt --noali --notextw --domE 1e-15 /kb/module/work/tmp/output.1725388484971/GH16_21/GH16_21.hmm /kb/module/work/tmp/output.1725388484971/hCom2_RAST.fasta 
# Current dir:     /kb/module/work/tmp/output.1725388484971
# Date:            Tue Sep  3 18:50:14 2024
# [ok]
