#                                                                                   --- full sequence --- -------------- this domain -------------   hmm coord   ali coord   env coord
# target name               accession   tlen query name           accession   qlen   E-value  score  bias   #  of  c-Evalue  i-Evalue  score  bias  from    to  from    to  from    to  acc description of target
#       ------------------- ---------- ----- -------------------- ---------- ----- --------- ------ ----- --- --- --------- --------- ------ ----- ----- ----- ----- ----- ----- ----- ---- ---------------------
190263/383/1.f:KCEMEB_11200 -            723 GH167.hmm            -            717   2.3e-31  113.3   2.4   1   1   8.6e-27   3.2e-23   86.4   0.7   206   379   114   298    68   309 0.86 [190263/383/1]
190263/390/1.f:OLPOLE_14600 -            689 GH167.hmm            -            717     8e-24   88.4   0.3   1   1   1.4e-21   5.4e-18   69.1   1.8   205   335   114   239   110   255 0.91 [190263/390/1]
190263/580/1.f:JCPJNN_06640 -            682 GH167.hmm            -            717   3.2e-23   86.4   0.0   1   1   5.8e-20   2.2e-16   63.8   0.4   154   331    55   243    31   251 0.85 [190263/580/1]
190263/443/1.f:LNLACP_07560 -            666 GH167.hmm            -            717   1.1e-20   78.0   0.3   1   1   1.7e-23   6.5e-20   75.5   0.3   166   475    66   361    44   497 0.73 [190263/443/1]
190263/512/1.f:JBCLGH_10715 -            679 GH167.hmm            -            717   1.1e-20   78.0   2.9   1   1     5e-24   1.9e-20   77.2   2.9   166   588    66   486    44   496 0.82 [190263/512/1]
190263/405/1.f:EHKDKA_25455 -            690 GH167.hmm            -            717   2.9e-20   76.6   0.1   1   1     8e-18     3e-14   56.7   0.1   137   342    39   262     7   277 0.74 [190263/405/1]
190263/520/1.f:GGDGDE_08850 -            676 GH167.hmm            -            717   3.8e-20   76.3   1.7   1   1   2.6e-23   9.8e-20   74.9   0.8   167   587    68   486    51   492 0.76 [190263/520/1]
190263/433/1.f:ADFNDI_01145 -            674 GH167.hmm            -            717   3.8e-20   76.2   2.3   1   1   1.8e-23   6.8e-20   75.4   2.3   153   588    56   485    19   493 0.80 [190263/433/1]
190263/455/1.f:GDGJDA_11975 -            671 GH167.hmm            -            717   5.8e-20   75.6   2.4   1   1   3.5e-23   1.3e-19   74.5   2.4   171   589    71   487     7   495 0.80 [190263/455/1]
190263/370/1.f:MFKGBO_01415 -            705 GH167.hmm            -            717   1.2e-19   74.5   0.0   1   1   2.2e-18   8.4e-15   58.6   0.0   206   339   116   248   110   266 0.91 [190263/370/1]
190263/390/1.f:OLPOLE_14605 -            689 GH167.hmm            -            717   1.6e-19   74.2   4.2   1   1     4e-18   1.5e-14   57.8   6.0   205   331   113   234    93   241 0.88 [190263/390/1]
190263/382/1.f:JACGKO_03565 -            685 GH167.hmm            -            717   2.2e-19   73.7   0.0   1   1     3e-22   1.1e-18   71.4   0.2   205   595   125   503   116   531 0.87 [190263/382/1]
190263/478/1.f:BOCJFA_12460 -            674 GH167.hmm            -            717   2.8e-19   73.4   2.0   1   1   1.2e-22   4.4e-19   72.7   2.0   167   593    71   489    26   506 0.80 [190263/478/1]
190263/580/1.f:JCPJNN_01620 -            669 GH167.hmm            -            717   3.2e-19   73.2   0.1   1   1   1.3e-22   4.9e-19   72.6   0.1   162   603    58   494    27   522 0.82 [190263/580/1]
190263/425/1.f:HPANHD_10460 -            684 GH167.hmm            -            717     7e-19   72.1   4.1   1   1   2.3e-19   8.6e-16   61.9   1.9   153   379    56   289    30   313 0.84 [190263/425/1]
190263/562/1.f:KJGNCK_11035 -            715 GH167.hmm            -            717   1.1e-18   71.4   4.3   1   1   2.6e-16   9.6e-13   51.8   4.4    81   343    22   299    17   318 0.80 [190263/562/1]
190263/409/1.f:AJJCMD_29045 -            681 GH167.hmm            -            717   2.8e-18   70.1   0.0   1   1   2.6e-20   9.7e-17   65.0   0.0   165   599    67   495    46   500 0.84 [190263/409/1]
190263/580/1.f:JCPJNN_16810 -            665 GH167.hmm            -            717   5.4e-18   69.1   2.3   1   1   3.8e-21   1.4e-17   67.7   2.3   166   589    62   481     6   495 0.79 [190263/580/1]
190263/423/1.f:PDNKFB_05795 -            662 GH167.hmm            -            717   1.6e-17   67.6   5.1   1   1   3.6e-17   1.4e-13   54.6   3.8   165   372    63   275    29   286 0.78 [190263/423/1]
190263/557/1.f:DOLMEB_03790 -            675 GH167.hmm            -            717   2.4e-17   67.0   0.3   1   1   1.4e-20   5.3e-17   65.9   0.3   164   593    68   489    30   498 0.77 [190263/557/1]
190263/447/1.f:OLODHC_01565 -            677 GH167.hmm            -            717   8.8e-17   65.1   1.5   1   1   6.2e-20   2.3e-16   63.7   1.5   153   357    52   269     3   273 0.81 [190263/447/1]
190263/573/1.f:LIDFCI_21725 -            703 GH167.hmm            -            717   9.3e-17   65.1   1.7   1   1   2.1e-18   7.7e-15   58.7   3.8   151   331    74   266    34   281 0.77 [190263/573/1]
190263/475/1.f:MCKEEP_01930 -            703 GH167.hmm            -            717   1.6e-16   64.3   1.5   1   1   3.3e-18   1.3e-14   58.0   3.4   151   331    74   266    34   281 0.76 [190263/475/1]
190263/405/1.f:EHKDKA_12455 -            711 GH167.hmm            -            717   1.8e-16   64.1   8.6   1   1   2.2e-16   8.5e-13   52.0   6.8   150   345    72   275    20   305 0.79 [190263/405/1]
190263/472/1.f:NMGHJI_00305 -            674 GH167.hmm            -            717   2.1e-16   63.9   0.4   1   1     9e-20   3.4e-16   63.2   0.4   160   589    61   484    34   496 0.78 [190263/472/1]
190263/527/1.f:HGADJN_07965 -            696 GH167.hmm            -            717   2.4e-16   63.7   0.6   1   1   9.5e-20   3.6e-16   63.1   0.6   173   589    83   497    46   508 0.85 [190263/527/1]
190263/474/1.f:AMDJJA_01880 -            710 GH167.hmm            -            717   3.7e-16   63.1   1.2   1   1   5.7e-19   2.2e-15   60.5   1.2   203   590   124   500    71   510 0.81 [190263/474/1]
190263/388/1.f:FDDJJK_00935 -            704 GH167.hmm            -            717   4.2e-16   62.9   8.0   1   1   7.6e-16   2.9e-12   50.2   7.8   152   345    86   287    33   305 0.79 [190263/388/1]
190263/502/1.f:NONHGB_10785 -            692 GH167.hmm            -            717   6.4e-16   62.3   9.7   1   1     8e-16     3e-12   50.1   7.6   151   343    73   274    16   300 0.78 [190263/502/1]
190263/545/1.f:NCJBIN_01070 -            704 GH167.hmm            -            717   7.8e-16   62.0   8.3   1   1   6.9e-16   2.6e-12   50.3   8.1   151   346    85   288    32   307 0.78 [190263/545/1]
190263/391/1.f:NONBJF_00955 -            704 GH167.hmm            -            717   7.8e-16   62.0   8.3   1   1   6.9e-16   2.6e-12   50.3   8.1   151   346    85   288    32   307 0.78 [190263/391/1]
190263/534/1.f:OHCFJE_01720 -            704 GH167.hmm            -            717   7.9e-16   62.0   8.0   1   1   6.9e-16   2.6e-12   50.3   8.1   151   346    85   288    32   307 0.78 [190263/534/1]
190263/580/1.f:JCPJNN_08665 -            692 GH167.hmm            -            717   1.3e-15   61.3   0.0   1   1   1.9e-17     7e-14   55.5   0.0   206   335   122   246   107   259 0.90 [190263/580/1]
190263/475/1.f:MCKEEP_03220 -            703 GH167.hmm            -            717   1.8e-15   60.8   2.0   1   1   1.5e-17   5.7e-14   55.8   3.3   153   330    76   265    35   278 0.77 [190263/475/1]
190263/573/1.f:LIDFCI_20370 -            703 GH167.hmm            -            717     2e-15   60.7   2.4   1   1   1.7e-17   6.3e-14   55.7   3.8   151   330    74   265    35   278 0.77 [190263/573/1]
190263/420/1.f:GMHOLO_07525 -            693 GH167.hmm            -            717   3.4e-15   59.9   0.9   1   1   1.8e-18   6.8e-15   58.9   0.9   173   589    83   497    62   508 0.81 [190263/420/1]
190263/562/1.f:KJGNCK_09465 -            703 GH167.hmm            -            717   6.4e-15   59.0   4.1   1   1   5.5e-17   2.1e-13   54.0   4.9   160   330    84   265    34   273 0.76 [190263/562/1]
190263/409/1.f:AJJCMD_10500 -            661 GH167.hmm            -            717   6.9e-15   58.9   0.0   1   1   4.1e-16   1.6e-12   51.1   0.0   182   342    78   247    66   261 0.82 [190263/409/1]
190263/546/1.f:GEHMID_05115 -            676 GH167.hmm            -            717   9.3e-15   58.4   0.0   1   1   8.5e-18   3.2e-14   56.7   0.0   170   589    71   490     9   503 0.78 [190263/546/1]
190263/474/1.f:AMDJJA_02320 -            691 GH167.hmm            -            717   1.3e-14   57.9   0.9   1   1     2e-17   7.5e-14   55.4   0.9   171   592    82   500    42   509 0.81 [190263/474/1]
190263/423/1.f:PDNKFB_01005 -            669 GH167.hmm            -            717   1.4e-14   57.9  20.1   1   1   1.7e-16   6.5e-13   52.3  18.8   129   589    25   483     4   497 0.74 [190263/423/1]
190263/537/1.f:AHPNMI_04125 -            675 GH167.hmm            -            717   3.2e-14   56.7   4.5   1   1   1.6e-17   5.9e-14   55.8   4.5   169   589    72   485    28   494 0.79 [190263/537/1]
190263/513/1.f:MKNBNH_11725 -            680 GH167.hmm            -            717   6.8e-14   55.6   3.7   1   1   5.1e-17   1.9e-13   54.1   3.7   173   588    80   492    49   497 0.83 [190263/513/1]
190263/420/1.f:GMHOLO_02405 -            689 GH167.hmm            -            717   1.7e-13   54.3   0.1   1   1   1.2e-16   4.4e-13   52.9   0.1   172   594    84   504    41   512 0.82 [190263/420/1]
190263/527/1.f:HGADJN_02640 -            689 GH167.hmm            -            717   1.2e-12   51.4   0.1   1   1   9.4e-16   3.5e-12   49.9   0.1   173   590    85   500    59   511 0.81 [190263/527/1]
#
# Program:         hmmsearch
# Version:         3.3.2 (Nov 2020)
# Pipeline mode:   SEARCH
# Query file:      /kb/module/work/tmp/output.1725388484971/GH167/GH167.hmm
# Target file:     /kb/module/work/tmp/output.1725388484971/hCom2_RAST.fasta
# Option settings: /kb/module/hmmer/bin/hmmsearch --domtblout /kb/module/work/tmp/output.1725388484971/GH167/GH167-hCom2_RAST.hitout.txt --noali --notextw --domE 1e-15 /kb/module/work/tmp/output.1725388484971/GH167/GH167.hmm /kb/module/work/tmp/output.1725388484971/hCom2_RAST.fasta 
# Current dir:     /kb/module/work/tmp/output.1725388484971
# Date:            Tue Sep  3 18:57:08 2024
# [ok]
