#                                                                                   --- full sequence --- -------------- this domain -------------   hmm coord   ali coord   env coord
# target name               accession   tlen query name           accession   qlen   E-value  score  bias   #  of  c-Evalue  i-Evalue  score  bias  from    to  from    to  from    to  acc description of target
#       ------------------- ---------- ----- -------------------- ---------- ----- --------- ------ ----- --- --- --------- --------- ------ ----- ----- ----- ----- ----- ----- ----- ---- ---------------------
190263/439/1.f:KGLJGB_10685 -           2085 GH18.hmm             -            296  3.8e-111  376.0  48.4   1   3   5.6e-67   1.1e-63  220.3  14.6     3   287    54   438    53   447 0.90 [190263/439/1]
190263/439/1.f:KGLJGB_10685 -           2085 GH18.hmm             -            296  3.8e-111  376.0  48.4   2   3     2e-25   3.8e-22   83.8   8.0     5   291   738  1030   735  1035 0.71 [190263/439/1]
190263/439/1.f:KGLJGB_10685 -           2085 GH18.hmm             -            296  3.8e-111  376.0  48.4   3   3   9.4e-23   1.8e-19   75.1   9.8     5   288  1207  1525  1204  1534 0.61 [190263/439/1]
190263/375/1.f:CNGHJF_16675 -            487 GH18.hmm             -            296   2.5e-83  284.7   7.4   1   1   2.1e-86   3.8e-83  284.1   7.4     3   284   138   476   136   485 0.89 [190263/375/1]
190263/448/1.f:IBJDOL_14210 -            739 GH18.hmm             -            296   4.6e-82  280.5  11.9   1   1   5.2e-85   9.8e-82  279.5  11.9     2   282    42   426    41   440 0.92 [190263/448/1]
190263/413/1.f:NMLDCG_17620 -            573 GH18.hmm             -            296   3.4e-78  267.8   3.3   1   1   2.7e-81   5.1e-78  267.3   3.3     5   284    39   376    36   387 0.87 [190263/413/1]
190263/580/1.f:JCPJNN_16140 -            388 GH18.hmm             -            296   9.3e-76  259.8   1.0   1   1     6e-79   1.1e-75  259.6   1.0     2   285    36   377    35   386 0.88 [190263/580/1]
190263/502/1.f:NONHGB_22965 -            570 GH18.hmm             -            296   1.8e-71  245.8   1.8   1   1   1.1e-74     2e-71  245.6   0.9     2   285    26   323    25   333 0.87 [190263/502/1]
190263/448/1.f:IBJDOL_03990 -            617 GH18.hmm             -            296   2.1e-71  245.6   7.5   1   1   1.1e-74   2.1e-71  245.6   7.5     3   288    52   459    50   467 0.83 [190263/448/1]
190263/461/1.f:DHPHOK_18845 -            567 GH18.hmm             -            296   1.8e-70  242.5   0.4   1   1   1.9e-73   3.5e-70  241.5   0.4     3   286    28   326    26   335 0.88 [190263/461/1]
190263/583/1.f:BCCKNC_18025 -            336 GH18.hmm             -            296   7.3e-69  237.2   0.1   1   1     5e-72   9.4e-69  236.8   0.1    29   285    43   325    26   335 0.87 [190263/583/1]
190263/369/1.f:JCDIFE_10405 -            567 GH18.hmm             -            296   2.4e-68  235.5   1.8   1   1   1.6e-71     3e-68  235.2   0.9     3   286    28   326    26   335 0.88 [190263/369/1]
190263/580/1.f:JCPJNN_24110 -            384 GH18.hmm             -            296   4.1e-68  234.7   0.0   1   1   2.6e-71     5e-68  234.5   0.0    25   281    16   323     1   331 0.83 [190263/580/1]
190263/388/1.f:FDDJJK_06605 -            345 GH18.hmm             -            296   2.5e-67  232.1   0.3   1   1   1.6e-70     3e-67  231.9   0.3     2   286    36   334    35   344 0.89 [190263/388/1]
190263/391/1.f:NONBJF_07425 -            345 GH18.hmm             -            296   7.6e-67  230.6   0.4   1   1   4.8e-70   8.9e-67  230.4   0.4     2   286    36   334    35   344 0.89 [190263/391/1]
190263/534/1.f:OHCFJE_05675 -            345 GH18.hmm             -            296   7.6e-67  230.6   0.4   1   1   4.8e-70   8.9e-67  230.4   0.4     2   286    36   334    35   344 0.89 [190263/534/1]
190263/545/1.f:NCJBIN_07600 -            345 GH18.hmm             -            296   7.6e-67  230.6   0.4   1   1   4.8e-70   8.9e-67  230.4   0.4     2   286    36   334    35   344 0.89 [190263/545/1]
190263/405/1.f:EHKDKA_24765 -            573 GH18.hmm             -            296   8.9e-67  230.4   0.6   1   1   9.6e-70   1.8e-66  229.4   0.6     2   286    33   332    32   341 0.87 [190263/405/1]
190263/502/1.f:NONHGB_14045 -            623 GH18.hmm             -            296   3.2e-60  208.8   2.9   1   1   3.8e-63   7.1e-60  207.7   2.9    31   286    60   363    41   373 0.85 [190263/502/1]
190263/461/1.f:DHPHOK_17340 -            375 GH18.hmm             -            296   1.3e-59  206.8   5.8   1   1   8.5e-63   1.6e-59  206.5   5.8    28   288    59   366    39   374 0.85 [190263/461/1]
190263/568/1.f:ABMLLK_07930 -            606 GH18.hmm             -            296   2.2e-56  196.2   4.3   1   1   1.7e-59   3.2e-56  195.7   4.3    28   284   274   568   190   580 0.87 [190263/568/1]
190263/405/1.f:EHKDKA_08830 -            345 GH18.hmm             -            296   7.1e-53  184.7   0.7   1   1   4.9e-56   9.1e-53  184.4   0.7     5   286    32   332    26   343 0.80 [190263/405/1]
190263/384/1.f:CDKGIA_21945 -            442 GH18.hmm             -            296   8.8e-50  174.6   1.6   1   1   4.7e-53   8.8e-50  174.6   1.6     3   284   145   429   143   436 0.79 [190263/384/1]
190263/583/1.f:BCCKNC_14930 -            362 GH18.hmm             -            296   1.3e-48  170.7   1.7   1   1   9.3e-52   1.7e-48  170.3   1.7    27   282    45   343    18   354 0.77 [190263/583/1]
190263/396/1.f:KAAOMA_03640 -            383 GH18.hmm             -            296   1.1e-45  161.1   4.4   1   1   7.5e-49   1.4e-45  160.8   4.4     3   287    30   308    28   316 0.81 [190263/396/1]
190263/556/1.f:EMIPPF_15475 -            374 GH18.hmm             -            296   2.8e-45  159.8   0.3   1   1   1.8e-48   3.4e-45  159.5   0.3    12   286    65   354    23   363 0.80 [190263/556/1]
190263/504/1.f:DOAHDM_03580 -            347 GH18.hmm             -            296   9.6e-45  158.0   5.8   1   1   6.7e-48   1.3e-44  157.6   5.8     2   287    46   334    45   342 0.76 [190263/504/1]
190263/401/1.f:DMFJNH_03115 -            347 GH18.hmm             -            296     1e-44  157.9   6.0   1   1   7.2e-48   1.3e-44  157.5   6.0     2   287    46   334    45   342 0.76 [190263/401/1]
190263/429/1.f:OMPHBF_03345 -            627 GH18.hmm             -            296   5.9e-42  148.9   3.4   1   1   4.5e-45   8.4e-42  148.4   3.4    32   280   105   392    33   406 0.75 [190263/429/1]
190263/514/1.f:MMHOAN_10480 -            370 GH18.hmm             -            296   1.8e-41  147.3   0.1   1   1   1.2e-44   2.3e-41  146.9   0.1    70   277   134   358    69   365 0.83 [190263/514/1]
190263/580/1.f:JCPJNN_26480 -            383 GH18.hmm             -            296     1e-39  141.5   0.4   1   1   6.7e-43   1.3e-39  141.2   0.4    68   279   129   362    54   374 0.82 [190263/580/1]
190263/512/1.f:JBCLGH_09305 -            385 GH18.hmm             -            296   4.5e-39  139.4   0.2   1   1     3e-42   5.6e-39  139.1   0.2    73   277   143   365    60   374 0.78 [190263/512/1]
190263/448/1.f:IBJDOL_06475 -            504 GH18.hmm             -            296   1.4e-38  137.8   0.3   1   1   9.8e-42   1.8e-38  137.4   0.3    35   283   213   490   139   500 0.78 [190263/448/1]
190263/383/1.f:KCEMEB_10570 -            425 GH18.hmm             -            296   6.7e-38  135.6   0.0   1   1   4.9e-41   9.2e-38  135.1   0.0    72   277   182   404    84   411 0.84 [190263/383/1]
190263/537/1.f:AHPNMI_08120 -            381 GH18.hmm             -            296     7e-38  135.5   0.1   1   1   4.8e-41     9e-38  135.1   0.1    69   279   133   362    63   370 0.82 [190263/537/1]
190263/366/1.f:DBJPFP_07260 -            349 GH18.hmm             -            296   9.5e-38  135.1   0.1   1   1   6.4e-41   1.2e-37  134.7   0.1    20   287    56   336    40   344 0.74 [190263/366/1]
190263/546/1.f:GEHMID_07490 -            566 GH18.hmm             -            296   1.6e-37  134.3   3.3   1   1   8.7e-41   1.6e-37  134.3   3.3    33   279   264   552   213   562 0.74 [190263/546/1]
190263/585/1.f:DLBDDB_04910 -            321 GH18.hmm             -            296   2.3e-37  133.8   0.4   1   1   1.6e-40     3e-37  133.4   0.4    23   287    50   308    20   316 0.71 [190263/585/1]
190263/478/1.f:BOCJFA_05550 -            549 GH18.hmm             -            296   2.4e-37  133.7  14.1   1   1   1.4e-40   2.7e-37  133.6   7.6    48   281   251   537   186   547 0.74 [190263/478/1]
190263/363/1.f:CIHHOC_03820 -            549 GH18.hmm             -            296   2.5e-37  133.7   2.4   1   1   2.1e-40     4e-37  133.0   2.4     5   279   204   533   200   545 0.78 [190263/363/1]
190263/370/1.f:MFKGBO_02030 -            560 GH18.hmm             -            296   4.4e-37  132.9   2.9   1   1     4e-40   7.4e-37  132.1   2.9    48   279   262   546   211   556 0.75 [190263/370/1]
190263/380/1.f:GDCFAC_08640 -            435 GH18.hmm             -            296   4.9e-37  132.7   0.0   1   1   3.4e-40   6.3e-37  132.4   0.0    69   277   178   406   108   412 0.79 [190263/380/1]
190263/433/1.f:ADFNDI_04180 -            556 GH18.hmm             -            296   5.1e-37  132.7   3.4   1   1   2.7e-40   5.1e-37  132.7   3.4    48   281   275   544   210   554 0.75 [190263/433/1]
190263/472/1.f:NMGHJI_04485 -            549 GH18.hmm             -            296   9.9e-37  131.7   8.2   1   1   5.3e-40   9.9e-37  131.7   8.2    22   281   264   536   204   546 0.75 [190263/472/1]
190263/541/1.f:IDEEIE_06865 -            423 GH18.hmm             -            296   1.4e-36  131.2   0.1   1   1   1.6e-39   2.9e-36  130.2   0.1    74   277   186   407   166   414 0.79 [190263/541/1]
190263/436/1.f:KEEIED_03410 -            361 GH18.hmm             -            296   1.7e-36  131.0   0.0   1   1   1.1e-39     2e-36  130.7   0.0    48   278    93   347    37   357 0.79 [190263/436/1]
190263/475/1.f:MCKEEP_04405 -            320 GH18.hmm             -            296   4.5e-36  129.6   0.2   1   1     3e-39   5.7e-36  129.2   0.2    23   282    50   303    20   315 0.71 [190263/475/1]
190263/573/1.f:LIDFCI_19210 -            320 GH18.hmm             -            296   5.9e-36  129.2   0.1   1   1     4e-39   7.5e-36  128.8   0.1    23   282    50   303    17   315 0.71 [190263/573/1]
190263/552/1.f:EMALNL_04355 -            320 GH18.hmm             -            296     7e-36  128.9   0.2   1   1   4.8e-39   8.9e-36  128.6   0.2    23   287    50   308    19   316 0.71 [190263/552/1]
190263/386/1.f:DBGIOG_04595 -            383 GH18.hmm             -            296     1e-35  128.4   0.1   1   1   6.9e-39   1.3e-35  128.1   0.1    48   280    95   362    47   374 0.76 [190263/386/1]
190263/370/1.f:MFKGBO_13475 -            380 GH18.hmm             -            296   1.9e-35  127.5   0.0   1   1   1.2e-38   2.3e-35  127.2   0.0    57   278   117   360     9   367 0.77 [190263/370/1]
190263/384/1.f:CDKGIA_18090 -            389 GH18.hmm             -            296     3e-35  126.8   0.2   1   1   4.4e-38   8.3e-35  125.4   0.0    69   277   129   359   116   366 0.82 [190263/384/1]
190263/562/1.f:KJGNCK_06040 -            320 GH18.hmm             -            296   4.1e-35  126.4   0.2   1   1   2.8e-38   5.2e-35  126.1   0.2    40   287    65   308    21   316 0.73 [190263/562/1]
190263/585/1.f:DLBDDB_18715 -            555 GH18.hmm             -            296   7.2e-35  125.6   5.2   1   1   5.9e-38   1.1e-34  125.0   5.2    48   285   298   534   153   545 0.76 [190263/585/1]
190263/466/1.f:PGJOII_07685 -            816 GH18.hmm             -            296   8.3e-35  125.4   6.7   1   1   9.7e-38   1.8e-34  124.3   6.7    48   287   531   804   411   812 0.73 [190263/466/1]
190263/507/1.f:KPMKPI_02525 -            569 GH18.hmm             -            296   9.2e-35  125.2   0.5   1   1   9.3e-38   1.7e-34  124.3   0.5    48   282   292   558   218   567 0.74 [190263/507/1]
190263/423/1.f:PDNKFB_11635 -            577 GH18.hmm             -            296     1e-34  125.1   9.4   1   1   5.4e-38     1e-34  125.1   9.4     5   282   217   566   213   576 0.72 [190263/423/1]
190263/384/1.f:CDKGIA_27880 -            560 GH18.hmm             -            296   1.1e-34  125.0   3.4   1   1     9e-38   1.7e-34  124.4   3.4    48   279   263   547   132   554 0.78 [190263/384/1]
190263/549/1.f:CNBDFB_11215 -            377 GH18.hmm             -            296   1.9e-34  124.2   0.0   1   1   1.3e-37   2.5e-34  123.8   0.0    69   280   131   361    79   373 0.82 [190263/549/1]
190263/375/1.f:CNGHJF_01765 -            553 GH18.hmm             -            296   2.3e-34  124.0   0.2   1   1   2.2e-37   4.2e-34  123.1   0.1    48   279   271   539   210   547 0.74 [190263/375/1]
190263/409/1.f:AJJCMD_30125 -            381 GH18.hmm             -            296   2.6e-34  123.8   0.3   1   1   1.7e-37   3.3e-34  123.4   0.3    69   277   129   359    49   366 0.77 [190263/409/1]
190263/401/1.f:DMFJNH_04265 -            321 GH18.hmm             -            296   2.9e-34  123.6   0.2   1   1     2e-37   3.8e-34  123.2   0.2    40   289    65   311    22   317 0.73 [190263/401/1]
190263/504/1.f:DOAHDM_04760 -            321 GH18.hmm             -            296   2.9e-34  123.6   0.2   1   1     2e-37   3.8e-34  123.2   0.2    40   289    65   311    22   317 0.73 [190263/504/1]
190263/580/1.f:JCPJNN_17045 -            556 GH18.hmm             -            296   3.6e-34  123.3   2.4   1   1   2.6e-37   4.8e-34  122.9   2.4    32   287   278   547   210   555 0.79 [190263/580/1]
190263/386/1.f:DBGIOG_11865 -            562 GH18.hmm             -            296   3.7e-34  123.3   3.3   1   1   3.1e-37   5.9e-34  122.6   3.3    32   283   272   552   215   560 0.78 [190263/386/1]
190263/401/1.f:DMFJNH_23085 -            554 GH18.hmm             -            296   3.7e-34  123.3   4.7   1   1     2e-37   3.7e-34  123.3   4.7    48   285   297   533   258   542 0.72 [190263/401/1]
190263/504/1.f:DOAHDM_22365 -            554 GH18.hmm             -            296   3.7e-34  123.3   4.7   1   1     2e-37   3.7e-34  123.3   4.7    48   285   297   533   258   542 0.72 [190263/504/1]
190263/375/1.f:CNGHJF_07325 -            428 GH18.hmm             -            296   3.8e-34  123.2   0.0   1   1   2.4e-37   4.6e-34  123.0   0.0    69   277   175   407    71   409 0.75 [190263/375/1]
190263/413/1.f:NMLDCG_02630 -            425 GH18.hmm             -            296   4.5e-34  123.0   0.0   1   1   3.2e-37   5.9e-34  122.6   0.0    69   277   178   406    92   410 0.76 [190263/413/1]
190263/569/1.f:FCJLID_09050 -            366 GH18.hmm             -            296   5.8e-34  122.6   0.1   1   1   3.7e-37   6.9e-34  122.4   0.1    54   279    96   344    27   354 0.80 [190263/569/1]
190263/586/1.f:KBDCAC_10900 -            381 GH18.hmm             -            296   7.4e-34  122.3   0.0   1   1   4.8e-37   9.1e-34  122.0   0.0    48   277   100   363    49   369 0.75 [190263/586/1]
190263/439/1.f:KGLJGB_05340 -            598 GH18.hmm             -            296   9.6e-34  121.9  11.4   1   1   5.1e-37   9.6e-34  121.9  11.4     7   282   232   587   226   596 0.74 [190263/439/1]
190263/588/1.f:LGPOLK_02295 -            560 GH18.hmm             -            296   1.2e-33  121.6   1.7   1   1     1e-36   1.9e-33  120.9   1.7    70   278   270   544   242   551 0.76 [190263/588/1]
190263/557/1.f:DOLMEB_12575 -            610 GH18.hmm             -            296   1.3e-33  121.5   8.4   1   1   6.8e-37   1.3e-33  121.5   8.4    22   280   266   597   241   604 0.72 [190263/557/1]
190263/562/1.f:KJGNCK_24630 -            546 GH18.hmm             -            296   1.4e-33  121.4   4.4   1   1   9.6e-37   1.8e-33  121.0   4.4    48   286   288   527   154   537 0.77 [190263/562/1]
190263/512/1.f:JBCLGH_11995 -            652 GH18.hmm             -            296   1.6e-33  121.2   6.9   1   1   8.4e-37   1.6e-33  121.2   6.9    41   279   325   638   284   645 0.75 [190263/512/1]
190263/584/1.f:DDCNLE_13610 -            426 GH18.hmm             -            296     2e-33  120.9   0.0   1   1   1.3e-36   2.5e-33  120.6   0.0    65   278   174   406    82   412 0.76 [190263/584/1]
190263/490/1.f:OIBLLI_07920 -            562 GH18.hmm             -            296     2e-33  120.8  10.1   1   1   1.1e-36     2e-33  120.8  10.1     7   281   223   550   217   561 0.74 [190263/490/1]
190263/586/1.f:KBDCAC_02075 -            568 GH18.hmm             -            296   2.1e-33  120.8   0.2   1   1   1.9e-36   3.5e-33  120.1   0.2    39   280   246   544   207   556 0.75 [190263/586/1]
190263/520/1.f:GGDGDE_19495 -            610 GH18.hmm             -            296   3.5e-33  120.1  10.5   1   1   1.8e-36   3.5e-33  120.1  10.5     5   278   217   595   213   601 0.74 [190263/520/1]
190263/537/1.f:AHPNMI_17690 -            678 GH18.hmm             -            296   1.4e-32  118.0   5.3   1   1   1.3e-35   2.5e-32  117.3   5.3    38   281   348   666   309   675 0.70 [190263/537/1]
190263/591/1.f:NBPJEL_04840 -            560 GH18.hmm             -            296   1.7e-32  117.8  12.2   1   1   1.7e-35   3.2e-32  116.9  12.1    70   283   203   429   131   438 0.76 [190263/591/1]
190263/549/1.f:CNBDFB_17615 -            664 GH18.hmm             -            296   2.1e-32  117.5   6.0   1   1   2.1e-35   3.9e-32  116.6   6.0     6   279   300   650   295   660 0.75 [190263/549/1]
190263/541/1.f:IDEEIE_17285 -            623 GH18.hmm             -            296   2.9e-32  117.1   4.8   1   1   1.5e-35   2.9e-32  117.1   4.8    23   282   307   612   255   621 0.73 [190263/541/1]
190263/495/1.f:ANKNCD_05245 -            578 GH18.hmm             -            296   3.4e-32  116.8  14.5   1   1   1.8e-35   3.4e-32  116.8  14.5    39   281   253   566   213   577 0.72 [190263/495/1]
190263/409/1.f:AJJCMD_02490 -            553 GH18.hmm             -            296   6.4e-32  115.9   0.8   1   1   6.2e-35   1.2e-31  115.1   0.8    48   279   268   539   196   548 0.76 [190263/409/1]
190263/375/1.f:CNGHJF_20955 -            381 GH18.hmm             -            296   8.1e-32  115.6   0.6   1   1   5.3e-35   9.9e-32  115.3   0.6    70   279   135   361    74   371 0.80 [190263/375/1]
190263/457/1.f:IIKDLL_13080 -            565 GH18.hmm             -            296   2.2e-31  114.2   5.1   1   1     2e-34   3.8e-31  113.4   5.1     5   281   223   552   217   563 0.71 [190263/457/1]
190263/531/1.f:KJIPPC_13440 -            638 GH18.hmm             -            296   1.7e-30  111.3   8.1   1   1     9e-34   1.7e-30  111.3   8.1     5   282   273   627   269   637 0.75 [190263/531/1]
190263/452/1.f:PEIHBN_14730 -            776 GH18.hmm             -            296   1.9e-30  111.1   3.9   1   1     1e-33   1.9e-30  111.1   3.9    38   282   446   765   407   773 0.70 [190263/452/1]
190263/447/1.f:OLODHC_00775 -            606 GH18.hmm             -            296   2.1e-30  111.0   3.2   1   1   1.1e-33   2.1e-30  111.0   3.2    29   280   299   592   258   601 0.75 [190263/447/1]
190263/578/1.f:HIHCLH_11605 -            623 GH18.hmm             -            296   4.6e-30  109.8   4.2   1   1     4e-33   7.5e-30  109.1   4.1    72   283   379   613   298   623 0.77 [190263/578/1]
190263/514/1.f:MMHOAN_15080 -            645 GH18.hmm             -            296   5.6e-30  109.6   6.7   1   1   6.1e-33   1.1e-29  108.5   6.7    48   281   326   633   276   642 0.71 [190263/514/1]
190263/455/1.f:GDGJDA_00205 -            624 GH18.hmm             -            296   7.2e-30  109.2   6.7   1   1   3.8e-33   7.2e-30  109.2   6.7    48   281   329   612   258   622 0.70 [190263/455/1]
190263/477/1.f:PCLDCI_05440 -            475 GH18.hmm             -            296   1.3e-29  108.3   0.5   1   1   9.4e-33   1.8e-29  107.9   0.5    48   277   190   453   133   469 0.74 [190263/477/1]
190263/573/1.f:LIDFCI_18375 -            550 GH18.hmm             -            296   3.2e-29  107.1   3.6   1   1   1.7e-32   3.2e-29  107.1   3.6    45   284   319   530   281   541 0.70 [190263/573/1]
190263/475/1.f:MCKEEP_05310 -            550 GH18.hmm             -            296   5.6e-29  106.3   4.4   1   1     3e-32   5.6e-29  106.3   4.4    45   284   319   530   277   541 0.71 [190263/475/1]
190263/506/1.f:IKGMED_11145 -           1233 GH18.hmm             -            296   8.6e-29  105.7   1.1   1   1   7.8e-32   1.5e-28  104.9   1.1    59   290   766   988   718   993 0.80 [190263/506/1]
190263/562/1.f:KJGNCK_07310 -            324 GH18.hmm             -            296   1.3e-28  105.1   0.3   1   1   8.3e-32   1.5e-28  104.8   0.3    48   278    51   308    13   321 0.76 [190263/562/1]
190263/573/1.f:LIDFCI_19930 -            324 GH18.hmm             -            296   1.1e-27  102.0   0.2   1   1   7.3e-31   1.4e-27  101.7   0.2    48   278    51   308    11   322 0.75 [190263/573/1]
190263/552/1.f:EMALNL_03425 -            324 GH18.hmm             -            296   1.9e-27  101.2   0.3   1   1   1.2e-30   2.3e-27  101.0   0.3    48   278    51   308    10   322 0.75 [190263/552/1]
190263/584/1.f:DDCNLE_09405 -            826 GH18.hmm             -            296   1.3e-26   98.5  11.7   1   1   1.8e-27   3.4e-24   90.6   7.1    48   251    46   307    12   331 0.69 [190263/584/1]
190263/380/1.f:GDCFAC_15285 -            560 GH18.hmm             -            296   3.2e-25   93.9   1.2   1   1   4.2e-28   7.8e-25   92.7   0.0    72   279   304   540   291   551 0.75 [190263/380/1]
190263/390/1.f:OLPOLE_16140 -            823 GH18.hmm             -            296   3.7e-25   93.7  12.2   1   1   7.1e-27   1.3e-23   88.6   6.7    48   241    44   294     5   330 0.70 [190263/390/1]
190263/448/1.f:IBJDOL_05725 -            499 GH18.hmm             -            296   3.4e-24   90.6   9.7   1   1   1.6e-26   3.1e-23   87.4   6.0     3   288    36   348    34   357 0.64 [190263/448/1]
190263/375/1.f:CNGHJF_04255 -            430 GH18.hmm             -            296   3.4e-22   84.0   1.3   1   1   2.6e-25   4.9e-22   83.5   1.2    72   277   184   407    92   413 0.79 [190263/375/1]
190263/375/1.f:CNGHJF_20960 -            427 GH18.hmm             -            296   6.7e-22   83.0   1.7   1   1   4.9e-25   9.2e-22   82.6   1.7    62   277   171   407    79   420 0.76 [190263/375/1]
190263/422/1.f:HJBCNJ_13535 -            237 GH18.hmm             -            296   1.1e-21   82.3   0.3   1   1   6.8e-25   1.3e-21   82.1   0.3    94   279    11   220     1   233 0.75 [190263/422/1]
190263/422/1.f:HJBCNJ_13045 -            137 GH18.hmm             -            296   4.3e-18   70.5   0.3   1   1   2.6e-21   4.9e-18   70.4   0.3   168   277     3   117     1   127 0.77 [190263/422/1]
190263/375/1.f:CNGHJF_05230 -            431 GH18.hmm             -            296   7.9e-18   69.7   1.8   1   1   5.7e-21   1.1e-17   69.2   1.8    40   277   111   407    75   421 0.67 [190263/375/1]
190263/569/1.f:FCJLID_07395 -            341 GH18.hmm             -            296   1.8e-16   65.2   0.0   1   1   1.1e-19   2.1e-16   65.0   0.0    69   279   109   324    37   334 0.77 [190263/569/1]
190263/421/1.f:PBKEAC_05795 -            533 GH18.hmm             -            296   4.3e-16   64.0   0.1   1   1   3.1e-19   5.7e-16   63.6   0.1    48   150   234   387   165   480 0.78 [190263/421/1]
190263/421/1.f:PBKEAC_05820 -            533 GH18.hmm             -            296   4.3e-16   64.0   0.1   1   1   3.1e-19   5.7e-16   63.6   0.1    48   150   234   387   165   480 0.78 [190263/421/1]
190263/401/1.f:DMFJNH_21005 -            306 GH18.hmm             -            296     1e-15   62.7   3.2   1   1   6.6e-19   1.2e-15   62.5   3.2    27   172    66   246    31   302 0.67 [190263/401/1]
190263/504/1.f:DOAHDM_20525 -            306 GH18.hmm             -            296     1e-15   62.7   3.2   1   1   6.6e-19   1.2e-15   62.5   3.2    27   172    66   246    31   302 0.67 [190263/504/1]
190263/417/1.f:MHBJAE_20915 -            346 GH18.hmm             -            296   3.5e-15   61.0   0.3   1   1   3.8e-16   7.1e-13   53.4   0.2    40   192    81   283    40   294 0.70 [190263/417/1]
190263/488/1.f:DNPFAC_22760 -            346 GH18.hmm             -            296   3.5e-15   61.0   0.3   1   1   3.6e-16   6.8e-13   53.5   0.1    40   192    81   283    13   294 0.73 [190263/488/1]
190263/421/1.f:PBKEAC_01750 -            509 GH18.hmm             -            296   4.6e-15   60.6   0.9   1   1   3.9e-18   7.4e-15   59.9   0.7     4   157   196   394   193   486 0.79 [190263/421/1]
190263/556/1.f:EMIPPF_04100 -            509 GH18.hmm             -            296   3.2e-14   57.8   0.4   1   1   1.7e-17   3.2e-14   57.8   0.4     4   154   196   391   193   432 0.76 [190263/556/1]
190263/552/1.f:EMALNL_16860 -            354 GH18.hmm             -            296   4.8e-14   57.2   0.9   1   1   3.1e-17   5.9e-14   57.0   0.9     7   240    88   342    28   351 0.63 [190263/552/1]
190263/573/1.f:LIDFCI_06910 -            354 GH18.hmm             -            296   6.5e-14   56.8   0.8   1   1   4.3e-17     8e-14   56.5   0.8     7   240    88   342    28   351 0.63 [190263/573/1]
190263/382/1.f:JACGKO_09250 -            348 GH18.hmm             -            296   8.8e-14   56.4   0.0   1   1   5.9e-17   1.1e-13   56.1   0.0    40   284    68   344    36   348 0.76 [190263/382/1]
190263/556/1.f:EMIPPF_15915 -            541 GH18.hmm             -            296   2.3e-13   55.0   0.2   1   1   1.8e-16   3.4e-13   54.5   0.2    48   150   236   389   166   487 0.78 [190263/556/1]
190263/388/1.f:FDDJJK_03225 -            352 GH18.hmm             -            296   2.8e-13   54.7   1.0   1   1     2e-16   3.8e-13   54.3   1.0    48   179    65   259    15   348 0.60 [190263/388/1]
190263/562/1.f:KJGNCK_04650 -            547 GH18.hmm             -            296   3.8e-13   54.3   0.1   1   1   2.7e-16     5e-13   53.9   0.1    23   157   228   403   202   513 0.71 [190263/562/1]
190263/461/1.f:DHPHOK_09035 -            660 GH18.hmm             -            296   3.8e-13   54.3   7.1   1   1   4.7e-16   8.8e-13   53.1   7.1    26   259   222   526   164   546 0.58 [190263/461/1]
190263/417/1.f:MHBJAE_09195 -            350 GH18.hmm             -            296     4e-13   54.2   0.6   1   1   3.1e-16   5.9e-13   53.7   0.6    64   191   136   268    40   341 0.69 [190263/417/1]
190263/446/1.f:LHJMMB_04410 -            540 GH18.hmm             -            296     4e-13   54.2   0.2   1   1   3.2e-16   6.1e-13   53.6   0.2    23   157   230   395   183   507 0.73 [190263/446/1]
190263/475/1.f:MCKEEP_17175 -            379 GH18.hmm             -            296   6.8e-13   53.5   0.3   1   1   4.5e-16   8.5e-13   53.1   0.3    61   172   147   275    46   361 0.71 [190263/475/1]
190263/573/1.f:LIDFCI_06875 -            379 GH18.hmm             -            296   6.8e-13   53.5   0.3   1   1   4.5e-16   8.5e-13   53.1   0.3    61   172   147   275    46   361 0.71 [190263/573/1]
190263/401/1.f:DMFJNH_17945 -            375 GH18.hmm             -            296   9.6e-13   53.0   0.6   1   1   6.5e-16   1.2e-12   52.6   0.6    61   159   146   258    40   330 0.72 [190263/401/1]
190263/504/1.f:DOAHDM_19310 -            375 GH18.hmm             -            296   9.6e-13   53.0   0.6   1   1   6.5e-16   1.2e-12   52.6   0.6    61   159   146   258    40   330 0.72 [190263/504/1]
190263/437/1.f:LBKKEJ_18720 -            379 GH18.hmm             -            296   1.1e-12   52.8   3.2   1   1   6.5e-16   1.2e-12   52.6   2.4    23   159   100   263    53   311 0.72 [190263/437/1]
#
# Program:         hmmsearch
# Version:         3.3.2 (Nov 2020)
# Pipeline mode:   SEARCH
# Query file:      /kb/module/work/tmp/output.1725388484971/GH18/GH18.hmm
# Target file:     /kb/module/work/tmp/output.1725388484971/hCom2_RAST.fasta
# Option settings: /kb/module/hmmer/bin/hmmsearch --domtblout /kb/module/work/tmp/output.1725388484971/GH18/GH18-hCom2_RAST.hitout.txt --noali --notextw --domE 1e-15 /kb/module/work/tmp/output.1725388484971/GH18/GH18.hmm /kb/module/work/tmp/output.1725388484971/hCom2_RAST.fasta 
# Current dir:     /kb/module/work/tmp/output.1725388484971
# Date:            Tue Sep  3 18:50:23 2024
# [ok]
