#                                                                                   --- full sequence --- -------------- this domain -------------   hmm coord   ali coord   env coord
# target name               accession   tlen query name           accession   qlen   E-value  score  bias   #  of  c-Evalue  i-Evalue  score  bias  from    to  from    to  from    to  acc description of target
#       ------------------- ---------- ----- -------------------- ---------- ----- --------- ------ ----- --- --- --------- --------- ------ ----- ----- ----- ----- ----- ----- ----- ---- ---------------------
190263/405/1.f:EHKDKA_10430 -            975 GH28.hmm             -            325  9.8e-159  532.1   1.9   1   2   3.2e-80   3.4e-77  264.2   0.0     9   320    74   479    67   484 0.89 [190263/405/1]
190263/405/1.f:EHKDKA_10430 -            975 GH28.hmm             -            325  9.8e-159  532.1   1.9   2   2     8e-80   8.6e-77  262.9   1.1     4   307   583   949   580   972 0.87 [190263/405/1]
190263/585/1.f:DLBDDB_01040 -            513 GH28.hmm             -            325   1.5e-96  327.8   4.0   1   1   1.2e-98   1.3e-95  324.7   3.6     7   307    47   420    42   480 0.90 [190263/585/1]
190263/552/1.f:EMALNL_08285 -            513 GH28.hmm             -            325   2.4e-96  327.1   7.3   1   1   1.6e-98   1.8e-95  324.3   6.2     7   307    47   420    42   480 0.90 [190263/552/1]
190263/405/1.f:EHKDKA_03260 -            491 GH28.hmm             -            325   4.8e-96  326.1   6.6   1   1   6.4e-98     7e-95  322.3   6.6     8   315    48   430    42   487 0.89 [190263/405/1]
190263/585/1.f:DLBDDB_14295 -            446 GH28.hmm             -            325   3.8e-95  323.2   4.5   1   1   5.7e-98   6.2e-95  322.5   4.5    10   310    53   425    45   445 0.88 [190263/585/1]
190263/504/1.f:DOAHDM_19160 -            445 GH28.hmm             -            325   3.9e-95  323.1   4.3   1   1   5.8e-98   6.3e-95  322.5   4.3    10   309    53   421    45   442 0.89 [190263/504/1]
190263/475/1.f:MCKEEP_17300 -            455 GH28.hmm             -            325   5.4e-95  322.7   5.0   1   1   8.5e-98   9.1e-95  321.9   4.9    10   310    53   425    45   447 0.88 [190263/475/1]
190263/545/1.f:NCJBIN_15865 -            446 GH28.hmm             -            325   1.2e-94  321.5   6.2   1   1   1.6e-97   1.7e-94  321.0   6.2     9   309    55   424    47   442 0.88 [190263/545/1]
190263/401/1.f:DMFJNH_18095 -            445 GH28.hmm             -            325   1.4e-94  321.3   4.3   1   1   2.5e-97   2.7e-94  320.4   4.4    10   310    53   425    45   439 0.88 [190263/401/1]
190263/388/1.f:FDDJJK_14085 -            443 GH28.hmm             -            325   2.9e-94  320.3   5.1   1   1     4e-97   4.3e-94  319.7   5.1     9   309    52   421    45   439 0.88 [190263/388/1]
190263/534/1.f:OHCFJE_15250 -            446 GH28.hmm             -            325   4.1e-94  319.8   6.0   1   1   5.3e-97   5.8e-94  319.3   6.0     9   309    55   424    47   442 0.88 [190263/534/1]
190263/391/1.f:NONBJF_15335 -            446 GH28.hmm             -            325   4.2e-94  319.8   6.0   1   1   5.3e-97   5.8e-94  319.3   6.0     9   309    55   424    47   442 0.88 [190263/391/1]
190263/502/1.f:NONHGB_03170 -            492 GH28.hmm             -            325   4.9e-94  319.5   4.3   1   1   4.5e-97   4.9e-94  319.5   4.3     9   313    49   428    42   439 0.88 [190263/502/1]
190263/552/1.f:EMALNL_16945 -            450 GH28.hmm             -            325   6.5e-94  319.1   6.5   1   1   1.1e-96   1.2e-93  318.3   6.5    10   310    53   425    45   449 0.88 [190263/552/1]
190263/573/1.f:LIDFCI_06990 -            450 GH28.hmm             -            325   6.5e-94  319.1   6.5   1   1   1.1e-96   1.2e-93  318.3   6.5    10   310    53   425    45   449 0.88 [190263/573/1]
190263/405/1.f:EHKDKA_15880 -            452 GH28.hmm             -            325   7.5e-93  315.6   1.3   1   1   1.3e-95   1.4e-92  314.7   1.3     9   309    54   423    46   449 0.88 [190263/405/1]
190263/562/1.f:KJGNCK_17905 -            444 GH28.hmm             -            325   2.5e-92  313.9   8.4   1   1   3.5e-95   3.7e-92  313.3   8.4    10   309    53   421    45   440 0.88 [190263/562/1]
190263/456/1.f:LKAJBD_05215 -            445 GH28.hmm             -            325   9.7e-92  312.0   5.7   1   1   1.4e-94   1.5e-91  311.3   5.7    10   309    51   420    44   440 0.89 [190263/456/1]
190263/573/1.f:LIDFCI_00925 -            539 GH28.hmm             -            325   7.9e-88  299.1   8.6   1   1   8.8e-87   9.6e-84  285.7   0.6     8   306    86   483    80   486 0.90 [190263/573/1]
190263/401/1.f:DMFJNH_10305 -            528 GH28.hmm             -            325   1.3e-87  298.4   4.6   1   1   8.9e-86   9.6e-83  282.4   0.1     7   306    75   472    69   475 0.89 [190263/401/1]
190263/504/1.f:DOAHDM_10675 -            535 GH28.hmm             -            325   1.6e-87  298.1   4.8   1   1   9.4e-86     1e-82  282.3   0.1     7   306    82   479    76   482 0.89 [190263/504/1]
190263/562/1.f:KJGNCK_11350 -            529 GH28.hmm             -            325   1.9e-86  294.6   2.3   1   1   6.4e-88     7e-85  289.4   0.1     9   306    77   473    70   477 0.90 [190263/562/1]
190263/475/1.f:MCKEEP_10250 -            529 GH28.hmm             -            325   2.4e-86  294.2   1.8   1   1   1.2e-87   1.2e-84  288.6   0.1     9   306    77   473    70   477 0.90 [190263/475/1]
190263/552/1.f:EMALNL_11320 -            539 GH28.hmm             -            325   2.6e-86  294.2   1.8   1   1   1.2e-87   1.3e-84  288.5   0.1     9   306    87   483    80   487 0.90 [190263/552/1]
190263/502/1.f:NONHGB_10045 -            534 GH28.hmm             -            325   2.2e-85  291.1  10.6   1   1   5.3e-84   5.7e-81  276.6   3.4     8   322    84   500    78   503 0.90 [190263/502/1]
190263/585/1.f:DLBDDB_08655 -            546 GH28.hmm             -            325   3.2e-85  290.6   2.2   1   1   2.3e-86   2.5e-83  284.3   0.1     9   306    86   482    79   485 0.90 [190263/585/1]
190263/404/1.f:BGJBIG_07310 -            539 GH28.hmm             -            325   4.3e-85  290.1   2.4   1   1   8.6e-87   9.2e-84  285.8   0.2     9   306    87   483    80   486 0.90 [190263/404/1]
190263/421/1.f:PBKEAC_00960 -            555 GH28.hmm             -            325     7e-85  289.4   0.6   1   1     2e-86   2.1e-83  284.6   0.3     9   306    74   471    67   475 0.90 [190263/421/1]
190263/399/1.f:CDLIDF_11915 -            522 GH28.hmm             -            325   8.6e-85  289.2   0.4   1   1   8.4e-85   9.1e-82  279.2   0.0     7   306    83   479    77   482 0.90 [190263/399/1]
190263/437/1.f:LBKKEJ_08365 -            535 GH28.hmm             -            325   8.4e-84  285.9   2.9   1   1   7.8e-87   8.4e-84  285.9   2.9     8   321    85   498    80   502 0.89 [190263/437/1]
190263/466/1.f:PGJOII_05125 -            506 GH28.hmm             -            325   5.7e-83  283.2   0.0   1   1   1.5e-84   1.7e-81  278.3   0.0     8   320    76   487    70   506 0.89 [190263/466/1]
190263/552/1.f:EMALNL_10845 -            524 GH28.hmm             -            325   9.1e-83  282.5   3.1   1   1   3.7e-85     4e-82  280.4   0.6     7   321    83   488    78   491 0.90 [190263/552/1]
190263/405/1.f:EHKDKA_22165 -            467 GH28.hmm             -            325   1.1e-82  282.2   4.2   1   1   2.7e-85   2.9e-82  280.8   4.2     5   310    73   449    69   464 0.87 [190263/405/1]
190263/562/1.f:KJGNCK_10920 -            524 GH28.hmm             -            325   1.2e-82  282.1   3.2   1   1   4.9e-85   5.2e-82  280.0   0.6     7   321    83   488    78   491 0.90 [190263/562/1]
190263/401/1.f:DMFJNH_09995 -            528 GH28.hmm             -            325   1.4e-82  281.9   5.4   1   1   8.2e-85   8.9e-82  279.2   4.8     8   321    85   489    79   491 0.91 [190263/401/1]
190263/369/1.f:JCDIFE_08915 -            512 GH28.hmm             -            325   1.6e-82  281.7   0.2   1   1   1.6e-84   1.8e-81  278.2   0.1     8   310    75   481    69   505 0.88 [190263/369/1]
190263/502/1.f:NONHGB_20470 -            467 GH28.hmm             -            325   1.7e-82  281.6   4.7   1   1   4.5e-85   4.9e-82  280.1   4.7     5   310    73   449    69   462 0.87 [190263/502/1]
190263/437/1.f:LBKKEJ_17395 -            494 GH28.hmm             -            325   1.8e-82  281.5   0.6   1   1   2.2e-85   2.4e-82  281.1   0.6     9   323    77   485    70   487 0.91 [190263/437/1]
190263/504/1.f:DOAHDM_10350 -            528 GH28.hmm             -            325   1.8e-82  281.5   5.5   1   1     1e-84   1.1e-81  278.9   5.1     7   321    84   489    78   492 0.90 [190263/504/1]
190263/369/1.f:JCDIFE_18145 -            468 GH28.hmm             -            325   2.4e-82  281.1   5.6   1   1   4.9e-85   5.3e-82  280.0   5.1     7   309    74   444    68   459 0.88 [190263/369/1]
190263/405/1.f:EHKDKA_02245 -            507 GH28.hmm             -            325   2.6e-82  281.0   0.0   1   1   1.4e-82   1.5e-79  272.0   0.0     9   307    77   473    70   477 0.90 [190263/405/1]
190263/437/1.f:LBKKEJ_02600 -            482 GH28.hmm             -            325   2.7e-82  281.0   7.4   1   1   4.5e-85   4.9e-82  280.1   7.4     6   318    88   472    83   480 0.87 [190263/437/1]
190263/405/1.f:EHKDKA_11595 -            534 GH28.hmm             -            325   3.2e-82  280.7   4.3   1   1   2.7e-84     3e-81  277.5   3.2     8   322    84   500    78   503 0.90 [190263/405/1]
190263/456/1.f:LKAJBD_06240 -            533 GH28.hmm             -            325   4.2e-82  280.3   0.4   1   1   1.9e-84     2e-81  278.0   0.1     8   321    84   497    78   501 0.89 [190263/456/1]
190263/466/1.f:PGJOII_00175 -            532 GH28.hmm             -            325   1.3e-81  278.7   0.5   1   1   5.6e-84     6e-81  276.5   0.5     8   320    84   496    78   513 0.88 [190263/466/1]
190263/534/1.f:OHCFJE_02055 -            539 GH28.hmm             -            325   1.3e-81  278.7   5.4   1   1   2.4e-84   2.6e-81  277.7   4.5     8   321    87   502    81   506 0.89 [190263/534/1]
190263/545/1.f:NCJBIN_11660 -            539 GH28.hmm             -            325   1.3e-81  278.7   5.4   1   1   2.4e-84   2.6e-81  277.7   4.5     8   321    87   502    81   506 0.89 [190263/545/1]
190263/388/1.f:FDDJJK_10265 -            539 GH28.hmm             -            325   1.5e-81  278.5   6.2   1   1   4.1e-84   4.4e-81  276.9   5.5     8   321    87   502    81   521 0.89 [190263/388/1]
190263/585/1.f:DLBDDB_07920 -            469 GH28.hmm             -            325     2e-81  278.0   0.6   1   1   3.9e-84   4.2e-81  277.0   0.6     7   310    76   451    70   465 0.88 [190263/585/1]
190263/552/1.f:EMALNL_11225 -            469 GH28.hmm             -            325   2.1e-81  278.0   0.6   1   1     4e-84   4.3e-81  277.0   0.7     7   310    76   451    70   465 0.88 [190263/552/1]
190263/475/1.f:MCKEEP_10125 -            469 GH28.hmm             -            325   2.6e-81  277.7   0.7   1   1   5.2e-84   5.6e-81  276.6   0.8     7   309    76   446    70   464 0.88 [190263/475/1]
190263/562/1.f:KJGNCK_11310 -            469 GH28.hmm             -            325     5e-81  276.8   0.5   1   1   9.3e-84     1e-80  275.8   0.5     7   310    76   451    70   464 0.88 [190263/562/1]
190263/391/1.f:NONBJF_10800 -            539 GH28.hmm             -            325   5.9e-81  276.5   5.7   1   1   1.6e-83   1.8e-80  275.0   5.6     8   321    87   502    81   520 0.89 [190263/391/1]
190263/466/1.f:PGJOII_08430 -            467 GH28.hmm             -            325   1.2e-80  275.5   7.1   1   1   1.8e-83     2e-80  274.8   7.1     7   311    74   445    68   464 0.88 [190263/466/1]
190263/391/1.f:NONBJF_09465 -            468 GH28.hmm             -            325   1.6e-80  275.1   6.7   1   1     2e-83   2.2e-80  274.7   6.7     7   309    74   444    69   465 0.87 [190263/391/1]
190263/545/1.f:NCJBIN_10280 -            468 GH28.hmm             -            325   1.6e-80  275.1   6.7   1   1     2e-83   2.2e-80  274.7   6.7     7   309    74   444    69   465 0.87 [190263/545/1]
190263/534/1.f:OHCFJE_03415 -            468 GH28.hmm             -            325   2.1e-80  274.7   6.8   1   1   2.7e-83   2.9e-80  274.2   6.8     7   309    74   444    69   465 0.87 [190263/534/1]
190263/580/1.f:JCPJNN_08065 -            332 GH28.hmm             -            325   2.2e-80  274.7   3.1   1   1   2.5e-83   2.7e-80  274.4   3.1    57   321     9   313     2   328 0.88 [190263/580/1]
190263/388/1.f:FDDJJK_09080 -            468 GH28.hmm             -            325   2.5e-80  274.5   5.7   1   1   3.1e-83   3.4e-80  274.1   5.7     7   309    74   444    69   463 0.87 [190263/388/1]
190263/366/1.f:DBJPFP_00750 -            559 GH28.hmm             -            325     3e-80  274.2   0.0   1   1   8.4e-83   9.1e-80  272.6   0.0    10   321    79   492    72   494 0.90 [190263/366/1]
190263/457/1.f:IIKDLL_11770 -            517 GH28.hmm             -            325   4.4e-80  273.7   1.3   1   1     7e-83   7.5e-80  272.9   1.3     6   310   104   469    99   499 0.85 [190263/457/1]
190263/460/1.f:IHFGKI_13045 -            524 GH28.hmm             -            325   7.8e-79  269.6   8.6   1   1   2.6e-80   2.8e-77  264.5   1.9     7   307    74   472    68   475 0.90 [190263/460/1]
190263/466/1.f:PGJOII_05965 -            452 GH28.hmm             -            325   1.8e-78  268.3   7.6   1   1   3.6e-81   3.9e-78  267.3   7.6     6   309    75   428    70   445 0.87 [190263/466/1]
190263/405/1.f:EHKDKA_01280 -            466 GH28.hmm             -            325   1.4e-77  265.4   5.5   1   1   2.8e-80     3e-77  264.4   5.5     6   309    85   438    81   458 0.87 [190263/405/1]
190263/437/1.f:LBKKEJ_08410 -            463 GH28.hmm             -            325   1.8e-77  265.1   5.1   1   1   7.9e-80   8.6e-77  262.9   5.3     6   310    72   443    67   456 0.86 [190263/437/1]
190263/490/1.f:OIBLLI_05130 -            458 GH28.hmm             -            325   1.9e-77  265.0  12.3   1   1   2.5e-80   2.7e-77  264.5  12.3     8   307    49   439    43   455 0.86 [190263/490/1]
190263/490/1.f:OIBLLI_09605 -            518 GH28.hmm             -            325     2e-76  261.6   1.8   1   1   2.9e-79   3.1e-76  261.0   1.4     6   310   104   469    99   498 0.86 [190263/490/1]
190263/460/1.f:IHFGKI_01890 -            873 GH28.hmm             -            325   2.4e-76  261.4   6.6   1   1   1.5e-78   1.6e-75  258.7   6.9     8   319    75   455    69   468 0.87 [190263/460/1]
190263/595/1.f:HGDLEC_00295 -            853 GH28.hmm             -            325     3e-76  261.1  14.0   1   1   5.6e-77     6e-74  253.5   4.4     9   276    72   408    65   414 0.88 [190263/595/1]
190263/457/1.f:IIKDLL_10190 -            480 GH28.hmm             -            325   4.4e-76  260.5   0.0   1   1   7.6e-79   8.3e-76  259.6   0.0     4   320    45   462    42   467 0.88 [190263/457/1]
190263/534/1.f:OHCFJE_07685 -            463 GH28.hmm             -            325   1.7e-75  258.6   5.5   1   1   1.4e-77   1.5e-74  255.4   1.2     6   306    72   434    67   441 0.87 [190263/534/1]
190263/545/1.f:NCJBIN_10260 -            955 GH28.hmm             -            325   1.3e-74  255.7   4.5   1   1     2e-77   2.2e-74  255.0   4.5     6   306   563   915   559   935 0.89 [190263/545/1]
190263/391/1.f:NONBJF_09445 -            955 GH28.hmm             -            325   1.5e-74  255.5   4.7   1   1   2.3e-77   2.5e-74  254.8   4.7     6   306   563   915   559   935 0.89 [190263/391/1]
190263/534/1.f:OHCFJE_03435 -            955 GH28.hmm             -            325   1.5e-74  255.5   4.7   1   1   2.3e-77   2.5e-74  254.8   4.7     6   306   563   915   559   935 0.89 [190263/534/1]
190263/405/1.f:EHKDKA_03335 -            462 GH28.hmm             -            325   2.4e-74  254.8   8.6   1   1   3.3e-77   3.6e-74  254.2   8.6     6   306    71   423    67   451 0.87 [190263/405/1]
190263/520/1.f:GGDGDE_09255 -            518 GH28.hmm             -            325   3.2e-74  254.4   0.0   1   1   4.6e-77     5e-74  253.8   0.0    10   310   109   469   102   502 0.84 [190263/520/1]
190263/437/1.f:LBKKEJ_07215 -            460 GH28.hmm             -            325   4.2e-73  250.7   6.6   1   1   5.2e-76   5.6e-73  250.3   6.6     6   319    68   433    63   443 0.87 [190263/437/1]
190263/366/1.f:DBJPFP_02635 -           1278 GH28.hmm             -            325   1.3e-72  249.1   0.2   1   1     2e-75   2.2e-72  248.4   0.2     3   306    63   418    61   438 0.88 [190263/366/1]
190263/595/1.f:HGDLEC_07735 -            453 GH28.hmm             -            325   2.2e-72  248.3   0.0   1   1   2.8e-75     3e-72  247.9   0.0    16   309    73   418    61   438 0.86 [190263/595/1]
190263/514/1.f:MMHOAN_05585 -            519 GH28.hmm             -            325   4.1e-72  247.5   0.1   1   1   5.7e-75   6.2e-72  246.9   0.1     7   309   104   464    99   482 0.85 [190263/514/1]
190263/391/1.f:NONBJF_15245 -            465 GH28.hmm             -            325   1.5e-71  245.6   4.5   1   1   1.9e-74   2.1e-71  245.2   4.5     9   308    78   429    72   449 0.87 [190263/391/1]
190263/534/1.f:OHCFJE_15165 -            465 GH28.hmm             -            325   1.5e-71  245.6   4.5   1   1   1.9e-74   2.1e-71  245.2   4.5     9   308    78   429    72   449 0.87 [190263/534/1]
190263/545/1.f:NCJBIN_15780 -            465 GH28.hmm             -            325   1.5e-71  245.6   4.5   1   1   1.9e-74   2.1e-71  245.2   4.5     9   308    78   429    72   449 0.87 [190263/545/1]
190263/460/1.f:IHFGKI_01690 -            467 GH28.hmm             -            325   2.3e-71  245.0  16.5   1   1   3.4e-74   3.7e-71  244.4  16.5     9   318    73   454    66   461 0.86 [190263/460/1]
190263/405/1.f:EHKDKA_12380 -            461 GH28.hmm             -            325   6.8e-71  243.5   4.4   1   1   1.7e-73   1.9e-70  242.0   4.4     6   309    72   437    67   459 0.85 [190263/405/1]
190263/573/1.f:LIDFCI_00010 -            460 GH28.hmm             -            325   2.9e-70  241.4   0.3   1   1   3.6e-73   3.9e-70  241.0   0.3     3   321    73   449    71   455 0.89 [190263/573/1]
190263/475/1.f:MCKEEP_09865 -            460 GH28.hmm             -            325   8.5e-70  239.9   0.3   1   1   1.1e-72   1.1e-69  239.4   0.3     3   321    73   449    71   455 0.89 [190263/475/1]
190263/545/1.f:NCJBIN_01060 -            478 GH28.hmm             -            325   1.1e-69  239.5   0.5   1   1   1.7e-72   1.8e-69  238.8   0.5     9   317   117   451   111   461 0.89 [190263/545/1]
190263/409/1.f:AJJCMD_21225 -            517 GH28.hmm             -            325   1.1e-69  239.4   0.0   1   1     2e-72   2.2e-69  238.5   0.0    12   310   109   480   100   501 0.82 [190263/409/1]
190263/388/1.f:FDDJJK_00925 -           1095 GH28.hmm             -            325   1.3e-69  239.3   1.1   1   1     2e-72   2.2e-69  238.5   1.1    10   317   735  1068   729  1077 0.88 [190263/388/1]
190263/384/1.f:CDKGIA_28760 -            522 GH28.hmm             -            325   1.4e-69  239.2   0.0   1   1     2e-72   2.2e-69  238.5   0.0    12   309   110   468   101   486 0.81 [190263/384/1]
190263/595/1.f:HGDLEC_03675 -            470 GH28.hmm             -            325   1.4e-69  239.1  12.9   1   1   1.9e-72   2.1e-69  238.6  12.9     8   315    75   456    69   465 0.87 [190263/595/1]
190263/552/1.f:EMALNL_10965 -            461 GH28.hmm             -            325   2.5e-69  238.3   0.7   1   1   3.1e-72   3.4e-69  237.9   0.7     5   321    76   450    72   455 0.88 [190263/552/1]
190263/388/1.f:FDDJJK_11120 -            471 GH28.hmm             -            325   2.8e-69  238.2   0.0   1   1   3.4e-72   3.7e-69  237.8   0.0     6   309    76   438    71   452 0.89 [190263/388/1]
190263/461/1.f:DHPHOK_17600 -            471 GH28.hmm             -            325   2.8e-69  238.2   0.0   1   1   3.4e-72   3.7e-69  237.8   0.0     6   309    76   438    71   452 0.89 [190263/461/1]
190263/562/1.f:KJGNCK_11040 -            460 GH28.hmm             -            325   4.6e-69  237.5   0.8   1   1   5.6e-72   6.1e-69  237.1   0.8     3   321    73   449    71   454 0.89 [190263/562/1]
190263/409/1.f:AJJCMD_14345 -            537 GH28.hmm             -            325   8.4e-69  236.6   0.0   1   1   1.2e-71   1.3e-68  236.0   0.0     6   310   104   474    99   506 0.84 [190263/409/1]
190263/585/1.f:DLBDDB_15990 -            453 GH28.hmm             -            325   9.3e-69  236.4   0.4   1   1   1.1e-71   1.2e-68  236.1   0.4     5   323    69   445    65   447 0.90 [190263/585/1]
190263/562/1.f:KJGNCK_15120 -            454 GH28.hmm             -            325   9.9e-69  236.4   0.8   1   1   1.2e-71   1.2e-68  236.0   0.8     6   323    70   445    65   447 0.90 [190263/562/1]
190263/370/1.f:MFKGBO_24645 -            519 GH28.hmm             -            325     1e-68  236.3   0.0   1   1   1.5e-71   1.6e-68  235.7   0.0    11   308   109   464   100   510 0.85 [190263/370/1]
190263/391/1.f:NONBJF_00945 -           1095 GH28.hmm             -            325   1.2e-68  236.1   0.9   1   1   1.8e-71   1.9e-68  235.4   0.9     9   317   734  1068   728  1077 0.89 [190263/391/1]
190263/534/1.f:OHCFJE_01710 -           1095 GH28.hmm             -            325   1.2e-68  236.1   0.9   1   1   1.8e-71   1.9e-68  235.4   0.9     9   317   734  1068   728  1077 0.89 [190263/534/1]
190263/405/1.f:EHKDKA_00175 -            459 GH28.hmm             -            325   1.4e-68  235.9   1.7   1   1   1.7e-71   1.8e-68  235.5   1.7     4   314    73   446    70   456 0.87 [190263/405/1]
190263/412/1.f:OOIBGL_05980 -            513 GH28.hmm             -            325   1.8e-68  235.5   0.1   1   1   1.2e-70   1.3e-67  232.6   0.0     8   320   102   470    95   478 0.83 [190263/412/1]
190263/576/1.f:FNMBCG_11840 -            518 GH28.hmm             -            325   4.9e-68  234.1   0.0   1   1   8.5e-71   9.2e-68  233.2   0.0     8   310   106   471   100   497 0.86 [190263/576/1]
190263/409/1.f:AJJCMD_10585 -            438 GH28.hmm             -            325   5.4e-68  233.9   6.4   1   1   6.6e-71   7.1e-68  233.6   6.4    11   322    33   422    25   425 0.86 [190263/409/1]
190263/504/1.f:DOAHDM_10510 -            459 GH28.hmm             -            325   5.4e-68  233.9   0.4   1   1   6.5e-71   7.1e-68  233.6   0.4     3   322    73   450    71   453 0.90 [190263/504/1]
190263/401/1.f:DMFJNH_10130 -            462 GH28.hmm             -            325   8.1e-68  233.4   0.2   1   1     1e-70   1.1e-67  233.0   0.2     3   322    73   450    71   453 0.90 [190263/401/1]
190263/502/1.f:NONHGB_06455 -            474 GH28.hmm             -            325   1.1e-67  233.0  11.0   1   1   9.7e-71   1.1e-67  233.0  11.0     5   309    52   403    48   416 0.86 [190263/502/1]
190263/405/1.f:EHKDKA_07170 -            469 GH28.hmm             -            325   1.4e-67  232.6   9.2   1   1   1.3e-70   1.4e-67  232.6   9.2     4   309    51   403    48   416 0.85 [190263/405/1]
190263/405/1.f:EHKDKA_07370 -            487 GH28.hmm             -            325   3.6e-67  231.2  15.9   1   1   1.2e-69   1.3e-66  229.4  16.4     6   309    49   389    44   434 0.88 [190263/405/1]
190263/552/1.f:EMALNL_04555 -            544 GH28.hmm             -            325   4.6e-67  230.9   9.2   1   1   8.6e-70   9.3e-67  229.9   3.5     8   305    93   452    87   456 0.87 [190263/552/1]
190263/388/1.f:FDDJJK_00810 -            462 GH28.hmm             -            325     5e-67  230.8   0.6   1   1   6.1e-70   6.6e-67  230.4   0.6     5   321    75   449    71   453 0.88 [190263/388/1]
190263/399/1.f:CDLIDF_08500 -            475 GH28.hmm             -            325   5.6e-67  230.6   0.1   1   1     7e-70   7.5e-67  230.2   0.1     6   318    74   444    69   455 0.88 [190263/399/1]
190263/534/1.f:OHCFJE_01550 -            462 GH28.hmm             -            325   6.8e-67  230.3   0.5   1   1   8.3e-70     9e-67  229.9   0.5     5   321    75   449    71   453 0.88 [190263/534/1]
190263/502/1.f:NONHGB_06635 -            487 GH28.hmm             -            325   1.2e-66  229.6  15.2   1   1   1.7e-69   1.9e-66  228.9  14.0     6   309    49   389    44   410 0.87 [190263/502/1]
190263/391/1.f:NONBJF_00785 -            462 GH28.hmm             -            325   1.5e-66  229.2   0.6   1   1   1.8e-69   1.9e-66  228.9   0.6     5   321    75   449    71   453 0.88 [190263/391/1]
190263/545/1.f:NCJBIN_00910 -            462 GH28.hmm             -            325   1.5e-66  229.2   0.6   1   1   1.8e-69   1.9e-66  228.9   0.6     5   321    75   449    71   453 0.88 [190263/545/1]
190263/502/1.f:NONHGB_10730 -           1068 GH28.hmm             -            325     2e-66  228.8   2.3   1   1   2.4e-69   2.6e-66  228.4   0.2     6   322    79   453    74   457 0.88 [190263/502/1]
190263/502/1.f:NONHGB_06615 -            473 GH28.hmm             -            325   1.7e-65  225.7   4.9   1   1   3.4e-68   3.6e-65  224.6   3.9     7   309    54   378    49   396 0.87 [190263/502/1]
190263/545/1.f:NCJBIN_05005 -            470 GH28.hmm             -            325   1.8e-65  225.7   7.0   1   1   2.6e-68   2.8e-65  225.0   6.9     6   308    53   402    48   418 0.85 [190263/545/1]
190263/502/1.f:NONHGB_21665 -            457 GH28.hmm             -            325   7.6e-65  223.6   0.8   1   1   1.1e-67   1.2e-64  223.0   0.8     6   309    49   389    44   410 0.87 [190263/502/1]
190263/405/1.f:EHKDKA_02210 -            473 GH28.hmm             -            325     1e-64  223.2   9.5   1   1   1.3e-67   1.4e-64  222.8   9.5     7   309    73   441    67   461 0.87 [190263/405/1]
190263/399/1.f:CDLIDF_03075 -            466 GH28.hmm             -            325     1e-64  223.2  10.6   1   1   1.4e-67   1.5e-64  222.6  10.6     6   309    51   401    46   446 0.84 [190263/399/1]
190263/545/1.f:NCJBIN_10405 -            919 GH28.hmm             -            325   1.6e-64  222.5   3.6   1   1   7.7e-67   8.4e-64  220.2   0.5     8   304   474   832   468   855 0.84 [190263/545/1]
190263/391/1.f:NONBJF_09590 -            919 GH28.hmm             -            325   1.7e-64  222.5   3.0   1   1   1.1e-66   1.2e-63  219.7   0.3     8   304   474   832   468   855 0.84 [190263/391/1]
190263/391/1.f:NONBJF_04340 -            470 GH28.hmm             -            325   1.7e-64  222.4   8.4   1   1   1.6e-67   1.7e-64  222.4   7.2     6   307    53   401    48   416 0.85 [190263/391/1]
190263/475/1.f:MCKEEP_09825 -            467 GH28.hmm             -            325     2e-64  222.2   0.2   1   1   5.1e-67   5.5e-64  220.8   0.1     7   309    48   395    42   411 0.87 [190263/475/1]
190263/388/1.f:FDDJJK_09195 -            594 GH28.hmm             -            325   2.1e-64  222.1   0.9   1   1   5.4e-66   5.8e-63  217.4   0.1     7   300   148   503   143   511 0.84 [190263/388/1]
190263/534/1.f:OHCFJE_07875 -            470 GH28.hmm             -            325   2.2e-64  222.1   7.3   1   1     2e-67   2.2e-64  222.1   7.3     6   307    53   401    48   416 0.85 [190263/534/1]
190263/534/1.f:OHCFJE_03290 -            919 GH28.hmm             -            325   2.7e-64  221.8   4.3   1   1   9.5e-67     1e-63  219.9   0.8     8   304   474   832   468   855 0.84 [190263/534/1]
190263/552/1.f:EMALNL_11145 -            487 GH28.hmm             -            325   3.3e-64  221.5   5.2   1   1   4.2e-67   4.5e-64  221.0   5.2     5   309    77   449    72   479 0.86 [190263/552/1]
190263/562/1.f:KJGNCK_11230 -            487 GH28.hmm             -            325   3.4e-64  221.5   5.8   1   1     4e-67   4.4e-64  221.1   5.8     5   309    77   449    72   481 0.85 [190263/562/1]
190263/573/1.f:LIDFCI_13375 -            467 GH28.hmm             -            325   3.7e-64  221.3   0.2   1   1   9.3e-67     1e-63  219.9   0.1     7   309    48   395    42   411 0.87 [190263/573/1]
190263/405/1.f:EHKDKA_23595 -            457 GH28.hmm             -            325   5.2e-64  220.9   0.7   1   1   7.7e-67   8.3e-64  220.2   0.7     6   309    49   389    44   409 0.87 [190263/405/1]
190263/475/1.f:MCKEEP_09995 -            487 GH28.hmm             -            325   7.2e-64  220.4   3.1   1   1     9e-67   9.8e-64  220.0   3.1     5   309    77   449    72   479 0.85 [190263/475/1]
190263/585/1.f:DLBDDB_07820 -            487 GH28.hmm             -            325   7.9e-64  220.3   5.7   1   1   9.9e-67   1.1e-63  219.8   5.7     5   309    77   449    72   480 0.85 [190263/585/1]
190263/565/1.f:PAEINE_02755 -            531 GH28.hmm             -            325   8.9e-64  220.1   0.0   1   1   1.3e-66   1.4e-63  219.4   0.0     8   307   105   477    98   519 0.83 [190263/565/1]
190263/573/1.f:LIDFCI_00145 -            487 GH28.hmm             -            325   9.1e-64  220.1   3.6   1   1   1.2e-66   1.3e-63  219.6   3.6     4   309    75   449    72   479 0.87 [190263/573/1]
190263/399/1.f:CDLIDF_05075 -            479 GH28.hmm             -            325   1.1e-63  219.7   3.0   1   1   1.3e-66   1.4e-63  219.4   0.8     9   309    51   397    44   413 0.87 [190263/399/1]
190263/552/1.f:EMALNL_10925 -            467 GH28.hmm             -            325   2.8e-63  218.5   0.5   1   1     7e-66   7.6e-63  217.0   0.4     7   309    48   395    42   413 0.86 [190263/552/1]
190263/401/1.f:DMFJNH_10080 -            467 GH28.hmm             -            325   5.6e-63  217.5   0.0   1   1   1.5e-65   1.6e-62  216.0   0.0     7   309    48   395    42   411 0.86 [190263/401/1]
190263/504/1.f:DOAHDM_10465 -            467 GH28.hmm             -            325   5.6e-63  217.5   0.0   1   1   1.5e-65   1.6e-62  216.0   0.0     7   309    48   395    42   411 0.86 [190263/504/1]
190263/399/1.f:CDLIDF_15085 -            511 GH28.hmm             -            325   5.7e-63  217.4   1.4   1   1   2.9e-65   3.2e-62  215.0   0.9     9   306    51   400    44   419 0.81 [190263/399/1]
190263/562/1.f:KJGNCK_11000 -            467 GH28.hmm             -            325   7.7e-63  217.0   1.4   1   1   1.7e-65   1.9e-62  215.7   1.0     7   309    48   395    42   411 0.86 [190263/562/1]
190263/534/1.f:OHCFJE_03185 -            523 GH28.hmm             -            325   2.4e-62  215.4   1.9   1   1   2.9e-64   3.1e-61  211.7   0.5     6   300    90   443    87   451 0.85 [190263/534/1]
190263/405/1.f:EHKDKA_15500 -            787 GH28.hmm             -            325   3.2e-62  215.0  15.8   1   1     3e-65   3.2e-62  215.0  15.8     4   303    46   384    43   392 0.85 [190263/405/1]
190263/580/1.f:JCPJNN_16095 -            504 GH28.hmm             -            325   5.2e-62  214.3   0.1   1   1   1.2e-64   1.3e-61  213.0   0.0    11   309   119   474   110   491 0.87 [190263/580/1]
190263/391/1.f:NONBJF_16725 -            475 GH28.hmm             -            325   6.4e-62  214.0   0.0   1   1   4.6e-63     5e-60  207.8   0.0     6   303    78   434    72   438 0.88 [190263/391/1]
190263/388/1.f:FDDJJK_00970 -            474 GH28.hmm             -            325   2.9e-61  211.8   1.4   1   1   6.8e-63   7.3e-60  207.2   0.2     9   309    48   394    41   412 0.86 [190263/388/1]
190263/585/1.f:DLBDDB_07695 -            505 GH28.hmm             -            325   6.2e-61  210.7   3.8   1   1     1e-63   1.1e-60  209.9   3.8     7   309    83   449    77   495 0.84 [190263/585/1]
190263/564/1.f:KIHMBJ_09805 -            497 GH28.hmm             -            325   7.9e-61  210.4   3.2   1   1   6.5e-61     7e-58  200.7   6.7     5   309    49   395    45   406 0.85 [190263/564/1]
190263/456/1.f:LKAJBD_05080 -            529 GH28.hmm             -            325   1.3e-60  209.7   3.5   1   1   2.6e-61   2.8e-58  202.0   0.5     9   300    90   443    83   451 0.84 [190263/456/1]
190263/409/1.f:AJJCMD_17510 -            509 GH28.hmm             -            325   1.6e-60  209.4   0.5   1   1   2.8e-63   3.1e-60  208.5   0.5    14   309   121   483   110   505 0.83 [190263/409/1]
190263/545/1.f:NCJBIN_01090 -            494 GH28.hmm             -            325   1.8e-60  209.2   4.3   1   1   5.2e-63   5.6e-60  207.6   4.3     6   307    80   449    75   487 0.83 [190263/545/1]
190263/391/1.f:NONBJF_00975 -            494 GH28.hmm             -            325   1.8e-60  209.2   4.3   1   1   5.2e-63   5.6e-60  207.6   4.3     6   307    80   449    75   487 0.83 [190263/391/1]
190263/534/1.f:OHCFJE_01740 -            494 GH28.hmm             -            325   1.8e-60  209.2   4.3   1   1   5.2e-63   5.6e-60  207.6   4.3     6   307    80   449    75   487 0.83 [190263/534/1]
190263/502/1.f:NONHGB_10795 -            473 GH28.hmm             -            325   2.1e-60  209.0   0.6   1   1   1.1e-62   1.2e-59  206.6   0.5     9   309    49   395    42   440 0.86 [190263/502/1]
190263/562/1.f:KJGNCK_06910 -            496 GH28.hmm             -            325   2.9e-60  208.5   4.0   1   1   3.5e-63   3.8e-60  208.1   4.0     6   306    82   445    77   485 0.84 [190263/562/1]
190263/391/1.f:NONBJF_00990 -            475 GH28.hmm             -            325   3.4e-60  208.3   3.2   1   1   2.1e-62   2.3e-59  205.6   0.9     8   309    47   394    41   410 0.88 [190263/391/1]
190263/545/1.f:NCJBIN_01105 -            475 GH28.hmm             -            325   3.4e-60  208.3   3.2   1   1   2.1e-62   2.3e-59  205.6   0.9     8   309    47   394    41   410 0.88 [190263/545/1]
190263/388/1.f:FDDJJK_00955 -            494 GH28.hmm             -            325   6.3e-60  207.4   3.9   1   1   1.3e-62   1.5e-59  206.2   3.9     6   309    80   446    75   488 0.84 [190263/388/1]
190263/552/1.f:EMALNL_10935 -            511 GH28.hmm             -            325   6.3e-60  207.4   0.5   1   1   9.5e-63     1e-59  206.7   0.5     6   309    87   454    82   501 0.85 [190263/552/1]
190263/534/1.f:OHCFJE_01755 -            475 GH28.hmm             -            325   6.5e-60  207.4   2.0   1   1   6.5e-62     7e-59  204.0   0.4     8   309    47   394    41   412 0.88 [190263/534/1]
190263/391/1.f:NONBJF_09580 -            434 GH28.hmm             -            325   1.1e-59  206.7   4.9   1   1   1.4e-62   1.5e-59  206.2   4.9     8   309    73   414    67   433 0.86 [190263/391/1]
190263/534/1.f:OHCFJE_03300 -            434 GH28.hmm             -            325   1.1e-59  206.7   4.9   1   1   1.4e-62   1.5e-59  206.2   4.9     8   309    73   414    67   433 0.86 [190263/534/1]
190263/545/1.f:NCJBIN_10395 -            434 GH28.hmm             -            325   1.1e-59  206.7   4.9   1   1   1.4e-62   1.5e-59  206.2   4.9     8   309    73   414    67   433 0.86 [190263/545/1]
190263/388/1.f:FDDJJK_09185 -            434 GH28.hmm             -            325   1.3e-59  206.4   3.7   1   1   1.7e-62   1.8e-59  205.9   3.7     8   309    73   414    67   433 0.86 [190263/388/1]
190263/502/1.f:NONHGB_12010 -            432 GH28.hmm             -            325   1.3e-59  206.4   7.5   1   1   1.5e-62   1.7e-59  206.0   7.5     7   309    72   414    66   431 0.85 [190263/502/1]
190263/405/1.f:EHKDKA_06915 -            486 GH28.hmm             -            325   1.5e-59  206.2  10.8   1   1   2.2e-59   2.4e-56  195.7  10.1     9   315    49   392    41   401 0.82 [190263/405/1]
190263/475/1.f:MCKEEP_09835 -            511 GH28.hmm             -            325   1.6e-59  206.1   4.3   1   1   2.1e-62   2.2e-59  205.6   4.3     6   313    87   458    82   495 0.85 [190263/475/1]
190263/573/1.f:LIDFCI_13365 -            511 GH28.hmm             -            325   1.7e-59  206.1   4.5   1   1   2.2e-62   2.3e-59  205.6   4.5     6   313    87   458    82   495 0.85 [190263/573/1]
190263/564/1.f:KIHMBJ_09775 -            490 GH28.hmm             -            325   1.7e-59  206.1   9.9   1   1   2.2e-60   2.3e-57  199.0   8.2     8   315    52   396    46   408 0.84 [190263/564/1]
190263/562/1.f:KJGNCK_11010 -            511 GH28.hmm             -            325   2.1e-59  205.7   0.3   1   1   3.2e-62   3.5e-59  205.0   0.3     6   309    87   454    82   501 0.85 [190263/562/1]
190263/580/1.f:JCPJNN_30440 -            528 GH28.hmm             -            325   2.7e-59  205.3   0.1   1   1   4.3e-62   4.7e-59  204.6   0.1    11   319   142   518   133   526 0.82 [190263/580/1]
190263/504/1.f:DOAHDM_10475 -            506 GH28.hmm             -            325   2.9e-59  205.2   0.5   1   1   5.7e-62   6.1e-59  204.2   0.1     6   315    83   455    78   465 0.85 [190263/504/1]
190263/405/1.f:EHKDKA_14130 -            432 GH28.hmm             -            325   2.9e-59  205.2   5.6   1   1   3.3e-62   3.6e-59  204.9   5.6     7   311    72   416    66   431 0.86 [190263/405/1]
190263/497/1.f:HENFFC_17270 -            489 GH28.hmm             -            325   4.3e-59  204.7  12.5   1   1   3.9e-60   4.2e-57  198.1  12.0     9   309    53   391    46   406 0.83 [190263/497/1]
190263/401/1.f:DMFJNH_10095 -            506 GH28.hmm             -            325     5e-59  204.5   0.6   1   1     1e-61   1.1e-58  203.3   0.6     6   315    83   455    78   496 0.86 [190263/401/1]
190263/456/1.f:LKAJBD_08835 -            467 GH28.hmm             -            325   5.1e-59  204.4   5.9   1   1   7.2e-62   7.8e-59  203.8   5.9     7   303    47   378    42   399 0.84 [190263/456/1]
190263/502/1.f:NONHGB_00410 -            532 GH28.hmm             -            325   7.5e-59  203.9   3.2   1   1   9.9e-62   1.1e-58  203.4   3.2     6   307   109   478   104   522 0.84 [190263/502/1]
190263/391/1.f:NONBJF_16770 -            532 GH28.hmm             -            325   7.6e-59  203.9   9.2   1   1   1.2e-61   1.3e-58  203.1   9.2     9   307   143   495   136   519 0.90 [190263/391/1]
190263/466/1.f:PGJOII_15245 -            432 GH28.hmm             -            325   7.9e-59  203.8   5.0   1   1     1e-61   1.1e-58  203.3   5.0     9   309    74   414    67   430 0.86 [190263/466/1]
190263/545/1.f:NCJBIN_00710 -            515 GH28.hmm             -            325     8e-59  203.8  11.9   1   1   7.4e-62     8e-59  203.8  11.9     5   306    50   389    46   410 0.87 [190263/545/1]
190263/365/1.f:JJMMAK_16205 -            489 GH28.hmm             -            325   9.4e-59  203.6  11.8   1   1   5.2e-60   5.7e-57  197.7  11.9     9   308    53   390    46   402 0.83 [190263/365/1]
190263/391/1.f:NONBJF_00630 -            515 GH28.hmm             -            325   1.8e-58  202.7  12.6   1   1   1.7e-61   1.8e-58  202.7  12.6     5   307    50   390    46   413 0.87 [190263/391/1]
190263/534/1.f:OHCFJE_01355 -            515 GH28.hmm             -            325   1.8e-58  202.7  12.6   1   1   1.7e-61   1.8e-58  202.7  12.6     5   307    50   390    46   413 0.87 [190263/534/1]
190263/388/1.f:FDDJJK_11145 -            625 GH28.hmm             -            325   2.4e-58  202.2   2.4   1   1   9.3e-61     1e-57  200.2   2.3     6   309    83   423    78   438 0.88 [190263/388/1]
190263/552/1.f:EMALNL_11160 -            436 GH28.hmm             -            325   3.3e-58  201.8   1.6   1   1   4.1e-61   4.4e-58  201.4   1.6     8   308    74   414    68   433 0.87 [190263/552/1]
190263/461/1.f:DHPHOK_17575 -            979 GH28.hmm             -            325   6.5e-58  200.8   2.2   1   1   2.3e-60   2.5e-57  198.9   2.1     6   309    83   423    78   439 0.88 [190263/461/1]
190263/366/1.f:DBJPFP_03495 -            511 GH28.hmm             -            325   8.4e-58  200.4   1.4   1   1   1.2e-60   1.3e-57  199.8   1.4     9   306   165   490   159   506 0.86 [190263/366/1]
190263/475/1.f:MCKEEP_10060 -            436 GH28.hmm             -            325   8.6e-58  200.4   1.5   1   1   1.1e-60   1.2e-57  200.0   1.5     8   308    74   414    68   433 0.88 [190263/475/1]
190263/405/1.f:EHKDKA_03085 -            486 GH28.hmm             -            325   8.9e-58  200.4  18.0   1   1   1.1e-60   1.2e-57  200.0  18.0     6   307    49   405    44   435 0.82 [190263/405/1]
190263/562/1.f:KJGNCK_11245 -            436 GH28.hmm             -            325   1.8e-57  199.4   1.3   1   1   2.1e-60   2.2e-57  199.1   1.3     7   307    73   413    67   431 0.87 [190263/562/1]
190263/391/1.f:NONBJF_11395 -            445 GH28.hmm             -            325   2.2e-57  199.1   0.2   1   1   4.2e-60   4.5e-57  198.0   0.2     9   315    81   430    75   440 0.86 [190263/391/1]
190263/534/1.f:OHCFJE_11650 -            445 GH28.hmm             -            325   2.2e-57  199.1   0.2   1   1   4.2e-60   4.5e-57  198.0   0.2     9   315    81   430    75   440 0.86 [190263/534/1]
190263/534/1.f:OHCFJE_03095 -            849 GH28.hmm             -            325   2.5e-57  198.9   0.0   1   1     4e-60   4.3e-57  198.1   0.0     5   304    69   425    65   452 0.85 [190263/534/1]
190263/391/1.f:NONBJF_09745 -            849 GH28.hmm             -            325   3.1e-57  198.6   0.0   1   1   5.2e-60   5.7e-57  197.7   0.0     5   304    69   425    65   448 0.85 [190263/391/1]
190263/545/1.f:NCJBIN_10585 -            849 GH28.hmm             -            325   3.1e-57  198.6   0.0   1   1   5.2e-60   5.7e-57  197.7   0.0     5   304    69   425    65   448 0.85 [190263/545/1]
190263/585/1.f:DLBDDB_07860 -            436 GH28.hmm             -            325   3.8e-57  198.3   1.0   1   1   4.7e-60     5e-57  197.9   1.0     8   308    74   414    68   433 0.88 [190263/585/1]
190263/437/1.f:LBKKEJ_17350 -            451 GH28.hmm             -            325   7.4e-57  197.3   1.0   1   1   9.5e-60     1e-56  196.9   1.0     7   317    77   427    71   442 0.86 [190263/437/1]
190263/365/1.f:JJMMAK_16190 -            493 GH28.hmm             -            325   8.5e-57  197.1   6.5   1   1   2.4e-57   2.5e-54  189.0   8.0     8   309    51   394    45   415 0.84 [190263/365/1]
190263/564/1.f:KIHMBJ_09810 -            491 GH28.hmm             -            325   1.2e-56  196.6  11.7   1   1   2.4e-58   2.6e-55  192.3  10.6     8   309    49   390    43   406 0.83 [190263/564/1]
190263/366/1.f:DBJPFP_03525 -            634 GH28.hmm             -            325   1.3e-56  196.6   0.5   1   1   3.3e-59   3.5e-56  195.1   0.3     4   303   202   532   199   556 0.87 [190263/366/1]
190263/564/1.f:KIHMBJ_09785 -            495 GH28.hmm             -            325   2.4e-56  195.7   3.9   1   1   7.4e-57     8e-54  187.4   2.5    10   306    52   390    45   399 0.81 [190263/564/1]
190263/545/1.f:NCJBIN_12495 -            437 GH28.hmm             -            325   3.8e-56  195.0   0.6   1   1   4.7e-59   5.1e-56  194.6   0.6     9   314    81   429    75   437 0.87 [190263/545/1]
190263/443/1.f:LNLACP_03600 -            500 GH28.hmm             -            325   8.1e-56  193.9   0.0   1   1   1.7e-58   1.9e-55  192.7   0.0    11   306   114   475   106   494 0.84 [190263/443/1]
190263/405/1.f:EHKDKA_06905 -            495 GH28.hmm             -            325   1.6e-55  193.0   6.0   1   1   1.1e-57   1.2e-54  190.0   4.1     8   318    52   403    46   410 0.82 [190263/405/1]
190263/497/1.f:HENFFC_17255 -            493 GH28.hmm             -            325   2.1e-55  192.6   5.8   1   1   7.7e-57   8.3e-54  187.3   6.8    11   309    54   394    46   418 0.83 [190263/497/1]
190263/401/1.f:DMFJNH_10120 -            432 GH28.hmm             -            325   7.6e-55  190.7   4.6   1   1   9.6e-58     1e-54  190.3   4.6     9   310    74   418    68   431 0.85 [190263/401/1]
190263/504/1.f:DOAHDM_10500 -            432 GH28.hmm             -            325   7.6e-55  190.7   5.2   1   1   9.8e-58   1.1e-54  190.3   5.2    10   310    75   418    69   431 0.85 [190263/504/1]
190263/399/1.f:CDLIDF_03885 -            444 GH28.hmm             -            325     8e-55  190.7   0.0   1   1   1.4e-57   1.5e-54  189.7   0.0     8   310    78   426    72   443 0.84 [190263/399/1]
190263/366/1.f:DBJPFP_03500 -            476 GH28.hmm             -            325   5.1e-54  188.0   0.0   1   1   6.6e-57   7.1e-54  187.5   0.0     6   307   141   457   136   475 0.86 [190263/366/1]
190263/405/1.f:EHKDKA_03325 -            525 GH28.hmm             -            325   5.5e-54  187.9  22.8   1   1   5.4e-56   5.8e-53  184.5  19.2     7   309    51   379    46   398 0.87 [190263/405/1]
190263/585/1.f:DLBDDB_07760 -            436 GH28.hmm             -            325   5.7e-54  187.9   3.0   1   1   7.3e-57   7.9e-54  187.4   3.0     9   320    74   428    68   433 0.85 [190263/585/1]
190263/545/1.f:NCJBIN_10520 -            444 GH28.hmm             -            325   2.7e-53  185.6   5.9   1   1   3.5e-56   3.8e-53  185.2   5.9     8   309    78   420    72   438 0.85 [190263/545/1]
190263/409/1.f:AJJCMD_21760 -            483 GH28.hmm             -            325   1.4e-52  183.3   1.5   1   1     3e-55   3.2e-52  182.1   1.5     4   305    27   369    24   410 0.82 [190263/409/1]
190263/457/1.f:IIKDLL_10135 -            427 GH28.hmm             -            325   8.5e-50  174.1   4.6   1   1   1.2e-52   1.3e-49  173.5   4.6     9   309    70   411    65   426 0.83 [190263/457/1]
190263/490/1.f:OIBLLI_08215 -            411 GH28.hmm             -            325   1.5e-48  170.1  13.0   1   1   1.8e-51   1.9e-48  169.7  13.0    11   305    62   392    56   408 0.84 [190263/490/1]
190263/460/1.f:IHFGKI_01830 -            661 GH28.hmm             -            325   4.6e-47  165.2  27.3   1   1     5e-50   5.4e-47  164.9  26.2    28   307   116   426    79   451 0.78 [190263/460/1]
190263/404/1.f:BGJBIG_17550 -            506 GH28.hmm             -            325   1.4e-43  153.7   4.8   1   1   2.3e-46   2.5e-43  152.9   4.8    63   307   203   484   179   497 0.81 [190263/404/1]
190263/388/1.f:FDDJJK_00635 -            461 GH28.hmm             -            325   9.9e-43  150.9  11.5   1   1   1.6e-45   1.7e-42  150.1  11.5    60   307   182   442   155   456 0.83 [190263/388/1]
190263/405/1.f:EHKDKA_15515 -            461 GH28.hmm             -            325   1.8e-41  146.7  13.2   1   1   2.7e-44   2.9e-41  146.1  13.2    60   308   182   443   150   456 0.82 [190263/405/1]
190263/545/1.f:NCJBIN_00695 -            464 GH28.hmm             -            325   6.4e-41  145.0   8.9   1   1   8.1e-44   8.8e-41  144.5   8.9    63   309   188   447   101   460 0.82 [190263/545/1]
190263/437/1.f:LBKKEJ_10145 -            236 GH28.hmm             -            325   6.4e-41  145.0  12.9   1   1   7.4e-44     8e-41  144.6  12.9   126   320     3   213     1   219 0.89 [190263/437/1]
190263/391/1.f:NONBJF_00615 -            461 GH28.hmm             -            325   1.1e-40  144.2   9.3   1   1   1.4e-43   1.5e-40  143.8   9.3    63   309   185   444   105   458 0.82 [190263/391/1]
190263/580/1.f:JCPJNN_02355 -            481 GH28.hmm             -            325   1.6e-40  143.7   2.7   1   1   2.1e-43   2.2e-40  143.2   2.7    75   309   208   461   182   475 0.83 [190263/580/1]
190263/534/1.f:OHCFJE_01340 -            464 GH28.hmm             -            325   2.7e-40  142.9   9.8   1   1   3.7e-43     4e-40  142.4   9.8    63   309   188   447   137   461 0.82 [190263/534/1]
190263/552/1.f:EMALNL_13945 -            468 GH28.hmm             -            325   2.8e-40  142.9   9.7   1   1   3.9e-43   4.2e-40  142.3   9.7    63   306   191   446   150   461 0.81 [190263/552/1]
190263/562/1.f:KJGNCK_14245 -            468 GH28.hmm             -            325   3.9e-40  142.4  10.3   1   1   5.3e-43   5.7e-40  141.8  10.3    63   307   191   447   150   462 0.81 [190263/562/1]
190263/552/1.f:EMALNL_14045 -            462 GH28.hmm             -            325   8.2e-40  141.3   6.0   1   1   7.6e-43   8.2e-40  141.3   6.0    68   308   191   444   159   458 0.82 [190263/552/1]
190263/573/1.f:LIDFCI_04105 -            468 GH28.hmm             -            325     2e-39  140.1  11.5   1   1   2.6e-42   2.8e-39  139.6  11.5    64   306   192   446   133   463 0.81 [190263/573/1]
190263/585/1.f:DLBDDB_17080 -            474 GH28.hmm             -            325     9e-39  137.9   8.9   1   1   1.2e-41   1.3e-38  137.4   8.9    65   309   199   455   155   470 0.81 [190263/585/1]
190263/390/1.f:OLPOLE_13415 -            484 GH28.hmm             -            325   2.4e-38  136.5   0.0   1   1     3e-41   3.3e-38  136.1   0.0    28   307   171   463   154   480 0.83 [190263/390/1]
190263/562/1.f:KJGNCK_03390 -            474 GH28.hmm             -            325   5.7e-38  135.3  14.5   1   1   7.3e-41   7.9e-38  134.8  14.5    59   307   181   455   134   471 0.81 [190263/562/1]
190263/552/1.f:EMALNL_13895 -            470 GH28.hmm             -            325   7.1e-38  135.0  13.2   1   1   6.6e-41   7.1e-38  135.0  13.2    55   309   181   453   163   469 0.81 [190263/552/1]
190263/404/1.f:BGJBIG_17560 -            775 GH28.hmm             -            325   1.2e-37  134.2  14.3   1   1   1.9e-40   2.1e-37  133.4  14.3    64   306   473   754   444   771 0.81 [190263/404/1]
190263/562/1.f:KJGNCK_14195 -            470 GH28.hmm             -            325   1.7e-37  133.7  14.3   1   1   1.5e-40   1.7e-37  133.7  14.3    55   309   181   453   163   469 0.81 [190263/562/1]
190263/475/1.f:MCKEEP_14465 -            470 GH28.hmm             -            325     1e-36  131.2  12.8   1   1   9.3e-40     1e-36  131.2  12.8    55   309   181   453   163   469 0.81 [190263/475/1]
190263/573/1.f:LIDFCI_04055 -            470 GH28.hmm             -            325     1e-36  131.2  12.8   1   1   9.3e-40     1e-36  131.2  12.8    55   309   181   453   163   469 0.81 [190263/573/1]
190263/580/1.f:JCPJNN_29530 -            870 GH28.hmm             -            325   1.1e-35  127.7   0.1   1   1   4.6e-35     5e-32  115.7   0.0     7   252    48   369    42   398 0.84 [190263/580/1]
190263/562/1.f:KJGNCK_01555 -            470 GH28.hmm             -            325   1.2e-35  127.6   9.7   1   1     3e-38   3.3e-35  126.2   9.7     6   312    55   387    50   445 0.83 [190263/562/1]
190263/405/1.f:EHKDKA_15485 -            503 GH28.hmm             -            325   2.3e-35  126.7   4.0   1   1   4.3e-38   4.7e-35  125.7   4.0    64   305   183   480   155   498 0.79 [190263/405/1]
190263/421/1.f:PBKEAC_12470 -            496 GH28.hmm             -            325   3.8e-35  126.0   8.2   1   1     7e-38   7.6e-35  125.0   8.2    64   307   191   475   170   495 0.83 [190263/421/1]
190263/366/1.f:DBJPFP_05160 -            496 GH28.hmm             -            325   7.1e-35  125.1   8.7   1   1   1.1e-37   1.2e-34  124.4   8.7    64   307   191   475   166   494 0.83 [190263/366/1]
190263/405/1.f:EHKDKA_07420 -            470 GH28.hmm             -            325   7.3e-35  125.1   9.4   1   1   6.7e-38   7.3e-35  125.1   9.4    69   307   190   452   135   467 0.79 [190263/405/1]
190263/446/1.f:LHJMMB_05370 -            496 GH28.hmm             -            325   9.4e-35  124.7   9.1   1   1   1.4e-37   1.6e-34  124.0   9.1    64   307   191   475   166   494 0.83 [190263/446/1]
190263/401/1.f:DMFJNH_00855 -            482 GH28.hmm             -            325     1e-33  121.3  12.8   1   1   1.4e-36   1.5e-33  120.8  12.8    59   307   194   450   158   469 0.83 [190263/401/1]
190263/504/1.f:DOAHDM_01215 -            482 GH28.hmm             -            325   1.2e-33  121.1  13.0   1   1   1.5e-36   1.6e-33  120.6  13.0    59   307   194   450   158   469 0.83 [190263/504/1]
190263/534/1.f:OHCFJE_01430 -            500 GH28.hmm             -            325   1.5e-33  120.7  10.6   1   1   2.8e-36     3e-33  119.7  10.6    65   305   176   476   151   496 0.79 [190263/534/1]
190263/545/1.f:NCJBIN_00790 -            500 GH28.hmm             -            325   1.5e-33  120.7  10.6   1   1   2.8e-36     3e-33  119.7  10.6    65   305   176   476   151   496 0.79 [190263/545/1]
190263/390/1.f:OLPOLE_13410 -            677 GH28.hmm             -            325   1.9e-33  120.4   5.2   1   1   2.5e-36   2.7e-33  119.9   5.2    65   314   197   482   164   493 0.81 [190263/390/1]
190263/366/1.f:DBJPFP_05155 -            757 GH28.hmm             -            325   1.8e-32  117.2  11.1   1   1   2.9e-35   3.1e-32  116.4  11.1    64   307   450   736   423   757 0.83 [190263/366/1]
190263/368/1.f:HPMDBE_14670 -            446 GH28.hmm             -            325   2.2e-32  116.9   0.0   1   1   5.3e-35   5.8e-32  115.5   0.0     6   309    60   381    56   398 0.84 [190263/368/1]
190263/379/1.f:LOJHAC_15290 -            446 GH28.hmm             -            325   2.2e-32  116.9   0.0   1   1   5.3e-35   5.8e-32  115.5   0.0     6   309    60   381    56   398 0.84 [190263/379/1]
190263/516/1.f:MGNFBC_12775 -            446 GH28.hmm             -            325   2.2e-32  116.9   0.0   1   1   5.3e-35   5.8e-32  115.5   0.0     6   309    60   381    56   398 0.84 [190263/516/1]
190263/446/1.f:LHJMMB_05375 -            757 GH28.hmm             -            325   2.6e-32  116.7  11.0   1   1   4.2e-35   4.5e-32  115.9  11.0    64   307   450   736   423   757 0.83 [190263/446/1]
190263/391/1.f:NONBJF_00645 -            478 GH28.hmm             -            325   8.1e-32  115.1   7.1   1   1   1.1e-34   1.2e-31  114.5   7.1    50   306   175   444   156   465 0.81 [190263/391/1]
190263/534/1.f:OHCFJE_01375 -            478 GH28.hmm             -            325   1.2e-31  114.5   7.7   1   1   1.6e-34   1.7e-31  114.0   7.7    50   307   175   446   156   465 0.81 [190263/534/1]
190263/388/1.f:FDDJJK_00655 -            478 GH28.hmm             -            325   2.1e-31  113.7   7.9   1   1   2.8e-34     3e-31  113.2   7.9    50   307   175   446   156   465 0.82 [190263/388/1]
190263/399/1.f:CDLIDF_13555 -            450 GH28.hmm             -            325   5.1e-31  112.4  11.3   1   1   6.9e-34   7.5e-31  111.9  11.3    65   309   182   430   148   446 0.80 [190263/399/1]
190263/405/1.f:EHKDKA_15590 -            492 GH28.hmm             -            325     8e-31  111.8   7.5   1   1   1.3e-33   1.4e-30  111.0   7.5    52   306   163   458   122   478 0.81 [190263/405/1]
190263/369/1.f:JCDIFE_10725 -            485 GH28.hmm             -            325   3.5e-30  109.7   8.0   1   1   4.6e-33     5e-30  109.2   8.0    58   306   190   451   156   470 0.81 [190263/369/1]
190263/556/1.f:EMIPPF_11160 -            750 GH28.hmm             -            325   4.6e-30  109.3  13.9   1   1   7.1e-33   7.7e-30  108.6  13.9    63   288   452   707   415   731 0.80 [190263/556/1]
190263/502/1.f:NONHGB_14170 -            476 GH28.hmm             -            325   5.3e-29  105.8   9.0   1   1   7.4e-32     8e-29  105.2   9.0    59   306   188   442   145   462 0.81 [190263/502/1]
190263/401/1.f:DMFJNH_14460 -           1097 GH28.hmm             -            325   5.4e-27   99.2   9.4   1   1   8.7e-30   9.4e-27   98.4   9.4    66   306   193   440   164   461 0.82 [190263/401/1]
190263/504/1.f:DOAHDM_14485 -           1097 GH28.hmm             -            325   5.4e-27   99.2   9.4   1   1   8.7e-30   9.4e-27   98.4   9.4    66   306   193   440   164   461 0.82 [190263/504/1]
190263/564/1.f:KIHMBJ_09800 -            252 GH28.hmm             -            325   3.6e-23   86.6   3.7   1   1   4.1e-26   4.5e-23   86.3   3.7    12   164    57   220    47   249 0.82 [190263/564/1]
190263/365/1.f:JJMMAK_16195 -            250 GH28.hmm             -            325   1.2e-21   81.6   1.4   1   1   1.5e-24   1.6e-21   81.2   1.4     9   185    53   240    46   249 0.87 [190263/365/1]
190263/497/1.f:HENFFC_17260 -            250 GH28.hmm             -            325   4.3e-21   79.8   2.0   1   1   5.1e-24   5.6e-21   79.4   2.0    10   185    54   240    46   249 0.87 [190263/497/1]
190263/366/1.f:DBJPFP_12260 -            518 GH28.hmm             -            325   1.5e-13   55.0   4.6   1   1   1.9e-16   2.1e-13   54.5   4.6    63   308   243   496   217   514 0.74 [190263/366/1]
#
# Program:         hmmsearch
# Version:         3.3.2 (Nov 2020)
# Pipeline mode:   SEARCH
# Query file:      /kb/module/work/tmp/output.1725388484971/GH28/GH28.hmm
# Target file:     /kb/module/work/tmp/output.1725388484971/hCom2_RAST.fasta
# Option settings: /kb/module/hmmer/bin/hmmsearch --domtblout /kb/module/work/tmp/output.1725388484971/GH28/GH28-hCom2_RAST.hitout.txt --noali --notextw --domE 1e-15 /kb/module/work/tmp/output.1725388484971/GH28/GH28.hmm /kb/module/work/tmp/output.1725388484971/hCom2_RAST.fasta 
# Current dir:     /kb/module/work/tmp/output.1725388484971
# Date:            Tue Sep  3 18:50:37 2024
# [ok]
