#                                                                                   --- full sequence --- -------------- this domain -------------   hmm coord   ali coord   env coord
# target name               accession   tlen query name           accession   qlen   E-value  score  bias   #  of  c-Evalue  i-Evalue  score  bias  from    to  from    to  from    to  acc description of target
#       ------------------- ---------- ----- -------------------- ---------- ----- --------- ------ ----- --- --- --------- --------- ------ ----- ----- ----- ----- ----- ----- ----- ---- ---------------------
190263/495/1.f:ANKNCD_02485 -            439 GH30_1.hmm           -            416  4.9e-164  550.4   0.6   1   1  1.6e-167  5.5e-164  550.2   0.6     3   415    28   437    26   438 0.99 [190263/495/1]
190263/580/1.f:JCPJNN_14095 -            438 GH30_1.hmm           -            416    2e-162  545.1   0.0   1   1  6.4e-166  2.3e-162  544.9   0.0     2   415    27   436    26   437 0.99 [190263/580/1]
190263/439/1.f:KGLJGB_06175 -            461 GH30_1.hmm           -            416  1.7e-159  535.4   0.3   1   1  5.5e-163    2e-159  535.2   0.3     2   415    34   454    33   455 0.98 [190263/439/1]
190263/390/1.f:OLPOLE_00725 -            446 GH30_1.hmm           -            416  4.8e-158  530.6   0.0   1   1  1.6e-161  5.6e-158  530.4   0.0     4   416    35   443    32   443 0.99 [190263/390/1]
190263/429/1.f:OMPHBF_12810 -            455 GH30_1.hmm           -            416  2.2e-154  518.6   0.0   1   1  7.2e-158  2.6e-154  518.4   0.0     2   415    32   442    31   443 0.99 [190263/429/1]
190263/546/1.f:GEHMID_16000 -            441 GH30_1.hmm           -            416  1.4e-149  502.8   0.0   1   1  4.6e-153  1.6e-149  502.5   0.0     2   413    29   437    28   439 0.99 [190263/546/1]
190263/541/1.f:IDEEIE_14900 -            653 GH30_1.hmm           -            416  2.7e-137  462.3   1.3   1   1  9.5e-141  3.4e-137  461.9   1.3     4   415    67   502    64   503 0.96 [190263/541/1]
190263/401/1.f:DMFJNH_05465 -            493 GH30_1.hmm           -            416  6.7e-100  339.1   0.6   1   1  2.2e-103  7.7e-100  338.9   0.6     3   414    65   486    63   488 0.91 [190263/401/1]
190263/504/1.f:DOAHDM_06140 -            493 GH30_1.hmm           -            416  6.7e-100  339.1   0.6   1   1  2.2e-103  7.7e-100  338.9   0.6     3   414    65   486    63   488 0.91 [190263/504/1]
190263/368/1.f:HPMDBE_01915 -            481 GH30_1.hmm           -            416   1.8e-99  337.7   0.0   1   1  6.3e-103   2.2e-99  337.4   0.0     3   414    54   475    52   477 0.92 [190263/368/1]
190263/379/1.f:LOJHAC_06220 -            481 GH30_1.hmm           -            416   2.7e-99  337.1   0.0   1   1  9.7e-103   3.5e-99  336.8   0.0     4   414    55   475    53   477 0.92 [190263/379/1]
190263/516/1.f:MGNFBC_09360 -            481 GH30_1.hmm           -            416   2.7e-99  337.1   0.0   1   1  9.7e-103   3.5e-99  336.8   0.0     4   414    55   475    53   477 0.92 [190263/516/1]
190263/585/1.f:DLBDDB_02780 -            496 GH30_1.hmm           -            416     3e-99  337.0   0.6   1   1  1.1e-102   3.7e-99  336.6   0.6     4   414    69   489    67   491 0.91 [190263/585/1]
190263/573/1.f:LIDFCI_17655 -            493 GH30_1.hmm           -            416     6e-99  336.0   0.4   1   1  2.1e-102   7.5e-99  335.6   0.4     4   414    66   486    64   488 0.92 [190263/573/1]
190263/562/1.f:KJGNCK_04245 -            493 GH30_1.hmm           -            416   7.5e-99  335.6   0.4   1   1  2.6e-102   9.4e-99  335.3   0.4     4   414    66   486    64   488 0.91 [190263/562/1]
190263/552/1.f:EMALNL_06045 -            493 GH30_1.hmm           -            416   9.4e-98  332.0   0.4   1   1  3.3e-101   1.2e-97  331.7   0.4     4   414    66   486    64   488 0.91 [190263/552/1]
190263/390/1.f:OLPOLE_00720 -            815 GH30_1.hmm           -            416   8.3e-97  328.9   3.1   1   1  3.7e-100   1.3e-96  328.2   3.1     3   415    67   492    66   493 0.92 [190263/390/1]
190263/502/1.f:NONHGB_04095 -            491 GH30_1.hmm           -            416   1.8e-96  327.8   0.0   1   1  5.9e-100   2.1e-96  327.6   0.0     2   414    64   486    63   488 0.91 [190263/502/1]
190263/369/1.f:JCDIFE_01665 -            503 GH30_1.hmm           -            416     2e-96  327.7   0.2   1   1  7.1e-100   2.5e-96  327.3   0.2     3   413    75   497    73   499 0.91 [190263/369/1]
190263/405/1.f:EHKDKA_04440 -            491 GH30_1.hmm           -            416     3e-96  327.1   0.0   1   1   1.1e-99   3.9e-96  326.7   0.0     3   414    65   486    64   488 0.91 [190263/405/1]
190263/461/1.f:DHPHOK_01910 -            503 GH30_1.hmm           -            416   1.4e-95  324.9   0.2   1   1     5e-99   1.8e-95  324.5   0.2     3   413    75   497    73   499 0.90 [190263/461/1]
190263/552/1.f:EMALNL_14040 -            475 GH30_1.hmm           -            416   2.4e-92  314.2   1.4   1   1   7.9e-96   2.8e-92  314.0   1.4     3   416    51   474    49   474 0.95 [190263/552/1]
190263/421/1.f:PBKEAC_13565 -            504 GH30_1.hmm           -            416     3e-90  307.3   0.0   1   1   1.1e-93   3.8e-90  307.0   0.0     4   414    77   495    75   497 0.91 [190263/421/1]
190263/405/1.f:EHKDKA_04330 -            516 GH30_1.hmm           -            416   4.3e-90  306.8   0.4   1   1   1.4e-93   5.1e-90  306.5   0.4     4   414    78   512    75   514 0.87 [190263/405/1]
190263/366/1.f:DBJPFP_13075 -            502 GH30_1.hmm           -            416   4.4e-88  300.2   0.0   1   1   1.5e-91   5.5e-88  299.9   0.0     5   415    76   494    73   495 0.90 [190263/366/1]
190263/502/1.f:NONHGB_02250 -            470 GH30_1.hmm           -            416   1.2e-87  298.7   0.0   1   1   4.4e-91   1.6e-87  298.4   0.0     3   415    46   466    44   467 0.95 [190263/502/1]
190263/405/1.f:EHKDKA_02505 -            470 GH30_1.hmm           -            416   1.3e-86  295.3   0.0   1   1   4.6e-90   1.7e-86  295.0   0.0     3   415    46   466    44   467 0.94 [190263/405/1]
190263/595/1.f:HGDLEC_10490 -            505 GH30_1.hmm           -            416   1.6e-86  295.0   0.7   1   1   5.5e-90   1.9e-86  294.8   0.7     3   413    76   500    74   503 0.91 [190263/595/1]
190263/527/1.f:HGADJN_07125 -            447 GH30_1.hmm           -            416   1.4e-85  292.0   1.0   1   1   5.9e-89   2.1e-85  291.4   1.0    11   416    36   445    30   445 0.89 [190263/527/1]
190263/460/1.f:IHFGKI_01005 -            515 GH30_1.hmm           -            416   1.2e-84  288.9   2.6   1   1   4.2e-88   1.5e-84  288.5   2.6     4   412    80   508    77   511 0.91 [190263/460/1]
190263/368/1.f:HPMDBE_21590 -            476 GH30_1.hmm           -            416   1.3e-84  288.8   0.1   1   1   4.6e-88   1.7e-84  288.4   0.1     4   415    52   473    50   474 0.91 [190263/368/1]
190263/379/1.f:LOJHAC_22730 -            476 GH30_1.hmm           -            416   6.8e-84  286.4   0.2   1   1   2.5e-87   8.8e-84  286.0   0.2     4   415    52   473    50   474 0.91 [190263/379/1]
190263/516/1.f:MGNFBC_19565 -            476 GH30_1.hmm           -            416   6.8e-84  286.4   0.2   1   1   2.5e-87   8.8e-84  286.0   0.2     4   415    52   473    50   474 0.91 [190263/516/1]
190263/420/1.f:GMHOLO_06795 -            447 GH30_1.hmm           -            416   7.3e-84  286.3   0.7   1   1   3.1e-87   1.1e-83  285.7   0.7    11   416    36   445    30   445 0.89 [190263/420/1]
190263/522/1.f:NPJBCH_03305 -            512 GH30_1.hmm           -            416   1.4e-82  282.0   0.4   1   1     5e-86   1.8e-82  281.7   0.4     4   413    76   499    74   502 0.92 [190263/522/1]
190263/390/1.f:OLPOLE_00730 -            449 GH30_1.hmm           -            416   9.7e-81  276.0   0.0   1   1   3.5e-84   1.2e-80  275.6   0.0    11   415    35   445    29   446 0.89 [190263/390/1]
190263/562/1.f:KJGNCK_25815 -            491 GH30_1.hmm           -            416   1.3e-71  245.9   2.4   1   1     5e-75   1.8e-71  245.5   2.4     6   415    54   488    50   489 0.90 [190263/562/1]
190263/502/1.f:NONHGB_04665 -            488 GH30_1.hmm           -            416   3.3e-71  244.6   1.2   1   1   1.1e-74     4e-71  244.3   1.2     5   415    50   485    46   486 0.92 [190263/502/1]
190263/405/1.f:EHKDKA_05360 -            492 GH30_1.hmm           -            416   4.8e-71  244.0   0.3   1   1   1.6e-74   5.7e-71  243.8   0.3     6   415    55   489    50   490 0.92 [190263/405/1]
190263/388/1.f:FDDJJK_11155 -            508 GH30_1.hmm           -            416   1.8e-70  242.2   0.4   1   1   6.7e-74   2.4e-70  241.8   0.4     7   415    60   503    55   504 0.92 [190263/388/1]
190263/461/1.f:DHPHOK_17570 -            508 GH30_1.hmm           -            416   1.8e-70  242.2   0.4   1   1   6.7e-74   2.4e-70  241.8   0.4     7   415    60   503    55   504 0.92 [190263/461/1]
190263/369/1.f:JCDIFE_00155 -            496 GH30_1.hmm           -            416   7.1e-69  236.9   0.0   1   1   2.4e-72   8.6e-69  236.6   0.0     6   415    59   493    54   494 0.91 [190263/369/1]
190263/399/1.f:CDLIDF_10100 -            494 GH30_1.hmm           -            416   8.2e-68  233.4   0.0   1   1   2.8e-71   9.8e-68  233.1   0.0     5   415    54   489    50   490 0.91 [190263/399/1]
190263/388/1.f:FDDJJK_02620 -            502 GH30_1.hmm           -            416   6.4e-67  230.5   0.1   1   1   2.4e-70   8.7e-67  230.0   0.1     4   415    52   499    49   500 0.91 [190263/388/1]
190263/534/1.f:OHCFJE_09705 -            502 GH30_1.hmm           -            416   1.6e-66  229.1   0.2   1   1   6.3e-70   2.2e-66  228.7   0.2     5   415    53   499    49   500 0.91 [190263/534/1]
190263/475/1.f:MCKEEP_06535 -            356 GH30_1.hmm           -            416   2.8e-66  228.4   0.4   1   1     1e-69   3.7e-66  227.9   0.4     4   251    66   322    64   337 0.91 [190263/475/1]
190263/522/1.f:NPJBCH_09065 -            367 GH30_1.hmm           -            416   1.8e-63  219.1   0.3   1   1   6.3e-67   2.2e-63  218.8   0.3    80   413     5   354     2   357 0.90 [190263/522/1]
190263/404/1.f:BGJBIG_03055 -            492 GH30_1.hmm           -            416   1.3e-40  143.9   2.6   1   1   7.7e-43   2.7e-39  139.4   1.3     5   403    35   446    32   452 0.76 [190263/404/1]
190263/504/1.f:DOAHDM_04635 -            520 GH30_1.hmm           -            416   1.2e-38  137.3   2.1   1   1     4e-41   1.4e-37  133.8   2.1     7   409    59   477    52   483 0.81 [190263/504/1]
190263/401/1.f:DMFJNH_04145 -            520 GH30_1.hmm           -            416   1.5e-38  137.0   2.0   1   1   4.7e-41   1.7e-37  133.5   2.0     7   409    59   477    52   483 0.81 [190263/401/1]
190263/388/1.f:FDDJJK_03075 -            504 GH30_1.hmm           -            416   5.5e-34  122.0   0.0   1   1   1.1e-31     4e-28  102.7   0.0     5   208    44   256    41   270 0.85 [190263/388/1]
190263/580/1.f:JCPJNN_30135 -            178 GH30_1.hmm           -            416   1.3e-28  104.3   0.0   1   1   8.8e-32   3.1e-28  103.0   0.0   122   274     1   165     1   175 0.80 [190263/580/1]
190263/396/1.f:KAAOMA_00130 -           1039 GH30_1.hmm           -            416   3.8e-23   86.3   9.5   1   1   2.9e-19     1e-15   61.8   1.7    89   306    96   300    78   303 0.82 [190263/396/1]
190263/396/1.f:KAAOMA_13520 -            860 GH30_1.hmm           -            416     4e-23   86.2   2.6   1   1   1.6e-26   5.7e-23   85.7   2.6     5   400    34   452    30   466 0.80 [190263/396/1]
190263/396/1.f:KAAOMA_04410 -            765 GH30_1.hmm           -            416   1.1e-22   84.8   8.2   1   1   9.8e-23   3.5e-19   73.2   5.6   100   403   104   388    88   397 0.86 [190263/396/1]
190263/475/1.f:MCKEEP_06540 -            138 GH30_1.hmm           -            416   2.3e-21   80.4   0.0   1   1   7.5e-25   2.7e-21   80.2   0.0   293   414     6   131     2   133 0.90 [190263/475/1]
190263/502/1.f:NONHGB_20575 -            546 GH30_1.hmm           -            416   1.6e-18   71.0   5.9   1   1   2.2e-17     8e-14   55.6   6.1    99   403   201   504   192   518 0.75 [190263/502/1]
190263/405/1.f:EHKDKA_22270 -            546 GH30_1.hmm           -            416   8.2e-18   68.7   2.7   1   1   1.7e-16     6e-13   52.7   3.1    99   402   201   503   190   516 0.73 [190263/405/1]
190263/412/1.f:OOIBGL_08690 -            584 GH30_1.hmm           -            416   2.2e-14   57.4   0.0   1   1   1.4e-17   5.1e-14   56.2   0.0    41   400    66   429    32   444 0.83 [190263/412/1]
190263/585/1.f:DLBDDB_20040 -            164 GH30_1.hmm           -            416   2.2e-12   50.8   0.1   1   1   6.8e-16   2.4e-12   50.7   0.1   233   399     4   161     1   164 0.89 [190263/585/1]
#
# Program:         hmmsearch
# Version:         3.3.2 (Nov 2020)
# Pipeline mode:   SEARCH
# Query file:      /kb/module/work/tmp/output.1725388484971/GH30_1/GH30_1.hmm
# Target file:     /kb/module/work/tmp/output.1725388484971/hCom2_RAST.fasta
# Option settings: /kb/module/hmmer/bin/hmmsearch --domtblout /kb/module/work/tmp/output.1725388484971/GH30_1/GH30_1-hCom2_RAST.hitout.txt --noali --notextw --domE 1e-15 /kb/module/work/tmp/output.1725388484971/GH30_1/GH30_1.hmm /kb/module/work/tmp/output.1725388484971/hCom2_RAST.fasta 
# Current dir:     /kb/module/work/tmp/output.1725388484971
# Date:            Tue Sep  3 18:50:44 2024
# [ok]
