#                                                                                   --- full sequence --- -------------- this domain -------------   hmm coord   ali coord   env coord
# target name               accession   tlen query name           accession   qlen   E-value  score  bias   #  of  c-Evalue  i-Evalue  score  bias  from    to  from    to  from    to  acc description of target
#       ------------------- ---------- ----- -------------------- ---------- ----- --------- ------ ----- --- --- --------- --------- ------ ----- ----- ----- ----- ----- ----- ----- ---- ---------------------
190263/388/1.f:FDDJJK_03075 -            504 GH30_7.hmm           -            443   3.5e-51  178.8   0.0   1   1   1.3e-54     5e-51  178.3   0.0     5   442    44   494    41   495 0.84 [190263/388/1]
190263/404/1.f:BGJBIG_03055 -            492 GH30_7.hmm           -            443   3.9e-51  178.6   0.0   1   1   1.3e-54   5.1e-51  178.2   0.0     5   443    35   487    31   487 0.83 [190263/404/1]
190263/390/1.f:OLPOLE_00720 -            815 GH30_7.hmm           -            443     7e-50  174.5   5.7   1   1   2.8e-53   1.1e-49  173.9   5.7     5   399    69   478    65   495 0.85 [190263/390/1]
190263/399/1.f:CDLIDF_15500 -            541 GH30_7.hmm           -            443   8.8e-44  154.4   2.2   1   1     1e-46   3.9e-43  152.3   2.2     3   443    37   537    35   537 0.77 [190263/399/1]
190263/401/1.f:DMFJNH_04145 -            520 GH30_7.hmm           -            443   7.4e-40  141.5   1.5   1   1   2.5e-43   9.5e-40  141.1   1.5     8   442    60   510    51   511 0.80 [190263/401/1]
190263/504/1.f:DOAHDM_04635 -            520 GH30_7.hmm           -            443   8.7e-40  141.2   1.5   1   1   2.9e-43   1.1e-39  140.9   1.5     8   442    60   510    51   511 0.80 [190263/504/1]
190263/502/1.f:NONHGB_06705 -            540 GH30_7.hmm           -            443   9.9e-39  137.7   3.0   1   1   2.2e-41   8.4e-38  134.7   3.0     4   443    38   536    35   536 0.74 [190263/502/1]
190263/580/1.f:JCPJNN_14095 -            438 GH30_7.hmm           -            443     6e-38  135.2   0.0   1   1   2.3e-41   8.8e-38  134.6   0.0     5   398    30   421    26   434 0.82 [190263/580/1]
190263/396/1.f:KAAOMA_00130 -           1039 GH30_7.hmm           -            443   4.5e-37  132.3  15.7   1   1     4e-39   1.5e-35  127.3  12.3    89   443    89   422    64   422 0.84 [190263/396/1]
190263/585/1.f:DLBDDB_02780 -            496 GH30_7.hmm           -            443     8e-37  131.5   4.0   1   1   6.4e-40   2.4e-36  129.9   4.0     3   398    68   475    66   491 0.84 [190263/585/1]
190263/401/1.f:DMFJNH_05465 -            493 GH30_7.hmm           -            443   9.5e-37  131.2   4.4   1   1   1.1e-39   4.4e-36  129.0   4.3     3   398    65   472    63   488 0.83 [190263/401/1]
190263/504/1.f:DOAHDM_06140 -            493 GH30_7.hmm           -            443   9.5e-37  131.2   4.4   1   1   1.1e-39   4.4e-36  129.0   4.3     3   398    65   472    63   488 0.83 [190263/504/1]
190263/421/1.f:PBKEAC_13565 -            504 GH30_7.hmm           -            443     5e-36  128.8   1.2   1   1   4.4e-27   1.7e-23   87.6   0.3     4   282    77   355    74   362 0.81 [190263/421/1]
190263/546/1.f:GEHMID_16000 -            441 GH30_7.hmm           -            443   3.2e-35  126.2   0.0   1   1   5.3e-38     2e-34  123.5   0.0     5   402    32   428    28   438 0.80 [190263/546/1]
190263/460/1.f:IHFGKI_01005 -            515 GH30_7.hmm           -            443   4.2e-35  125.8   2.4   1   1   1.5e-38   5.6e-35  125.4   2.4     3   395    79   493    77   505 0.84 [190263/460/1]
190263/552/1.f:EMALNL_06045 -            493 GH30_7.hmm           -            443     6e-35  125.3   2.7   1   1   9.3e-38   3.5e-34  122.7   2.7     3   398    65   472    63   488 0.83 [190263/552/1]
190263/366/1.f:DBJPFP_13075 -            502 GH30_7.hmm           -            443   7.1e-35  125.0   0.6   1   1   1.3e-26   5.1e-23   86.0   0.1     4   282    75   353    73   361 0.83 [190263/366/1]
190263/573/1.f:LIDFCI_17655 -            493 GH30_7.hmm           -            443   8.9e-35  124.7   3.5   1   1   1.6e-37   6.2e-34  121.9   3.5     3   398    65   472    63   489 0.82 [190263/573/1]
190263/562/1.f:KJGNCK_04245 -            493 GH30_7.hmm           -            443   1.2e-34  124.2   3.7   1   1   2.3e-37   8.6e-34  121.5   3.6     3   398    65   472    63   489 0.82 [190263/562/1]
190263/369/1.f:JCDIFE_01665 -            503 GH30_7.hmm           -            443   1.5e-34  124.0   3.6   1   1   2.3e-37   8.9e-34  121.4   3.6     3   398    75   484    73   499 0.83 [190263/369/1]
190263/461/1.f:DHPHOK_01910 -            503 GH30_7.hmm           -            443   1.8e-34  123.7   3.2   1   1   3.5e-37   1.3e-33  120.9   3.2     3   395    75   481    73   498 0.84 [190263/461/1]
190263/390/1.f:OLPOLE_00725 -            446 GH30_7.hmm           -            443     4e-34  122.6   0.0   1   1   1.9e-37   7.1e-34  121.7   0.0     9   398    40   427    33   432 0.79 [190263/390/1]
190263/495/1.f:ANKNCD_02485 -            439 GH30_7.hmm           -            443   4.1e-34  122.5   0.1   1   1   1.5e-37   5.7e-34  122.1   0.1    10   400    35   424    27   434 0.86 [190263/495/1]
190263/405/1.f:EHKDKA_04330 -            516 GH30_7.hmm           -            443   5.9e-34  122.0   3.8   1   1   1.2e-24   4.6e-21   79.5   1.8     4   266    78   337    75   385 0.84 [190263/405/1]
190263/396/1.f:KAAOMA_04410 -            765 GH30_7.hmm           -            443   6.6e-34  121.9   7.4   1   1   1.7e-37   6.6e-34  121.9   7.4   152   443   144   428    88   428 0.86 [190263/396/1]
190263/405/1.f:EHKDKA_05395 -            522 GH30_7.hmm           -            443   1.6e-33  120.6   0.1   1   1   7.7e-36   2.9e-32  116.4   0.1     6   443    26   519    21   519 0.73 [190263/405/1]
190263/429/1.f:OMPHBF_12810 -            455 GH30_7.hmm           -            443   5.1e-33  118.9   0.0   1   1   1.8e-36   6.7e-33  118.5   0.0     5   401    35   430    31   441 0.81 [190263/429/1]
190263/405/1.f:EHKDKA_06560 -            522 GH30_7.hmm           -            443   5.7e-33  118.8   0.0   1   1   2.2e-35   8.4e-32  114.9   0.0     6   443    26   519    21   519 0.72 [190263/405/1]
190263/401/1.f:DMFJNH_04230 -            528 GH30_7.hmm           -            443   8.3e-33  118.2   0.8   1   1   2.7e-21     1e-17   68.5   0.0   289   442   355   523   323   524 0.77 [190263/401/1]
190263/439/1.f:KGLJGB_06175 -            461 GH30_7.hmm           -            443   1.2e-32  117.7   0.6   1   1   6.5e-36   2.5e-32  116.7   0.6     3   415    35   460    33   461 0.79 [190263/439/1]
190263/504/1.f:DOAHDM_04725 -            528 GH30_7.hmm           -            443   1.3e-32  117.6   0.7   1   1   2.7e-21     1e-17   68.5   0.0   289   442   355   523   323   524 0.77 [190263/504/1]
190263/595/1.f:HGDLEC_10490 -            505 GH30_7.hmm           -            443   2.2e-32  116.8   2.7   1   1   1.8e-35   6.9e-32  115.2   2.7     3   400    76   489    74   501 0.81 [190263/595/1]
190263/502/1.f:NONHGB_04705 -            522 GH30_7.hmm           -            443   4.5e-32  115.8   0.1   1   1   1.5e-34   5.8e-31  112.1   0.1     5   443    25   519    21   519 0.72 [190263/502/1]
190263/460/1.f:IHFGKI_10230 -            524 GH30_7.hmm           -            443   1.6e-31  114.0   3.3   1   1   2.1e-34   7.8e-31  111.7   3.3     4   442    30   521    27   522 0.76 [190263/460/1]
190263/552/1.f:EMALNL_04320 -            531 GH30_7.hmm           -            443   3.9e-31  112.7   1.4   1   1   3.4e-21   1.3e-17   68.1   0.0   288   442   358   528   328   529 0.78 [190263/552/1]
190263/502/1.f:NONHGB_04095 -            491 GH30_7.hmm           -            443     4e-31  112.7   0.2   1   1   1.1e-33   4.2e-30  109.3   0.2     3   395    65   469    63   478 0.84 [190263/502/1]
190263/405/1.f:EHKDKA_04440 -            491 GH30_7.hmm           -            443   4.7e-31  112.5   3.5   1   1   1.5e-34   5.8e-31  112.1   0.3     3   395    65   469    63   477 0.84 [190263/405/1]
190263/585/1.f:DLBDDB_04940 -            527 GH30_7.hmm           -            443   4.8e-31  112.4   1.2   1   1   3.5e-21   1.3e-17   68.1   0.1   287   442   353   524   314   525 0.76 [190263/585/1]
190263/390/1.f:OLPOLE_00730 -            449 GH30_7.hmm           -            443   1.3e-30  110.9   0.1   1   1   6.8e-34   2.6e-30  110.0   0.1    11   399    35   431    28   440 0.79 [190263/390/1]
190263/368/1.f:HPMDBE_01915 -            481 GH30_7.hmm           -            443     3e-30  109.8   0.3   1   1     4e-33   1.5e-29  107.5   0.3     4   400    55   463    52   475 0.81 [190263/368/1]
190263/379/1.f:LOJHAC_06220 -            481 GH30_7.hmm           -            443   3.9e-30  109.4   0.2   1   1   5.4e-33   2.1e-29  107.0   0.2     5   400    56   463    53   475 0.81 [190263/379/1]
190263/516/1.f:MGNFBC_09360 -            481 GH30_7.hmm           -            443   3.9e-30  109.4   0.2   1   1   5.4e-33   2.1e-29  107.0   0.2     5   400    56   463    53   475 0.81 [190263/516/1]
190263/562/1.f:KJGNCK_06075 -            530 GH30_7.hmm           -            443   9.1e-30  108.2   2.5   1   1     7e-21   2.6e-17   67.1   0.2   288   442   357   527   321   528 0.77 [190263/562/1]
190263/399/1.f:CDLIDF_15530 -            525 GH30_7.hmm           -            443   5.5e-29  105.6   2.5   1   1   5.9e-30   2.2e-26   97.0   2.5     4   443    24   522    21   522 0.75 [190263/399/1]
190263/391/1.f:NONBJF_04380 -            521 GH30_7.hmm           -            443   9.1e-29  104.9   0.3   1   1   3.9e-18   1.5e-14   58.1   0.0   266   443   325   519   289   519 0.72 [190263/391/1]
190263/534/1.f:OHCFJE_07840 -            529 GH30_7.hmm           -            443   9.6e-29  104.8   0.3   1   1   4.2e-18   1.6e-14   58.0   0.0   288   443   357   527   302   527 0.72 [190263/534/1]
190263/541/1.f:IDEEIE_14900 -            653 GH30_7.hmm           -            443   1.1e-28  104.7   1.4   1   1   4.3e-31   1.6e-27  100.8   1.4     5   398    68   487    64   516 0.79 [190263/541/1]
190263/388/1.f:FDDJJK_04385 -            521 GH30_7.hmm           -            443   1.1e-28  104.7   0.3   1   1   4.7e-18   1.8e-14   57.8   0.0   288   443   349   519   295   519 0.73 [190263/388/1]
190263/545/1.f:NCJBIN_05045 -            521 GH30_7.hmm           -            443   1.4e-28  104.3   0.3   1   1   5.8e-18   2.2e-14   57.5   0.0   288   443   349   519   295   519 0.73 [190263/545/1]
190263/522/1.f:NPJBCH_03305 -            512 GH30_7.hmm           -            443   2.1e-28  103.7   1.8   1   1   1.7e-31   6.6e-28  102.1   1.8     3   398    75   486    73   496 0.80 [190263/522/1]
190263/396/1.f:KAAOMA_13520 -            860 GH30_7.hmm           -            443   1.1e-27  101.3   9.8   1   1   5.7e-31   2.2e-27  100.4   9.8    17   442    50   496    30   497 0.81 [190263/396/1]
190263/585/1.f:DLBDDB_04935 -            531 GH30_7.hmm           -            443   2.5e-27  100.2   7.6   1   1   8.2e-29   3.1e-25   93.3   7.6     3   443    39   527    37   527 0.75 [190263/585/1]
190263/368/1.f:HPMDBE_21590 -            476 GH30_7.hmm           -            443     6e-27   98.9   1.1   1   1   3.9e-29   1.5e-25   94.3   1.1     4   410    52   469    49   473 0.79 [190263/368/1]
190263/379/1.f:LOJHAC_22730 -            476 GH30_7.hmm           -            443   8.6e-27   98.4   0.7   1   1     4e-29   1.5e-25   94.3   0.7     4   410    52   469    49   473 0.79 [190263/379/1]
190263/516/1.f:MGNFBC_19565 -            476 GH30_7.hmm           -            443   8.6e-27   98.4   0.7   1   1     4e-29   1.5e-25   94.3   0.7     4   410    52   469    49   473 0.79 [190263/516/1]
190263/388/1.f:FDDJJK_04380 -            532 GH30_7.hmm           -            443     2e-25   93.9   5.5   1   1   2.1e-27   7.9e-24   88.6   5.5     3   442    40   527    38   528 0.73 [190263/388/1]
190263/391/1.f:NONBJF_04375 -            532 GH30_7.hmm           -            443   2.9e-25   93.4   4.5   1   1   3.1e-27   1.2e-23   88.1   4.5     3   442    40   527    38   528 0.74 [190263/391/1]
190263/545/1.f:NCJBIN_05040 -            532 GH30_7.hmm           -            443   2.9e-25   93.4   4.5   1   1   3.1e-27   1.2e-23   88.1   4.5     3   442    40   527    38   528 0.74 [190263/545/1]
190263/527/1.f:HGADJN_07125 -            447 GH30_7.hmm           -            443   7.2e-25   92.1   2.9   1   1   4.8e-28   1.8e-24   90.7   2.9    11   390    36   418    26   428 0.77 [190263/527/1]
190263/405/1.f:EHKDKA_05385 -            535 GH30_7.hmm           -            443   8.3e-25   91.9  14.1   1   1   5.7e-27   2.2e-23   87.2  14.1     3   442    40   530    38   531 0.73 [190263/405/1]
190263/461/1.f:DHPHOK_07450 -            535 GH30_7.hmm           -            443   2.3e-24   90.4   8.1   1   1   4.6e-17   1.8e-13   54.5   4.8   263   443   334   531   322   531 0.79 [190263/461/1]
190263/420/1.f:GMHOLO_06795 -            447 GH30_7.hmm           -            443   3.8e-24   89.7   2.2   1   1   2.9e-27   1.1e-23   88.2   2.3    11   389    36   417    27   423 0.77 [190263/420/1]
190263/399/1.f:CDLIDF_05450 -            536 GH30_7.hmm           -            443   2.6e-23   86.9  13.5   1   1   9.8e-16   3.7e-12   50.2   0.3     3   254    38   292    36   316 0.75 [190263/399/1]
190263/502/1.f:NONHGB_04695 -            534 GH30_7.hmm           -            443   8.1e-23   85.3   9.4   1   1   6.7e-25   2.6e-21   80.4   9.4     4   425    44   516    41   530 0.69 [190263/502/1]
190263/497/1.f:HENFFC_08495 -            465 GH30_7.hmm           -            443     1e-22   84.9   0.1   1   1   3.4e-26   1.3e-22   84.6   0.1     5   443    20   461    16   461 0.82 [190263/497/1]
190263/475/1.f:MCKEEP_06535 -            356 GH30_7.hmm           -            443   2.7e-22   83.6   0.3   1   1   1.1e-25   4.1e-22   83.0   0.3     3   265    65   325    63   332 0.84 [190263/475/1]
190263/502/1.f:NONHGB_20575 -            546 GH30_7.hmm           -            443   2.4e-21   80.4   2.9   1   1   8.4e-23   3.2e-19   73.5   1.4   152   441   244   541   228   543 0.79 [190263/502/1]
190263/502/1.f:NONHGB_02250 -            470 GH30_7.hmm           -            443   3.3e-21   80.0   0.1   1   1   5.8e-24   2.2e-20   77.3   0.1     4   401    47   454    44   466 0.77 [190263/502/1]
190263/405/1.f:EHKDKA_22270 -            546 GH30_7.hmm           -            443   4.1e-21   79.7   1.4   1   1   9.8e-22   3.7e-18   69.9   0.6   153   442   245   542   234   543 0.79 [190263/405/1]
190263/552/1.f:EMALNL_07575 -            547 GH30_7.hmm           -            443   6.2e-21   79.1   2.9   1   1   1.8e-21   6.8e-18   69.1   4.6   152   442   245   543   229   544 0.80 [190263/552/1]
190263/412/1.f:OOIBGL_08690 -            584 GH30_7.hmm           -            443   1.3e-20   78.1   3.7   1   1   4.1e-24   1.6e-20   77.8   3.7     5   442    32   479    28   480 0.79 [190263/412/1]
190263/573/1.f:LIDFCI_15960 -            548 GH30_7.hmm           -            443   1.3e-20   78.0   2.7   1   1   1.3e-21   5.1e-18   69.5   4.8   152   442   245   543   229   544 0.80 [190263/573/1]
190263/405/1.f:EHKDKA_02505 -            470 GH30_7.hmm           -            443   2.2e-20   77.3   0.2   1   1   3.4e-23   1.3e-19   74.7   0.2     4   401    47   454    44   465 0.78 [190263/405/1]
190263/552/1.f:EMALNL_14040 -            475 GH30_7.hmm           -            443   1.7e-19   74.3   4.4   1   1   2.3e-21   8.9e-18   68.7   4.4     5   398    53   458    49   464 0.76 [190263/552/1]
190263/522/1.f:NPJBCH_09065 -            367 GH30_7.hmm           -            443   6.8e-18   69.1   3.9   1   1   5.9e-21   2.2e-17   67.4   3.9   111   398    32   341    12   351 0.78 [190263/522/1]
#
# Program:         hmmsearch
# Version:         3.3.2 (Nov 2020)
# Pipeline mode:   SEARCH
# Query file:      /kb/module/work/tmp/output.1725388484971/GH30_7/GH30_7.hmm
# Target file:     /kb/module/work/tmp/output.1725388484971/hCom2_RAST.fasta
# Option settings: /kb/module/hmmer/bin/hmmsearch --domtblout /kb/module/work/tmp/output.1725388484971/GH30_7/GH30_7-hCom2_RAST.hitout.txt --noali --notextw --domE 1e-15 /kb/module/work/tmp/output.1725388484971/GH30_7/GH30_7.hmm /kb/module/work/tmp/output.1725388484971/hCom2_RAST.fasta 
# Current dir:     /kb/module/work/tmp/output.1725388484971
# Date:            Tue Sep  3 18:50:55 2024
# [ok]
