#                                                                                   --- full sequence --- -------------- this domain -------------   hmm coord   ali coord   env coord
# target name               accession   tlen query name           accession   qlen   E-value  score  bias   #  of  c-Evalue  i-Evalue  score  bias  from    to  from    to  from    to  acc description of target
#       ------------------- ---------- ----- -------------------- ---------- ----- --------- ------ ----- --- --- --------- --------- ------ ----- ----- ----- ----- ----- ----- ----- ---- ---------------------
190263/396/1.f:KAAOMA_00130 -           1039 GH30_8.hmm           -            342    2e-130  439.3   7.6   1   1  9.2e-134  3.6e-130  438.5   7.6     2   341    38   380    37   381 0.97 [190263/396/1]
190263/396/1.f:KAAOMA_04410 -            765 GH30_8.hmm           -            342  9.9e-125  420.6   8.1   1   1  3.5e-128  1.4e-124  420.2   8.1     2   341    38   387    37   388 0.97 [190263/396/1]
190263/502/1.f:NONHGB_20575 -            546 GH30_8.hmm           -            342  1.2e-116  394.1   1.8   1   1  4.7e-120  1.9e-116  393.4   1.8     2   339   136   501   135   504 0.96 [190263/502/1]
190263/405/1.f:EHKDKA_22270 -            546 GH30_8.hmm           -            342  6.9e-116  391.6   0.8   1   1  2.6e-119    1e-115  391.0   0.8     2   337   136   499   135   504 0.95 [190263/405/1]
190263/552/1.f:EMALNL_07575 -            547 GH30_8.hmm           -            342  1.4e-115  390.6   4.4   1   1  4.5e-119  1.8e-115  390.2   4.4     2   338   137   501   136   505 0.95 [190263/552/1]
190263/573/1.f:LIDFCI_15960 -            548 GH30_8.hmm           -            342  4.5e-115  388.9   4.1   1   1  1.5e-118  5.9e-115  388.5   4.1     2   338   137   501   136   505 0.95 [190263/573/1]
190263/388/1.f:FDDJJK_03075 -            504 GH30_8.hmm           -            342   7.8e-45  157.9   0.0   1   1   4.2e-48   1.6e-44  156.9   0.0     3   341    44   453    42   454 0.83 [190263/388/1]
190263/404/1.f:BGJBIG_03055 -            492 GH30_8.hmm           -            342     1e-42  151.0   1.5   1   1   7.1e-46   2.8e-42  149.5   1.5     5   341    37   445    33   446 0.79 [190263/404/1]
190263/439/1.f:KGLJGB_06175 -            461 GH30_8.hmm           -            342   7.6e-39  138.2   1.1   1   1     3e-42   1.2e-38  137.6   1.1     2   339    36   439    35   442 0.82 [190263/439/1]
190263/401/1.f:DMFJNH_04145 -            520 GH30_8.hmm           -            342   5.1e-38  135.5   2.9   1   1   1.5e-36     6e-33  118.9   0.9    76   340   174   469   163   471 0.81 [190263/401/1]
190263/504/1.f:DOAHDM_04635 -            520 GH30_8.hmm           -            342   8.3e-38  134.8   3.0   1   1   2.5e-36   9.8e-33  118.2   0.9    76   340   174   469   163   471 0.81 [190263/504/1]
190263/429/1.f:OMPHBF_12810 -            455 GH30_8.hmm           -            342   1.4e-35  127.5   0.0   1   1   1.6e-38   6.1e-35  125.4   0.0     3   339    35   427    33   430 0.80 [190263/429/1]
190263/546/1.f:GEHMID_16000 -            441 GH30_8.hmm           -            342   2.6e-33  120.1   0.0   1   1   1.4e-36   5.5e-33  119.0   0.0     4   338    33   423    30   427 0.79 [190263/546/1]
190263/495/1.f:ANKNCD_02485 -            439 GH30_8.hmm           -            342   5.4e-32  115.7   0.5   1   1   2.1e-35   8.4e-32  115.1   0.5     8   334    35   417    29   424 0.80 [190263/495/1]
190263/390/1.f:OLPOLE_00720 -            815 GH30_8.hmm           -            342   1.7e-31  114.0   6.1   1   1   1.2e-34   4.8e-31  112.6   6.1     3   336    69   474    67   480 0.77 [190263/390/1]
190263/401/1.f:DMFJNH_05465 -            493 GH30_8.hmm           -            342   2.7e-31  113.4   1.4   1   1     1e-34     4e-31  112.9   1.4     2   335    66   468    65   473 0.81 [190263/401/1]
190263/504/1.f:DOAHDM_06140 -            493 GH30_8.hmm           -            342   2.7e-31  113.4   1.4   1   1     1e-34     4e-31  112.9   1.4     2   335    66   468    65   473 0.81 [190263/504/1]
190263/580/1.f:JCPJNN_14095 -            438 GH30_8.hmm           -            342   3.2e-31  113.2   0.0   1   1   1.2e-34   4.8e-31  112.6   0.0     3   334    30   416    28   423 0.79 [190263/580/1]
190263/390/1.f:OLPOLE_00725 -            446 GH30_8.hmm           -            342   4.1e-31  112.8   0.0   1   1   2.8e-34   1.1e-30  111.4   0.0     4   339    37   427    34   430 0.78 [190263/390/1]
190263/585/1.f:DLBDDB_02780 -            496 GH30_8.hmm           -            342   9.2e-30  108.4   1.2   1   1   4.1e-33   1.6e-29  107.6   1.2     3   335    70   471    68   476 0.79 [190263/585/1]
190263/502/1.f:NONHGB_04095 -            491 GH30_8.hmm           -            342   1.4e-29  107.8   0.1   1   1   5.7e-33   2.2e-29  107.1   0.1     3   335    67   468    65   473 0.83 [190263/502/1]
190263/405/1.f:EHKDKA_04440 -            491 GH30_8.hmm           -            342   1.9e-29  107.3   0.2   1   1   7.7e-33     3e-29  106.7   0.2     3   335    67   468    65   473 0.84 [190263/405/1]
190263/405/1.f:EHKDKA_04330 -            516 GH30_8.hmm           -            342   3.5e-29  106.5   1.8   1   1   1.3e-32   5.1e-29  105.9   1.8     3   336    79   490    77   495 0.84 [190263/405/1]
190263/573/1.f:LIDFCI_17655 -            493 GH30_8.hmm           -            342   4.6e-29  106.1   2.5   1   1   2.2e-32   8.8e-29  105.2   2.5     3   335    67   468    65   473 0.79 [190263/573/1]
190263/562/1.f:KJGNCK_04245 -            493 GH30_8.hmm           -            342   6.6e-29  105.6   2.9   1   1   3.2e-32   1.3e-28  104.7   2.9     3   335    67   468    65   473 0.79 [190263/562/1]
190263/368/1.f:HPMDBE_01915 -            481 GH30_8.hmm           -            342   1.2e-28  104.7   0.1   1   1   4.4e-32   1.7e-28  104.2   0.1     3   336    56   458    54   463 0.81 [190263/368/1]
190263/379/1.f:LOJHAC_06220 -            481 GH30_8.hmm           -            342   1.4e-28  104.5   0.1   1   1   5.6e-32   2.2e-28  103.8   0.1     3   336    56   458    55   463 0.81 [190263/379/1]
190263/516/1.f:MGNFBC_09360 -            481 GH30_8.hmm           -            342   1.4e-28  104.5   0.1   1   1   5.6e-32   2.2e-28  103.8   0.1     3   336    56   458    55   463 0.81 [190263/516/1]
190263/421/1.f:PBKEAC_13565 -            504 GH30_8.hmm           -            342   1.5e-28  104.4   2.5   1   1   2.7e-30   1.1e-26   98.3   2.5     3   334    78   475    76   481 0.75 [190263/421/1]
190263/552/1.f:EMALNL_06045 -            493 GH30_8.hmm           -            342   6.8e-28  102.2   3.3   1   1   3.9e-31   1.6e-27  101.1   3.3     3   335    67   468    65   473 0.78 [190263/552/1]
190263/379/1.f:LOJHAC_22730 -            476 GH30_8.hmm           -            342   1.8e-27  100.9   2.4   1   1   1.8e-30     7e-27   98.9   2.4     3   337    53   456    51   460 0.85 [190263/379/1]
190263/516/1.f:MGNFBC_19565 -            476 GH30_8.hmm           -            342   1.8e-27  100.9   2.4   1   1   1.8e-30     7e-27   98.9   2.4     3   337    53   456    51   460 0.85 [190263/516/1]
190263/368/1.f:HPMDBE_21590 -            476 GH30_8.hmm           -            342     2e-27  100.7   2.8   1   1   2.3e-30   9.2e-27   98.5   2.8     3   337    53   456    51   461 0.85 [190263/368/1]
190263/366/1.f:DBJPFP_13075 -            502 GH30_8.hmm           -            342   3.2e-27  100.0   3.5   1   1   1.8e-24     7e-21   79.2   1.8     3   227    76   348    74   365 0.78 [190263/366/1]
190263/369/1.f:JCDIFE_01665 -            503 GH30_8.hmm           -            342     5e-27   99.4   0.8   1   1   2.2e-30   8.7e-27   98.6   0.8     2   335    76   480    75   485 0.82 [190263/369/1]
190263/461/1.f:DHPHOK_01910 -            503 GH30_8.hmm           -            342   1.1e-26   98.3   0.7   1   1   4.7e-30   1.8e-26   97.5   0.7     2   335    76   480    75   485 0.82 [190263/461/1]
190263/391/1.f:NONBJF_04375 -            532 GH30_8.hmm           -            342   1.8e-26   97.6   5.9   1   1   6.9e-29   2.7e-25   93.7   5.9     2   332    41   480    40   486 0.72 [190263/391/1]
190263/545/1.f:NCJBIN_05040 -            532 GH30_8.hmm           -            342   1.8e-26   97.6   5.9   1   1   6.9e-29   2.7e-25   93.7   5.9     2   332    41   480    40   486 0.72 [190263/545/1]
190263/522/1.f:NPJBCH_03305 -            512 GH30_8.hmm           -            342   2.1e-26   97.4   1.3   1   1   1.5e-29   6.1e-26   95.8   1.3     2   338    76   483    75   487 0.79 [190263/522/1]
190263/388/1.f:FDDJJK_04380 -            532 GH30_8.hmm           -            342   4.6e-26   96.2   5.4   1   1   1.9e-28   7.4e-25   92.3   5.3     2   331    41   479    40   484 0.72 [190263/388/1]
190263/502/1.f:NONHGB_06705 -            540 GH30_8.hmm           -            342   1.5e-25   94.5   5.5   1   1   1.7e-28   6.6e-25   92.4   5.5     2   337    38   493    37   503 0.72 [190263/502/1]
190263/541/1.f:IDEEIE_14900 -            653 GH30_8.hmm           -            342   6.1e-25   92.5   9.5   1   1   2.6e-27     1e-23   88.5   9.5     3   332    68   480    67   489 0.73 [190263/541/1]
190263/595/1.f:HGDLEC_10490 -            505 GH30_8.hmm           -            342   7.4e-25   92.3   3.0   1   1   5.1e-28     2e-24   90.8   3.0     2   336    77   484    76   489 0.73 [190263/595/1]
190263/585/1.f:DLBDDB_04935 -            531 GH30_8.hmm           -            342   1.5e-24   91.2   8.0   1   1   5.4e-17   2.1e-13   54.6   1.2   197   339   305   488   285   492 0.81 [190263/585/1]
190263/405/1.f:EHKDKA_05385 -            535 GH30_8.hmm           -            342   4.5e-24   89.7  12.7   1   1   9.9e-27   3.9e-23   86.6  10.0     3   334    42   485    40   493 0.74 [190263/405/1]
190263/460/1.f:IHFGKI_01005 -            515 GH30_8.hmm           -            342   1.7e-23   87.8   7.9   1   1   1.5e-26   5.8e-23   86.0   7.9     2   335    80   492    79   497 0.79 [190263/460/1]
190263/502/1.f:NONHGB_04705 -            522 GH30_8.hmm           -            342   2.5e-23   87.2   0.3   1   1   3.5e-25   1.4e-21   81.5   0.3    42   339    98   477    49   480 0.76 [190263/502/1]
190263/522/1.f:NPJBCH_09065 -            367 GH30_8.hmm           -            342   5.9e-23   86.0   3.8   1   1   4.5e-26   1.8e-22   84.4   3.8    70   338    28   338     4   342 0.78 [190263/522/1]
190263/405/1.f:EHKDKA_05395 -            522 GH30_8.hmm           -            342   8.3e-23   85.5   0.2   1   1   1.6e-24   6.3e-21   79.3   0.2    44   341    78   479    24   480 0.70 [190263/405/1]
190263/502/1.f:NONHGB_04695 -            534 GH30_8.hmm           -            342   1.5e-22   84.6   9.0   1   1   5.6e-25   2.2e-21   80.8   9.0     3   331    45   482    43   488 0.73 [190263/502/1]
190263/399/1.f:CDLIDF_15500 -            541 GH30_8.hmm           -            342   4.1e-22   83.2   5.0   1   1   7.7e-25     3e-21   80.4   5.0     3   336    39   494    37   503 0.72 [190263/399/1]
190263/390/1.f:OLPOLE_00730 -            449 GH30_8.hmm           -            342   4.1e-22   83.2   1.1   1   1   7.9e-25   3.1e-21   80.3   1.1     9   336    35   427    30   433 0.71 [190263/390/1]
190263/552/1.f:EMALNL_14040 -            475 GH30_8.hmm           -            342   2.9e-21   80.4   7.2   1   1   2.3e-24   8.9e-21   78.8   7.2     6   338    56   457    51   461 0.79 [190263/552/1]
190263/460/1.f:IHFGKI_10230 -            524 GH30_8.hmm           -            342   5.6e-21   79.5   5.7   1   1   2.9e-23   1.1e-19   75.2   5.7     4   340    32   483    29   485 0.73 [190263/460/1]
190263/475/1.f:MCKEEP_06535 -            356 GH30_8.hmm           -            342   1.9e-20   77.8   1.3   1   1     9e-24   3.6e-20   76.9   1.3     3   209    67   320    65   339 0.80 [190263/475/1]
190263/502/1.f:NONHGB_02250 -            470 GH30_8.hmm           -            342   3.9e-20   76.7   0.2   1   1   1.9e-23   7.6e-20   75.8   0.2     3   341    48   453    46   454 0.80 [190263/502/1]
190263/399/1.f:CDLIDF_05450 -            536 GH30_8.hmm           -            342   6.4e-20   76.0  11.8   1   1     2e-22   7.8e-19   72.4  11.8     2   332    39   482    38   491 0.74 [190263/399/1]
190263/405/1.f:EHKDKA_02505 -            470 GH30_8.hmm           -            342   1.8e-19   74.5   0.5   1   1   1.1e-22   4.2e-19   73.3   0.5     3   340    48   452    46   454 0.80 [190263/405/1]
190263/399/1.f:CDLIDF_15530 -            525 GH30_8.hmm           -            342   4.7e-19   73.2   2.1   1   1   1.6e-21   6.5e-18   69.4   2.1     6   338    28   479    23   483 0.69 [190263/399/1]
190263/545/1.f:NCJBIN_05045 -            521 GH30_8.hmm           -            342   5.3e-18   69.7   2.2   1   1   2.7e-20   1.1e-16   65.4   2.2     4   336    26   474    24   480 0.72 [190263/545/1]
190263/388/1.f:FDDJJK_04385 -            521 GH30_8.hmm           -            342   5.5e-18   69.7   2.2   1   1   2.8e-20   1.1e-16   65.4   2.2     4   336    26   474    24   480 0.72 [190263/388/1]
190263/534/1.f:OHCFJE_07840 -            529 GH30_8.hmm           -            342   1.1e-17   68.7   2.6   1   1   6.2e-20   2.5e-16   64.2   2.6     4   336    34   482    32   488 0.70 [190263/534/1]
190263/391/1.f:NONBJF_04380 -            521 GH30_8.hmm           -            342   1.4e-17   68.4   2.7   1   1     7e-20   2.8e-16   64.1   2.7     4   336    26   474    24   480 0.71 [190263/391/1]
190263/396/1.f:KAAOMA_13520 -            860 GH30_8.hmm           -            342     6e-17   66.3   9.6   1   1   4.9e-20   1.9e-16   64.6   9.6    13   338    48   451    32   454 0.71 [190263/396/1]
190263/541/1.f:IDEEIE_11710 -            906 GH30_8.hmm           -            342   8.7e-14   55.9   5.5   1   1   4.9e-17   1.9e-13   54.7   5.5    84   334    22   338    13   345 0.76 [190263/541/1]
190263/552/1.f:EMALNL_07620 -            503 GH30_8.hmm           -            342   6.1e-13   53.1   5.2   1   1   4.2e-16   1.6e-12   51.7   5.2     3   338    51   450    49   454 0.75 [190263/552/1]
190263/375/1.f:CNGHJF_13260 -           2845 GH30_8.hmm           -            342   1.3e-12   52.0   7.6   1   1   3.8e-16   1.5e-12   51.8   5.9    82   335   182   500   154   507 0.80 [190263/375/1]
#
# Program:         hmmsearch
# Version:         3.3.2 (Nov 2020)
# Pipeline mode:   SEARCH
# Query file:      /kb/module/work/tmp/output.1725388484971/GH30_8/GH30_8.hmm
# Target file:     /kb/module/work/tmp/output.1725388484971/hCom2_RAST.fasta
# Option settings: /kb/module/hmmer/bin/hmmsearch --domtblout /kb/module/work/tmp/output.1725388484971/GH30_8/GH30_8-hCom2_RAST.hitout.txt --noali --notextw --domE 1e-15 /kb/module/work/tmp/output.1725388484971/GH30_8/GH30_8.hmm /kb/module/work/tmp/output.1725388484971/hCom2_RAST.fasta 
# Current dir:     /kb/module/work/tmp/output.1725388484971
# Date:            Tue Sep  3 18:50:57 2024
# [ok]
