#                                                                                   --- full sequence --- -------------- this domain -------------   hmm coord   ali coord   env coord
# target name               accession   tlen query name           accession   qlen   E-value  score  bias   #  of  c-Evalue  i-Evalue  score  bias  from    to  from    to  from    to  acc description of target
#       ------------------- ---------- ----- -------------------- ---------- ----- --------- ------ ----- --- --- --------- --------- ------ ----- ----- ----- ----- ----- ----- ----- ---- ---------------------
190263/396/1.f:KAAOMA_13520 -            860 GH30_5.hmm           -            456  7.9e-154  517.5   8.1   1   1  2.4e-157    1e-153  517.1   8.1     4   456    39   496    34   496 0.96 [190263/396/1]
190263/497/1.f:HENFFC_08495 -            465 GH30_5.hmm           -            456  1.4e-136  460.6   0.2   1   1  3.8e-140  1.6e-136  460.4   0.2     3   456    22   460    20   460 0.96 [190263/497/1]
190263/375/1.f:CNGHJF_13260 -           2845 GH30_5.hmm           -            456  1.7e-131  443.9   5.5   1   1  6.8e-135  2.9e-131  443.1   5.5     1   456    44   549    44   549 0.96 [190263/375/1]
190263/412/1.f:OOIBGL_08690 -            584 GH30_5.hmm           -            456     4e-99  337.1   0.4   1   1  1.1e-102   4.7e-99  336.9   0.4     1   456    32   479    32   479 0.94 [190263/412/1]
190263/541/1.f:IDEEIE_11710 -            906 GH30_5.hmm           -            456   7.3e-92  313.2  11.0   1   1   1.8e-95   7.5e-92  313.2   9.8   109   456     8   386     1   386 0.95 [190263/541/1]
190263/401/1.f:DMFJNH_04230 -            528 GH30_5.hmm           -            456   3.5e-52  182.4   4.2   1   1   4.1e-54   1.7e-50  176.8   4.2     6   455    35   522    31   523 0.79 [190263/401/1]
190263/504/1.f:DOAHDM_04725 -            528 GH30_5.hmm           -            456   4.6e-52  182.0   3.9   1   1   5.4e-54   2.3e-50  176.4   3.9     6   455    35   522    31   523 0.79 [190263/504/1]
190263/405/1.f:EHKDKA_06560 -            522 GH30_5.hmm           -            456   5.4e-52  181.8   0.2   1   1   7.4e-54   3.1e-50  176.0   0.2    10   456    34   518    29   518 0.77 [190263/405/1]
190263/405/1.f:EHKDKA_05395 -            522 GH30_5.hmm           -            456   9.3e-52  181.0   2.4   1   1   1.2e-53   4.9e-50  175.3   2.4     5   456    29   518    26   518 0.78 [190263/405/1]
190263/585/1.f:DLBDDB_04940 -            527 GH30_5.hmm           -            456   4.2e-51  178.9   4.8   1   1     6e-53   2.5e-49  173.0   4.8     9   455    38   523    31   524 0.77 [190263/585/1]
190263/502/1.f:NONHGB_04705 -            522 GH30_5.hmm           -            456   1.6e-50  176.9   3.8   1   1   1.6e-52   6.6e-49  171.6   3.8    10   456    34   518    26   518 0.78 [190263/502/1]
190263/552/1.f:EMALNL_04320 -            531 GH30_5.hmm           -            456   3.2e-50  176.0   4.1   1   1   6.3e-52   2.7e-48  169.6   4.1     9   455    42   527    35   528 0.77 [190263/552/1]
190263/562/1.f:KJGNCK_06075 -            530 GH30_5.hmm           -            456     5e-50  175.3   5.8   1   1   1.8e-51   7.4e-48  168.1   5.8     9   455    41   526    34   527 0.77 [190263/562/1]
190263/460/1.f:IHFGKI_10230 -            524 GH30_5.hmm           -            456   1.2e-48  170.7   6.7   1   1   9.4e-51     4e-47  165.7   6.7     6   455    36   520    32   521 0.78 [190263/460/1]
190263/391/1.f:NONBJF_04380 -            521 GH30_5.hmm           -            456   8.1e-48  168.0   4.9   1   1   1.4e-50     6e-47  165.2   4.9     4   455    28   517    25   518 0.78 [190263/391/1]
190263/545/1.f:NCJBIN_05045 -            521 GH30_5.hmm           -            456     1e-47  167.7   4.7   1   1   1.9e-50     8e-47  164.7   4.7     4   455    28   517    25   518 0.78 [190263/545/1]
190263/388/1.f:FDDJJK_04385 -            521 GH30_5.hmm           -            456   1.2e-47  167.5   4.8   1   1   2.2e-50   9.3e-47  164.5   4.8     4   455    28   517    25   518 0.78 [190263/388/1]
190263/534/1.f:OHCFJE_07840 -            529 GH30_5.hmm           -            456   1.5e-47  167.2   5.0   1   1   3.5e-50   1.5e-46  163.8   5.0     4   455    36   525    33   526 0.78 [190263/534/1]
190263/585/1.f:DLBDDB_04935 -            531 GH30_5.hmm           -            456   3.3e-47  166.0  12.8   1   1   8.6e-50   3.6e-46  162.6  12.8     2   443    42   513    41   526 0.80 [190263/585/1]
190263/502/1.f:NONHGB_06705 -            540 GH30_5.hmm           -            456   4.2e-47  165.7   7.2   1   1   3.4e-50   1.4e-46  163.9   7.2     1   456    39   535    39   535 0.80 [190263/502/1]
190263/399/1.f:CDLIDF_05450 -            536 GH30_5.hmm           -            456   1.9e-46  163.5  11.1   1   1   1.6e-49   6.7e-46  161.7  11.1     1   455    40   530    40   534 0.77 [190263/399/1]
190263/388/1.f:FDDJJK_04380 -            532 GH30_5.hmm           -            456     5e-46  162.1   5.3   1   1   1.4e-48     6e-45  158.6   5.3     1   456    42   527    42   527 0.80 [190263/388/1]
190263/391/1.f:NONBJF_04375 -            532 GH30_5.hmm           -            456   1.6e-45  160.5   4.4   1   1   4.5e-48   1.9e-44  156.9   4.4     1   456    42   527    42   527 0.80 [190263/391/1]
190263/545/1.f:NCJBIN_05040 -            532 GH30_5.hmm           -            456   1.6e-45  160.5   4.4   1   1   4.5e-48   1.9e-44  156.9   4.4     1   456    42   527    42   527 0.80 [190263/545/1]
190263/399/1.f:CDLIDF_15530 -            525 GH30_5.hmm           -            456   1.7e-45  160.3   4.2   1   1   8.4e-37   3.6e-33  119.7   1.0     4   223    28   239    25   275 0.90 [190263/399/1]
190263/405/1.f:EHKDKA_05385 -            535 GH30_5.hmm           -            456   1.8e-45  160.3  10.3   1   1   1.2e-48   5.2e-45  158.8  10.3     1   455    42   529    42   531 0.78 [190263/405/1]
190263/399/1.f:CDLIDF_15500 -            541 GH30_5.hmm           -            456   2.7e-45  159.7   4.7   1   1   1.1e-47   4.6e-44  155.6   4.7     2   456    40   536    39   536 0.80 [190263/399/1]
190263/502/1.f:NONHGB_04695 -            534 GH30_5.hmm           -            456   4.5e-45  159.0   5.8   1   1   6.3e-48   2.6e-44  156.4   5.8     1   440    45   514    45   532 0.78 [190263/502/1]
190263/461/1.f:DHPHOK_07450 -            535 GH30_5.hmm           -            456   5.4e-44  155.4   4.7   1   2   1.1e-30   4.6e-27   99.6   0.2     1   223    45   260    45   275 0.92 [190263/461/1]
190263/461/1.f:DHPHOK_07450 -            535 GH30_5.hmm           -            456   5.4e-44  155.4   4.7   2   2   5.3e-18   2.2e-14   57.8   0.7   255   455   309   529   282   532 0.78 [190263/461/1]
190263/541/1.f:IDEEIE_11715 -            131 GH30_5.hmm           -            456   1.8e-25   94.4   1.0   1   1   5.2e-29   2.2e-25   94.1   1.0     1    85    35   126    35   130 0.95 [190263/541/1]
190263/401/1.f:DMFJNH_04145 -            520 GH30_5.hmm           -            456   1.5e-23   88.1   1.9   1   1   5.2e-27   2.2e-23   87.5   1.9     8   415    64   476    57   510 0.75 [190263/401/1]
190263/504/1.f:DOAHDM_04635 -            520 GH30_5.hmm           -            456     2e-23   87.6   1.9   1   1     7e-27     3e-23   87.0   1.9     8   415    64   476    57   510 0.75 [190263/504/1]
190263/390/1.f:OLPOLE_00720 -            815 GH30_5.hmm           -            456   1.9e-21   81.1   4.0   1   1   6.4e-24   2.7e-20   77.3   4.0     1   407    69   475    69   531 0.79 [190263/390/1]
190263/546/1.f:GEHMID_16000 -            441 GH30_5.hmm           -            456     9e-20   75.6   0.0   1   1   1.4e-22   5.7e-19   72.9   0.0     5   403    36   418    32   425 0.81 [190263/546/1]
190263/495/1.f:ANKNCD_02485 -            439 GH30_5.hmm           -            456   1.2e-18   71.9   0.2   1   1     1e-21   4.2e-18   70.1   0.2     5   405    34   418    30   426 0.77 [190263/495/1]
190263/396/1.f:KAAOMA_00130 -           1039 GH30_5.hmm           -            456   1.7e-18   71.3  10.5   1   1   6.3e-22   2.6e-18   70.7   7.5   140   456   131   421   126   421 0.86 [190263/396/1]
190263/401/1.f:DMFJNH_05465 -            493 GH30_5.hmm           -            456   3.4e-18   70.4   0.3   1   1   3.9e-20   1.6e-16   64.8   0.3     1   406    67   469    67   492 0.77 [190263/401/1]
190263/504/1.f:DOAHDM_06140 -            493 GH30_5.hmm           -            456   3.4e-18   70.4   0.3   1   1   3.9e-20   1.6e-16   64.8   0.3     1   406    67   469    67   492 0.77 [190263/504/1]
190263/502/1.f:NONHGB_04095 -            491 GH30_5.hmm           -            456   5.3e-18   69.7   0.0   1   1   3.7e-19   1.6e-15   61.6   0.0     1   405    67   468    67   488 0.76 [190263/502/1]
190263/585/1.f:DLBDDB_02780 -            496 GH30_5.hmm           -            456   2.7e-17   67.4   0.4   1   1   2.1e-19   8.8e-16   62.4   0.4     1   406    70   472    70   493 0.79 [190263/585/1]
190263/396/1.f:KAAOMA_04410 -            765 GH30_5.hmm           -            456   3.2e-17   67.1   6.2   1   1   7.7e-21   3.2e-17   67.1   6.2   125   456   119   427    92   427 0.83 [190263/396/1]
190263/439/1.f:KGLJGB_06175 -            461 GH30_5.hmm           -            456   5.7e-17   66.3   0.2   1   1   1.5e-19   6.4e-16   62.9   0.2     1   425    37   457    37   461 0.72 [190263/439/1]
190263/429/1.f:OMPHBF_12810 -            455 GH30_5.hmm           -            456   5.1e-16   63.2   0.0   1   1     2e-18   8.3e-15   59.2   0.0     3   398    37   416    35   438 0.81 [190263/429/1]
190263/573/1.f:LIDFCI_17655 -            493 GH30_5.hmm           -            456   6.5e-16   62.8   0.1   1   1   1.1e-17   4.7e-14   56.7   0.1     1   406    67   469    67   492 0.77 [190263/573/1]
190263/552/1.f:EMALNL_06045 -            493 GH30_5.hmm           -            456   6.9e-16   62.8   0.1   1   1   5.7e-18   2.4e-14   57.7   0.1     1   406    67   469    67   492 0.78 [190263/552/1]
190263/390/1.f:OLPOLE_00725 -            446 GH30_5.hmm           -            456   9.2e-16   62.3   0.0   1   1     7e-19   2.9e-15   60.7   0.0   123   405   147   423    36   428 0.88 [190263/390/1]
190263/562/1.f:KJGNCK_04245 -            493 GH30_5.hmm           -            456   9.4e-16   62.3   0.1   1   1   1.6e-17   6.7e-14   56.2   0.1     1   406    67   469    67   492 0.76 [190263/562/1]
190263/405/1.f:EHKDKA_04440 -            491 GH30_5.hmm           -            456   1.8e-15   61.4   0.0   1   1   9.7e-17   4.1e-13   53.6   0.0     1   405    67   468    67   475 0.74 [190263/405/1]
190263/580/1.f:JCPJNN_14095 -            438 GH30_5.hmm           -            456   1.9e-15   61.3   0.0   1   1   2.3e-18   9.8e-15   59.0   0.0     6   404    35   416    30   423 0.78 [190263/580/1]
190263/405/1.f:EHKDKA_04330 -            516 GH30_5.hmm           -            456   2.8e-15   60.7   0.0   1   1   3.2e-17   1.3e-13   55.2   0.0   115   405   182   489    79   506 0.72 [190263/405/1]
190263/562/1.f:KJGNCK_04005 -            533 GH30_5.hmm           -            456   1.8e-14   58.1   0.1   1   1   5.9e-18   2.5e-14   57.6   0.1   148   454   188   528   178   530 0.80 [190263/562/1]
190263/475/1.f:MCKEEP_06755 -            533 GH30_5.hmm           -            456   2.1e-14   57.9   0.1   1   1   6.8e-18   2.9e-14   57.4   0.1   148   454   188   528   178   530 0.80 [190263/475/1]
190263/522/1.f:NPJBCH_03305 -            512 GH30_5.hmm           -            456     7e-14   56.1   0.2   1   1   1.8e-16   7.7e-13   52.7   0.2   134   408   200   485    77   499 0.71 [190263/522/1]
190263/541/1.f:IDEEIE_14900 -            653 GH30_5.hmm           -            456     8e-14   56.0   5.1   1   1   1.9e-16   8.2e-13   52.6   5.1     1   437    68   514    68   530 0.71 [190263/541/1]
190263/595/1.f:HGDLEC_10490 -            505 GH30_5.hmm           -            456   8.4e-14   55.9   0.1   1   1   5.4e-16   2.3e-12   51.2   0.1     1   405    78   483    78   503 0.76 [190263/595/1]
190263/522/1.f:NPJBCH_09065 -            367 GH30_5.hmm           -            456     4e-13   53.7   0.2   1   1   1.4e-16     6e-13   53.1   0.2   138   408    59   340    29   355 0.76 [190263/522/1]
#
# Program:         hmmsearch
# Version:         3.3.2 (Nov 2020)
# Pipeline mode:   SEARCH
# Query file:      /kb/module/work/tmp/output.1725388484971/GH30_5/GH30_5.hmm
# Target file:     /kb/module/work/tmp/output.1725388484971/hCom2_RAST.fasta
# Option settings: /kb/module/hmmer/bin/hmmsearch --domtblout /kb/module/work/tmp/output.1725388484971/GH30_5/GH30_5-hCom2_RAST.hitout.txt --noali --notextw --domE 1e-15 /kb/module/work/tmp/output.1725388484971/GH30_5/GH30_5.hmm /kb/module/work/tmp/output.1725388484971/hCom2_RAST.fasta 
# Current dir:     /kb/module/work/tmp/output.1725388484971
# Date:            Tue Sep  3 18:50:51 2024
# [ok]
