#                                                                                   --- full sequence --- -------------- this domain -------------   hmm coord   ali coord   env coord
# target name               accession   tlen query name           accession   qlen   E-value  score  bias   #  of  c-Evalue  i-Evalue  score  bias  from    to  from    to  from    to  acc description of target
#       ------------------- ---------- ----- -------------------- ---------- ----- --------- ------ ----- --- --- --------- --------- ------ ----- ----- ----- ----- ----- ----- ----- ---- ---------------------
190263/401/1.f:DMFJNH_05465 -            493 GH30.hmm             -            417  1.3e-135  457.1   1.1   1   1  4.7e-139  1.6e-135  456.8   1.1     9   416    59   489    52   490 0.94 [190263/401/1]
190263/504/1.f:DOAHDM_06140 -            493 GH30.hmm             -            417  1.3e-135  457.1   1.1   1   1  4.7e-139  1.6e-135  456.8   1.1     9   416    59   489    52   490 0.94 [190263/504/1]
190263/585/1.f:DLBDDB_02780 -            496 GH30.hmm             -            417  6.9e-134  451.4   0.9   1   1  2.5e-137  8.3e-134  451.1   0.9     7   416    60   492    55   493 0.93 [190263/585/1]
190263/368/1.f:HPMDBE_01915 -            481 GH30.hmm             -            417  8.3e-134  451.1   0.0   1   1  3.1e-137    1e-133  450.8   0.0     8   417    47   479    41   479 0.94 [190263/368/1]
190263/573/1.f:LIDFCI_17655 -            493 GH30.hmm             -            417  9.7e-134  450.9   0.7   1   1  3.5e-137  1.2e-133  450.7   0.7     7   416    57   489    52   490 0.94 [190263/573/1]
190263/562/1.f:KJGNCK_04245 -            493 GH30.hmm             -            417  1.1e-133  450.7   0.8   1   1  3.9e-137  1.3e-133  450.5   0.8     7   416    57   489    52   490 0.94 [190263/562/1]
190263/379/1.f:LOJHAC_06220 -            481 GH30.hmm             -            417  2.2e-133  449.7   0.0   1   1  8.2e-137  2.8e-133  449.4   0.0     9   417    48   479    42   479 0.93 [190263/379/1]
190263/516/1.f:MGNFBC_09360 -            481 GH30.hmm             -            417  2.2e-133  449.7   0.0   1   1  8.2e-137  2.8e-133  449.4   0.0     9   417    48   479    42   479 0.93 [190263/516/1]
190263/552/1.f:EMALNL_06045 -            493 GH30.hmm             -            417  2.2e-132  446.5   0.6   1   1    8e-136  2.7e-132  446.2   0.6    12   416    62   489    53   490 0.94 [190263/552/1]
190263/502/1.f:NONHGB_04095 -            491 GH30.hmm             -            417  2.1e-131  443.2   0.1   1   1  7.7e-135  2.6e-131  442.9   0.1     9   417    59   490    52   490 0.94 [190263/502/1]
190263/405/1.f:EHKDKA_04440 -            491 GH30.hmm             -            417  2.1e-130  439.9   0.1   1   1  7.4e-134  2.5e-130  439.7   0.1     8   417    58   490    51   490 0.93 [190263/405/1]
190263/421/1.f:PBKEAC_13565 -            504 GH30.hmm             -            417  2.4e-129  436.5   0.0   1   1  8.7e-133  2.9e-129  436.2   0.0    15   416    76   498    68   499 0.94 [190263/421/1]
190263/580/1.f:JCPJNN_14095 -            438 GH30.hmm             -            417  5.2e-127  428.8   0.0   1   1  1.8e-130  6.1e-127  428.5   0.0     7   414    20   436    15   438 0.96 [190263/580/1]
190263/439/1.f:KGLJGB_06175 -            461 GH30.hmm             -            417  6.2e-127  428.5   0.5   1   1  2.3e-130  7.6e-127  428.2   0.5    15   416    35   456    30   457 0.95 [190263/439/1]
190263/390/1.f:OLPOLE_00720 -            815 GH30.hmm             -            417    6e-126  425.3   6.6   1   1  1.8e-129    6e-126  425.3   6.6    14   416    66   494    57   495 0.94 [190263/390/1]
190263/495/1.f:ANKNCD_02485 -            439 GH30.hmm             -            417  4.4e-125  422.4   0.1   1   1  1.5e-128  5.2e-125  422.2   0.1    14   416    27   439    16   439 0.95 [190263/495/1]
190263/366/1.f:DBJPFP_13075 -            502 GH30.hmm             -            417  4.8e-125  422.3   0.0   1   1  1.7e-128  5.8e-125  422.0   0.0    16   416    75   496    65   497 0.94 [190263/366/1]
190263/461/1.f:DHPHOK_01910 -            503 GH30.hmm             -            417  8.7e-125  421.4   0.5   1   1  3.3e-128  1.1e-124  421.1   0.5    12   417    72   502    64   502 0.94 [190263/461/1]
190263/369/1.f:JCDIFE_01665 -            503 GH30.hmm             -            417  1.6e-124  420.5   0.5   1   1  6.2e-128  2.1e-124  420.2   0.5    12   417    72   502    64   502 0.94 [190263/369/1]
190263/429/1.f:OMPHBF_12810 -            455 GH30.hmm             -            417  3.4e-120  406.3   0.0   1   1  1.2e-123    4e-120  406.1   0.0     9   416    27   444    20   445 0.93 [190263/429/1]
190263/405/1.f:EHKDKA_04330 -            516 GH30.hmm             -            417  5.7e-120  405.6   0.9   1   1  2.1e-123    7e-120  405.3   0.9     7   417    69   516    64   516 0.91 [190263/405/1]
190263/527/1.f:HGADJN_07125 -            447 GH30.hmm             -            417  1.5e-118  400.9   2.0   1   1  5.4e-122  1.8e-118  400.6   2.0    16   416    30   446    17   447 0.93 [190263/527/1]
190263/595/1.f:HGDLEC_10490 -            505 GH30.hmm             -            417  2.9e-118  399.9   1.7   1   1    1e-121  3.4e-118  399.7   1.7    10   417    71   505    64   505 0.91 [190263/595/1]
190263/390/1.f:OLPOLE_00725 -            446 GH30.hmm             -            417  4.5e-117  396.0   0.0   1   1  1.6e-120  5.5e-117  395.7   0.0    12   416    31   444    22   445 0.93 [190263/390/1]
190263/420/1.f:GMHOLO_06795 -            447 GH30.hmm             -            417  5.7e-117  395.7   1.5   1   1    2e-120  6.9e-117  395.4   1.5    15   416    29   446    17   447 0.93 [190263/420/1]
190263/522/1.f:NPJBCH_03305 -            512 GH30.hmm             -            417  6.7e-115  388.9   0.2   1   1  2.4e-118  8.1e-115  388.6   0.2     8   416    68   503    62   504 0.91 [190263/522/1]
190263/541/1.f:IDEEIE_14900 -            653 GH30.hmm             -            417    4e-114  386.3   3.2   1   1  1.6e-117  5.2e-114  385.9   3.2     8   415    59   503    54   505 0.94 [190263/541/1]
190263/460/1.f:IHFGKI_01005 -            515 GH30.hmm             -            417  8.2e-112  378.7   4.7   1   1  3.1e-115    1e-111  378.4   4.7    14   416    78   513    71   514 0.90 [190263/460/1]
190263/546/1.f:GEHMID_16000 -            441 GH30.hmm             -            417  5.9e-111  375.9   0.0   1   1  2.2e-114  7.5e-111  375.5   0.0     8   411    23   436    17   439 0.92 [190263/546/1]
190263/379/1.f:LOJHAC_22730 -            476 GH30.hmm             -            417  2.2e-109  370.7   0.2   1   1  8.7e-113  2.9e-109  370.3   0.2    15   416    51   475    42   476 0.90 [190263/379/1]
190263/516/1.f:MGNFBC_19565 -            476 GH30.hmm             -            417  2.2e-109  370.7   0.2   1   1  8.7e-113  2.9e-109  370.3   0.2    15   416    51   475    42   476 0.90 [190263/516/1]
190263/552/1.f:EMALNL_14040 -            475 GH30.hmm             -            417  4.3e-109  369.7   2.5   1   1  1.6e-112  5.5e-109  369.4   2.5    11   416    47   475    39   475 0.91 [190263/552/1]
190263/368/1.f:HPMDBE_21590 -            476 GH30.hmm             -            417  4.6e-109  369.6   0.2   1   1  1.8e-112    6e-109  369.2   0.2    15   416    51   475    42   476 0.91 [190263/368/1]
190263/502/1.f:NONHGB_02250 -            470 GH30.hmm             -            417  2.1e-108  367.5   0.0   1   1  7.8e-112  2.6e-108  367.2   0.0    10   417    41   469    33   469 0.92 [190263/502/1]
190263/405/1.f:EHKDKA_02505 -            470 GH30.hmm             -            417    8e-108  365.5   0.1   1   1    3e-111    1e-107  365.2   0.1     9   417    40   469    33   469 0.91 [190263/405/1]
190263/390/1.f:OLPOLE_00730 -            449 GH30.hmm             -            417  4.3e-101  343.4   0.0   1   1  1.6e-104  5.2e-101  343.1   0.0    22   416    34   447    22   448 0.94 [190263/390/1]
190263/562/1.f:KJGNCK_25815 -            491 GH30.hmm             -            417   1.3e-93  318.8   4.6   1   1     5e-97   1.7e-93  318.4   4.6    12   415    48   489    38   491 0.89 [190263/562/1]
190263/405/1.f:EHKDKA_05360 -            492 GH30.hmm             -            417   8.1e-92  312.8   1.2   1   1   3.6e-95   1.2e-91  312.3   1.2     9   414    46   489    39   491 0.89 [190263/405/1]
190263/522/1.f:NPJBCH_09065 -            367 GH30.hmm             -            417   8.6e-92  312.7   1.3   1   1   2.8e-95   9.6e-92  312.6   1.3    94   416     5   358     1   359 0.90 [190263/522/1]
190263/388/1.f:FDDJJK_02620 -            502 GH30.hmm             -            417   7.1e-91  309.7   0.0   1   1   4.7e-94   1.6e-90  308.6   0.0     8   415    44   500    38   502 0.88 [190263/388/1]
190263/369/1.f:JCDIFE_00155 -            496 GH30.hmm             -            417   1.4e-90  308.7   0.1   1   1   5.6e-94   1.9e-90  308.3   0.1     8   416    49   495    43   496 0.89 [190263/369/1]
190263/502/1.f:NONHGB_04665 -            488 GH30.hmm             -            417   2.6e-90  307.8   1.8   1   1   1.2e-93     4e-90  307.3   1.8    10   414    43   485    36   487 0.88 [190263/502/1]
190263/534/1.f:OHCFJE_09705 -            502 GH30.hmm             -            417   1.5e-89  305.3   0.1   1   1   9.8e-93   3.3e-89  304.2   0.1     8   415    44   500    38   502 0.88 [190263/534/1]
190263/399/1.f:CDLIDF_10100 -            494 GH30.hmm             -            417   4.2e-89  303.9   0.1   1   1   1.7e-92   5.8e-89  303.4   0.1     8   415    45   490    39   492 0.89 [190263/399/1]
190263/388/1.f:FDDJJK_11155 -            508 GH30.hmm             -            417   1.6e-87  298.7   0.7   1   1   1.1e-90   3.8e-87  297.4   0.7    16   416    57   505    46   506 0.88 [190263/388/1]
190263/461/1.f:DHPHOK_17570 -            508 GH30.hmm             -            417   1.6e-87  298.7   0.7   1   1   1.1e-90   3.8e-87  297.4   0.7    16   416    57   505    46   506 0.88 [190263/461/1]
190263/475/1.f:MCKEEP_06535 -            356 GH30.hmm             -            417   2.5e-85  291.4   0.2   1   1   9.5e-89   3.2e-85  291.1   0.2     7   271    57   331    52   345 0.92 [190263/475/1]
190263/396/1.f:KAAOMA_00130 -           1039 GH30.hmm             -            417   1.1e-81  279.4  10.0   1   1   5.8e-85   1.9e-81  278.6  10.0     9   416    31   423    24   424 0.88 [190263/396/1]
190263/388/1.f:FDDJJK_03075 -            504 GH30.hmm             -            417   2.6e-79  271.6   0.0   1   1   9.4e-83   3.2e-79  271.3   0.0    14   415    41   495    31   497 0.86 [190263/388/1]
190263/404/1.f:BGJBIG_03055 -            492 GH30.hmm             -            417   1.2e-78  269.4   1.5   1   1   4.7e-82   1.6e-78  269.0   1.5     8   415    26   487    20   489 0.84 [190263/404/1]
190263/401/1.f:DMFJNH_04145 -            520 GH30.hmm             -            417   3.6e-76  261.3   2.0   1   1   1.3e-79   4.4e-76  261.0   2.0    14   414    54   510    44   513 0.78 [190263/401/1]
190263/504/1.f:DOAHDM_04635 -            520 GH30.hmm             -            417   4.2e-76  261.1   2.0   1   1   1.5e-79     5e-76  260.8   2.0    14   414    54   510    44   513 0.78 [190263/504/1]
190263/405/1.f:EHKDKA_05395 -            522 GH30.hmm             -            417   2.1e-74  255.5   0.2   1   1   7.5e-78   2.5e-74  255.2   0.2    12   416    20   520    10   521 0.80 [190263/405/1]
190263/396/1.f:KAAOMA_13520 -            860 GH30.hmm             -            417   5.5e-74  254.1   6.6   1   1   2.2e-77   7.4e-74  253.7   6.6     8   416    25   498    19   499 0.83 [190263/396/1]
190263/396/1.f:KAAOMA_04410 -            765 GH30.hmm             -            417   2.4e-73  252.0  11.2   1   1   1.9e-76   6.3e-73  250.6  11.2     9   416    31   429    24   430 0.86 [190263/396/1]
190263/502/1.f:NONHGB_04705 -            522 GH30.hmm             -            417   9.8e-73  250.0   1.1   1   1     4e-76   1.4e-72  249.5   1.1    14   415    22   519    11   520 0.81 [190263/502/1]
190263/585/1.f:DLBDDB_04940 -            527 GH30.hmm             -            417   8.9e-72  246.8   0.2   1   1   3.2e-75   1.1e-71  246.5   0.2     9   414    22   524    15   527 0.80 [190263/585/1]
190263/401/1.f:DMFJNH_04230 -            528 GH30.hmm             -            417   1.1e-71  246.6   0.1   1   1     4e-75   1.4e-71  246.2   0.1     8   415    21   524    16   526 0.79 [190263/401/1]
190263/504/1.f:DOAHDM_04725 -            528 GH30.hmm             -            417   1.7e-71  245.9   0.1   1   1   6.3e-75   2.1e-71  245.6   0.1    12   415    25   524    17   526 0.79 [190263/504/1]
190263/534/1.f:OHCFJE_07840 -            529 GH30.hmm             -            417   2.9e-71  245.1   1.1   1   1   1.1e-74   3.6e-71  244.8   1.1    10   416    26   528    19   529 0.81 [190263/534/1]
190263/552/1.f:EMALNL_04320 -            531 GH30.hmm             -            417   3.4e-71  244.9   0.3   1   1   1.3e-74   4.3e-71  244.6   0.3    11   414    28   528    21   531 0.79 [190263/552/1]
190263/388/1.f:FDDJJK_04385 -            521 GH30.hmm             -            417   3.6e-71  244.8   1.3   1   1   1.3e-74   4.5e-71  244.5   1.3    11   416    19   520    11   521 0.80 [190263/388/1]
190263/391/1.f:NONBJF_04380 -            521 GH30.hmm             -            417   4.1e-71  244.6   1.5   1   1   1.5e-74     5e-71  244.3   1.5    11   416    19   520    11   521 0.80 [190263/391/1]
190263/388/1.f:FDDJJK_04380 -            532 GH30.hmm             -            417   4.1e-71  244.6   3.2   1   1   1.7e-74   5.7e-71  244.1   3.2    10   416    35   529    28   530 0.78 [190263/388/1]
190263/497/1.f:HENFFC_08495 -            465 GH30.hmm             -            417   9.5e-71  243.4   0.2   1   1   3.5e-74   1.2e-70  243.1   0.2     9   416    12   462     7   463 0.84 [190263/497/1]
190263/545/1.f:NCJBIN_05045 -            521 GH30.hmm             -            417   9.7e-71  243.4   1.4   1   1   3.6e-74   1.2e-70  243.1   1.4    11   416    19   520    11   521 0.81 [190263/545/1]
190263/405/1.f:EHKDKA_06560 -            522 GH30.hmm             -            417     1e-70  243.3   0.0   1   1   4.2e-74   1.4e-70  242.8   0.0    13   415    21   519    11   520 0.81 [190263/405/1]
190263/391/1.f:NONBJF_04375 -            532 GH30.hmm             -            417   2.3e-70  242.1   3.2   1   1   9.7e-74   3.3e-70  241.7   3.2    11   416    36   529    28   530 0.78 [190263/391/1]
190263/545/1.f:NCJBIN_05040 -            532 GH30.hmm             -            417   2.3e-70  242.1   3.2   1   1   9.7e-74   3.3e-70  241.7   3.2    11   416    36   529    28   530 0.78 [190263/545/1]
190263/562/1.f:KJGNCK_06075 -            530 GH30.hmm             -            417   5.2e-70  241.0   0.7   1   1   1.9e-73   6.2e-70  240.7   0.7     9   414    25   527    18   530 0.80 [190263/562/1]
190263/461/1.f:DHPHOK_07450 -            535 GH30.hmm             -            417     2e-68  235.8   0.8   1   1   8.2e-72   2.8e-68  235.3   0.8    12   416    40   532    34   533 0.78 [190263/461/1]
190263/502/1.f:NONHGB_06705 -            540 GH30.hmm             -            417   3.9e-68  234.8   2.5   1   1   1.5e-71   4.9e-68  234.5   2.5    15   415    37   536    29   538 0.80 [190263/502/1]
190263/399/1.f:CDLIDF_15500 -            541 GH30.hmm             -            417   1.2e-67  233.1   1.6   1   1   4.8e-71   1.6e-67  232.8   1.6    15   415    37   537    29   539 0.81 [190263/399/1]
190263/405/1.f:EHKDKA_05385 -            535 GH30.hmm             -            417   1.7e-67  232.7   6.7   1   1   6.7e-71   2.2e-67  232.3   6.7    13   416    38   532    30   533 0.78 [190263/405/1]
190263/502/1.f:NONHGB_04695 -            534 GH30.hmm             -            417   3.5e-67  231.7   2.9   1   1   1.5e-70   5.1e-67  231.1   2.9    11   416    39   531    32   532 0.77 [190263/502/1]
190263/460/1.f:IHFGKI_10230 -            524 GH30.hmm             -            417   3.6e-67  231.6   3.7   1   1   1.4e-70   4.6e-67  231.3   3.7     7   415    21   522    16   524 0.79 [190263/460/1]
190263/399/1.f:CDLIDF_05450 -            536 GH30.hmm             -            417   1.2e-66  229.9   5.2   1   1   5.3e-70   1.8e-66  229.3   5.2    14   416    37   533    30   534 0.80 [190263/399/1]
190263/375/1.f:CNGHJF_13260 -           2845 GH30.hmm             -            417   2.4e-61  212.4   2.8   1   1   1.3e-64   4.3e-61  211.6   2.8    16   416    43   551    30   552 0.79 [190263/375/1]
190263/585/1.f:DLBDDB_04935 -            531 GH30.hmm             -            417   9.5e-60  207.2   7.5   1   1   3.6e-63   1.2e-59  206.8   7.5    11   416    35   528    30   529 0.80 [190263/585/1]
190263/399/1.f:CDLIDF_15530 -            525 GH30.hmm             -            417   9.6e-59  203.9   0.6   1   1   3.8e-62   1.3e-58  203.5   0.6    13   415    21   522    13   523 0.81 [190263/399/1]
190263/502/1.f:NONHGB_20575 -            546 GH30.hmm             -            417   2.4e-57  199.3   3.0   1   1   1.1e-60   3.8e-57  198.6   3.0     8   393   128   513    97   544 0.82 [190263/502/1]
190263/405/1.f:EHKDKA_22270 -            546 GH30.hmm             -            417   7.2e-57  197.7   0.5   1   1   3.4e-60   1.1e-56  197.1   0.5     9   393   129   507   122   544 0.81 [190263/405/1]
190263/552/1.f:EMALNL_07575 -            547 GH30.hmm             -            417   2.2e-56  196.1   2.0   1   1   9.5e-60   3.2e-56  195.6   2.0    12   414   133   543   123   546 0.82 [190263/552/1]
190263/573/1.f:LIDFCI_15960 -            548 GH30.hmm             -            417   1.5e-55  193.4   1.9   1   1   6.3e-59   2.1e-55  192.9   1.9    12   414   133   543   123   546 0.82 [190263/573/1]
190263/412/1.f:OOIBGL_08690 -            584 GH30.hmm             -            417   2.5e-55  192.6   0.3   1   1   9.6e-59   3.2e-55  192.3   0.3     9   416    24   481    19   482 0.84 [190263/412/1]
190263/541/1.f:IDEEIE_11710 -            906 GH30.hmm             -            417   8.2e-48  167.9   9.0   1   1   4.2e-51   1.4e-47  167.1   9.0   119   416    11   388     1   389 0.78 [190263/541/1]
190263/580/1.f:JCPJNN_30135 -            178 GH30.hmm             -            417   1.5e-40  143.9   0.0   1   1   5.3e-44   1.8e-40  143.7   0.0   135   290     1   171     1   177 0.91 [190263/580/1]
190263/475/1.f:MCKEEP_06540 -            138 GH30.hmm             -            417   1.3e-34  124.4   0.3   1   1   4.3e-38   1.4e-34  124.2   0.3   290   416     3   134     1   135 0.94 [190263/475/1]
190263/552/1.f:EMALNL_07620 -            503 GH30.hmm             -            417   4.1e-34  122.8   2.5   1   1   2.2e-37   7.5e-34  121.9   2.5    10   416    44   498    37   499 0.77 [190263/552/1]
190263/585/1.f:DLBDDB_20040 -            164 GH30.hmm             -            417   2.1e-24   90.8   0.6   1   1     7e-28   2.3e-24   90.6   0.6   244   395     5   159     2   164 0.88 [190263/585/1]
190263/399/1.f:CDLIDF_02545 -            710 GH30.hmm             -            417   2.3e-18   70.9   0.0   1   1   1.2e-21   3.9e-18   70.1   0.0    14   412    30   436    22   440 0.77 [190263/399/1]
190263/475/1.f:MCKEEP_06740 -           1169 GH30.hmm             -            417   8.7e-18   69.0   4.0   1   1   4.1e-21   1.4e-17   68.3   4.0    50   393   732  1117   718  1164 0.74 [190263/475/1]
190263/562/1.f:KJGNCK_04020 -           1169 GH30.hmm             -            417   1.1e-16   65.4   3.9   1   1     5e-20   1.7e-16   64.7   3.9    50   399   732  1118   718  1164 0.74 [190263/562/1]
190263/562/1.f:KJGNCK_04005 -            533 GH30.hmm             -            417   1.4e-16   65.0   6.4   1   1   5.3e-20   1.8e-16   64.7   6.4    59   393    84   491    64   532 0.70 [190263/562/1]
190263/475/1.f:MCKEEP_06755 -            533 GH30.hmm             -            417   1.7e-16   64.7   6.6   1   1   6.8e-20   2.3e-16   64.3   6.6    59   393    84   491    64   532 0.70 [190263/475/1]
190263/369/1.f:JCDIFE_03835 -            633 GH30.hmm             -            417   4.4e-15   60.1   0.0   1   1     3e-18   9.9e-15   58.9   0.0   111   415   292   630   251   632 0.80 [190263/369/1]
190263/461/1.f:DHPHOK_04445 -            633 GH30.hmm             -            417   3.7e-14   57.0   0.0   1   1   2.2e-17   7.5e-14   56.0   0.0   111   415   292   630   251   632 0.79 [190263/461/1]
190263/366/1.f:DBJPFP_01550 -            526 GH30.hmm             -            417   1.4e-12   51.9   0.0   1   1   5.1e-16   1.7e-12   51.5   0.0    91   411   121   520    87   524 0.75 [190263/366/1]
#
# Program:         hmmsearch
# Version:         3.3.2 (Nov 2020)
# Pipeline mode:   SEARCH
# Query file:      /kb/module/work/tmp/output.1725388484971/GH30/GH30.hmm
# Target file:     /kb/module/work/tmp/output.1725388484971/hCom2_RAST.fasta
# Option settings: /kb/module/hmmer/bin/hmmsearch --domtblout /kb/module/work/tmp/output.1725388484971/GH30/GH30-hCom2_RAST.hitout.txt --noali --notextw --domE 1e-15 /kb/module/work/tmp/output.1725388484971/GH30/GH30.hmm /kb/module/work/tmp/output.1725388484971/hCom2_RAST.fasta 
# Current dir:     /kb/module/work/tmp/output.1725388484971
# Date:            Tue Sep  3 18:50:42 2024
# [ok]
