#                                                                                   --- full sequence --- -------------- this domain -------------   hmm coord   ali coord   env coord
# target name               accession   tlen query name           accession   qlen   E-value  score  bias   #  of  c-Evalue  i-Evalue  score  bias  from    to  from    to  from    to  acc description of target
#       ------------------- ---------- ----- -------------------- ---------- ----- --------- ------ ----- --- --- --------- --------- ------ ----- ----- ----- ----- ----- ----- ----- ---- ---------------------
190263/368/1.f:HPMDBE_01915 -            481 GH30_9.hmm           -            442   2.2e-59  205.5   0.6   1   1   4.9e-62   2.9e-58  201.8   0.6     5   425    55   459    50   474 0.84 [190263/368/1]
190263/379/1.f:LOJHAC_06220 -            481 GH30_9.hmm           -            442   2.4e-59  205.4   0.5   1   1   5.4e-62   3.2e-58  201.7   0.5     5   425    55   459    50   474 0.84 [190263/379/1]
190263/516/1.f:MGNFBC_09360 -            481 GH30_9.hmm           -            442   2.4e-59  205.4   0.5   1   1   5.4e-62   3.2e-58  201.7   0.5     5   425    55   459    50   474 0.84 [190263/516/1]
190263/461/1.f:DHPHOK_01910 -            503 GH30_9.hmm           -            442   4.3e-59  204.5   1.0   1   1   1.7e-62     1e-58  203.3   1.0     5   441    76   497    73   498 0.84 [190263/461/1]
190263/369/1.f:JCDIFE_01665 -            503 GH30_9.hmm           -            442   3.2e-58  201.7   1.0   1   1   1.2e-61   7.4e-58  200.5   1.0     5   438    76   494    73   498 0.84 [190263/369/1]
190263/401/1.f:DMFJNH_05465 -            493 GH30_9.hmm           -            442   6.4e-58  200.7   2.1   1   1     1e-60     6e-57  197.5   2.1     4   422    65   469    62   481 0.84 [190263/401/1]
190263/504/1.f:DOAHDM_06140 -            493 GH30_9.hmm           -            442   6.4e-58  200.7   2.1   1   1     1e-60     6e-57  197.5   2.1     4   422    65   469    62   481 0.84 [190263/504/1]
190263/573/1.f:LIDFCI_17655 -            493 GH30_9.hmm           -            442   1.9e-54  189.3   1.3   1   1   9.3e-58   5.6e-54  187.7   1.3     4   419    65   466    62   481 0.85 [190263/573/1]
190263/562/1.f:KJGNCK_04245 -            493 GH30_9.hmm           -            442   1.9e-54  189.3   1.3   1   1   9.4e-58   5.7e-54  187.7   1.3     4   419    65   466    62   481 0.84 [190263/562/1]
190263/585/1.f:DLBDDB_02780 -            496 GH30_9.hmm           -            442   2.9e-54  188.7   2.3   1   1   5.7e-57   3.4e-53  185.1   2.3     4   421    68   471    65   486 0.84 [190263/585/1]
190263/502/1.f:NONHGB_04095 -            491 GH30_9.hmm           -            442   2.6e-53  185.5   0.4   1   1   4.8e-56   2.9e-52  182.1   0.4     5   422    66   469    62   485 0.84 [190263/502/1]
190263/552/1.f:EMALNL_06045 -            493 GH30_9.hmm           -            442   2.6e-53  185.5   1.4   1   1   5.3e-56   3.2e-52  181.9   1.4     4   418    65   465    63   480 0.85 [190263/552/1]
190263/421/1.f:PBKEAC_13565 -            504 GH30_9.hmm           -            442   6.6e-52  180.9   0.6   1   1   2.3e-54   1.4e-50  176.5   0.6     5   422    77   477    74   493 0.83 [190263/421/1]
190263/405/1.f:EHKDKA_04440 -            491 GH30_9.hmm           -            442   1.1e-50  176.9   1.1   1   1     2e-53   1.2e-49  173.4   1.1     6   422    67   469    62   484 0.86 [190263/405/1]
190263/580/1.f:JCPJNN_14095 -            438 GH30_9.hmm           -            442   8.2e-50  174.0   0.0   1   1   3.9e-53   2.3e-49  172.5   0.0    13   416    37   412    26   428 0.87 [190263/580/1]
190263/495/1.f:ANKNCD_02485 -            439 GH30_9.hmm           -            442   2.3e-49  172.5   0.1   1   1   7.6e-53   4.6e-49  171.5   0.1     6   417    30   414    26   433 0.87 [190263/495/1]
190263/405/1.f:EHKDKA_04330 -            516 GH30_9.hmm           -            442   3.4e-49  171.9   2.5   1   1   8.2e-52   4.9e-48  168.1   2.5     5   419    78   487    74   501 0.82 [190263/405/1]
190263/460/1.f:IHFGKI_01005 -            515 GH30_9.hmm           -            442   6.8e-49  170.9   1.5   1   1   1.6e-52   9.6e-49  170.4   1.5     4   440    79   508    76   510 0.81 [190263/460/1]
190263/366/1.f:DBJPFP_13075 -            502 GH30_9.hmm           -            442     1e-48  170.4   0.3   1   1   2.1e-51   1.3e-47  166.8   0.3     5   421    75   474    72   488 0.84 [190263/366/1]
190263/390/1.f:OLPOLE_00720 -            815 GH30_9.hmm           -            442   1.1e-48  170.2   3.4   1   1   1.8e-51   1.1e-47  166.9   3.4     5   413    68   465    64   478 0.85 [190263/390/1]
190263/541/1.f:IDEEIE_14900 -            653 GH30_9.hmm           -            442   2.6e-48  169.0   4.8   1   1     1e-50   6.2e-47  164.5   4.8     6   423    68   483    63   497 0.78 [190263/541/1]
190263/595/1.f:HGDLEC_10490 -            505 GH30_9.hmm           -            442     4e-48  168.4   2.5   1   1   7.2e-51   4.3e-47  165.0   2.5     4   442    76   501    73   501 0.85 [190263/595/1]
190263/390/1.f:OLPOLE_00725 -            446 GH30_9.hmm           -            442   2.1e-46  162.7   0.0   1   1   1.1e-49   6.6e-46  161.1   0.0     7   425    37   427    32   431 0.86 [190263/390/1]
190263/546/1.f:GEHMID_16000 -            441 GH30_9.hmm           -            442     2e-45  159.5   0.0   1   1     8e-49   4.8e-45  158.2   0.0     8   415    34   414    28   428 0.84 [190263/546/1]
190263/522/1.f:NPJBCH_03305 -            512 GH30_9.hmm           -            442     2e-44  156.2   1.4   1   1   8.8e-48   5.3e-44  154.8   1.4     5   442    76   500    73   500 0.83 [190263/522/1]
190263/502/1.f:NONHGB_02250 -            470 GH30_9.hmm           -            442   8.9e-44  154.1   0.3   1   1   3.8e-47   2.3e-43  152.7   0.3     4   427    46   453    43   466 0.86 [190263/502/1]
190263/405/1.f:EHKDKA_02505 -            470 GH30_9.hmm           -            442   3.1e-43  152.3   0.6   1   1   1.5e-46   8.8e-43  150.8   0.6     4   424    46   450    43   460 0.86 [190263/405/1]
190263/429/1.f:OMPHBF_12810 -            455 GH30_9.hmm           -            442   5.9e-43  151.4   0.0   1   1   2.6e-46   1.6e-42  150.0   0.0     6   418    35   420    31   434 0.87 [190263/429/1]
190263/439/1.f:KGLJGB_06175 -            461 GH30_9.hmm           -            442   7.4e-43  151.0   0.6   1   1   8.6e-46   5.2e-42  148.3   0.6     5   430    36   444    33   453 0.84 [190263/439/1]
190263/475/1.f:MCKEEP_06535 -            356 GH30_9.hmm           -            442   4.3e-41  145.2   1.4   1   1   2.6e-44   1.6e-40  143.4   1.4     4   292    65   337    62   347 0.84 [190263/475/1]
190263/552/1.f:EMALNL_14040 -            475 GH30_9.hmm           -            442   9.1e-41  144.1   1.8   1   1   2.5e-44   1.5e-40  143.5   1.8     5   419    52   452    48   462 0.84 [190263/552/1]
190263/522/1.f:NPJBCH_09065 -            367 GH30_9.hmm           -            442   1.6e-37  133.4   0.5   1   1   3.4e-41     2e-37  133.1   0.5   107   442    17   355    12   355 0.81 [190263/522/1]
190263/420/1.f:GMHOLO_06795 -            447 GH30_9.hmm           -            442   3.7e-37  132.2   2.4   1   1   4.1e-40   2.5e-36  129.5   2.4     8   409    33   410    26   419 0.78 [190263/420/1]
190263/527/1.f:HGADJN_07125 -            447 GH30_9.hmm           -            442   6.1e-37  131.5   2.8   1   1   6.7e-40     4e-36  128.8   2.8    12   409    36   410    26   419 0.78 [190263/527/1]
190263/379/1.f:LOJHAC_22730 -            476 GH30_9.hmm           -            442     1e-36  130.8   0.9   1   1   3.6e-40   2.2e-36  129.7   0.9     5   417    52   450    48   460 0.79 [190263/379/1]
190263/516/1.f:MGNFBC_19565 -            476 GH30_9.hmm           -            442     1e-36  130.8   0.9   1   1   3.6e-40   2.2e-36  129.7   0.9     5   417    52   450    48   460 0.79 [190263/516/1]
190263/368/1.f:HPMDBE_21590 -            476 GH30_9.hmm           -            442   2.6e-36  129.4   0.9   1   1   1.1e-39   6.3e-36  128.2   0.9     5   418    52   451    48   461 0.79 [190263/368/1]
190263/562/1.f:KJGNCK_25815 -            491 GH30_9.hmm           -            442   4.9e-33  118.7   1.2   1   1   3.6e-30   2.2e-26   96.8   0.3   162   380   220   433   199   440 0.88 [190263/562/1]
190263/390/1.f:OLPOLE_00730 -            449 GH30_9.hmm           -            442   7.7e-33  118.0   0.2   1   1   6.6e-36   3.9e-32  115.7   0.2    12   427    35   432    28   439 0.79 [190263/390/1]
190263/405/1.f:EHKDKA_05360 -            492 GH30_9.hmm           -            442   9.3e-32  114.5   0.8   1   1   6.4e-28   3.9e-24   89.4   0.1   157   382   214   435   207   468 0.87 [190263/405/1]
190263/502/1.f:NONHGB_04665 -            488 GH30_9.hmm           -            442   1.6e-31  113.7   1.5   1   1   9.7e-34   5.8e-30  108.5   1.5    36   382    79   431    61   444 0.82 [190263/502/1]
190263/388/1.f:FDDJJK_11155 -            508 GH30_9.hmm           -            442   7.3e-31  111.5   0.7   1   1   1.8e-26   1.1e-22   84.6   0.2   163   380   235   447   220   478 0.87 [190263/388/1]
190263/461/1.f:DHPHOK_17570 -            508 GH30_9.hmm           -            442   7.3e-31  111.5   0.7   1   1   1.8e-26   1.1e-22   84.6   0.2   163   380   235   447   220   478 0.87 [190263/461/1]
190263/399/1.f:CDLIDF_10100 -            494 GH30_9.hmm           -            442     1e-30  111.0   0.2   1   1   7.1e-26   4.2e-22   82.6   0.0   164   380   222   433   213   466 0.86 [190263/399/1]
190263/534/1.f:OHCFJE_09705 -            502 GH30_9.hmm           -            442   1.8e-30  110.2   0.2   1   1   2.5e-27   1.5e-23   87.4   0.1   165   380   233   443   222   484 0.90 [190263/534/1]
190263/388/1.f:FDDJJK_02620 -            502 GH30_9.hmm           -            442   3.5e-30  109.3   0.1   1   1     4e-27   2.4e-23   86.7   0.1   165   382   233   445   222   484 0.89 [190263/388/1]
190263/369/1.f:JCDIFE_00155 -            496 GH30_9.hmm           -            442     4e-29  105.8   0.4   1   1   4.8e-26   2.9e-22   83.2   0.1   157   380   218   437   201   447 0.88 [190263/369/1]
190263/580/1.f:JCPJNN_30135 -            178 GH30_9.hmm           -            442   4.1e-15   59.6   0.0   1   1   1.7e-18     1e-14   58.3   0.0   161   235    14    88     5   101 0.92 [190263/580/1]
190263/404/1.f:BGJBIG_03055 -            492 GH30_9.hmm           -            442   2.5e-13   53.7   1.7   1   1   1.2e-16     7e-13   52.2   1.7   125   254   143   259   139   274 0.90 [190263/404/1]
#
# Program:         hmmsearch
# Version:         3.3.2 (Nov 2020)
# Pipeline mode:   SEARCH
# Query file:      /kb/module/work/tmp/output.1725388484971/GH30_9/GH30_9.hmm
# Target file:     /kb/module/work/tmp/output.1725388484971/hCom2_RAST.fasta
# Option settings: /kb/module/hmmer/bin/hmmsearch --domtblout /kb/module/work/tmp/output.1725388484971/GH30_9/GH30_9-hCom2_RAST.hitout.txt --noali --notextw --domE 1e-15 /kb/module/work/tmp/output.1725388484971/GH30_9/GH30_9.hmm /kb/module/work/tmp/output.1725388484971/hCom2_RAST.fasta 
# Current dir:     /kb/module/work/tmp/output.1725388484971
# Date:            Tue Sep  3 18:50:59 2024
# [ok]
