#                                                                                   --- full sequence --- -------------- this domain -------------   hmm coord   ali coord   env coord
# target name               accession   tlen query name           accession   qlen   E-value  score  bias   #  of  c-Evalue  i-Evalue  score  bias  from    to  from    to  from    to  acc description of target
#       ------------------- ---------- ----- -------------------- ---------- ----- --------- ------ ----- --- --- --------- --------- ------ ----- ----- ----- ----- ----- ----- ----- ---- ---------------------
190263/584/1.f:DDCNLE_03805 -            794 GH31.hmm             -            427  1.2e-172  579.2   0.2   1   1  1.4e-175  1.6e-172  578.7   0.2     1   427   232   672   232   672 0.99 [190263/584/1]
190263/495/1.f:ANKNCD_06550 -            750 GH31.hmm             -            427  1.2e-170  572.6   1.5   1   1  1.7e-173  1.9e-170  571.9   1.5     1   427   230   669   230   669 0.98 [190263/495/1]
190263/423/1.f:PDNKFB_09490 -            748 GH31.hmm             -            427  7.5e-169  566.7   0.9   1   1    8e-172  9.3e-169  566.4   0.9     1   427   245   681   245   681 0.99 [190263/423/1]
190263/520/1.f:GGDGDE_17430 -            747 GH31.hmm             -            427  1.2e-167  562.7   1.7   1   1    1e-170  1.2e-167  562.7   1.7     1   427   231   670   231   670 0.98 [190263/520/1]
190263/429/1.f:OMPHBF_11405 -            666 GH31.hmm             -            427  2.8e-150  505.5   3.4   1   1  2.9e-153  3.4e-150  505.2   3.4     1   423   209   660   209   662 0.95 [190263/429/1]
190263/429/1.f:OMPHBF_12695 -            666 GH31.hmm             -            427  2.8e-150  505.5   3.4   1   1  2.9e-153  3.4e-150  505.2   3.4     1   423   209   660   209   662 0.95 [190263/429/1]
190263/461/1.f:DHPHOK_15685 -            832 GH31.hmm             -            427  7.5e-147  494.2   6.7   1   1  7.9e-150  9.2e-147  493.9   6.7     1   427   232   682   232   682 0.93 [190263/461/1]
190263/520/1.f:GGDGDE_13400 -            689 GH31.hmm             -            427  5.6e-146  491.3   6.8   1   1  7.3e-149  8.5e-146  490.7   6.8     1   424   228   682   228   684 0.95 [190263/520/1]
190263/546/1.f:GEHMID_14950 -            678 GH31.hmm             -            427  6.4e-146  491.1   6.9   1   1  6.6e-149  7.7e-146  490.9   6.9     1   423   225   677   225   678 0.95 [190263/546/1]
190263/506/1.f:IKGMED_09645 -            798 GH31.hmm             -            427  9.7e-146  490.5   1.4   1   1  1.1e-148  1.3e-145  490.1   1.4     1   427   226   669   226   669 0.97 [190263/506/1]
190263/573/1.f:LIDFCI_18840 -            834 GH31.hmm             -            427  1.1e-145  490.4   4.5   1   1  1.1e-148  1.3e-145  490.1   4.5     1   427   233   683   233   683 0.93 [190263/573/1]
190263/580/1.f:JCPJNN_03080 -            667 GH31.hmm             -            427  1.7e-145  489.8   0.5   1   1  1.8e-148  2.1e-145  489.4   0.5     1   424   211   660   211   662 0.93 [190263/580/1]
190263/475/1.f:MCKEEP_04775 -            834 GH31.hmm             -            427    2e-145  489.5   4.8   1   1  2.1e-148  2.5e-145  489.2   4.8     1   427   233   683   233   683 0.93 [190263/475/1]
190263/504/1.f:DOAHDM_04945 -            834 GH31.hmm             -            427  2.2e-145  489.3   2.8   1   1  2.4e-148  2.7e-145  489.0   2.8     1   427   234   684   234   684 0.93 [190263/504/1]
190263/401/1.f:DMFJNH_04445 -            834 GH31.hmm             -            427  2.2e-145  489.3   2.8   1   1  2.4e-148  2.7e-145  489.0   2.8     1   427   234   684   234   684 0.93 [190263/401/1]
190263/516/1.f:MGNFBC_15990 -            952 GH31.hmm             -            427  2.4e-145  489.2  15.9   1   1  3.5e-148    4e-145  488.5  15.9     1   427   375   835   375   835 0.94 [190263/516/1]
190263/379/1.f:LOJHAC_19700 -            952 GH31.hmm             -            427    3e-145  488.9  16.1   1   1  3.6e-148  4.2e-145  488.4  16.1     1   427   375   835   375   835 0.94 [190263/379/1]
190263/472/1.f:NMGHJI_16590 -            677 GH31.hmm             -            427  3.2e-145  488.8   8.1   1   1  3.4e-148  3.9e-145  488.5   8.1     1   425   219   672   219   674 0.94 [190263/472/1]
190263/368/1.f:HPMDBE_18035 -            948 GH31.hmm             -            427    5e-145  488.2  16.6   1   1  7.4e-148  8.6e-145  487.4  16.6     1   427   375   835   375   835 0.94 [190263/368/1]
190263/580/1.f:JCPJNN_19920 -            666 GH31.hmm             -            427  6.1e-145  487.9   7.3   1   1  6.7e-148  7.7e-145  487.5   7.3     1   425   205   658   205   660 0.95 [190263/580/1]
190263/379/1.f:LOJHAC_10960 -            960 GH31.hmm             -            427  2.1e-144  486.1  14.6   1   1  2.3e-147  2.7e-144  485.8  14.6     1   427   382   849   382   849 0.93 [190263/379/1]
190263/552/1.f:EMALNL_04820 -            834 GH31.hmm             -            427  3.2e-144  485.5   4.9   1   1  3.5e-147    4e-144  485.2   4.9     1   427   233   683   233   683 0.93 [190263/552/1]
190263/562/1.f:KJGNCK_05505 -            838 GH31.hmm             -            427  5.9e-144  484.6   4.9   1   1  6.4e-147  7.4e-144  484.3   4.9     1   427   237   687   237   687 0.93 [190263/562/1]
190263/585/1.f:DLBDDB_04695 -            833 GH31.hmm             -            427  7.3e-144  484.3   4.3   1   1  7.8e-147    9e-144  484.0   4.3     1   427   232   682   232   682 0.93 [190263/585/1]
190263/580/1.f:JCPJNN_10055 -            664 GH31.hmm             -            427    9e-144  484.0   3.3   1   1    1e-146  1.2e-143  483.6   3.3     1   425   203   656   203   657 0.95 [190263/580/1]
190263/502/1.f:NONHGB_16345 -            832 GH31.hmm             -            427  3.6e-143  482.1   6.3   1   1  3.8e-146  4.4e-143  481.8   6.3     1   427   232   682   232   682 0.93 [190263/502/1]
190263/384/1.f:CDKGIA_14075 -            681 GH31.hmm             -            427  4.3e-143  481.8   0.3   1   1  4.6e-146  5.3e-143  481.5   0.3     1   425   213   665   213   667 0.94 [190263/384/1]
190263/502/1.f:NONHGB_07410 -            960 GH31.hmm             -            427  4.4e-143  481.8  17.4   1   1  4.9e-146  5.7e-143  481.4  17.4     1   427   381   848   381   848 0.93 [190263/502/1]
190263/405/1.f:EHKDKA_08260 -            960 GH31.hmm             -            427  4.8e-143  481.7  17.4   1   1  5.3e-146  6.2e-143  481.3  17.4     1   427   381   848   381   848 0.93 [190263/405/1]
190263/405/1.f:EHKDKA_18215 -            832 GH31.hmm             -            427  9.7e-143  480.6   6.0   1   1    1e-145  1.2e-142  480.3   6.0     1   427   232   682   232   682 0.94 [190263/405/1]
190263/461/1.f:DHPHOK_06225 -            960 GH31.hmm             -            427  2.3e-142  479.4  15.1   1   1  2.5e-145  2.9e-142  479.1  15.1     1   427   382   849   382   849 0.93 [190263/461/1]
190263/527/1.f:HGADJN_07715 -            690 GH31.hmm             -            427  8.2e-142  477.6   3.5   1   1  9.6e-145  1.1e-141  477.1   3.5     1   425   221   682   221   682 0.95 [190263/527/1]
190263/456/1.f:LKAJBD_13680 -            937 GH31.hmm             -            427  8.9e-142  477.5   3.1   1   1    1e-144  1.2e-141  477.1   3.1     1   427   400   837   400   837 0.95 [190263/456/1]
190263/580/1.f:JCPJNN_28940 -            665 GH31.hmm             -            427  1.2e-141  477.1  10.2   1   1  1.4e-144  1.6e-141  476.6  10.2     1   425   204   657   204   658 0.96 [190263/580/1]
190263/369/1.f:JCDIFE_05980 -            960 GH31.hmm             -            427  2.1e-141  476.2  14.4   1   1  2.3e-144  2.7e-141  475.9  14.4     1   427   382   849   382   849 0.93 [190263/369/1]
190263/369/1.f:JCDIFE_02355 -            796 GH31.hmm             -            427  2.2e-141  476.1  15.5   1   1  2.4e-144  2.8e-141  475.8  15.5     1   427   222   695   222   695 0.93 [190263/369/1]
190263/580/1.f:JCPJNN_15285 -            682 GH31.hmm             -            427  2.4e-141  476.0   5.9   1   1  3.2e-144  3.7e-141  475.4   5.9     1   425   221   676   221   677 0.95 [190263/580/1]
190263/405/1.f:EHKDKA_12685 -            819 GH31.hmm             -            427  7.7e-141  474.4  15.6   1   1  8.9e-144    1e-140  474.0  15.6     1   427   222   718   222   718 0.93 [190263/405/1]
190263/461/1.f:DHPHOK_02910 -            796 GH31.hmm             -            427  9.3e-141  474.1  15.4   1   1    1e-143  1.2e-140  473.8  15.4     1   427   222   695   222   695 0.93 [190263/461/1]
190263/447/1.f:OLODHC_13260 -            669 GH31.hmm             -            427    1e-140  473.9   1.7   1   1  1.1e-143  1.3e-140  473.7   1.7     2   424   132   609   131   612 0.94 [190263/447/1]
190263/472/1.f:NMGHJI_05730 -            650 GH31.hmm             -            427  3.6e-140  472.2   3.2   1   1  3.9e-143  4.5e-140  471.8   3.2     2   427   133   612   132   612 0.96 [190263/472/1]
190263/552/1.f:EMALNL_01780 -            873 GH31.hmm             -            427  2.7e-139  469.3  12.4   1   1    3e-142  3.4e-139  468.9  12.4     3   426   334   761   331   762 0.94 [190263/552/1]
190263/475/1.f:MCKEEP_08325 -            814 GH31.hmm             -            427  4.5e-139  468.6  18.1   1   1    5e-142  5.8e-139  468.2  18.1     1   427   217   713   217   713 0.92 [190263/475/1]
190263/552/1.f:EMALNL_04265 -            952 GH31.hmm             -            427  1.4e-138  466.9  19.5   1   1  1.7e-141    2e-138  466.4  19.5     1   427   374   841   374   841 0.93 [190263/552/1]
190263/552/1.f:EMALNL_07525 -            814 GH31.hmm             -            427  2.3e-138  466.2  18.2   1   1  2.6e-141    3e-138  465.8  18.2     1   427   217   713   217   713 0.92 [190263/552/1]
190263/433/1.f:ADFNDI_13080 -            663 GH31.hmm             -            427  3.2e-138  465.7   2.5   1   1  3.3e-141  3.8e-138  465.5   2.5     2   427   133   613   132   613 0.96 [190263/433/1]
190263/437/1.f:LBKKEJ_18135 -            958 GH31.hmm             -            427  3.3e-138  465.7  20.0   1   1  5.1e-141  5.9e-138  464.9  20.0     1   427   380   847   380   847 0.94 [190263/437/1]
190263/405/1.f:EHKDKA_05905 -            804 GH31.hmm             -            427  3.8e-138  465.5  16.3   1   1  4.2e-141  4.8e-138  465.2  16.3     1   427   207   703   207   703 0.93 [190263/405/1]
190263/580/1.f:JCPJNN_12015 -            683 GH31.hmm             -            427  6.9e-138  464.6   1.1   1   1  6.9e-141    8e-138  464.4   0.3     2   426   131   610   130   611 0.95 [190263/580/1]
190263/386/1.f:DBGIOG_15480 -            670 GH31.hmm             -            427  7.2e-138  464.6   1.6   1   1    8e-141  9.3e-138  464.2   1.6     1   425   207   662   207   664 0.94 [190263/386/1]
190263/478/1.f:BOCJFA_07710 -            663 GH31.hmm             -            427  7.5e-138  464.5   0.9   1   1  7.7e-141  8.9e-138  464.3   0.9     2   427   133   613   132   613 0.95 [190263/478/1]
190263/400/1.f:EIBLKL_02315 -            664 GH31.hmm             -            427    1e-137  464.1   2.7   1   1  1.1e-140  1.2e-137  463.8   2.7     2   425   199   650   198   652 0.95 [190263/400/1]
190263/573/1.f:LIDFCI_16015 -            814 GH31.hmm             -            427  1.6e-137  463.5  18.5   1   1  1.8e-140  2.1e-137  463.1  18.5     1   427   217   713   217   713 0.92 [190263/573/1]
190263/580/1.f:JCPJNN_15410 -            754 GH31.hmm             -            427  2.8e-137  462.6   4.3   1   1  2.9e-140  3.4e-137  462.4   4.3     1   427   217   673   217   673 0.94 [190263/580/1]
190263/429/1.f:OMPHBF_00695 -            654 GH31.hmm             -            427  2.8e-137  462.6   4.2   1   1  3.1e-140  3.6e-137  462.3   4.2     1   422   199   651   199   653 0.93 [190263/429/1]
190263/562/1.f:KJGNCK_06190 -            952 GH31.hmm             -            427  3.4e-137  462.4  20.0   1   1  4.1e-140  4.8e-137  461.9  20.0     1   427   374   841   374   841 0.93 [190263/562/1]
190263/580/1.f:JCPJNN_19880 -            789 GH31.hmm             -            427  3.6e-137  462.3   1.4   1   1  4.2e-140  4.9e-137  461.9   1.4     1   427   242   709   242   709 0.93 [190263/580/1]
190263/405/1.f:EHKDKA_12385 -            882 GH31.hmm             -            427  5.5e-137  461.7  11.6   1   1  6.5e-140  7.6e-137  461.2  11.6     9   427   345   768   338   768 0.94 [190263/405/1]
190263/405/1.f:EHKDKA_02565 -            774 GH31.hmm             -            427  8.7e-137  461.0   7.3   1   1    1e-139  1.2e-136  460.6   7.3     1   427   216   662   216   662 0.93 [190263/405/1]
190263/552/1.f:EMALNL_01535 -            861 GH31.hmm             -            427  1.4e-136  460.4  11.9   1   1  1.6e-139  1.8e-136  460.0  11.9     2   427   324   753   323   753 0.94 [190263/552/1]
190263/456/1.f:LKAJBD_06760 -            860 GH31.hmm             -            427  1.5e-136  460.3  10.2   1   1  1.6e-139  1.9e-136  459.9  10.2     2   427   329   759   328   759 0.94 [190263/456/1]
190263/405/1.f:EHKDKA_05925 -            873 GH31.hmm             -            427  1.5e-136  460.2  10.0   1   1  1.6e-139  1.9e-136  459.9  10.0     4   427   335   762   332   762 0.94 [190263/405/1]
190263/576/1.f:FNMBCG_05790 -            684 GH31.hmm             -            427  2.4e-136  459.6   0.8   1   1  2.6e-139  3.1e-136  459.2   0.8     2   426   130   611   129   612 0.94 [190263/576/1]
190263/502/1.f:NONHGB_05220 -            804 GH31.hmm             -            427  2.6e-136  459.5  15.8   1   1  2.8e-139  3.3e-136  459.1  15.8     1   427   207   703   207   703 0.93 [190263/502/1]
190263/455/1.f:GDGJDA_15335 -            663 GH31.hmm             -            427  2.9e-136  459.3   1.1   1   1    3e-139  3.5e-136  459.0   1.1     2   427   133   613   132   613 0.95 [190263/455/1]
190263/456/1.f:LKAJBD_17195 -            860 GH31.hmm             -            427  3.3e-136  459.1  10.6   1   1  3.6e-139  4.2e-136  458.8  10.6     2   427   329   759   328   759 0.94 [190263/456/1]
190263/384/1.f:CDKGIA_14070 -            822 GH31.hmm             -            427  4.1e-136  458.8   1.9   1   1  4.5e-139  5.2e-136  458.5   1.9     1   427   289   713   289   713 0.97 [190263/384/1]
190263/502/1.f:NONHGB_05245 -            873 GH31.hmm             -            427  5.4e-136  458.4   9.5   1   1    6e-139  6.9e-136  458.0   9.5     4   427   335   762   332   762 0.94 [190263/502/1]
190263/447/1.f:OLODHC_13645 -            657 GH31.hmm             -            427  6.4e-136  458.2   0.8   1   1    7e-139  8.1e-136  457.8   0.8     1   425   195   649   195   651 0.95 [190263/447/1]
190263/502/1.f:NONHGB_06670 -            798 GH31.hmm             -            427  1.1e-135  457.4  16.8   1   1  9.4e-139  1.1e-135  457.4  16.8     1   427   223   686   223   686 0.95 [190263/502/1]
190263/405/1.f:EHKDKA_07450 -            798 GH31.hmm             -            427  1.5e-135  457.0  16.2   1   1  1.3e-138  1.5e-135  457.0  16.2     1   427   223   686   223   686 0.95 [190263/405/1]
190263/368/1.f:HPMDBE_17870 -            966 GH31.hmm             -            427  1.6e-135  456.9  14.1   1   1  1.8e-138  2.1e-135  456.5  14.1     1   427   387   854   387   854 0.93 [190263/368/1]
190263/423/1.f:PDNKFB_09495 -            797 GH31.hmm             -            427  2.6e-135  456.2  13.7   1   1  2.9e-138  3.3e-135  455.8  13.7     1   427   170   595   170   595 0.96 [190263/423/1]
190263/573/1.f:LIDFCI_15120 -            785 GH31.hmm             -            427  3.6e-135  455.7  16.1   1   1  4.1e-138  4.7e-135  455.3  16.1     1   427   221   679   221   679 0.93 [190263/573/1]
190263/502/1.f:NONHGB_02345 -            774 GH31.hmm             -            427  4.1e-135  455.5   6.0   1   1  4.7e-138  5.4e-135  455.1   6.0     1   427   216   662   216   662 0.92 [190263/502/1]
190263/596/1.f:GDHELL_04225 -            634 GH31.hmm             -            427    9e-135  454.4   0.1   1   1  9.5e-138  1.1e-134  454.1   0.1     2   425   134   611   133   613 0.95 [190263/596/1]
190263/513/1.f:MKNBNH_10745 -            668 GH31.hmm             -            427    1e-134  454.2   1.5   1   1  1.1e-137  1.2e-134  453.9   1.5     2   427   139   618   138   618 0.94 [190263/513/1]
190263/552/1.f:EMALNL_08435 -            785 GH31.hmm             -            427  1.2e-134  454.0  15.6   1   1  1.3e-137  1.5e-134  453.7  15.6     1   427   221   679   221   679 0.92 [190263/552/1]
190263/405/1.f:EHKDKA_05150 -            718 GH31.hmm             -            427  2.2e-134  453.1   0.1   1   1  2.7e-137  3.2e-134  452.6   0.1     2   402   180   599   179   613 0.95 [190263/405/1]
190263/461/1.f:DHPHOK_18630 -            783 GH31.hmm             -            427  4.6e-134  452.1  11.2   1   1  5.7e-137  6.6e-134  451.5  11.2     1   427   220   672   220   672 0.93 [190263/461/1]
190263/562/1.f:KJGNCK_02185 -            824 GH31.hmm             -            427  5.2e-134  451.9  15.6   1   1  6.9e-137    8e-134  451.3  15.6     1   427   221   712   221   712 0.94 [190263/562/1]
190263/552/1.f:EMALNL_07830 -            824 GH31.hmm             -            427  5.3e-134  451.8  15.7   1   1  6.9e-137  8.1e-134  451.2  15.7     1   427   221   712   221   712 0.94 [190263/552/1]
190263/532/1.f:BGDBBA_11545 -            662 GH31.hmm             -            427  5.6e-134  451.8   1.4   1   1  5.8e-137  6.8e-134  451.5   1.4     2   427   133   612   132   612 0.95 [190263/532/1]
190263/573/1.f:LIDFCI_13625 -            714 GH31.hmm             -            427  6.6e-134  451.5   0.3   1   1  7.5e-137  8.7e-134  451.1   0.3     2   415   177   601   176   608 0.94 [190263/573/1]
190263/552/1.f:EMALNL_10605 -            714 GH31.hmm             -            427  6.6e-134  451.5   0.3   1   1  7.5e-137  8.7e-134  451.1   0.3     2   415   177   601   176   608 0.94 [190263/552/1]
190263/475/1.f:MCKEEP_01315 -            785 GH31.hmm             -            427  7.7e-134  451.3  15.6   1   1  8.5e-137  9.9e-134  451.0  15.6     1   427   221   679   221   679 0.92 [190263/475/1]
190263/562/1.f:KJGNCK_01605 -            785 GH31.hmm             -            427  1.1e-133  450.9  15.2   1   1  1.2e-136  1.4e-133  450.5  15.2     1   427   221   679   221   679 0.93 [190263/562/1]
190263/534/1.f:OHCFJE_00445 -            823 GH31.hmm             -            427  1.4e-133  450.4  17.0   1   1  2.1e-136  2.4e-133  449.7  17.0     1   427   220   711   220   711 0.95 [190263/534/1]
190263/545/1.f:NCJBIN_00515 -            823 GH31.hmm             -            427  1.4e-133  450.4  17.0   1   1  2.1e-136  2.4e-133  449.7  17.0     1   427   220   711   220   711 0.95 [190263/545/1]
190263/391/1.f:NONBJF_00420 -            823 GH31.hmm             -            427  1.7e-133  450.2  16.8   1   1  2.5e-136  2.9e-133  449.4  16.8     1   427   220   711   220   711 0.95 [190263/391/1]
190263/388/1.f:FDDJJK_02585 -            819 GH31.hmm             -            427    2e-133  450.0  15.6   1   1  2.4e-136  2.7e-133  449.5  15.6     1   427   217   708   217   708 0.94 [190263/388/1]
190263/460/1.f:IHFGKI_01450 -            977 GH31.hmm             -            427  8.2e-133  447.9  20.7   1   1    1e-135  1.2e-132  447.4  20.7     1   427   395   863   395   863 0.93 [190263/460/1]
190263/401/1.f:DMFJNH_07390 -            822 GH31.hmm             -            427  1.2e-132  447.4  16.6   1   1  1.4e-135  1.6e-132  446.9  16.6     1   427   219   710   219   710 0.94 [190263/401/1]
190263/388/1.f:FDDJJK_01105 -            817 GH31.hmm             -            427  1.4e-132  447.2   9.5   1   1  1.5e-135  1.8e-132  446.8   9.5     1   427   219   716   219   716 0.93 [190263/388/1]
190263/576/1.f:FNMBCG_08030 -            671 GH31.hmm             -            427  1.5e-132  447.0   0.0   1   1  1.7e-135  1.9e-132  446.7   0.0     2   427   131   614   130   614 0.94 [190263/576/1]
190263/456/1.f:LKAJBD_08195 -            817 GH31.hmm             -            427    2e-132  446.6  13.2   1   1  2.2e-135  2.5e-132  446.3  13.2     1   427   219   716   219   716 0.92 [190263/456/1]
190263/504/1.f:DOAHDM_06065 -            717 GH31.hmm             -            427  2.2e-132  446.5   0.0   1   1  2.5e-135    3e-132  446.1   0.0     2   413   180   602   179   616 0.94 [190263/504/1]
190263/401/1.f:DMFJNH_05395 -            717 GH31.hmm             -            427  2.2e-132  446.5   0.0   1   1  2.5e-135    3e-132  446.1   0.0     2   413   180   602   179   616 0.94 [190263/401/1]
190263/429/1.f:OMPHBF_11315 -            822 GH31.hmm             -            427  2.6e-132  446.3   1.3   1   1  2.9e-135  3.4e-132  445.9   1.3     1   427   231   712   231   712 0.92 [190263/429/1]
190263/504/1.f:DOAHDM_07905 -            822 GH31.hmm             -            427  3.2e-132  446.0  16.6   1   1  3.9e-135  4.5e-132  445.5  16.6     1   427   219   710   219   710 0.94 [190263/504/1]
190263/388/1.f:FDDJJK_15125 -            748 GH31.hmm             -            427  3.7e-132  445.8   5.1   1   1  4.5e-135  5.2e-132  445.3   5.1     2   427   283   715   282   715 0.95 [190263/388/1]
190263/595/1.f:HGDLEC_00945 -           1013 GH31.hmm             -            427    6e-132  445.1  20.8   1   1  6.7e-135  7.8e-132  444.7  20.8     1   427   431   899   431   899 0.93 [190263/595/1]
190263/545/1.f:NCJBIN_17000 -            748 GH31.hmm             -            427  6.5e-132  445.0   4.6   1   1  7.4e-135  8.6e-132  444.6   4.6     2   427   283   715   282   715 0.95 [190263/545/1]
190263/391/1.f:NONBJF_16110 -            748 GH31.hmm             -            427  6.5e-132  445.0   4.6   1   1  7.4e-135  8.6e-132  444.6   4.6     2   427   283   715   282   715 0.95 [190263/391/1]
190263/552/1.f:EMALNL_09435 -            717 GH31.hmm             -            427  1.1e-131  444.2   0.0   1   1  1.3e-134  1.5e-131  443.8   0.0     2   414   180   603   179   611 0.95 [190263/552/1]
190263/409/1.f:AJJCMD_24895 -            758 GH31.hmm             -            427  1.6e-131  443.7   1.9   1   1  1.8e-134  2.1e-131  443.3   1.9     1   427   239   670   239   670 0.96 [190263/409/1]
190263/578/1.f:HIHCLH_01390 -            655 GH31.hmm             -            427  2.2e-131  443.2   6.3   1   1  1.9e-134  2.2e-131  443.2   6.3     2   425   132   610   131   612 0.95 [190263/578/1]
190263/455/1.f:GDGJDA_14505 -            787 GH31.hmm             -            427  3.5e-131  442.5   1.6   1   1  4.5e-134  5.3e-131  442.0   1.6     1   426   251   681   251   682 0.95 [190263/455/1]
190263/534/1.f:OHCFJE_16010 -            748 GH31.hmm             -            427  7.2e-131  441.5   4.1   1   1  8.3e-134  9.6e-131  441.1   4.1     2   427   283   715   282   715 0.95 [190263/534/1]
190263/580/1.f:JCPJNN_23125 -            791 GH31.hmm             -            427  1.8e-130  440.2   4.2   1   1  2.1e-133  2.4e-130  439.8   4.2     1   426   251   681   251   682 0.96 [190263/580/1]
190263/401/1.f:DMFJNH_15880 -            748 GH31.hmm             -            427  5.2e-130  438.7   6.4   1   1  6.2e-133  7.2e-130  438.2   6.4     2   427   283   715   282   715 0.95 [190263/401/1]
190263/504/1.f:DOAHDM_15540 -            748 GH31.hmm             -            427  5.4e-130  438.6   6.4   1   1  6.2e-133  7.2e-130  438.2   6.4     2   427   283   715   282   715 0.95 [190263/504/1]
190263/420/1.f:GMHOLO_07190 -            912 GH31.hmm             -            427  8.8e-130  437.9   7.7   1   1  9.7e-133  1.1e-129  437.6   7.7     1   427   208   680   208   680 0.90 [190263/420/1]
190263/409/1.f:AJJCMD_22965 -            833 GH31.hmm             -            427  1.6e-129  437.1   0.0   1   1  1.9e-132  2.3e-129  436.6   0.0     2   427   235   685   234   685 0.93 [190263/409/1]
190263/409/1.f:AJJCMD_00310 -            795 GH31.hmm             -            427  5.4e-129  435.4  12.7   1   1  5.9e-132  6.9e-129  435.0  12.7     1   427   170   595   170   595 0.96 [190263/409/1]
190263/507/1.f:KPMKPI_11075 -            797 GH31.hmm             -            427  6.5e-129  435.1  14.9   1   1  7.1e-132  8.2e-129  434.7  14.9     1   427   170   595   170   595 0.96 [190263/507/1]
190263/443/1.f:LNLACP_09900 -            833 GH31.hmm             -            427  6.8e-129  435.0   0.0   1   1  7.9e-132  9.2e-129  434.6   0.0     2   427   235   685   234   685 0.93 [190263/443/1]
190263/527/1.f:HGADJN_07665 -            899 GH31.hmm             -            427  9.2e-129  434.6   8.7   1   1  1.1e-131  1.3e-128  434.1   8.7     1   427   195   667   195   667 0.90 [190263/527/1]
190263/384/1.f:CDKGIA_29130 -            833 GH31.hmm             -            427  1.5e-128  433.9   0.0   1   1  1.7e-131    2e-128  433.5   0.0     2   427   235   685   234   685 0.93 [190263/384/1]
190263/409/1.f:AJJCMD_23725 -            799 GH31.hmm             -            427  1.6e-128  433.8   5.5   1   1  1.7e-131    2e-128  433.5   5.5     1   427   171   596   171   596 0.96 [190263/409/1]
190263/520/1.f:GGDGDE_07725 -            779 GH31.hmm             -            427  2.4e-128  433.2   4.1   1   1  2.9e-131  3.4e-128  432.7   4.1     1   427   246   676   246   676 0.97 [190263/520/1]
190263/514/1.f:MMHOAN_02925 -            833 GH31.hmm             -            427  2.6e-128  433.1   0.0   1   1    3e-131  3.5e-128  432.7   0.0     2   427   235   685   234   685 0.93 [190263/514/1]
190263/472/1.f:NMGHJI_20745 -            797 GH31.hmm             -            427    3e-128  432.9  13.3   1   1  3.8e-131  4.4e-128  432.4  13.3     1   427   170   596   170   596 0.96 [190263/472/1]
190263/573/1.f:LIDFCI_04990 -            748 GH31.hmm             -            427  3.8e-128  432.5   4.7   1   1  5.3e-131  6.2e-128  431.9   4.7     2   427   283   715   282   715 0.95 [190263/573/1]
190263/552/1.f:EMALNL_14920 -            759 GH31.hmm             -            427  5.2e-128  432.1   4.7   1   1  7.1e-131  8.2e-128  431.4   4.7     2   427   283   715   282   715 0.95 [190263/552/1]
190263/396/1.f:KAAOMA_07430 -            768 GH31.hmm             -            427  9.7e-128  431.2   2.1   1   1  8.3e-131  9.7e-128  431.2   2.1     1   427   256   685   256   685 0.97 [190263/396/1]
190263/475/1.f:MCKEEP_15210 -            748 GH31.hmm             -            427  1.3e-127  430.8   4.5   1   1  1.8e-130    2e-127  430.2   4.5     2   427   283   715   282   715 0.95 [190263/475/1]
190263/399/1.f:CDLIDF_17765 -            824 GH31.hmm             -            427  2.1e-127  430.1  10.4   1   1  4.4e-130  5.1e-127  428.8  10.4     1   427   218   712   218   712 0.90 [190263/399/1]
190263/366/1.f:DBJPFP_11690 -            786 GH31.hmm             -            427  4.2e-127  429.1   7.9   1   1  4.4e-130  5.1e-127  428.8   7.9     1   427   214   675   214   675 0.93 [190263/366/1]
190263/510/1.f:DELAEA_03585 -            737 GH31.hmm             -            427  1.7e-126  427.1   9.3   1   1  1.9e-129  2.2e-126  426.7   9.3     1   427   154   576   154   576 0.94 [190263/510/1]
190263/546/1.f:GEHMID_05390 -            833 GH31.hmm             -            427  2.6e-126  426.5   0.0   1   1  3.5e-129    4e-126  425.9   0.0     2   427   235   685   234   685 0.93 [190263/546/1]
190263/400/1.f:EIBLKL_09715 -            771 GH31.hmm             -            427  6.5e-126  425.2   2.7   1   1  5.6e-129  6.5e-126  425.2   2.7     1   427   261   692   261   692 0.96 [190263/400/1]
190263/409/1.f:AJJCMD_14250 -            750 GH31.hmm             -            427  8.7e-126  424.8   0.1   1   1  9.7e-129  1.1e-125  424.4   0.1     2   427   240   670   239   670 0.96 [190263/409/1]
190263/520/1.f:GGDGDE_05585 -            807 GH31.hmm             -            427  1.4e-125  424.1  10.4   1   1  1.6e-128  1.9e-125  423.7  10.4     1   427   171   606   171   606 0.95 [190263/520/1]
190263/552/1.f:EMALNL_01545 -            805 GH31.hmm             -            427  1.6e-125  424.0  11.0   1   1  1.6e-128  1.9e-125  423.7  11.0     1   427   206   704   206   704 0.93 [190263/552/1]
190263/546/1.f:GEHMID_15180 -            775 GH31.hmm             -            427    2e-125  423.6   3.5   1   1  2.1e-128  2.5e-125  423.3   3.5     1   426   251   681   251   682 0.96 [190263/546/1]
190263/429/1.f:OMPHBF_00635 -            810 GH31.hmm             -            427  6.1e-125  422.0   9.4   1   1  6.5e-128  7.5e-125  421.7   9.4     1   427   228   709   228   709 0.92 [190263/429/1]
190263/580/1.f:JCPJNN_13440 -            799 GH31.hmm             -            427  2.2e-124  420.2  11.1   1   1  2.7e-127  3.1e-124  419.7  11.1     1   427   170   595   170   595 0.96 [190263/580/1]
190263/369/1.f:JCDIFE_03820 -            791 GH31.hmm             -            427  1.4e-123  417.5   1.9   1   1  1.6e-126  1.8e-123  417.1   1.9     2   427   307   725   306   725 0.96 [190263/369/1]
190263/461/1.f:DHPHOK_04430 -            791 GH31.hmm             -            427  1.4e-123  417.5   1.9   1   1  1.6e-126  1.8e-123  417.1   1.9     2   427   307   725   306   725 0.96 [190263/461/1]
190263/546/1.f:GEHMID_11705 -            867 GH31.hmm             -            427  1.5e-123  417.4   0.1   1   1  2.1e-126  2.4e-123  416.7   0.1     1   427   249   700   249   700 0.93 [190263/546/1]
190263/422/1.f:HJBCNJ_20960 -           1076 GH31.hmm             -            427    3e-123  416.4   6.1   1   1  4.1e-126  4.7e-123  415.8   6.1     1   427   353   819   352   819 0.93 [190263/422/1]
190263/514/1.f:MMHOAN_14250 -            796 GH31.hmm             -            427  4.5e-123  415.9   9.7   1   1  4.9e-126  5.7e-123  415.5   9.7     1   427   167   592   167   592 0.96 [190263/514/1]
190263/460/1.f:IHFGKI_14530 -            845 GH31.hmm             -            427  4.1e-122  412.7  16.4   1   1  3.5e-125  4.1e-122  412.7  16.4     1   427   240   734   240   734 0.94 [190263/460/1]
190263/412/1.f:OOIBGL_09285 -            781 GH31.hmm             -            427  1.2e-120  407.9   0.9   1   1    1e-123  1.2e-120  407.9   0.9     1   427   258   690   258   690 0.96 [190263/412/1]
190263/399/1.f:CDLIDF_16910 -            892 GH31.hmm             -            427  4.1e-120  406.1   7.2   1   1  4.4e-123  5.1e-120  405.8   7.2     2   427   344   782   343   782 0.92 [190263/399/1]
190263/514/1.f:MMHOAN_02945 -            838 GH31.hmm             -            427  3.1e-119  403.2   4.7   1   1  2.6e-122  3.1e-119  403.2   4.7     2   426   235   685   234   686 0.94 [190263/514/1]
190263/461/1.f:DHPHOK_05185 -            778 GH31.hmm             -            427  4.3e-119  402.7   0.2   1   1  4.9e-122  5.6e-119  402.3   0.2     2   427   314   731   313   731 0.96 [190263/461/1]
190263/405/1.f:EHKDKA_04790 -            848 GH31.hmm             -            427  4.3e-119  402.7  19.9   1   1  5.2e-122    6e-119  402.2  19.9     1   427   201   623   201   623 0.93 [190263/405/1]
190263/369/1.f:JCDIFE_04655 -            778 GH31.hmm             -            427  9.8e-119  401.6   0.2   1   1  1.1e-121  1.3e-118  401.2   0.2     2   427   314   731   313   731 0.96 [190263/369/1]
190263/552/1.f:EMALNL_09470 -            840 GH31.hmm             -            427  4.2e-118  399.5  18.2   1   1  5.1e-121  5.9e-118  399.0  18.2     1   427   192   616   192   616 0.92 [190263/552/1]
190263/375/1.f:CNGHJF_06165 -            544 GH31.hmm             -            427    5e-118  399.2   0.1   1   1  5.9e-121  6.8e-118  398.8   0.1     8   407    92   520    88   533 0.91 [190263/375/1]
190263/502/1.f:NONHGB_04310 -            838 GH31.hmm             -            427  2.4e-116  393.7  19.5   1   1  2.1e-119  2.4e-116  393.7  19.5     1   427   191   613   191   613 0.94 [190263/502/1]
190263/475/1.f:MCKEEP_04045 -            848 GH31.hmm             -            427  5.9e-116  392.4  15.5   1   1  7.1e-119  8.2e-116  391.9  15.5     1   427   201   623   201   623 0.93 [190263/475/1]
190263/573/1.f:LIDFCI_19565 -            848 GH31.hmm             -            427  5.9e-116  392.4  15.5   1   1  7.1e-119  8.2e-116  391.9  15.5     1   427   201   623   201   623 0.93 [190263/573/1]
190263/495/1.f:ANKNCD_04225 -            809 GH31.hmm             -            427  7.4e-116  392.1   0.4   1   1  6.4e-119  7.4e-116  392.1   0.4     1   427   260   716   260   716 0.93 [190263/495/1]
190263/585/1.f:DLBDDB_05330 -            847 GH31.hmm             -            427  7.9e-116  392.0  16.0   1   1  9.3e-119  1.1e-115  391.5  16.0     1   427   202   624   202   624 0.93 [190263/585/1]
190263/437/1.f:LBKKEJ_08010 -            832 GH31.hmm             -            427  7.2e-115  388.8  19.8   1   1  9.2e-118  1.1e-114  388.3  19.8     1   427   182   609   182   609 0.92 [190263/437/1]
190263/488/1.f:DNPFAC_09995 -            845 GH31.hmm             -            427  1.1e-113  384.9  20.8   1   1  1.3e-116  1.5e-113  384.4  20.8     1   427   195   623   195   623 0.91 [190263/488/1]
190263/417/1.f:MHBJAE_08880 -            845 GH31.hmm             -            427  3.1e-112  380.1  20.1   1   1  3.8e-115  4.4e-112  379.6  20.1     1   427   195   623   195   623 0.91 [190263/417/1]
190263/595/1.f:HGDLEC_09140 -            780 GH31.hmm             -            427    5e-112  379.4   6.5   1   1    6e-115    7e-112  379.0   6.5     1   427   220   653   220   653 0.94 [190263/595/1]
190263/534/1.f:OHCFJE_02925 -            794 GH31.hmm             -            427    6e-109  369.3  12.3   1   1  8.5e-112  9.9e-109  368.6  12.3     1   427   227   655   227   655 0.93 [190263/534/1]
190263/391/1.f:NONBJF_09885 -            794 GH31.hmm             -            427    6e-109  369.3  12.3   1   1  8.5e-112  9.9e-109  368.6  12.3     1   427   227   655   227   655 0.93 [190263/391/1]
190263/545/1.f:NCJBIN_10725 -            794 GH31.hmm             -            427    6e-109  369.3  12.3   1   1  8.5e-112  9.9e-109  368.6  12.3     1   427   227   655   227   655 0.93 [190263/545/1]
190263/388/1.f:FDDJJK_09400 -            794 GH31.hmm             -            427  1.9e-108  367.6  12.3   1   1  2.6e-111    3e-108  367.0  12.3     1   427   227   655   227   655 0.93 [190263/388/1]
190263/405/1.f:EHKDKA_10435 -            812 GH31.hmm             -            427  2.5e-107  364.0   8.5   1   1  2.7e-110  3.2e-107  363.6   8.5     1   427   234   674   234   674 0.93 [190263/405/1]
190263/366/1.f:DBJPFP_05090 -            870 GH31.hmm             -            427  6.6e-106  359.3  16.2   1   1  9.6e-109  1.1e-105  358.5  16.2     1   427   191   630   191   630 0.92 [190263/366/1]
190263/466/1.f:PGJOII_08780 -            773 GH31.hmm             -            427  6.8e-106  359.2   8.8   1   1    8e-109  9.2e-106  358.8   8.8     1   427   207   641   207   641 0.89 [190263/466/1]
190263/405/1.f:EHKDKA_10420 -            802 GH31.hmm             -            427  1.1e-105  358.6   3.0   1   1  1.3e-108  1.6e-105  358.1   3.0     1   427   228   664   228   664 0.94 [190263/405/1]
190263/421/1.f:PBKEAC_02430 -            871 GH31.hmm             -            427    2e-105  357.7  19.5   1   1  2.3e-108  2.7e-105  357.3  19.5     1   427   192   631   192   631 0.90 [190263/421/1]
190263/446/1.f:LHJMMB_12605 -            871 GH31.hmm             -            427  2.5e-105  357.4  17.9   1   1    3e-108  3.5e-105  356.9  17.9     1   427   191   630   191   630 0.92 [190263/446/1]
190263/422/1.f:HJBCNJ_20805 -            666 GH31.hmm             -            427  2.9e-105  357.2   0.0   1   1  3.3e-108  3.8e-105  356.8   0.0     8   425   124   590   118   592 0.87 [190263/422/1]
190263/595/1.f:HGDLEC_10750 -            868 GH31.hmm             -            427  3.9e-104  353.5  12.7   1   1  4.2e-107  4.9e-104  353.1  12.7     1   427   215   650   215   650 0.89 [190263/595/1]
190263/437/1.f:LBKKEJ_06095 -            471 GH31.hmm             -            427  1.4e-103  351.6   0.2   1   1  1.6e-106  1.8e-103  351.2   0.2    70   396     1   341     1   364 0.94 [190263/437/1]
190263/422/1.f:HJBCNJ_20955 -           1272 GH31.hmm             -            427  4.6e-103  349.9  17.7   1   1  6.5e-106  7.5e-103  349.2  17.7     1   427   247   697   246   697 0.92 [190263/422/1]
190263/556/1.f:EMIPPF_06445 -            746 GH31.hmm             -            427  5.9e-102  346.3   9.9   1   1  6.3e-105  7.3e-102  346.0   9.9     1   426   183   612   183   613 0.93 [190263/556/1]
190263/488/1.f:DNPFAC_06435 -            745 GH31.hmm             -            427  7.9e-102  345.8   9.7   1   1  8.6e-105    1e-101  345.5   9.7     1   425   181   611   181   613 0.93 [190263/488/1]
190263/366/1.f:DBJPFP_06215 -            746 GH31.hmm             -            427    6e-101  343.0   8.9   1   1  6.3e-104  7.3e-101  342.7   8.9     1   426   183   612   183   613 0.93 [190263/366/1]
190263/417/1.f:MHBJAE_05860 -            745 GH31.hmm             -            427  8.2e-101  342.5  10.6   1   1  8.9e-104    1e-100  342.2  10.6     1   424   181   610   181   613 0.94 [190263/417/1]
190263/404/1.f:BGJBIG_03545 -            745 GH31.hmm             -            427   3.8e-98  333.7   9.7   1   1  4.6e-101   5.3e-98  333.2   9.7     1   424   181   610   181   612 0.94 [190263/404/1]
190263/583/1.f:BCCKNC_06470 -            765 GH31.hmm             -            427   8.2e-97  329.3   7.7   1   1  9.1e-100   1.1e-96  329.0   7.7     1   425   189   628   189   630 0.89 [190263/583/1]
190263/423/1.f:PDNKFB_00390 -            668 GH31.hmm             -            427   1.8e-95  324.9   1.7   1   1   2.4e-98   2.8e-95  324.3   1.7     7   425   215   652   212   653 0.91 [190263/423/1]
190263/438/1.f:IKAFOJ_03010 -           1602 GH31.hmm             -            427   2.8e-92  314.4  14.2   1   2   5.6e-25   6.5e-22   82.5   1.8     1   124   242   386   242   411 0.81 [190263/438/1]
190263/438/1.f:IKAFOJ_03010 -           1602 GH31.hmm             -            427   2.8e-92  314.4  14.2   2   2   4.6e-71   5.3e-68  234.4   7.5   193   427   412   650   382   650 0.93 [190263/438/1]
190263/502/1.f:NONHGB_21650 -            715 GH31.hmm             -            427   7.6e-88  299.8   4.2   1   1   8.1e-91   9.4e-88  299.5   4.2     2   427   196   627   195   627 0.92 [190263/502/1]
190263/405/1.f:EHKDKA_23580 -            715 GH31.hmm             -            427   1.4e-87  298.9   4.2   1   1   1.5e-90   1.7e-87  298.6   4.2     2   427   196   627   195   627 0.91 [190263/405/1]
190263/502/1.f:NONHGB_06785 -            715 GH31.hmm             -            427   1.3e-85  292.4   2.0   1   1   1.4e-88   1.6e-85  292.1   2.0     3   427   198   626   196   626 0.92 [190263/502/1]
190263/401/1.f:DMFJNH_04440 -            712 GH31.hmm             -            427   3.7e-84  287.6   3.8   1   1   4.1e-87   4.7e-84  287.3   3.8     2   426   202   631   201   632 0.89 [190263/401/1]
190263/504/1.f:DOAHDM_04940 -            712 GH31.hmm             -            427   3.7e-84  287.6   3.8   1   1   4.1e-87   4.7e-84  287.3   3.8     2   426   202   631   201   632 0.89 [190263/504/1]
190263/497/1.f:HENFFC_15400 -            531 GH31.hmm             -            427   1.5e-83  285.6   1.4   1   1   1.7e-86     2e-83  285.2   1.4    32   421   142   528   133   530 0.91 [190263/497/1]
190263/417/1.f:MHBJAE_09275 -            551 GH31.hmm             -            427   3.2e-83  284.6   3.9   1   1   3.8e-86   4.4e-83  284.1   3.9    31   421   164   547   150   549 0.89 [190263/417/1]
190263/365/1.f:JJMMAK_14210 -            531 GH31.hmm             -            427   5.5e-83  283.8   0.9   1   1   6.4e-86   7.4e-83  283.3   0.9    32   421   142   528   133   530 0.91 [190263/365/1]
190263/488/1.f:DNPFAC_10430 -            529 GH31.hmm             -            427     1e-82  282.9   2.8   1   1   1.2e-85   1.4e-82  282.4   2.8    31   421   142   525   128   527 0.89 [190263/488/1]
190263/562/1.f:KJGNCK_05675 -            711 GH31.hmm             -            427     1e-81  279.6   1.5   1   1   1.1e-84   1.3e-81  279.3   1.5     2   426   201   630   200   631 0.89 [190263/562/1]
190263/405/1.f:EHKDKA_03105 -            716 GH31.hmm             -            427   1.9e-81  278.7   3.7   1   1     2e-84   2.3e-81  278.4   3.7     3   427   203   631   201   631 0.92 [190263/405/1]
190263/409/1.f:AJJCMD_21725 -            703 GH31.hmm             -            427   2.4e-81  278.4   0.1   1   1   2.6e-84     3e-81  278.0   0.1     2   427   195   623   194   623 0.91 [190263/409/1]
190263/404/1.f:BGJBIG_02480 -            528 GH31.hmm             -            427   2.9e-80  274.8   0.8   1   1   3.3e-83   3.9e-80  274.4   0.8    32   421   139   525   103   527 0.89 [190263/404/1]
190263/562/1.f:KJGNCK_07235 -            528 GH31.hmm             -            427   8.1e-80  273.3   1.6   1   1   9.8e-83   1.1e-79  272.8   1.6    32   421   139   525   124   527 0.89 [190263/562/1]
190263/516/1.f:MGNFBC_18280 -           1047 GH31.hmm             -            427   8.9e-79  269.9   9.2   1   1   6.1e-71   7.1e-68  234.0   4.5   198   427   668   899   662   899 0.97 [190263/516/1]
190263/379/1.f:LOJHAC_21330 -           1047 GH31.hmm             -            427   3.1e-78  268.1   9.2   1   1   2.1e-70   2.5e-67  232.2   4.5   198   427   668   899   662   899 0.97 [190263/379/1]
190263/368/1.f:HPMDBE_20185 -           1047 GH31.hmm             -            427   3.1e-78  268.1   9.2   1   1   2.1e-70   2.5e-67  232.2   4.5   198   427   668   899   662   899 0.97 [190263/368/1]
190263/369/1.f:JCDIFE_07395 -            726 GH31.hmm             -            427   1.3e-77  266.1   3.4   1   1   1.4e-80   1.6e-77  265.7   3.4     2   427   214   644   213   644 0.92 [190263/369/1]
190263/390/1.f:OLPOLE_13250 -            498 GH31.hmm             -            427   1.3e-76  262.7   0.1   1   1   2.1e-79   2.4e-76  261.9   0.1    33   412   116   486   107   497 0.87 [190263/390/1]
190263/439/1.f:KGLJGB_03935 -            992 GH31.hmm             -            427   3.2e-76  261.5   9.1   1   1   2.6e-78   3.1e-75  258.2   9.1     1   427   455   871   455   871 0.88 [190263/439/1]
190263/439/1.f:KGLJGB_03875 -            980 GH31.hmm             -            427     8e-76  260.2   0.3   1   1   2.1e-78   2.4e-75  258.6   0.3     2   426   270   685   269   686 0.89 [190263/439/1]
190263/439/1.f:KGLJGB_03960 -            782 GH31.hmm             -            427     5e-74  254.2   4.1   1   1     6e-77   6.9e-74  253.8   1.7     2   426   247   667   246   668 0.88 [190263/439/1]
190263/478/1.f:BOCJFA_15070 -            508 GH31.hmm             -            427   5.3e-72  247.6   0.0   1   1   6.4e-75   7.4e-72  247.1   0.0    32   408   117   494   105   499 0.89 [190263/478/1]
190263/439/1.f:KGLJGB_03930 -           1862 GH31.hmm             -            427   6.4e-69  237.4   2.9   1   1   5.5e-72   6.4e-69  237.4   2.9     2   427   269   690   268   690 0.89 [190263/439/1]
190263/497/1.f:HENFFC_03080 -            794 GH31.hmm             -            427   1.5e-68  236.2   8.2   1   2   1.1e-19   1.2e-16   65.1   0.3     1   105   257   379   257   398 0.88 [190263/497/1]
190263/497/1.f:HENFFC_03080 -            794 GH31.hmm             -            427   1.5e-68  236.2   8.2   2   2   8.9e-53     1e-49  174.1   2.7   151   427   403   666   400   666 0.93 [190263/497/1]
190263/365/1.f:JJMMAK_08480 -            794 GH31.hmm             -            427   3.3e-68  235.1   8.8   1   2   4.5e-19   5.2e-16   63.1   0.4     1   105   257   379   257   398 0.88 [190263/365/1]
190263/365/1.f:JJMMAK_08480 -            794 GH31.hmm             -            427   3.3e-68  235.1   8.8   2   2   3.4e-53     4e-50  175.5   2.7   151   427   403   666   400   666 0.93 [190263/365/1]
190263/506/1.f:IKGMED_05205 -           1303 GH31.hmm             -            427     1e-67  233.5   0.4   1   1   5.3e-58   6.1e-55  191.4   0.6   206   427   435   666   417   666 0.92 [190263/506/1]
190263/504/1.f:DOAHDM_05385 -           1294 GH31.hmm             -            427     2e-66  229.2   2.1   1   1   3.1e-58   3.6e-55  192.1   1.0   212   427   459   683   445   683 0.93 [190263/504/1]
190263/401/1.f:DMFJNH_04785 -           1294 GH31.hmm             -            427   2.2e-66  229.1   2.1   1   1   2.2e-58   2.5e-55  192.6   0.8   212   427   459   683   441   683 0.93 [190263/401/1]
190263/404/1.f:BGJBIG_03620 -           1285 GH31.hmm             -            427   3.5e-66  228.4   1.2   1   1   9.8e-58   1.1e-54  190.5   0.5   212   427   449   673   440   673 0.93 [190263/404/1]
190263/417/1.f:MHBJAE_08525 -           1288 GH31.hmm             -            427   4.4e-66  228.1   2.8   1   1   9.3e-58   1.1e-54  190.5   0.7   212   427   454   678   438   678 0.93 [190263/417/1]
190263/488/1.f:DNPFAC_09735 -           1288 GH31.hmm             -            427   5.5e-66  227.8   3.0   1   1   8.1e-58   9.4e-55  190.7   0.8   212   427   454   678   437   678 0.93 [190263/488/1]
190263/583/1.f:BCCKNC_04560 -           1278 GH31.hmm             -            427   1.5e-65  226.3   3.1   1   1   1.3e-56   1.6e-53  186.7   1.6   212   427   447   671   429   671 0.94 [190263/583/1]
190263/399/1.f:CDLIDF_06760 -           1271 GH31.hmm             -            427     2e-65  225.9   1.9   1   1   5.5e-56   6.4e-53  184.7   1.6   212   427   440   664   421   664 0.93 [190263/399/1]
190263/497/1.f:HENFFC_04965 -           1308 GH31.hmm             -            427   4.3e-65  224.8   5.1   1   1   1.6e-55   1.8e-52  183.2   1.6   212   427   455   679   439   679 0.94 [190263/497/1]
190263/502/1.f:NONHGB_12810 -           1284 GH31.hmm             -            427   7.3e-65  224.1   4.8   1   1   2.3e-56   2.6e-53  186.0   0.8   208   427   447   676   434   676 0.92 [190263/502/1]
190263/438/1.f:IKAFOJ_00515 -           2169 GH31.hmm             -            427   2.1e-64  222.5   4.0   1   1   3.2e-57   3.8e-54  188.8   1.2   199   427   462   703   455   703 0.93 [190263/438/1]
190263/404/1.f:BGJBIG_02920 -           1289 GH31.hmm             -            427   2.1e-64  222.5   4.0   1   1   1.2e-56   1.4e-53  186.9   1.4   212   427   452   676   436   676 0.93 [190263/404/1]
190263/502/1.f:NONHGB_00225 -            537 GH31.hmm             -            427   3.2e-64  221.9   6.3   1   1   3.6e-67   4.2e-64  221.5   6.3    22   427    21   427    15   427 0.87 [190263/502/1]
190263/365/1.f:JJMMAK_07405 -           1288 GH31.hmm             -            427   4.2e-64  221.5   7.3   1   1     1e-54   1.2e-51  180.5   1.6   212   427   455   679   440   679 0.93 [190263/365/1]
190263/560/1.f:OAGBLH_01930 -           2314 GH31.hmm             -            427     3e-61  212.2   2.0   1   1   5.5e-62   6.4e-59  204.5   2.0    10   427   266   742   253   742 0.85 [190263/560/1]
190263/564/1.f:KIHMBJ_09890 -            792 GH31.hmm             -            427   4.9e-61  211.4  10.7   1   1   1.2e-62   1.4e-59  206.7   9.5     1   427   256   664   256   664 0.88 [190263/564/1]
190263/560/1.f:OAGBLH_01940 -           2026 GH31.hmm             -            427   6.9e-58  201.1   7.1   1   1   2.7e-54   3.2e-51  179.1   0.9   202   427   494   728   484   728 0.90 [190263/560/1]
190263/512/1.f:JBCLGH_01270 -           2102 GH31.hmm             -            427   6.2e-56  194.6   8.8   1   1   2.6e-56     3e-53  185.8   8.8     7   427   268   744   257   744 0.75 [190263/512/1]
190263/447/1.f:OLODHC_01400 -           1356 GH31.hmm             -            427   6.3e-56  194.6   7.9   1   1   4.8e-56   5.6e-53  184.9   0.9   198   427   467   715   461   715 0.92 [190263/447/1]
190263/434/1.f:NCAOKI_03665 -           1987 GH31.hmm             -            427   2.6e-47  166.2   0.3   1   1   8.7e-49     1e-45  161.0   0.3     8   427   266   755   262   755 0.84 [190263/434/1]
190263/564/1.f:KIHMBJ_10885 -            527 GH31.hmm             -            427   8.3e-46  161.3   0.0   1   1   3.3e-48   3.9e-45  159.1   0.0    42   420   150   514   135   518 0.87 [190263/564/1]
190263/540/1.f:BCGFLB_10345 -            524 GH31.hmm             -            427   1.6e-42  150.5   0.0   1   1   4.4e-45   5.1e-42  148.8   0.0    42   412   157   512   113   522 0.86 [190263/540/1]
190263/437/1.f:LBKKEJ_06090 -            258 GH31.hmm             -            427   6.7e-21   79.2   0.0   1   1   8.3e-24   9.6e-21   78.7   0.0     2    73   187   258   186   258 0.98 [190263/437/1]
#
# Program:         hmmsearch
# Version:         3.3.2 (Nov 2020)
# Pipeline mode:   SEARCH
# Query file:      /kb/module/work/tmp/output.1725388484971/GH31/GH31.hmm
# Target file:     /kb/module/work/tmp/output.1725388484971/hCom2_RAST.fasta
# Option settings: /kb/module/hmmer/bin/hmmsearch --domtblout /kb/module/work/tmp/output.1725388484971/GH31/GH31-hCom2_RAST.hitout.txt --noali --notextw --domE 1e-15 /kb/module/work/tmp/output.1725388484971/GH31/GH31.hmm /kb/module/work/tmp/output.1725388484971/hCom2_RAST.fasta 
# Current dir:     /kb/module/work/tmp/output.1725388484971
# Date:            Tue Sep  3 18:51:01 2024
# [ok]
