#                                                                                   --- full sequence --- -------------- this domain -------------   hmm coord   ali coord   env coord
# target name               accession   tlen query name           accession   qlen   E-value  score  bias   #  of  c-Evalue  i-Evalue  score  bias  from    to  from    to  from    to  acc description of target
#       ------------------- ---------- ----- -------------------- ---------- ----- --------- ------ ----- --- --- --------- --------- ------ ----- ----- ----- ----- ----- ----- ----- ---- ---------------------
190263/472/1.f:NMGHJI_16650 -            739 GH36.hmm             -            688  6.6e-293  978.0   0.2   1   1  9.2e-296  7.5e-293  977.8   0.2     2   686    11   709    10   711 0.99 [190263/472/1]
190263/455/1.f:GDGJDA_16135 -            747 GH36.hmm             -            688    8e-292  974.4   0.2   1   1  1.1e-294  9.1e-292  974.2   0.2     2   686    13   711    12   713 0.98 [190263/455/1]
190263/584/1.f:DDCNLE_09060 -            728 GH36.hmm             -            688    1e-287  960.8   0.0   1   1  1.4e-290  1.1e-287  960.7   0.0     1   687    11   710    11   711 0.99 [190263/584/1]
190263/447/1.f:OLODHC_00180 -            742 GH36.hmm             -            688  1.1e-287  960.7   0.1   1   1  1.5e-290  1.2e-287  960.6   0.1     2   686    12   710    11   712 0.98 [190263/447/1]
190263/514/1.f:MMHOAN_04635 -            743 GH36.hmm             -            688  3.5e-286  955.7   0.0   1   1  4.9e-289    4e-286  955.5   0.0     2   687    12   711    11   712 0.99 [190263/514/1]
190263/383/1.f:KCEMEB_07095 -            751 GH36.hmm             -            688  7.8e-286  954.6   0.0   1   1  1.1e-288  8.9e-286  954.4   0.0     2   687    12   711    11   712 0.98 [190263/383/1]
190263/495/1.f:ANKNCD_04910 -            742 GH36.hmm             -            688  1.7e-284  950.2   0.0   1   1  2.4e-287  1.9e-284  950.0   0.0     2   686    13   711    12   713 0.98 [190263/495/1]
190263/513/1.f:MKNBNH_11580 -            801 GH36.hmm             -            688  7.3e-283  944.8   0.0   1   1  1.1e-285  9.1e-283  944.4   0.0     1   679    10   721    10   727 0.98 [190263/513/1]
190263/513/1.f:MKNBNH_02060 -            774 GH36.hmm             -            688  2.2e-282  943.1   0.0   1   1  3.4e-285  2.8e-282  942.8   0.0     2   673    12   698    11   716 0.97 [190263/513/1]
190263/455/1.f:GDGJDA_00460 -            740 GH36.hmm             -            688  8.6e-282  941.2   0.0   1   1  1.2e-284  9.7e-282  941.0   0.0     2   686    12   710    11   712 0.98 [190263/455/1]
190263/520/1.f:GGDGDE_07870 -            802 GH36.hmm             -            688  4.8e-281  938.7   0.0   1   1  7.5e-284  6.1e-281  938.4   0.0     1   680     8   717     8   723 0.98 [190263/520/1]
190263/425/1.f:HPANHD_09810 -            731 GH36.hmm             -            688  5.6e-281  938.5   0.1   1   1  7.8e-284  6.3e-281  938.3   0.1     1   686    13   712    13   714 0.99 [190263/425/1]
190263/478/1.f:BOCJFA_15030 -            739 GH36.hmm             -            688  6.8e-280  935.0   2.0   1   1  9.4e-283  7.6e-280  934.8   2.0     2   687    12   715    11   716 0.97 [190263/478/1]
190263/382/1.f:JACGKO_10320 -            746 GH36.hmm             -            688  1.3e-279  934.1   0.4   1   1  1.8e-282  1.4e-279  933.9   0.4     2   687    12   716    11   717 0.98 [190263/382/1]
190263/447/1.f:OLODHC_02915 -            747 GH36.hmm             -            688  1.6e-278  930.4   0.0   1   1  2.3e-281  1.8e-278  930.2   0.0     2   687    12   717    11   718 0.98 [190263/447/1]
190263/412/1.f:OOIBGL_16900 -            736 GH36.hmm             -            688  2.3e-278  929.9   0.1   1   1  3.2e-281  2.6e-278  929.7   0.1     2   687    12   712    11   713 0.98 [190263/412/1]
190263/584/1.f:DDCNLE_04595 -            729 GH36.hmm             -            688  6.5e-276  921.8   0.0   1   1  9.1e-279  7.4e-276  921.6   0.0     2   687    12   711    11   712 0.98 [190263/584/1]
190263/384/1.f:CDKGIA_00630 -            740 GH36.hmm             -            688  8.6e-275  918.1   0.0   1   1  1.2e-277  9.7e-275  917.9   0.0     2   686    12   710    11   712 0.99 [190263/384/1]
190263/409/1.f:AJJCMD_02205 -            730 GH36.hmm             -            688  5.1e-274  915.5   0.0   1   1  7.1e-277  5.8e-274  915.4   0.0     2   687    12   712    11   713 0.99 [190263/409/1]
190263/580/1.f:JCPJNN_03110 -            744 GH36.hmm             -            688  8.5e-274  914.8   0.0   1   1  1.2e-276  9.6e-274  914.6   0.0     1   687    25   725    25   726 0.99 [190263/580/1]
190263/546/1.f:GEHMID_10855 -            730 GH36.hmm             -            688    9e-273  911.4   0.0   1   1  1.2e-275    1e-272  911.2   0.0     1   687    11   711    11   712 0.99 [190263/546/1]
190263/495/1.f:ANKNCD_15570 -            800 GH36.hmm             -            688  1.5e-272  910.7   0.0   1   1  2.2e-275  1.8e-272  910.4   0.0     1   680     8   719     8   725 0.97 [190263/495/1]
190263/513/1.f:MKNBNH_01745 -            733 GH36.hmm             -            688    6e-272  908.7   0.1   1   1  8.4e-275  6.8e-272  908.5   0.1     1   687    11   711    11   712 0.98 [190263/513/1]
190263/514/1.f:MMHOAN_03825 -            727 GH36.hmm             -            688  3.3e-271  906.2   0.0   1   1  4.6e-274  3.7e-271  906.1   0.0     2   687    12   709    11   710 0.99 [190263/514/1]
190263/382/1.f:JACGKO_04290 -            749 GH36.hmm             -            688  6.4e-271  905.3   0.0   1   1  8.9e-274  7.2e-271  905.1   0.0     1   687    10   731    10   732 0.98 [190263/382/1]
190263/520/1.f:GGDGDE_05450 -            729 GH36.hmm             -            688  1.3e-270  904.3   0.0   1   1  1.8e-273  1.4e-270  904.1   0.0     1   687    11   710    11   711 0.98 [190263/520/1]
190263/423/1.f:PDNKFB_13130 -            728 GH36.hmm             -            688  4.4e-269  899.2   0.0   1   1  6.2e-272    5e-269  899.0   0.0     1   686    11   709    11   711 0.99 [190263/423/1]
190263/400/1.f:EIBLKL_00460 -            730 GH36.hmm             -            688  7.3e-269  898.5   0.0   1   1    1e-271  8.3e-269  898.3   0.0     1   686    11   710    11   712 0.98 [190263/400/1]
190263/443/1.f:LNLACP_05290 -            748 GH36.hmm             -            688  4.6e-268  895.9   0.0   1   1  6.3e-271  5.1e-268  895.7   0.0     1   686    11   729    11   731 0.96 [190263/443/1]
190263/520/1.f:GGDGDE_19995 -            750 GH36.hmm             -            688  1.3e-267  894.4   0.0   1   1  1.9e-270  1.6e-267  894.1   0.0     2   679    12   704    11   731 0.98 [190263/520/1]
190263/580/1.f:JCPJNN_24535 -            735 GH36.hmm             -            688  1.5e-265  887.6   0.0   1   1    2e-268  1.6e-265  887.4   0.0     1   687    11   717    11   718 0.98 [190263/580/1]
190263/507/1.f:KPMKPI_02440 -            935 GH36.hmm             -            688  9.2e-265  884.9   0.1   1   1  1.3e-267  1.1e-264  884.7   0.1     1   687    11   702    11   703 0.99 [190263/507/1]
190263/423/1.f:PDNKFB_09540 -            946 GH36.hmm             -            688  1.9e-264  883.9   0.0   1   1  2.7e-267  2.2e-264  883.7   0.0     1   687    11   702    11   703 0.99 [190263/423/1]
190263/409/1.f:AJJCMD_01545 -            754 GH36.hmm             -            688  2.3e-264  883.6   0.0   1   1  3.2e-267  2.6e-264  883.5   0.0     2   686    12   718    11   720 0.97 [190263/409/1]
190263/472/1.f:NMGHJI_16620 -            733 GH36.hmm             -            688  1.7e-263  880.7   0.3   1   1  2.4e-266  1.9e-263  880.6   0.3     1   687    12   713    12   714 0.99 [190263/472/1]
190263/532/1.f:BGDBBA_05265 -            725 GH36.hmm             -            688  2.4e-263  880.3   0.1   1   1  3.3e-266  2.7e-263  880.1   0.1     1   686    11   705    11   707 0.99 [190263/532/1]
190263/576/1.f:FNMBCG_03455 -            748 GH36.hmm             -            688    3e-263  880.0   0.0   1   1  4.4e-266  3.5e-263  879.7   0.0     1   673    11   701    11   728 0.98 [190263/576/1]
190263/541/1.f:IDEEIE_11670 -            734 GH36.hmm             -            688  9.6e-263  878.3   0.3   1   1  1.3e-265  1.1e-262  878.1   0.3     1   687    11   712    11   713 0.99 [190263/541/1]
190263/455/1.f:GDGJDA_03810 -            727 GH36.hmm             -            688  5.2e-262  875.8   0.0   1   1  7.2e-265  5.8e-262  875.7   0.0     2   687    12   708    11   709 0.99 [190263/455/1]
190263/447/1.f:OLODHC_03830 -            728 GH36.hmm             -            688    7e-262  875.4   0.0   1   1  9.7e-265  7.9e-262  875.2   0.0     1   687    11   708    11   709 0.99 [190263/447/1]
190263/549/1.f:CNBDFB_11600 -            726 GH36.hmm             -            688  1.5e-261  874.4   0.0   1   1    2e-264  1.6e-261  874.2   0.0     2   687    12   708    11   709 0.99 [190263/549/1]
190263/514/1.f:MMHOAN_04630 -            728 GH36.hmm             -            688  1.5e-261  874.4   0.0   1   1    2e-264  1.7e-261  874.2   0.0     2   686    12   707    11   709 0.99 [190263/514/1]
190263/478/1.f:BOCJFA_06460 -            726 GH36.hmm             -            688  1.3e-260  871.2   0.0   1   1  1.8e-263  1.5e-260  871.1   0.0     2   686    12   707    11   709 0.99 [190263/478/1]
190263/370/1.f:MFKGBO_00165 -            734 GH36.hmm             -            688  9.7e-259  865.0   0.0   1   1  1.4e-261  1.1e-258  864.9   0.0     1   687    11   716    11   717 0.98 [190263/370/1]
190263/375/1.f:CNGHJF_21235 -            729 GH36.hmm             -            688  4.6e-258  862.8   0.0   1   1  6.4e-261  5.2e-258  862.6   0.0     1   687    11   711    11   712 0.98 [190263/375/1]
190263/384/1.f:CDKGIA_19565 -            733 GH36.hmm             -            688  2.9e-257  860.2   0.0   1   1    4e-260  3.3e-257  860.0   0.0     1   687    11   715    11   716 0.99 [190263/384/1]
190263/390/1.f:OLPOLE_13475 -            731 GH36.hmm             -            688  4.9e-257  859.4   0.0   1   1  6.9e-260  5.6e-257  859.2   0.0     1   687    11   712    11   713 0.98 [190263/390/1]
190263/513/1.f:MKNBNH_00205 -            730 GH36.hmm             -            688  2.3e-255  853.9   0.0   1   1  3.2e-258  2.6e-255  853.7   0.0     1   687    11   712    11   713 0.99 [190263/513/1]
190263/433/1.f:ADFNDI_16365 -            732 GH36.hmm             -            688  8.6e-255  852.0   0.0   1   1  1.2e-257  9.7e-255  851.8   0.0     1   686     9   713     9   715 0.98 [190263/433/1]
190263/546/1.f:GEHMID_12205 -            728 GH36.hmm             -            688  7.3e-249  832.4   0.0   1   1    1e-251  8.2e-249  832.2   0.0     2   686    12   709    11   711 0.98 [190263/546/1]
190263/390/1.f:OLPOLE_18615 -            786 GH36.hmm             -            688  2.2e-242  811.0   0.0   1   1  3.4e-245  2.8e-242  810.7   0.0     2   673     9   687     8   701 0.97 [190263/390/1]
190263/443/1.f:LNLACP_02125 -            725 GH36.hmm             -            688  1.9e-238  798.0   0.0   1   1  2.6e-241  2.1e-238  797.8   0.0     2   687    12   706    11   707 0.97 [190263/443/1]
190263/421/1.f:PBKEAC_07365 -            732 GH36.hmm             -            688  2.2e-226  758.1   0.0   1   1  3.1e-229  2.5e-226  757.9   0.0     2   686    26   714    25   716 0.95 [190263/421/1]
190263/446/1.f:LHJMMB_07580 -            735 GH36.hmm             -            688  1.9e-224  751.7   2.9   1   1  2.7e-227  2.2e-224  751.5   2.9     2   686    29   717    28   719 0.95 [190263/446/1]
190263/366/1.f:DBJPFP_06360 -            733 GH36.hmm             -            688  3.2e-224  751.0   0.0   1   1  4.5e-227  3.6e-224  750.8   0.0     2   687    27   716    26   717 0.96 [190263/366/1]
190263/527/1.f:HGADJN_09250 -            770 GH36.hmm             -            688    4e-218  730.8   0.0   1   1  6.7e-221  5.4e-218  730.4   0.0    13   673    33   709    26   722 0.94 [190263/527/1]
190263/368/1.f:HPMDBE_10025 -            735 GH36.hmm             -            688  8.6e-217  726.4   0.0   1   1  1.3e-219    1e-216  726.1   0.0     4   687    27   709    25   710 0.96 [190263/368/1]
190263/516/1.f:MGNFBC_02325 -            735 GH36.hmm             -            688  4.3e-216  724.1   0.0   1   1  6.4e-219  5.2e-216  723.8   0.0     4   687    27   709    25   710 0.96 [190263/516/1]
190263/379/1.f:LOJHAC_10590 -            735 GH36.hmm             -            688  6.7e-216  723.4   0.0   1   1  9.9e-219    8e-216  723.2   0.0     4   687    27   709    25   710 0.96 [190263/379/1]
190263/417/1.f:MHBJAE_05855 -            722 GH36.hmm             -            688  1.2e-215  722.7   0.0   1   1  1.6e-218  1.3e-215  722.5   0.0     2   686    24   704    23   706 0.96 [190263/417/1]
190263/458/1.f:AMPCAI_01255 -            708 GH36.hmm             -            688  2.4e-215  721.6   0.2   1   1  3.3e-218  2.7e-215  721.4   0.2     1   687     8   690     8   691 0.96 [190263/458/1]
190263/369/1.f:JCDIFE_13180 -            734 GH36.hmm             -            688  2.4e-215  721.6   0.3   1   1  3.7e-218    3e-215  721.3   0.3     4   687    27   708    25   709 0.96 [190263/369/1]
190263/461/1.f:DHPHOK_12170 -            734 GH36.hmm             -            688  3.6e-214  717.7   0.4   1   1  5.5e-217  4.4e-214  717.4   0.4     4   687    27   708    25   709 0.96 [190263/461/1]
190263/421/1.f:PBKEAC_05125 -            730 GH36.hmm             -            688  5.4e-214  717.2   0.0   1   1  8.1e-217  6.5e-214  716.9   0.0     2   684    26   708    25   711 0.95 [190263/421/1]
190263/437/1.f:LBKKEJ_11385 -            735 GH36.hmm             -            688  2.2e-213  715.1   0.1   1   1  3.1e-216  2.5e-213  715.0   0.1     4   687    27   709    24   710 0.96 [190263/437/1]
190263/516/1.f:MGNFBC_00455 -            732 GH36.hmm             -            688  3.4e-213  714.5   0.1   1   1  4.7e-216  3.8e-213  714.3   0.1     2   687    26   714    25   715 0.95 [190263/516/1]
190263/379/1.f:LOJHAC_00435 -            732 GH36.hmm             -            688  6.7e-213  713.5   0.0   1   1  9.3e-216  7.6e-213  713.4   0.0     2   687    26   714    25   715 0.95 [190263/379/1]
190263/405/1.f:EHKDKA_08910 -            741 GH36.hmm             -            688  1.2e-212  712.7   0.0   1   1  1.6e-215  1.3e-212  712.6   0.0     3   687    26   709    24   710 0.96 [190263/405/1]
190263/368/1.f:HPMDBE_00455 -            732 GH36.hmm             -            688  1.3e-212  712.6   0.1   1   1  1.8e-215  1.5e-212  712.4   0.1     2   687    26   714    25   715 0.95 [190263/368/1]
190263/399/1.f:CDLIDF_03025 -            735 GH36.hmm             -            688  2.1e-212  711.9   0.9   1   1  2.9e-215  2.3e-212  711.7   0.9     4   687    27   709    24   710 0.96 [190263/399/1]
190263/475/1.f:MCKEEP_03240 -            948 GH36.hmm             -            688  7.4e-212  710.1   0.2   1   1  1.1e-214  8.8e-212  709.8   0.2     3   686    28   711    26   713 0.95 [190263/475/1]
190263/595/1.f:HGDLEC_05920 -            732 GH36.hmm             -            688  1.6e-211  709.0   1.5   1   1  2.2e-214  1.8e-211  708.8   1.5     2   687    23   707    22   708 0.97 [190263/595/1]
190263/573/1.f:LIDFCI_20350 -            948 GH36.hmm             -            688  1.9e-211  708.7   0.1   1   1  2.8e-214  2.3e-211  708.5   0.1     3   686    28   711    26   713 0.95 [190263/573/1]
190263/417/1.f:MHBJAE_04630 -            719 GH36.hmm             -            688  3.1e-211  708.0   0.0   1   1  4.3e-214  3.5e-211  707.9   0.0     2   687    25   702    24   703 0.96 [190263/417/1]
190263/404/1.f:BGJBIG_04730 -            729 GH36.hmm             -            688  3.7e-211  707.8   0.0   1   1  5.2e-214  4.2e-211  707.6   0.0     2   687    25   712    24   713 0.96 [190263/404/1]
190263/421/1.f:PBKEAC_11030 -            725 GH36.hmm             -            688  7.7e-211  706.7   0.1   1   1  1.1e-213  8.7e-211  706.5   0.1     3   687    26   707    24   708 0.96 [190263/421/1]
190263/488/1.f:DNPFAC_05195 -            785 GH36.hmm             -            688  1.2e-210  706.1   0.0   1   1  1.7e-213  1.4e-210  705.9   0.0     2   687    91   768    90   769 0.96 [190263/488/1]
190263/388/1.f:FDDJJK_03830 -            718 GH36.hmm             -            688  1.4e-210  705.8   0.1   1   1    2e-213  1.6e-210  705.7   0.1     2   687    26   701    25   702 0.96 [190263/388/1]
190263/405/1.f:EHKDKA_19965 -            735 GH36.hmm             -            688  2.1e-210  705.3   0.0   1   1  3.3e-213  2.6e-210  704.9   0.0     4   687    27   709    25   710 0.96 [190263/405/1]
190263/573/1.f:LIDFCI_17015 -            729 GH36.hmm             -            688    1e-209  703.0   0.0   1   1  1.4e-212  1.1e-209  702.8   0.0     2   687    25   712    24   713 0.96 [190263/573/1]
190263/534/1.f:OHCFJE_08380 -            718 GH36.hmm             -            688  3.7e-209  701.2   0.2   1   1  5.1e-212  4.2e-209  701.0   0.2     2   687    26   701    25   702 0.96 [190263/534/1]
190263/562/1.f:KJGNCK_03445 -            729 GH36.hmm             -            688    4e-209  701.1   0.0   1   1  5.5e-212  4.5e-209  700.9   0.0     2   687    25   712    24   713 0.96 [190263/562/1]
190263/552/1.f:EMALNL_06665 -            729 GH36.hmm             -            688    4e-209  701.1   0.0   1   1  5.5e-212  4.5e-209  700.9   0.0     2   687    25   712    24   713 0.96 [190263/552/1]
190263/399/1.f:CDLIDF_01935 -            730 GH36.hmm             -            688  4.1e-209  701.0   0.1   1   1  5.7e-212  4.6e-209  700.9   0.1     2   687    26   713    25   714 0.95 [190263/399/1]
190263/474/1.f:AMDJJA_09675 -            771 GH36.hmm             -            688  4.9e-209  700.8   0.0   1   1  7.9e-212  6.4e-209  700.4   0.0    17   673    38   717    23   732 0.93 [190263/474/1]
190263/401/1.f:DMFJNH_03260 -            718 GH36.hmm             -            688  5.8e-209  700.5   0.0   1   1    8e-212  6.5e-209  700.4   0.0     2   687    26   701    25   702 0.96 [190263/401/1]
190263/545/1.f:NCJBIN_04490 -            718 GH36.hmm             -            688  5.8e-209  700.5   0.2   1   1  8.2e-212  6.6e-209  700.3   0.2     2   687    26   701    25   702 0.96 [190263/545/1]
190263/504/1.f:DOAHDM_03720 -            718 GH36.hmm             -            688  7.6e-209  700.1   0.0   1   1  1.1e-211  8.5e-209  700.0   0.0     2   687    26   701    25   702 0.96 [190263/504/1]
190263/552/1.f:EMALNL_03565 -            735 GH36.hmm             -            688  1.2e-208  699.5   0.0   1   1  1.6e-211  1.3e-208  699.3   0.0     2   687    25   709    24   710 0.96 [190263/552/1]
190263/583/1.f:BCCKNC_07105 -            729 GH36.hmm             -            688  1.3e-208  699.4   1.0   1   1  1.8e-211  1.4e-208  699.2   1.0     2   687    25   712    24   713 0.96 [190263/583/1]
190263/460/1.f:IHFGKI_13750 -            726 GH36.hmm             -            688  2.7e-208  698.3   0.6   1   1  3.8e-211  3.1e-208  698.1   0.6     2   687    24   711    23   712 0.96 [190263/460/1]
190263/391/1.f:NONBJF_03810 -            718 GH36.hmm             -            688  6.8e-208  697.0   0.2   1   1  9.5e-211  7.7e-208  696.8   0.2     2   687    26   701    25   702 0.96 [190263/391/1]
190263/475/1.f:MCKEEP_07405 -            729 GH36.hmm             -            688  1.2e-207  696.1   0.0   1   1  1.7e-210  1.4e-207  696.0   0.0     2   687    25   712    24   713 0.96 [190263/475/1]
190263/556/1.f:EMIPPF_05975 -            725 GH36.hmm             -            688  7.7e-207  693.5   0.0   1   1  1.1e-209  8.7e-207  693.3   0.0     3   686    26   706    24   708 0.96 [190263/556/1]
190263/401/1.f:DMFJNH_04665 -            718 GH36.hmm             -            688  1.6e-206  692.4   0.1   1   1  2.3e-209  1.9e-206  692.2   0.1     2   686    26   700    25   702 0.96 [190263/401/1]
190263/405/1.f:EHKDKA_24230 -            729 GH36.hmm             -            688  3.5e-206  691.3   0.3   1   1  4.8e-209  3.9e-206  691.2   0.3     2   687    25   712    24   713 0.96 [190263/405/1]
190263/504/1.f:DOAHDM_05175 -            718 GH36.hmm             -            688  5.5e-206  690.7   0.1   1   1  7.7e-209  6.2e-206  690.5   0.1     2   686    26   700    25   702 0.96 [190263/504/1]
190263/502/1.f:NONHGB_22355 -            729 GH36.hmm             -            688  1.5e-205  689.2   0.3   1   1  2.1e-208  1.7e-205  689.0   0.3     2   687    25   712    24   713 0.96 [190263/502/1]
190263/404/1.f:BGJBIG_03540 -            726 GH36.hmm             -            688  1.1e-204  686.4   0.2   1   1  1.5e-207  1.2e-204  686.2   0.2     3   687    26   709    24   710 0.95 [190263/404/1]
190263/585/1.f:DLBDDB_04455 -            718 GH36.hmm             -            688  7.8e-204  683.6   0.0   1   1  1.1e-206  8.8e-204  683.4   0.0     2   687    26   701    25   702 0.96 [190263/585/1]
190263/369/1.f:JCDIFE_07375 -            711 GH36.hmm             -            688  1.1e-203  683.1   0.0   1   1  1.7e-206  1.3e-203  682.8   0.0     3   687    31   693    30   694 0.95 [190263/369/1]
190263/437/1.f:LBKKEJ_07290 -            729 GH36.hmm             -            688  6.3e-203  680.6   0.0   1   1  8.7e-206  7.1e-203  680.4   0.0     2   687    25   711    24   712 0.96 [190263/437/1]
190263/564/1.f:KIHMBJ_00460 -            720 GH36.hmm             -            688  2.1e-201  675.6   0.0   1   1  2.9e-204  2.3e-201  675.4   0.0     2   687    27   703    26   704 0.95 [190263/564/1]
190263/365/1.f:JJMMAK_05555 -            719 GH36.hmm             -            688  3.6e-201  674.8   0.0   1   1    5e-204  4.1e-201  674.6   0.0     3   686    27   700    25   702 0.95 [190263/365/1]
190263/497/1.f:HENFFC_06700 -            719 GH36.hmm             -            688  5.3e-201  674.2   0.0   1   1  7.4e-204    6e-201  674.0   0.0     3   686    27   700    25   702 0.95 [190263/497/1]
190263/475/1.f:MCKEEP_03625 -            731 GH36.hmm             -            688  4.5e-200  671.1   0.0   1   1  6.5e-203  5.3e-200  670.9   0.0     4   686    28   710    26   712 0.95 [190263/475/1]
190263/573/1.f:LIDFCI_19840 -            731 GH36.hmm             -            688  4.5e-200  671.1   0.0   1   1  6.5e-203  5.3e-200  670.9   0.0     4   686    28   710    26   712 0.95 [190263/573/1]
190263/466/1.f:PGJOII_04860 -            715 GH36.hmm             -            688  4.7e-200  671.1   0.0   1   1  6.6e-203  5.3e-200  670.9   0.0     2   687    26   713    25   714 0.95 [190263/466/1]
190263/506/1.f:IKGMED_04430 -            716 GH36.hmm             -            688  1.8e-192  646.0   0.0   1   1  2.4e-195    2e-192  645.9   0.0     2   686     6   691     5   693 0.95 [190263/506/1]
190263/405/1.f:EHKDKA_23575 -            722 GH36.hmm             -            688  1.3e-180  606.8   0.0   1   1    2e-183  1.6e-180  606.5   0.0    47   687    61   704    22   705 0.93 [190263/405/1]
190263/502/1.f:NONHGB_21645 -            722 GH36.hmm             -            688  2.8e-180  605.7   0.0   1   1  4.3e-183  3.5e-180  605.4   0.0    48   687    62   704    26   705 0.93 [190263/502/1]
190263/400/1.f:EIBLKL_05215 -            705 GH36.hmm             -            688   9.9e-97  329.6   0.5   1   1   1.6e-99   1.3e-96  329.2   0.5     4   611     6   613     3   654 0.87 [190263/400/1]
190263/513/1.f:MKNBNH_03850 -            735 GH36.hmm             -            688   1.3e-96  329.2   1.2   1   1     3e-99   2.4e-96  328.3   1.2     3   647     5   660     3   677 0.80 [190263/513/1]
190263/412/1.f:OOIBGL_09155 -            703 GH36.hmm             -            688     7e-96  326.8   1.8   1   1   1.7e-98   1.4e-95  325.8   1.8    85   611    76   609     5   642 0.83 [190263/412/1]
190263/420/1.f:GMHOLO_02555 -            707 GH36.hmm             -            688   5.8e-93  317.1   1.7   1   1   2.1e-95   1.7e-92  315.6   1.7    85   606    69   603    41   611 0.84 [190263/420/1]
190263/580/1.f:JCPJNN_09455 -            612 GH36.hmm             -            688   1.9e-92  315.4   0.0   1   1   3.1e-95   2.5e-92  315.0   0.0   117   647    45   576    43   592 0.90 [190263/580/1]
190263/478/1.f:BOCJFA_04245 -            705 GH36.hmm             -            688   1.7e-91  312.3   1.8   1   1   8.8e-94   7.1e-91  310.2   1.8    56   613    54   618    10   684 0.83 [190263/478/1]
190263/540/1.f:BCGFLB_09955 -            693 GH36.hmm             -            688   4.9e-87  297.6   0.1   1   1     1e-89   8.1e-87  296.8   0.1    58   673    34   659    22   673 0.83 [190263/540/1]
190263/423/1.f:PDNKFB_13135 -            283 GH36.hmm             -            688   1.3e-86  296.2   0.0   1   1   1.9e-89   1.5e-86  295.9   0.0   471   686    32   247    21   249 0.96 [190263/423/1]
190263/409/1.f:AJJCMD_08435 -            695 GH36.hmm             -            688     6e-83  284.0   0.2   1   1   1.2e-85   9.7e-83  283.3   0.2    71   612    55   598    15   621 0.85 [190263/409/1]
190263/429/1.f:OMPHBF_00660 -            697 GH36.hmm             -            688   3.9e-81  278.1   0.1   1   1   6.3e-84   5.1e-81  277.7   0.1   129   618   114   612    76   657 0.86 [190263/429/1]
190263/562/1.f:KJGNCK_04020 -           1169 GH36.hmm             -            688   1.4e-80  276.2   0.3   1   1   2.7e-83   2.2e-80  275.5   0.3   113   681    84   671    50   677 0.85 [190263/562/1]
190263/475/1.f:MCKEEP_06740 -           1169 GH36.hmm             -            688   4.7e-80  274.5   0.2   1   1   9.3e-83   7.5e-80  273.8   0.2   113   681    84   671    50   677 0.85 [190263/475/1]
190263/540/1.f:BCGFLB_03875 -            690 GH36.hmm             -            688   7.1e-80  273.9   0.0   1   1   1.3e-82   1.1e-79  273.3   0.0   108   673    89   658    42   672 0.84 [190263/540/1]
190263/366/1.f:DBJPFP_01490 -            692 GH36.hmm             -            688     1e-79  273.4   0.3   1   1   1.6e-82   1.3e-79  273.0   0.3    93   683    63   672    50   677 0.85 [190263/366/1]
190263/475/1.f:MCKEEP_06745 -            699 GH36.hmm             -            688   2.7e-79  272.0   1.0   1   1     5e-82     4e-79  271.4   1.0   107   682    84   671    30   674 0.83 [190263/475/1]
190263/429/1.f:OMPHBF_03255 -            721 GH36.hmm             -            688   5.3e-79  271.0   0.0   1   1   5.2e-81   4.2e-78  268.0   0.0   106   672    84   682    60   702 0.82 [190263/429/1]
190263/562/1.f:KJGNCK_04015 -            699 GH36.hmm             -            688   2.8e-78  268.6   1.1   1   1   5.2e-81   4.2e-78  268.0   1.1   107   682    84   671    39   674 0.84 [190263/562/1]
190263/429/1.f:OMPHBF_05775 -            700 GH36.hmm             -            688   3.9e-78  268.1   0.1   1   1   6.4e-81   5.2e-78  267.7   0.1    78   654    69   647    39   671 0.86 [190263/429/1]
190263/527/1.f:HGADJN_08565 -            812 GH36.hmm             -            688   1.6e-75  259.5   0.3   1   1   2.8e-78   2.3e-75  259.0   0.3   107   603   145   673    78   682 0.82 [190263/527/1]
190263/420/1.f:GMHOLO_08215 -            816 GH36.hmm             -            688   5.5e-75  257.7   0.2   1   1   9.6e-78   7.8e-75  257.2   0.2   107   603   145   673    74   681 0.81 [190263/420/1]
190263/540/1.f:BCGFLB_03880 -            694 GH36.hmm             -            688     6e-73  251.0   0.7   1   1   2.1e-75   1.7e-72  249.5   0.7   115   673    88   661    55   677 0.85 [190263/540/1]
190263/366/1.f:DBJPFP_01485 -            695 GH36.hmm             -            688   7.6e-73  250.6   4.5   1   1   5.1e-75   4.1e-72  248.2   4.5   104   675    81   663    69   678 0.83 [190263/366/1]
190263/564/1.f:KIHMBJ_10555 -            743 GH36.hmm             -            688   3.4e-66  228.7   0.0   1   1   1.3e-68   1.1e-65  227.0   0.0   114   673   121   703    87   719 0.81 [190263/564/1]
190263/576/1.f:FNMBCG_05830 -            533 GH36.hmm             -            688     2e-55  193.1   0.5   1   1   3.4e-58   2.8e-55  192.6   0.5   294   619   185   510   158   521 0.86 [190263/576/1]
190263/468/1.f:DIOFOH_06640 -            531 GH36.hmm             -            688   7.3e-47  164.8   3.9   1   1   1.3e-49     1e-46  164.3   3.9   290   471   178   359   149   376 0.89 [190263/468/1]
190263/396/1.f:KAAOMA_00110 -            546 GH36.hmm             -            688   3.9e-45  159.1   0.3   1   1   6.6e-48   5.4e-45  158.6   0.3   303   508   207   399   175   443 0.83 [190263/396/1]
190263/494/1.f:LHPBBO_08620 -            589 GH36.hmm             -            688   8.2e-40  141.5   1.7   1   1   1.7e-42   1.4e-39  140.7   1.7   305   528   273   489   240   548 0.86 [190263/494/1]
190263/580/1.f:JCPJNN_06245 -            587 GH36.hmm             -            688   1.6e-33  120.7   3.9   1   1   8.5e-36   6.9e-33  118.6   3.9   302   615   183   489   104   500 0.80 [190263/580/1]
190263/474/1.f:AMDJJA_01265 -            600 GH36.hmm             -            688   1.7e-31  114.0   0.0   1   1   1.1e-33   8.9e-31  111.6   0.0   284   503   159   372   144   374 0.90 [190263/474/1]
190263/409/1.f:AJJCMD_23720 -            589 GH36.hmm             -            688     4e-31  112.8   7.6   1   1     3e-33   2.5e-30  110.2   7.6   291   644   167   513   101   525 0.81 [190263/409/1]
190263/447/1.f:OLODHC_02895 -            577 GH36.hmm             -            688   9.8e-31  111.5   7.8   1   1   1.1e-31   9.2e-29  105.0   3.5   303   501   172   368   106   369 0.88 [190263/447/1]
190263/422/1.f:HJBCNJ_20255 -           1078 GH36.hmm             -            688   8.3e-30  108.4   2.4   1   1   1.1e-30     9e-28  101.7   1.2   304   529   307   537   266   559 0.85 [190263/422/1]
190263/552/1.f:EMALNL_03625 -            688 GH36.hmm             -            688   4.5e-28  102.7   0.1   1   1   2.6e-30   2.1e-27  100.5   0.1   292   401   295   417   274   467 0.85 [190263/552/1]
190263/573/1.f:LIDFCI_19695 -            688 GH36.hmm             -            688   4.8e-28  102.6   0.1   1   1   2.6e-30   2.1e-27  100.4   0.1   292   401   295   417   275   467 0.85 [190263/573/1]
190263/585/1.f:DLBDDB_05465 -            688 GH36.hmm             -            688     5e-28  102.5   0.1   1   1   2.7e-30   2.2e-27  100.4   0.1   292   401   295   417   277   467 0.85 [190263/585/1]
190263/475/1.f:MCKEEP_03775 -            688 GH36.hmm             -            688   7.4e-28  102.0   0.1   1   1   4.4e-30   3.6e-27   99.7   0.1   292   401   295   417   274   467 0.84 [190263/475/1]
190263/562/1.f:KJGNCK_06725 -            688 GH36.hmm             -            688   7.2e-26   95.4   2.4   1   1   3.4e-28   2.8e-25   93.5   2.4   150   400   167   416    74   422 0.63 [190263/562/1]
190263/564/1.f:KIHMBJ_04560 -            586 GH36.hmm             -            688   5.3e-24   89.2   0.1   1   1     1e-26   8.5e-24   88.5   0.1   275   524    26   259     8   267 0.80 [190263/564/1]
190263/564/1.f:KIHMBJ_11620 -            841 GH36.hmm             -            688   4.3e-23   86.2   2.4   1   1   8.3e-26   6.7e-23   85.6   2.4   304   519   312   511   244   542 0.80 [190263/564/1]
190263/461/1.f:DHPHOK_01230 -            687 GH36.hmm             -            688   5.6e-23   85.8   0.0   1   1   1.4e-24   1.2e-21   81.5   0.1   274   401   278   416   231   463 0.86 [190263/461/1]
190263/497/1.f:HENFFC_09920 -            692 GH36.hmm             -            688   1.8e-22   84.2   2.4   1   1   7.1e-25   5.7e-22   82.5   1.4   291   396   299   419   270   434 0.85 [190263/497/1]
190263/552/1.f:EMALNL_04740 -            709 GH36.hmm             -            688   1.9e-22   84.1   0.2   1   1   6.3e-25   5.1e-22   82.7   0.2    79   396    82   427    68   442 0.75 [190263/552/1]
190263/400/1.f:EIBLKL_00320 -            396 GH36.hmm             -            688   2.5e-21   80.4   1.1   1   1   6.4e-22   5.2e-19   72.7   0.8   307   388     9    92     5    94 0.92 [190263/400/1]
190263/580/1.f:JCPJNN_21000 -            706 GH36.hmm             -            688   3.3e-21   80.0   0.2   1   1     6e-22   4.9e-19   72.8   0.5   268   393   282   420   246   475 0.84 [190263/580/1]
190263/404/1.f:BGJBIG_02480 -            528 GH36.hmm             -            688   3.8e-21   79.8   0.1   1   1     6e-24   4.8e-21   79.4   0.1   310   457   137   284    79   310 0.87 [190263/404/1]
190263/488/1.f:DNPFAC_10430 -            529 GH36.hmm             -            688   4.5e-21   79.5   0.6   1   1   7.8e-24   6.3e-21   79.1   0.6   310   457   141   287   111   310 0.88 [190263/488/1]
190263/417/1.f:MHBJAE_09275 -            551 GH36.hmm             -            688     8e-21   78.7   1.1   1   1   1.4e-23   1.1e-20   78.2   1.1   310   459   163   311   135   337 0.86 [190263/417/1]
190263/399/1.f:CDLIDF_06435 -            409 GH36.hmm             -            688   1.2e-20   78.1   0.1   1   1     4e-23   3.2e-20   76.7   0.0   305   388    40   124    24   126 0.88 [190263/399/1]
190263/562/1.f:KJGNCK_07235 -            528 GH36.hmm             -            688   1.6e-20   77.7   0.3   1   1   4.4e-23   3.5e-20   76.6   0.3   310   457   137   284    79   309 0.87 [190263/562/1]
190263/478/1.f:BOCJFA_15070 -            508 GH36.hmm             -            688   5.6e-20   75.9   1.2   1   1     1e-22   8.5e-20   75.3   1.2   260   457    62   260    56   275 0.82 [190263/478/1]
190263/478/1.f:BOCJFA_02905 -            543 GH36.hmm             -            688   8.7e-20   75.3   2.4   1   1   2.3e-21   1.8e-18   70.9   1.0   307   457   190   329    92   336 0.86 [190263/478/1]
190263/417/1.f:MHBJAE_07305 -            691 GH36.hmm             -            688   9.2e-20   75.2   0.1   1   1   1.9e-22   1.5e-19   74.5   0.1   288   391   200   311   155   314 0.81 [190263/417/1]
190263/421/1.f:PBKEAC_07710 -            685 GH36.hmm             -            688   1.4e-19   74.6   0.1   1   1   2.2e-21   1.8e-18   70.9   0.5   260   394   263   409    50   418 0.68 [190263/421/1]
190263/366/1.f:DBJPFP_00340 -            690 GH36.hmm             -            688   3.3e-19   73.4   0.0   1   1   1.4e-21   1.2e-18   71.6   0.5   274   396   279   412   224   464 0.81 [190263/366/1]
190263/497/1.f:HENFFC_15400 -            531 GH36.hmm             -            688   3.5e-19   73.3   0.7   1   1   5.4e-22   4.4e-19   73.0   0.7   308   458   138   288    80   312 0.81 [190263/497/1]
190263/545/1.f:NCJBIN_05875 -            691 GH36.hmm             -            688   5.9e-19   72.5   0.1   1   1   1.3e-21   1.1e-18   71.7   0.1   271   391   180   311   154   313 0.75 [190263/545/1]
190263/520/1.f:GGDGDE_19880 -            377 GH36.hmm             -            688   1.3e-18   71.4   0.2   1   1   1.4e-20   1.2e-17   68.3   0.0   307   388     6    89     2    91 0.89 [190263/520/1]
190263/401/1.f:DMFJNH_08140 -            693 GH36.hmm             -            688   2.4e-18   70.5   1.8   1   1   9.5e-21   7.7e-18   68.8   1.0   224   392   144   313   139   380 0.76 [190263/401/1]
190263/391/1.f:NONBJF_05685 -            691 GH36.hmm             -            688   2.6e-18   70.4   0.1   1   1   5.9e-21   4.8e-18   69.5   0.1   271   391   180   311   154   313 0.75 [190263/391/1]
190263/534/1.f:OHCFJE_07050 -            691 GH36.hmm             -            688   2.6e-18   70.4   0.1   1   1   5.9e-21   4.8e-18   69.5   0.1   271   391   180   311   154   313 0.75 [190263/534/1]
190263/390/1.f:OLPOLE_13250 -            498 GH36.hmm             -            688   2.8e-18   70.3   0.7   1   1   5.3e-21   4.3e-18   69.7   0.7   309   460   112   261    78   281 0.86 [190263/390/1]
190263/504/1.f:DOAHDM_08645 -            693 GH36.hmm             -            688     4e-18   69.8   2.2   1   1   1.4e-20   1.1e-17   68.3   1.4   225   392   145   313   139   400 0.77 [190263/504/1]
190263/580/1.f:JCPJNN_07475 -            376 GH36.hmm             -            688   6.3e-18   69.1   0.2   1   1   3.4e-20   2.7e-17   67.0   0.0   307   388     6    89     2    91 0.90 [190263/580/1]
190263/504/1.f:DOAHDM_02675 -            545 GH36.hmm             -            688   6.5e-18   69.1   0.8   1   1   1.7e-20   1.4e-17   68.0   0.0   305   389    35   120    19   123 0.87 [190263/504/1]
190263/488/1.f:DNPFAC_08460 -            692 GH36.hmm             -            688   8.4e-18   68.7   0.4   1   1   3.4e-20   2.8e-17   67.0   0.3   287   392   199   312   180   321 0.82 [190263/488/1]
190263/401/1.f:DMFJNH_01810 -            545 GH36.hmm             -            688   1.4e-17   68.0   0.0   1   1   1.7e-20   1.4e-17   68.0   0.0   305   389    35   120    19   123 0.87 [190263/401/1]
190263/475/1.f:MCKEEP_02620 -            545 GH36.hmm             -            688   1.9e-17   67.5   0.0   1   1   2.4e-20   1.9e-17   67.5   0.0   303   389    33   120    16   123 0.85 [190263/475/1]
190263/573/1.f:LIDFCI_21000 -            545 GH36.hmm             -            688   1.9e-17   67.5   0.0   1   1   2.4e-20   1.9e-17   67.5   0.0   303   389    33   120    16   123 0.85 [190263/573/1]
190263/583/1.f:BCCKNC_15170 -            542 GH36.hmm             -            688   4.2e-17   66.4   0.1   1   1   1.7e-18   1.4e-15   61.4   0.0   306   391    32   118    23   121 0.89 [190263/583/1]
190263/488/1.f:DNPFAC_05170 -            529 GH36.hmm             -            688     5e-17   66.2   0.8   1   1   1.2e-19   9.5e-17   65.2   0.1   305   388    27   111    14   113 0.90 [190263/488/1]
190263/365/1.f:JJMMAK_14210 -            531 GH36.hmm             -            688   7.4e-17   65.6   0.6   1   1   1.2e-19   9.6e-17   65.2   0.6   308   457   138   287    80   306 0.82 [190263/365/1]
190263/388/1.f:FDDJJK_05425 -            691 GH36.hmm             -            688   7.7e-17   65.5   0.1   1   1   1.7e-19   1.3e-16   64.7   0.1   269   391   178   311   151   313 0.75 [190263/388/1]
190263/404/1.f:BGJBIG_01450 -            545 GH36.hmm             -            688   9.3e-17   65.3   1.1   1   1   1.4e-19   1.1e-16   65.0   0.0   304   389    34   120     7   123 0.84 [190263/404/1]
190263/417/1.f:MHBJAE_04600 -            530 GH36.hmm             -            688   1.3e-16   64.8   0.1   1   1   8.4e-19   6.8e-16   62.4   0.0   305   388    28   112    15   114 0.89 [190263/417/1]
190263/399/1.f:CDLIDF_13425 -            431 GH36.hmm             -            688   1.3e-16   64.8   0.7   1   1   1.6e-19   1.3e-16   64.8   0.7   307   456    13   186     2   195 0.87 [190263/399/1]
190263/552/1.f:EMALNL_08545 -            690 GH36.hmm             -            688   1.7e-16   64.4   1.3   1   1   8.6e-19     7e-16   62.4   1.3   223   394   143   315   138   412 0.74 [190263/552/1]
190263/504/1.f:DOAHDM_10520 -            606 GH36.hmm             -            688   2.2e-16   64.0   1.3   1   1   1.6e-18   1.3e-15   61.5   0.1   304   388   103   189    80   191 0.89 [190263/504/1]
190263/401/1.f:DMFJNH_10155 -            606 GH36.hmm             -            688   2.2e-16   64.0   1.3   1   1   1.6e-18   1.3e-15   61.5   0.1   304   388   103   189    80   191 0.89 [190263/401/1]
190263/562/1.f:KJGNCK_08525 -            545 GH36.hmm             -            688   2.8e-16   63.7   0.0   1   1   3.5e-19   2.8e-16   63.7   0.0   304   389    34   120    16   123 0.85 [190263/562/1]
190263/552/1.f:EMALNL_02495 -            545 GH36.hmm             -            688   3.5e-16   63.4   1.4   1   1   4.3e-19   3.5e-16   63.4   0.0   304   389    34   120    16   123 0.85 [190263/552/1]
190263/368/1.f:HPMDBE_09310 -            530 GH36.hmm             -            688   7.6e-16   62.3   0.1   1   1   2.4e-18     2e-15   60.9   0.0   305   388    20   104     8   106 0.91 [190263/368/1]
190263/379/1.f:LOJHAC_09510 -            530 GH36.hmm             -            688     8e-16   62.2   0.1   1   1   2.4e-18     2e-15   60.9   0.0   305   388    20   104     8   106 0.91 [190263/379/1]
190263/437/1.f:LBKKEJ_00710 -            542 GH36.hmm             -            688   1.2e-15   61.5   0.1   1   1   1.6e-17   1.3e-14   58.2   0.0   306   391    31   117    22   120 0.90 [190263/437/1]
190263/502/1.f:NONHGB_08345 -            536 GH36.hmm             -            688   1.8e-15   61.0   0.3   1   1   1.8e-17   1.5e-14   58.0   0.0   302   388    28   116    16   118 0.86 [190263/502/1]
190263/552/1.f:EMALNL_01580 -            450 GH36.hmm             -            688     2e-15   60.8   0.1   1   1   1.1e-17     9e-15   58.7   0.1   289   456    16   207    11   227 0.79 [190263/552/1]
190263/526/1.f:GBBCGM_00135 -            535 GH36.hmm             -            688   3.9e-15   59.9   1.0   1   1   8.1e-18   6.6e-15   59.2   0.0   303   389    25   112    11   115 0.88 [190263/526/1]
190263/399/1.f:CDLIDF_01170 -            542 GH36.hmm             -            688   4.6e-15   59.7   0.4   1   1   3.9e-17   3.1e-14   56.9   0.0   302   388    29   116    19   118 0.86 [190263/399/1]
190263/562/1.f:KJGNCK_05160 -            650 GH36.hmm             -            688     6e-15   59.3   0.1   1   1   7.4e-18     6e-15   59.3   0.1   307   392   275   360   242   364 0.88 [190263/562/1]
190263/534/1.f:OHCFJE_08450 -            535 GH36.hmm             -            688   6.9e-15   59.1   0.2   1   1   1.5e-16   1.2e-13   54.9   0.0   308   388    30   111    19   113 0.91 [190263/534/1]
190263/545/1.f:NCJBIN_04445 -            535 GH36.hmm             -            688   6.9e-15   59.1   0.2   1   1   1.5e-16   1.2e-13   54.9   0.0   308   388    30   111    19   113 0.91 [190263/545/1]
190263/391/1.f:NONBJF_03220 -            535 GH36.hmm             -            688   6.9e-15   59.1   0.2   1   1   1.5e-16   1.2e-13   54.9   0.0   308   388    30   111    19   113 0.91 [190263/391/1]
190263/409/1.f:AJJCMD_26160 -            563 GH36.hmm             -            688   9.1e-15   58.7   1.4   1   1   1.8e-17   1.4e-14   58.0   0.9   288   381    62   159    54   171 0.84 [190263/409/1]
190263/399/1.f:CDLIDF_13560 -            685 GH36.hmm             -            688   9.2e-15   58.7   4.1   1   1   7.9e-17   6.4e-14   55.9   4.1   302   487   201   378   182   382 0.78 [190263/399/1]
190263/534/1.f:OHCFJE_03170 -            538 GH36.hmm             -            688   1.4e-14   58.1   0.1   1   1   3.5e-16   2.9e-13   53.7   0.0   305   388    35   119    18   121 0.91 [190263/534/1]
190263/388/1.f:FDDJJK_03345 -            535 GH36.hmm             -            688   1.6e-14   57.9   0.2   1   1   3.4e-16   2.8e-13   53.8   0.1   308   388    30   111    19   113 0.91 [190263/388/1]
190263/580/1.f:JCPJNN_10395 -            720 GH36.hmm             -            688     2e-14   57.5   3.2   1   1   4.3e-17   3.5e-14   56.8   3.2   294   391   207   305   195   391 0.86 [190263/580/1]
190263/399/1.f:CDLIDF_13575 -            478 GH36.hmm             -            688   2.4e-14   57.3   0.9   1   1   6.7e-16   5.5e-13   52.8   0.9   281   456    17   233     4   242 0.79 [190263/399/1]
190263/546/1.f:GEHMID_08745 -            435 GH36.hmm             -            688   3.8e-14   56.6   0.2   1   1   1.2e-16   9.6e-14   55.3   0.2   307   456    10   182     2   185 0.84 [190263/546/1]
190263/421/1.f:PBKEAC_04590 -            531 GH36.hmm             -            688   1.3e-13   54.8   0.3   1   1   1.6e-16   1.3e-13   54.8   0.3   306   391   124   209    92   213 0.81 [190263/421/1]
#
# Program:         hmmsearch
# Version:         3.3.2 (Nov 2020)
# Pipeline mode:   SEARCH
# Query file:      /kb/module/work/tmp/output.1725388484971/GH36/GH36.hmm
# Target file:     /kb/module/work/tmp/output.1725388484971/hCom2_RAST.fasta
# Option settings: /kb/module/hmmer/bin/hmmsearch --domtblout /kb/module/work/tmp/output.1725388484971/GH36/GH36-hCom2_RAST.hitout.txt --noali --notextw --domE 1e-15 /kb/module/work/tmp/output.1725388484971/GH36/GH36.hmm /kb/module/work/tmp/output.1725388484971/hCom2_RAST.fasta 
# Current dir:     /kb/module/work/tmp/output.1725388484971
# Date:            Tue Sep  3 18:51:14 2024
# [ok]
