#                                                                                   --- full sequence --- -------------- this domain -------------   hmm coord   ali coord   env coord
# target name               accession   tlen query name           accession   qlen   E-value  score  bias   #  of  c-Evalue  i-Evalue  score  bias  from    to  from    to  from    to  acc description of target
#       ------------------- ---------- ----- -------------------- ---------- ----- --------- ------ ----- --- --- --------- --------- ------ ----- ----- ----- ----- ----- ----- ----- ---- ---------------------
190263/375/1.f:CNGHJF_04875 -           1046 GH38.hmm             -            269   1.6e-88  301.2   0.7   1   1   7.4e-92   3.2e-88  300.2   0.7     1   255   234   505   234   522 0.90 [190263/375/1]
190263/507/1.f:KPMKPI_15000 -           1029 GH38.hmm             -            269   1.8e-88  301.0   3.8   1   1   1.1e-91   4.7e-88  299.7   0.3     4   266   238   514   236   517 0.93 [190263/507/1]
190263/474/1.f:AMDJJA_05635 -           1049 GH38.hmm             -            269   1.5e-86  294.7   0.1   1   1   5.1e-90   2.2e-86  294.1   0.1     3   256   270   522   268   534 0.93 [190263/474/1]
190263/520/1.f:GGDGDE_01230 -           1029 GH38.hmm             -            269     2e-85  291.0   1.0   1   1   4.7e-89     2e-85  291.0   1.0     3   266   237   514   236   517 0.93 [190263/520/1]
190263/546/1.f:GEHMID_09405 -           1039 GH38.hmm             -            269   2.2e-85  290.9   2.5   1   1   8.7e-89   3.8e-85  290.1   2.5     1   256   240   509   240   522 0.94 [190263/546/1]
190263/546/1.f:GEHMID_18020 -           1038 GH38.hmm             -            269   2.6e-85  290.6   1.0   1   1     6e-89   2.6e-85  290.6   1.0     3   263   237   511   235   517 0.91 [190263/546/1]
190263/474/1.f:AMDJJA_05640 -           1039 GH38.hmm             -            269   9.7e-85  288.8   0.2   1   1   3.5e-88   1.5e-84  288.1   0.2     1   256   267   521   267   536 0.94 [190263/474/1]
190263/580/1.f:JCPJNN_18080 -           1049 GH38.hmm             -            269   1.3e-84  288.3   0.3   1   1   5.1e-88   2.2e-84  287.6   0.3     1   256   237   502   237   518 0.96 [190263/580/1]
190263/409/1.f:AJJCMD_02325 -           1038 GH38.hmm             -            269   1.5e-83  284.9   0.7   1   1   7.1e-87   3.1e-83  283.8   0.2     3   256   237   504   236   517 0.93 [190263/409/1]
190263/420/1.f:GMHOLO_06935 -           1042 GH38.hmm             -            269   5.8e-83  282.9   0.1   1   1     2e-86   8.6e-83  282.4   0.1     2   255   269   521   268   536 0.96 [190263/420/1]
190263/429/1.f:OMPHBF_11490 -           1009 GH38.hmm             -            269   7.3e-83  282.6   0.0   1   1   2.8e-86   1.2e-82  281.9   0.0     4   253   231   492   228   511 0.92 [190263/429/1]
190263/409/1.f:AJJCMD_06045 -           1056 GH38.hmm             -            269   4.9e-82  279.9   0.2   1   1   1.9e-85   8.3e-82  279.2   0.2     3   255   244   515   242   528 0.90 [190263/409/1]
190263/447/1.f:OLODHC_13875 -           1047 GH38.hmm             -            269   1.6e-80  274.9   0.5   1   1   6.6e-84   2.9e-80  274.1   0.5     2   268   235   523   234   524 0.89 [190263/447/1]
190263/384/1.f:CDKGIA_00620 -           1094 GH38.hmm             -            269   4.4e-79  270.2   0.0   1   1   1.5e-82   6.5e-79  269.7   0.0     2   261   235   516   234   524 0.87 [190263/384/1]
190263/386/1.f:DBGIOG_07125 -           1033 GH38.hmm             -            269   1.2e-78  268.8   1.4   1   1   1.7e-81   7.6e-78  266.2   0.8     2   261   238   511   237   519 0.92 [190263/386/1]
190263/390/1.f:OLPOLE_15660 -           1049 GH38.hmm             -            269   9.6e-78  265.8   0.0   1   1   3.8e-81   1.6e-77  265.1   0.0     4   256   239   509   237   522 0.92 [190263/390/1]
190263/370/1.f:MFKGBO_19650 -           1095 GH38.hmm             -            269   1.3e-75  258.8   0.1   1   1   5.2e-79   2.2e-75  258.1   0.1     2   256   240   517   239   529 0.92 [190263/370/1]
190263/390/1.f:OLPOLE_03785 -           1038 GH38.hmm             -            269   5.4e-74  253.5   0.0   1   1   1.8e-77   7.7e-74  253.0   0.0     3   256   258   513   256   523 0.88 [190263/390/1]
190263/580/1.f:JCPJNN_22890 -           1068 GH38.hmm             -            269   9.7e-74  252.7   0.0   1   1   3.6e-77   1.6e-73  252.0   0.0     4   250   262   507   260   521 0.94 [190263/580/1]
190263/409/1.f:AJJCMD_28260 -           1066 GH38.hmm             -            269   1.7e-73  251.9   0.5   1   1   6.9e-77     3e-73  251.1   0.5     4   253   262   510   260   525 0.94 [190263/409/1]
190263/580/1.f:JCPJNN_01280 -           1051 GH38.hmm             -            269   3.5e-73  250.9   0.2   1   1   1.4e-76   6.2e-73  250.1   0.2     3   253   261   510   259   524 0.95 [190263/580/1]
190263/507/1.f:KPMKPI_08190 -            903 GH38.hmm             -            269   3.2e-72  247.7   0.1   1   1   1.2e-75   5.2e-72  247.0   0.1     1   256     4   273     4   291 0.92 [190263/507/1]
190263/390/1.f:OLPOLE_16210 -           1034 GH38.hmm             -            269   6.4e-72  246.7   0.0   1   1   2.3e-75   9.9e-72  246.1   0.0     2   260   258   515   257   523 0.93 [190263/390/1]
190263/370/1.f:MFKGBO_22230 -            888 GH38.hmm             -            269   8.5e-72  246.3   0.0   1   1   2.9e-75   1.3e-71  245.8   0.0     1   253     4   259     4   272 0.95 [190263/370/1]
190263/520/1.f:GGDGDE_11780 -           1028 GH38.hmm             -            269   6.5e-70  240.1   1.0   1   1   7.5e-73   3.2e-69  237.9   0.7     1   255   263   516   263   529 0.94 [190263/520/1]
190263/580/1.f:JCPJNN_10355 -            817 GH38.hmm             -            269   9.8e-70  239.6   0.1   1   1   3.3e-73   1.4e-69  239.0   0.1     2   262     7   263     6   270 0.90 [190263/580/1]
190263/439/1.f:KGLJGB_12605 -            905 GH38.hmm             -            269   1.1e-69  239.4   1.8   1   1     9e-73   3.9e-69  237.6   0.4     1   256     4   262     4   279 0.93 [190263/439/1]
190263/409/1.f:AJJCMD_26130 -            809 GH38.hmm             -            269   2.5e-69  238.2   0.0   1   1     9e-73   3.9e-69  237.6   0.0     1   255     6   257     6   270 0.92 [190263/409/1]
190263/520/1.f:GGDGDE_01180 -            902 GH38.hmm             -            269   3.6e-69  237.7   2.0   1   1   1.3e-72   5.8e-69  237.0   2.0     1   255     3   270     3   290 0.90 [190263/520/1]
190263/580/1.f:JCPJNN_13040 -            910 GH38.hmm             -            269   2.3e-66  228.5   0.1   1   1   8.6e-70   3.7e-66  227.8   0.1     2   256     5   273     4   291 0.91 [190263/580/1]
190263/458/1.f:AMPCAI_10315 -            906 GH38.hmm             -            269   7.7e-66  226.8   0.8   1   1   2.7e-69   1.2e-65  226.2   0.2     1   255     4   260     4   277 0.92 [190263/458/1]
190263/409/1.f:AJJCMD_03110 -            877 GH38.hmm             -            269   3.9e-57  198.3   0.0   1   1   1.4e-60     6e-57  197.6   0.0     2   255     4   259     3   274 0.90 [190263/409/1]
190263/409/1.f:AJJCMD_26135 -            818 GH38.hmm             -            269   2.1e-55  192.6   0.0   1   1   7.4e-59   3.2e-55  192.0   0.0     2   253     6   249     5   263 0.90 [190263/409/1]
190263/580/1.f:JCPJNN_15420 -            819 GH38.hmm             -            269     3e-55  192.1   0.0   1   1   9.9e-59   4.3e-55  191.6   0.0     2   254     7   257     6   271 0.93 [190263/580/1]
190263/580/1.f:JCPJNN_22905 -            844 GH38.hmm             -            269   6.4e-55  191.0   0.0   1   1   2.3e-58   9.8e-55  190.4   0.0     2   256     4   263     3   274 0.87 [190263/580/1]
190263/580/1.f:JCPJNN_10360 -            858 GH38.hmm             -            269   1.1e-53  187.0   0.0   1   1   3.7e-57   1.6e-53  186.4   0.0     2   255     6   257     5   271 0.89 [190263/580/1]
190263/504/1.f:DOAHDM_08525 -           1199 GH38.hmm             -            269     1e-52  183.7   0.6   1   1   4.5e-56     2e-52  182.8   0.6     1   250    31   285    31   300 0.86 [190263/504/1]
190263/401/1.f:DMFJNH_08030 -           1199 GH38.hmm             -            269   1.1e-52  183.7   0.6   1   1   4.5e-56     2e-52  182.8   0.6     1   250    31   285    31   300 0.86 [190263/401/1]
190263/556/1.f:EMIPPF_04465 -           1196 GH38.hmm             -            269   5.1e-52  181.5   1.0   1   1     2e-55   8.6e-52  180.7   1.0     2   224    25   250    24   279 0.91 [190263/556/1]
190263/556/1.f:EMIPPF_08990 -           1197 GH38.hmm             -            269   5.1e-52  181.5   1.0   1   1     2e-55   8.6e-52  180.7   1.0     2   224    26   251    25   280 0.91 [190263/556/1]
190263/417/1.f:MHBJAE_04895 -           1205 GH38.hmm             -            269   6.9e-52  181.0   0.5   1   1   3.6e-55   1.6e-51  179.9   0.5     1   231    31   263    31   295 0.86 [190263/417/1]
190263/446/1.f:LHJMMB_02130 -           1068 GH38.hmm             -            269   7.7e-52  180.9   0.2   1   1   2.7e-55   1.2e-51  180.3   0.2     1   252    36   301    36   315 0.86 [190263/446/1]
190263/488/1.f:DNPFAC_05445 -           1205 GH38.hmm             -            269   1.4e-51  180.0   1.0   1   1   7.4e-55   3.2e-51  178.8   1.0     1   222    31   254    31   291 0.87 [190263/488/1]
190263/437/1.f:LBKKEJ_16650 -           1202 GH38.hmm             -            269   2.9e-50  175.7   0.7   1   1   1.3e-53   5.5e-50  174.8   0.7     1   248    29   281    29   298 0.85 [190263/437/1]
190263/502/1.f:NONHGB_02305 -           1073 GH38.hmm             -            269   4.2e-50  175.2   0.1   1   1   2.1e-53   9.1e-50  174.1   0.1     1   224    26   253    26   283 0.90 [190263/502/1]
190263/405/1.f:EHKDKA_05320 -           1202 GH38.hmm             -            269   2.1e-49  172.9   0.1   1   1   9.6e-53   4.2e-49  171.9   0.1     1   222    30   251    30   294 0.86 [190263/405/1]
190263/502/1.f:NONHGB_02240 -           1072 GH38.hmm             -            269   2.2e-49  172.8   0.3   1   1   8.1e-53   3.5e-49  172.2   0.3     1   223    26   251    26   286 0.87 [190263/502/1]
190263/502/1.f:NONHGB_04640 -           1209 GH38.hmm             -            269   2.7e-49  172.6   0.3   1   1   1.3e-52   5.5e-49  171.5   0.3     1   250    32   286    32   300 0.86 [190263/502/1]
190263/556/1.f:EMIPPF_09675 -           1062 GH38.hmm             -            269   1.8e-48  169.9   0.0   1   1   1.5e-51   6.5e-48  168.0   0.0     1   194    29   225    29   289 0.89 [190263/556/1]
190263/369/1.f:JCDIFE_04605 -           1209 GH38.hmm             -            269   2.9e-48  169.2   0.3   1   1   1.1e-51   4.9e-48  168.4   0.3     1   249    38   291    38   304 0.85 [190263/369/1]
190263/366/1.f:DBJPFP_12305 -           1063 GH38.hmm             -            269   7.8e-48  167.8   0.0   1   1   2.7e-51   1.2e-47  167.2   0.0     2   193    35   227    34   271 0.91 [190263/366/1]
190263/461/1.f:DHPHOK_05130 -           1209 GH38.hmm             -            269   8.2e-48  167.7   0.3   1   1   3.6e-51   1.5e-47  166.8   0.3     1   220    38   257    38   294 0.86 [190263/461/1]
190263/369/1.f:JCDIFE_04465 -            950 GH38.hmm             -            269   3.1e-39  139.6   1.9   1   1   1.1e-42   4.6e-39  139.0   1.9     1   255   121   383   121   398 0.87 [190263/369/1]
190263/461/1.f:DHPHOK_05045 -           1141 GH38.hmm             -            269   1.3e-38  137.6   0.2   1   1   6.6e-42   2.9e-38  136.4   0.2    36   231     3   200     1   230 0.80 [190263/461/1]
190263/401/1.f:DMFJNH_09725 -            849 GH38.hmm             -            269   2.4e-30  110.4   0.5   1   1   8.9e-34   3.9e-30  109.7   0.5     2   250    12   265    11   285 0.76 [190263/401/1]
190263/504/1.f:DOAHDM_10075 -            849 GH38.hmm             -            269   2.4e-30  110.4   0.5   1   1   8.9e-34   3.9e-30  109.7   0.5     2   250    12   265    11   285 0.76 [190263/504/1]
190263/475/1.f:MCKEEP_09580 -            855 GH38.hmm             -            269   4.4e-29  106.3   0.3   1   1   2.4e-32   1.1e-28  105.0   0.3    31   174    43   189    32   265 0.90 [190263/475/1]
190263/562/1.f:KJGNCK_10650 -            845 GH38.hmm             -            269   8.8e-29  105.3   0.1   1   1   6.9e-32     3e-28  103.5   0.0    32   174    44   189    33   227 0.91 [190263/562/1]
190263/573/1.f:LIDFCI_13650 -            854 GH38.hmm             -            269   6.2e-28  102.5   0.2   1   1   2.5e-31   1.1e-27  101.7   0.2    31   177    43   192    32   285 0.81 [190263/573/1]
190263/552/1.f:EMALNL_10580 -            854 GH38.hmm             -            269   1.4e-27  101.3   0.2   1   1   7.2e-31   3.1e-27  100.2   0.1    31   177    43   192    33   282 0.82 [190263/552/1]
190263/556/1.f:EMIPPF_05885 -            883 GH38.hmm             -            269   3.3e-26   96.8   0.0   1   1   1.4e-29   6.2e-26   96.0   0.0    33   184    82   234    70   318 0.80 [190263/556/1]
190263/369/1.f:JCDIFE_10470 -            842 GH38.hmm             -            269   4.1e-24   90.0   0.5   1   1     2e-27   8.5e-24   88.9   0.5    32   174    44   189    34   297 0.87 [190263/369/1]
190263/368/1.f:HPMDBE_01265 -            855 GH38.hmm             -            269     9e-24   88.9   0.0   1   1   7.1e-27   3.1e-23   87.1   0.1    34   174    47   195    35   230 0.93 [190263/368/1]
190263/379/1.f:LOJHAC_07305 -            856 GH38.hmm             -            269   1.4e-23   88.3   0.1   1   1     7e-27   3.1e-23   87.1   0.1    34   174    47   195    35   229 0.93 [190263/379/1]
190263/516/1.f:MGNFBC_01270 -            856 GH38.hmm             -            269   1.6e-23   88.1   0.1   1   1     8e-27   3.5e-23   86.9   0.1    34   174    47   195    35   230 0.93 [190263/516/1]
190263/401/1.f:DMFJNH_26885 -           1141 GH38.hmm             -            269   2.4e-19   74.3   2.6   1   1   9.7e-23   4.2e-19   73.5   2.6     1   258   297   568   297   579 0.80 [190263/401/1]
190263/504/1.f:DOAHDM_24870 -           1141 GH38.hmm             -            269   2.4e-19   74.3   2.6   1   1   9.7e-23   4.2e-19   73.5   2.6     1   258   297   568   297   579 0.80 [190263/504/1]
190263/368/1.f:HPMDBE_03525 -            962 GH38.hmm             -            269   6.2e-19   73.0   4.2   1   1   2.5e-22   1.1e-18   72.2   4.2     2   256   119   387   118   403 0.78 [190263/368/1]
190263/516/1.f:MGNFBC_08485 -            962 GH38.hmm             -            269   6.4e-19   73.0   4.2   1   1   2.5e-22   1.1e-18   72.2   4.2     2   256   119   387   118   403 0.78 [190263/516/1]
190263/379/1.f:LOJHAC_05350 -            962 GH38.hmm             -            269   4.9e-18   70.0   3.7   1   1   1.9e-21   8.1e-18   69.3   3.7     2   258   119   389   118   404 0.79 [190263/379/1]
190263/556/1.f:EMIPPF_11855 -           1147 GH38.hmm             -            269   6.1e-16   63.2   0.1   1   1   2.3e-19     1e-15   62.5   0.1     1   259   301   573   301   583 0.80 [190263/556/1]
190263/437/1.f:LBKKEJ_03105 -            269 GH38.hmm             -            269   1.2e-12   52.4   0.8   1   1   3.6e-16   1.6e-12   52.0   0.8     2   193    49   242    48   263 0.75 [190263/437/1]
#
# Program:         hmmsearch
# Version:         3.3.2 (Nov 2020)
# Pipeline mode:   SEARCH
# Query file:      /kb/module/work/tmp/output.1725388484971/GH38/GH38.hmm
# Target file:     /kb/module/work/tmp/output.1725388484971/hCom2_RAST.fasta
# Option settings: /kb/module/hmmer/bin/hmmsearch --domtblout /kb/module/work/tmp/output.1725388484971/GH38/GH38-hCom2_RAST.hitout.txt --noali --notextw --domE 1e-15 /kb/module/work/tmp/output.1725388484971/GH38/GH38.hmm /kb/module/work/tmp/output.1725388484971/hCom2_RAST.fasta 
# Current dir:     /kb/module/work/tmp/output.1725388484971
# Date:            Tue Sep  3 18:51:18 2024
# [ok]
