#                                                                                   --- full sequence --- -------------- this domain -------------   hmm coord   ali coord   env coord
# target name               accession   tlen query name           accession   qlen   E-value  score  bias   #  of  c-Evalue  i-Evalue  score  bias  from    to  from    to  from    to  acc description of target
#       ------------------- ---------- ----- -------------------- ---------- ----- --------- ------ ----- --- --- --------- --------- ------ ----- ----- ----- ----- ----- ----- ----- ---- ---------------------
190263/448/1.f:IBJDOL_17355 -            445 GH4.hmm              -            179   2.8e-76  259.3   0.0   1   1   3.9e-79   4.8e-76  258.6   0.0     1   179     6   186     6   186 0.99 [190263/448/1]
190263/447/1.f:OLODHC_11765 -            441 GH4.hmm              -            179   3.5e-73  249.2   0.0   1   1   3.8e-76   4.8e-73  248.8   0.0     1   179     7   187     7   187 0.99 [190263/447/1]
190263/375/1.f:CNGHJF_18210 -            441 GH4.hmm              -            179   3.9e-72  245.8   0.0   1   1   5.6e-75   6.9e-72  245.0   0.0     1   177     6   184     6   186 0.99 [190263/375/1]
190263/375/1.f:CNGHJF_02475 -            444 GH4.hmm              -            179     1e-71  244.5   0.0   1   1   1.2e-74   1.5e-71  244.0   0.0     1   178     5   184     5   185 0.99 [190263/375/1]
190263/375/1.f:CNGHJF_02305 -            439 GH4.hmm              -            179   8.5e-71  241.5   0.0   1   1     1e-73   1.3e-70  240.9   0.0     1   174     6   181     6   186 0.97 [190263/375/1]
190263/406/1.f:DKNBGD_17060 -            442 GH4.hmm              -            179   8.7e-71  241.4   0.0   1   1   1.2e-73   1.4e-70  240.7   0.0     1   177     6   184     6   186 0.99 [190263/406/1]
190263/458/1.f:AMPCAI_03500 -            466 GH4.hmm              -            179   3.8e-69  236.1   0.0   1   1     5e-72   6.2e-69  235.4   0.0     1   173     7   181     7   186 0.99 [190263/458/1]
190263/547/1.f:KJCAKO_02410 -            442 GH4.hmm              -            179   5.5e-69  235.6   0.0   1   1   6.7e-72   8.3e-69  235.0   0.0     2   179     6   183     5   183 0.99 [190263/547/1]
190263/443/1.f:LNLACP_07710 -            462 GH4.hmm              -            179   3.2e-68  233.1   0.0   1   1   4.1e-71     5e-68  232.4   0.0     1   170     6   177     6   185 0.98 [190263/443/1]
190263/434/1.f:NCAOKI_05725 -            447 GH4.hmm              -            179   6.7e-68  232.0   0.0   1   1   5.7e-70   7.1e-67  228.7   0.0     2   177     8   183     7   185 0.99 [190263/434/1]
190263/409/1.f:AJJCMD_25155 -            445 GH4.hmm              -            179   8.9e-68  231.6   0.0   1   1   1.4e-70   1.8e-67  230.7   0.0     2   179     8   185     7   185 0.99 [190263/409/1]
190263/448/1.f:IBJDOL_01625 -            441 GH4.hmm              -            179   5.8e-67  229.0   0.0   1   1   7.3e-70   9.1e-67  228.3   0.0     2   179     6   183     5   183 0.99 [190263/448/1]
190263/383/1.f:KCEMEB_16225 -            444 GH4.hmm              -            179     6e-67  228.9   0.0   1   1   1.1e-69   1.4e-66  227.7   0.0     2   178     8   184     7   185 0.99 [190263/383/1]
190263/448/1.f:IBJDOL_01685 -            444 GH4.hmm              -            179   1.2e-66  228.0   0.0   1   1   1.5e-69   1.9e-66  227.3   0.0     2   178     9   185     8   186 0.99 [190263/448/1]
190263/458/1.f:AMPCAI_00295 -            443 GH4.hmm              -            179   2.4e-66  227.0   0.0   1   1   3.5e-69   4.4e-66  226.1   0.0     2   178     7   183     6   184 0.99 [190263/458/1]
190263/375/1.f:CNGHJF_06455 -            443 GH4.hmm              -            179   4.4e-66  226.1   0.0   1   1   5.2e-69   6.5e-66  225.6   0.0     2   177     6   181     5   183 0.99 [190263/375/1]
190263/468/1.f:DIOFOH_07270 -            444 GH4.hmm              -            179     5e-64  219.4   0.0   1   1     7e-67   8.7e-64  218.6   0.0     2   177     8   183     7   185 0.99 [190263/468/1]
190263/390/1.f:OLPOLE_04370 -            440 GH4.hmm              -            179   6.4e-64  219.1   0.0   1   1   7.6e-67   9.4e-64  218.5   0.0     1   177     3   184     3   186 0.97 [190263/390/1]
190263/375/1.f:CNGHJF_16990 -            441 GH4.hmm              -            179   4.3e-63  216.4   0.0   1   1   5.7e-66   7.1e-63  215.7   0.0     2   175     6   179     5   183 0.99 [190263/375/1]
190263/443/1.f:LNLACP_09015 -            441 GH4.hmm              -            179   5.1e-63  216.1   0.0   1   1   6.9e-66   8.6e-63  215.4   0.0     2   177     6   181     5   183 0.98 [190263/443/1]
190263/478/1.f:BOCJFA_15020 -            441 GH4.hmm              -            179   7.3e-63  215.6   1.1   1   1   9.2e-66   1.1e-62  215.0   0.1     1   175     3   183     3   187 0.96 [190263/478/1]
190263/409/1.f:AJJCMD_21955 -            439 GH4.hmm              -            179   7.9e-63  215.5   0.1   1   1   1.2e-65   1.5e-62  214.6   0.1     1   175     3   183     3   187 0.96 [190263/409/1]
190263/448/1.f:IBJDOL_01570 -            441 GH4.hmm              -            179     8e-63  215.5   0.0   1   1   9.5e-66   1.2e-62  215.0   0.0     2   178     6   183     5   184 0.98 [190263/448/1]
190263/390/1.f:OLPOLE_13485 -            433 GH4.hmm              -            179   1.1e-62  215.1   0.0   1   1   1.9e-65   2.3e-62  214.0   0.0     1   178     3   183     3   184 0.97 [190263/390/1]
190263/546/1.f:GEHMID_14475 -            441 GH4.hmm              -            179   1.1e-62  215.0   0.6   1   1   1.3e-65   1.6e-62  214.5   0.1     1   176     3   184     3   187 0.96 [190263/546/1]
190263/580/1.f:JCPJNN_16640 -            440 GH4.hmm              -            179   1.5e-62  214.6   0.1   1   1   1.9e-65   2.4e-62  214.0   0.1     1   175     3   183     3   187 0.96 [190263/580/1]
190263/429/1.f:OMPHBF_03665 -            426 GH4.hmm              -            179   1.6e-62  214.6   0.0   1   1   1.7e-65   2.2e-62  214.1   0.0     1   175     5   178     5   182 0.98 [190263/429/1]
190263/375/1.f:CNGHJF_01695 -            440 GH4.hmm              -            179   3.4e-62  213.5   0.1   1   1   4.7e-65   5.8e-62  212.7   0.1     1   176     3   184     3   187 0.95 [190263/375/1]
190263/560/1.f:OAGBLH_03100 -            440 GH4.hmm              -            179   4.7e-62  213.0   0.3   1   1   5.8e-65   7.2e-62  212.4   0.3     2   179     6   184     5   184 0.99 [190263/560/1]
190263/565/1.f:PAEINE_01390 -            442 GH4.hmm              -            179   4.1e-61  209.9   0.2   1   1   7.2e-64     9e-61  208.8   0.2     1   179     5   184     5   184 0.99 [190263/565/1]
190263/434/1.f:NCAOKI_02090 -            440 GH4.hmm              -            179     5e-61  209.6   0.2   1   1   6.1e-64   7.5e-61  209.1   0.2     2   179     6   184     5   184 0.99 [190263/434/1]
190263/586/1.f:KBDCAC_14395 -            454 GH4.hmm              -            179   6.9e-61  209.2   0.0   1   1     8e-64   9.9e-61  208.7   0.0     1   176     3   183     3   186 0.98 [190263/586/1]
190263/580/1.f:JCPJNN_06110 -            457 GH4.hmm              -            179   9.2e-61  208.8   0.0   1   1   1.2e-63   1.5e-60  208.1   0.0     1   174     3   179     3   183 0.97 [190263/580/1]
190263/370/1.f:MFKGBO_01825 -            430 GH4.hmm              -            179   9.4e-61  208.7   0.1   1   1   1.2e-63   1.5e-60  208.1   0.1     1   177     8   183     8   185 0.98 [190263/370/1]
190263/422/1.f:HJBCNJ_20260 -            460 GH4.hmm              -            179     3e-60  207.1   0.0   1   1   3.7e-63   4.5e-60  206.5   0.0     1   174     3   179     3   184 0.97 [190263/422/1]
190263/565/1.f:PAEINE_08880 -            460 GH4.hmm              -            179     3e-59  203.9   0.1   1   1   5.1e-62   6.3e-59  202.8   0.1     2   175     3   178     2   182 0.97 [190263/565/1]
190263/375/1.f:CNGHJF_05110 -            441 GH4.hmm              -            179   3.3e-58  200.5   0.0   1   1     4e-61     5e-58  199.9   0.0     2   178     6   183     5   184 0.98 [190263/375/1]
190263/580/1.f:JCPJNN_05605 -            437 GH4.hmm              -            179   1.2e-57  198.6   0.2   1   1   1.5e-60   1.9e-57  198.0   0.2     1   178     3   181     3   182 0.99 [190263/580/1]
190263/512/1.f:JBCLGH_01600 -            437 GH4.hmm              -            179   1.3e-56  195.3   0.0   1   1   1.4e-59   1.7e-56  194.8   0.0     1   177     7   184     7   186 0.99 [190263/512/1]
190263/468/1.f:DIOFOH_12710 -            441 GH4.hmm              -            179   1.6e-56  195.0   0.0   1   1   1.9e-59   2.4e-56  194.4   0.0     2   178     6   183     5   184 0.98 [190263/468/1]
190263/580/1.f:JCPJNN_23885 -            489 GH4.hmm              -            179   3.7e-56  193.8   0.1   1   1   5.1e-59   6.3e-56  193.0   0.1     1   179     4   184     4   184 0.99 [190263/580/1]
190263/546/1.f:GEHMID_08780 -            487 GH4.hmm              -            179     8e-56  192.7   0.1   1   1     1e-58   1.2e-55  192.1   0.1     1   179     4   184     4   184 0.99 [190263/546/1]
190263/560/1.f:OAGBLH_06985 -            468 GH4.hmm              -            179   5.2e-55  190.0   0.0   1   1     1e-57   1.3e-54  188.8   0.0     2   171     6   176     5   182 0.98 [190263/560/1]
190263/580/1.f:JCPJNN_16480 -            462 GH4.hmm              -            179   8.1e-55  189.4   0.0   1   1     1e-57   1.3e-54  188.8   0.0     1   175    12   189    12   193 0.96 [190263/580/1]
190263/512/1.f:JBCLGH_11490 -            452 GH4.hmm              -            179   1.4e-53  185.4   0.0   1   1   1.8e-56   2.3e-53  184.7   0.0     1   178     3   181     3   182 0.98 [190263/512/1]
190263/429/1.f:OMPHBF_07445 -            470 GH4.hmm              -            179   1.7e-53  185.1   0.0   1   1   2.3e-56   2.8e-53  184.4   0.0     1   176     3   178     3   181 0.98 [190263/429/1]
190263/384/1.f:CDKGIA_16480 -            466 GH4.hmm              -            179   5.4e-53  183.5   0.0   1   1   7.2e-56   8.9e-53  182.8   0.0     1   176    12   190    12   193 0.98 [190263/384/1]
190263/375/1.f:CNGHJF_21220 -            454 GH4.hmm              -            179   6.6e-53  183.2   0.1   1   1   8.7e-56   1.1e-52  182.5   0.1     1   178     2   178     2   179 0.99 [190263/375/1]
190263/370/1.f:MFKGBO_05600 -            440 GH4.hmm              -            179   1.4e-52  182.1   0.0   1   1   1.6e-55     2e-52  181.6   0.0     2   179     7   185     6   185 0.99 [190263/370/1]
190263/384/1.f:CDKGIA_01725 -            466 GH4.hmm              -            179   5.4e-52  180.2   0.1   1   1   6.4e-55   7.9e-52  179.7   0.1     2   176    13   190    12   193 0.97 [190263/384/1]
190263/375/1.f:CNGHJF_09230 -            440 GH4.hmm              -            179   7.3e-52  179.8   0.0   1   1   8.9e-55   1.1e-51  179.2   0.0     2   179     7   185     6   185 0.98 [190263/375/1]
190263/409/1.f:AJJCMD_25955 -            465 GH4.hmm              -            179   9.6e-52  179.4   0.0   1   1   1.1e-54   1.3e-51  179.0   0.0     2   176    13   190    12   193 0.96 [190263/409/1]
190263/370/1.f:MFKGBO_15095 -            465 GH4.hmm              -            179   2.9e-51  177.9   0.0   1   1   3.3e-54   4.1e-51  177.3   0.0     1   179    14   195    14   195 0.97 [190263/370/1]
190263/384/1.f:CDKGIA_19705 -            466 GH4.hmm              -            179     1e-50  176.0   0.0   1   1   1.2e-53   1.5e-50  175.5   0.0     1   178    12   192    12   193 0.97 [190263/384/1]
190263/412/1.f:OOIBGL_05990 -            465 GH4.hmm              -            179   1.4e-50  175.6   0.0   1   1   1.6e-53     2e-50  175.1   0.0     1   175     5   182     5   186 0.98 [190263/412/1]
190263/546/1.f:GEHMID_08725 -            471 GH4.hmm              -            179   1.8e-50  175.3   0.0   1   1   2.2e-53   2.7e-50  174.7   0.0     1   177    14   193    14   195 0.97 [190263/546/1]
190263/406/1.f:DKNBGD_04965 -            444 GH4.hmm              -            179   7.8e-50  173.2   0.0   1   1   1.1e-52   1.3e-49  172.5   0.0     2   179     8   186     7   186 0.99 [190263/406/1]
190263/406/1.f:DKNBGD_13815 -            460 GH4.hmm              -            179   1.4e-47  165.9   0.3   1   1   3.6e-50   4.4e-47  164.2   0.0     1   179     2   179     2   179 0.98 [190263/406/1]
190263/478/1.f:BOCJFA_06950 -            455 GH4.hmm              -            179     2e-45  158.8   0.0   1   1   2.4e-48     3e-45  158.2   0.0     1   178     2   179     2   180 0.99 [190263/478/1]
190263/409/1.f:AJJCMD_23885 -            442 GH4.hmm              -            179   9.9e-44  153.3   0.0   1   1   1.2e-46   1.4e-43  152.8   0.0    18   176     2   163     1   166 0.95 [190263/409/1]
190263/434/1.f:NCAOKI_07340 -            110 GH4.hmm              -            179   1.2e-33  120.4   0.0   1   1   1.1e-36   1.4e-33  120.3   0.0     1   103     6   110     6   110 0.99 [190263/434/1]
190263/434/1.f:NCAOKI_07345 -            321 GH4.hmm              -            179   1.8e-21   80.8   0.1   1   1   2.6e-24   3.2e-21   79.9   0.1   112   179     1    68     1    68 0.97 [190263/434/1]
#
# Program:         hmmsearch
# Version:         3.3.2 (Nov 2020)
# Pipeline mode:   SEARCH
# Query file:      /kb/module/work/tmp/output.1725388484971/GH4/GH4.hmm
# Target file:     /kb/module/work/tmp/output.1725388484971/hCom2_RAST.fasta
# Option settings: /kb/module/hmmer/bin/hmmsearch --domtblout /kb/module/work/tmp/output.1725388484971/GH4/GH4-hCom2_RAST.hitout.txt --noali --notextw --domE 1e-15 /kb/module/work/tmp/output.1725388484971/GH4/GH4.hmm /kb/module/work/tmp/output.1725388484971/hCom2_RAST.fasta 
# Current dir:     /kb/module/work/tmp/output.1725388484971
# Date:            Tue Sep  3 18:46:13 2024
# [ok]
