#                                                                                   --- full sequence --- -------------- this domain -------------   hmm coord   ali coord   env coord
# target name               accession   tlen query name           accession   qlen   E-value  score  bias   #  of  c-Evalue  i-Evalue  score  bias  from    to  from    to  from    to  acc description of target
#       ------------------- ---------- ----- -------------------- ---------- ----- --------- ------ ----- --- --- --------- --------- ------ ----- ----- ----- ----- ----- ----- ----- ---- ---------------------
190263/546/1.f:GEHMID_05115 -            676 GH42.hmm             -            371  8.8e-159  533.0   4.4   1   1  1.4e-161  1.1e-158  532.7   4.4     1   370    15   389    15   390 0.99 [190263/546/1]
190263/520/1.f:GGDGDE_08850 -            676 GH42.hmm             -            371  2.9e-156  524.8   5.3   1   1  4.7e-159  3.6e-156  524.5   5.3     1   370    15   387    15   388 0.99 [190263/520/1]
190263/420/1.f:GMHOLO_02405 -            689 GH42.hmm             -            371  2.8e-155  521.5   2.4   1   1  4.6e-158  3.6e-155  521.2   2.4     1   370    25   396    25   397 0.98 [190263/420/1]
190263/580/1.f:JCPJNN_16810 -            665 GH42.hmm             -            371  5.4e-155  520.6   8.3   1   1    1e-157  7.7e-155  520.1   8.3     1   370    10   380    10   381 0.99 [190263/580/1]
190263/527/1.f:HGADJN_02640 -            689 GH42.hmm             -            371  6.9e-155  520.2   2.8   1   1  1.1e-157  8.6e-155  519.9   2.8     1   370    25   396    25   397 0.98 [190263/527/1]
190263/433/1.f:ADFNDI_01145 -            674 GH42.hmm             -            371  1.4e-153  515.9   2.2   1   1  2.5e-156  1.9e-153  515.5   2.2     1   370    15   385    15   386 0.98 [190263/433/1]
190263/455/1.f:GDGJDA_11975 -            671 GH42.hmm             -            371  1.3e-152  512.8   6.6   1   1    2e-155  1.5e-152  512.5   6.6     1   370    13   386    13   387 0.98 [190263/455/1]
190263/429/1.f:OMPHBF_12655 -            674 GH42.hmm             -            371  4.3e-152  511.1   2.6   1   1  7.8e-155    6e-152  510.6   2.6     1   370    15   386    15   387 0.98 [190263/429/1]
190263/557/1.f:DOLMEB_03790 -            675 GH42.hmm             -            371  6.4e-151  507.2   0.6   1   1  1.1e-153  8.7e-151  506.7   0.6     1   370    15   385    15   386 0.99 [190263/557/1]
190263/478/1.f:BOCJFA_12460 -            674 GH42.hmm             -            371  9.8e-151  506.6   1.4   1   1  2.1e-153  1.6e-150  505.9   1.4     1   370    15   385    15   386 0.98 [190263/478/1]
190263/423/1.f:PDNKFB_01005 -            669 GH42.hmm             -            371  4.2e-150  504.5  13.1   1   1    7e-153  5.4e-150  504.1  13.1     1   370    13   382    13   383 0.99 [190263/423/1]
190263/474/1.f:AMDJJA_02320 -            691 GH42.hmm             -            371  5.2e-150  504.2   3.8   1   1  8.8e-153  6.7e-150  503.8   3.8     1   370    24   394    24   395 0.98 [190263/474/1]
190263/512/1.f:JBCLGH_10715 -            679 GH42.hmm             -            371  7.9e-150  503.6   5.2   1   1  1.7e-152  1.3e-149  502.9   5.2     1   370    11   386    11   387 0.97 [190263/512/1]
190263/474/1.f:AMDJJA_01880 -            710 GH42.hmm             -            371  1.8e-149  502.4   2.3   1   1    3e-152  2.3e-149  502.1   2.3     1   370    25   396    25   397 0.98 [190263/474/1]
190263/409/1.f:AJJCMD_10500 -            661 GH42.hmm             -            371  2.4e-149  502.0   3.4   1   1    4e-152  3.1e-149  501.6   3.4     1   368     8   378     8   380 0.98 [190263/409/1]
190263/537/1.f:AHPNMI_04125 -            675 GH42.hmm             -            371    4e-149  501.3   4.0   1   1  6.9e-152  5.3e-149  500.9   4.0     1   370    14   384    14   385 0.98 [190263/537/1]
190263/425/1.f:HPANHD_10460 -            684 GH42.hmm             -            371  8.3e-149  500.2   5.5   1   1  1.5e-151  1.1e-148  499.8   5.5     1   370    15   394    15   395 0.98 [190263/425/1]
190263/472/1.f:NMGHJI_00305 -            674 GH42.hmm             -            371  1.5e-148  499.4   0.7   1   1  2.4e-151  1.9e-148  499.1   0.7     1   370    13   383    13   384 0.98 [190263/472/1]
190263/409/1.f:AJJCMD_29045 -            681 GH42.hmm             -            371  4.8e-148  497.7   7.2   1   1    8e-151  6.1e-148  497.4   7.2     1   370    15   385    15   386 0.98 [190263/409/1]
190263/580/1.f:JCPJNN_07340 -            682 GH42.hmm             -            371  1.4e-147  496.1   3.1   1   1  2.4e-150  1.8e-147  495.8   3.1     1   370    16   391    16   392 0.97 [190263/580/1]
190263/447/1.f:OLODHC_01565 -            677 GH42.hmm             -            371  3.6e-147  494.8   9.5   1   1  6.1e-150  4.7e-147  494.5   9.5     1   370    11   386    11   387 0.97 [190263/447/1]
190263/443/1.f:LNLACP_07560 -            666 GH42.hmm             -            371  2.5e-146  492.1   6.1   1   1    4e-149  3.1e-146  491.8   6.1     1   370    11   383    11   384 0.98 [190263/443/1]
190263/514/1.f:MMHOAN_02505 -            676 GH42.hmm             -            371  7.7e-146  490.5   2.5   1   1  1.3e-148    1e-145  490.1   2.5     1   369    16   385    16   387 0.98 [190263/514/1]
190263/455/1.f:GDGJDA_03905 -            677 GH42.hmm             -            371    1e-144  486.8   9.7   1   1  1.9e-147  1.4e-144  486.3   9.7     1   371    16   392    16   392 0.97 [190263/455/1]
190263/527/1.f:HGADJN_07965 -            696 GH42.hmm             -            371    1e-144  486.7   6.0   1   1  1.7e-147  1.3e-144  486.4   6.0     1   370    23   394    23   395 0.98 [190263/527/1]
190263/541/1.f:IDEEIE_18525 -            677 GH42.hmm             -            371  5.9e-144  484.3  10.0   1   1  1.1e-146  8.4e-144  483.8  10.0     1   371    16   392    16   392 0.97 [190263/541/1]
190263/420/1.f:GMHOLO_07525 -            693 GH42.hmm             -            371  3.7e-143  481.7   6.1   1   1    6e-146  4.6e-143  481.3   6.1     1   370    23   394    23   395 0.98 [190263/420/1]
190263/390/1.f:OLPOLE_13375 -            691 GH42.hmm             -            371  2.2e-142  479.1   0.3   1   1  3.4e-145  2.6e-142  478.8   0.3     1   370    13   383    13   384 0.98 [190263/390/1]
190263/513/1.f:MKNBNH_11725 -            680 GH42.hmm             -            371  1.7e-140  472.8   3.6   1   1  2.8e-143  2.1e-140  472.5   3.6     1   370    18   392    18   393 0.98 [190263/513/1]
190263/580/1.f:JCPJNN_06640 -            682 GH42.hmm             -            371    4e-127  428.9   5.5   1   1  6.9e-130  5.3e-127  428.5   5.5     1   367    15   391    15   394 0.94 [190263/580/1]
190263/573/1.f:LIDFCI_21725 -            703 GH42.hmm             -            371    2e-125  423.3   1.6   1   1    4e-128    3e-125  422.7   1.6     2   370    38   417    37   418 0.97 [190263/573/1]
190263/546/1.f:GEHMID_09580 -            685 GH42.hmm             -            371  4.3e-125  422.2   7.2   1   1  7.5e-128  5.8e-125  421.8   7.2     1   370    17   396    17   397 0.94 [190263/546/1]
190263/475/1.f:MCKEEP_03220 -            703 GH42.hmm             -            371  4.8e-125  422.0   1.2   1   1  9.6e-128  7.4e-125  421.4   1.2     2   370    38   417    37   418 0.97 [190263/475/1]
190263/573/1.f:LIDFCI_20370 -            703 GH42.hmm             -            371  5.6e-125  421.8   1.8   1   1  1.2e-127  9.4e-125  421.1   1.8     2   370    38   417    37   418 0.97 [190263/573/1]
190263/399/1.f:CDLIDF_05085 -            690 GH42.hmm             -            371  2.9e-124  419.5   4.8   1   1  3.8e-127  2.9e-124  419.5   4.8     2   370    37   411    36   412 0.97 [190263/399/1]
190263/580/1.f:JCPJNN_24530 -            646 GH42.hmm             -            371  3.8e-124  419.1   4.2   1   1  6.4e-127  4.9e-124  418.7   4.2     1   369     6   374     6   376 0.97 [190263/580/1]
190263/475/1.f:MCKEEP_01930 -            703 GH42.hmm             -            371  5.5e-124  418.6   1.2   1   1  1.1e-126  8.3e-124  418.0   1.2     2   370    38   417    37   418 0.97 [190263/475/1]
190263/545/1.f:NCJBIN_01070 -            704 GH42.hmm             -            371  1.2e-123  417.5   3.7   1   1  2.1e-126  1.6e-123  417.0   3.7     2   370    49   423    48   424 0.97 [190263/545/1]
190263/391/1.f:NONBJF_00955 -            704 GH42.hmm             -            371  1.2e-123  417.4   3.7   1   1  2.1e-126  1.6e-123  417.0   3.7     2   370    49   423    48   424 0.97 [190263/391/1]
190263/534/1.f:OHCFJE_01720 -            704 GH42.hmm             -            371  1.2e-123  417.4   3.7   1   1  2.1e-126  1.6e-123  417.0   3.7     2   370    49   423    48   424 0.97 [190263/534/1]
190263/388/1.f:FDDJJK_00935 -            704 GH42.hmm             -            371  1.6e-123  417.0   3.7   1   1  2.8e-126  2.1e-123  416.6   3.7     2   370    49   423    48   424 0.97 [190263/388/1]
190263/405/1.f:EHKDKA_12455 -            711 GH42.hmm             -            371  1.9e-122  413.5   4.1   1   1  3.3e-125  2.6e-122  413.1   4.1     2   370    37   411    36   412 0.97 [190263/405/1]
190263/573/1.f:LIDFCI_00005 -            695 GH42.hmm             -            371  3.2e-122  412.8   3.4   1   1  5.4e-125  4.1e-122  412.4   3.4     2   370    42   416    41   417 0.97 [190263/573/1]
190263/475/1.f:MCKEEP_09860 -            696 GH42.hmm             -            371  4.5e-122  412.2   4.2   1   1  7.7e-125  5.9e-122  411.9   4.2     2   370    43   417    42   418 0.97 [190263/475/1]
190263/502/1.f:NONHGB_10785 -            692 GH42.hmm             -            371  5.8e-122  411.9   3.4   1   1    1e-124  7.9e-122  411.5   3.4     2   370    37   411    36   412 0.97 [190263/502/1]
190263/504/1.f:DOAHDM_10495 -            986 GH42.hmm             -            371  1.2e-121  410.8   4.8   1   1  2.4e-124  1.8e-121  410.2   4.8     2   370   333   707   332   708 0.97 [190263/504/1]
190263/562/1.f:KJGNCK_09465 -            703 GH42.hmm             -            371  2.2e-121  410.0   2.4   1   1  2.8e-124  2.2e-121  410.0   2.4     2   370    38   417    37   418 0.97 [190263/562/1]
190263/401/1.f:DMFJNH_10115 -            986 GH42.hmm             -            371  2.4e-121  409.8   4.8   1   1  4.7e-124  3.6e-121  409.3   4.8     2   370   333   707   332   708 0.97 [190263/401/1]
190263/562/1.f:KJGNCK_11035 -            715 GH42.hmm             -            371  7.8e-121  408.2   2.7   1   1  1.4e-123  1.1e-120  407.7   2.7     2   370    62   436    61   437 0.97 [190263/562/1]
190263/552/1.f:EMALNL_10955 -            716 GH42.hmm             -            371  4.2e-120  405.8   3.2   1   1  7.4e-123  5.6e-120  405.3   3.2     2   370    62   436    61   437 0.97 [190263/552/1]
190263/405/1.f:EHKDKA_06520 -            689 GH42.hmm             -            371  2.4e-116  393.4  13.1   1   1  3.9e-119    3e-116  393.1  13.1     2   370    37   401    36   402 0.98 [190263/405/1]
190263/420/1.f:GMHOLO_06810 -            708 GH42.hmm             -            371  7.6e-115  388.5   1.6   1   1  1.3e-117  9.7e-115  388.1   1.6     2   370    15   385    14   386 0.97 [190263/420/1]
190263/405/1.f:EHKDKA_25455 -            690 GH42.hmm             -            371    8e-114  385.1   1.7   1   1  1.3e-116  9.9e-114  384.8   1.7     2   370    28   403    27   404 0.96 [190263/405/1]
190263/527/1.f:HGADJN_07140 -            708 GH42.hmm             -            371  1.1e-113  384.7   1.6   1   1  1.8e-116  1.4e-113  384.3   1.6     2   370    15   385    14   386 0.97 [190263/527/1]
190263/520/1.f:GGDGDE_05880 -            688 GH42.hmm             -            371  6.3e-113  382.2   7.2   1   1  1.2e-115  9.6e-113  381.6   7.2     2   370    12   377    11   378 0.97 [190263/520/1]
190263/423/1.f:PDNKFB_05795 -            662 GH42.hmm             -            371  8.2e-113  381.8   4.0   1   1  1.4e-115  1.1e-112  381.4   4.0     2   371    12   378    11   378 0.98 [190263/423/1]
190263/580/1.f:JCPJNN_01620 -            669 GH42.hmm             -            371  2.9e-112  380.0   1.8   1   1  3.8e-115  2.9e-112  380.0   1.8     2   370    10   376     9   377 0.97 [190263/580/1]
190263/369/1.f:JCDIFE_02340 -            686 GH42.hmm             -            371  6.7e-112  378.8  14.1   1   1  1.2e-114    9e-112  378.4  14.1     2   370    34   398    33   399 0.97 [190263/369/1]
190263/461/1.f:DHPHOK_02895 -            686 GH42.hmm             -            371  7.7e-112  378.6  15.2   1   1  1.3e-114    1e-111  378.2  15.2     2   370    34   398    33   399 0.97 [190263/461/1]
190263/382/1.f:JACGKO_03565 -            685 GH42.hmm             -            371  8.8e-110  371.8   2.2   1   1  1.6e-112  1.2e-109  371.4   2.2     2   370    15   391    14   392 0.98 [190263/382/1]
190263/495/1.f:ANKNCD_08730 -            682 GH42.hmm             -            371  4.5e-109  369.5   4.7   1   1  7.3e-112  5.6e-109  369.2   4.7     2   370    12   377    11   378 0.98 [190263/495/1]
190263/433/1.f:ADFNDI_14615 -            667 GH42.hmm             -            371  7.8e-109  368.7   2.3   1   1  1.3e-111    1e-108  368.3   2.3     2   370    10   376     9   377 0.98 [190263/433/1]
190263/396/1.f:KAAOMA_17800 -            656 GH42.hmm             -            371  2.2e-104  354.1   0.0   1   1  3.5e-107  2.7e-104  353.8   0.0     1   370     6   376     6   377 0.96 [190263/396/1]
190263/383/1.f:KCEMEB_11200 -            723 GH42.hmm             -            371   1.9e-76  262.1   1.7   1   1   3.2e-79   2.4e-76  261.8   1.7     2   369    10   402     9   404 0.89 [190263/383/1]
190263/370/1.f:MFKGBO_01415 -            705 GH42.hmm             -            371   2.7e-67  232.0   0.0   1   1   4.9e-70   3.8e-67  231.5   0.0     9   367    15   392     6   395 0.93 [190263/370/1]
190263/580/1.f:JCPJNN_08665 -            692 GH42.hmm             -            371   3.5e-58  202.0   7.9   1   1   6.2e-61   4.8e-58  201.6   7.9     9   367    21   390    13   393 0.93 [190263/580/1]
190263/390/1.f:OLPOLE_14600 -            689 GH42.hmm             -            371   6.6e-40  141.9   6.7   1   1   1.2e-42   9.4e-40  141.4   6.7     7   369    17   388    11   390 0.87 [190263/390/1]
190263/390/1.f:OLPOLE_14605 -            689 GH42.hmm             -            371   2.1e-39  140.2   4.1   1   1     4e-42   3.1e-39  139.7   4.1     7   362    16   380    10   388 0.87 [190263/390/1]
190263/556/1.f:EMIPPF_06415 -            669 GH42.hmm             -            371   1.1e-26   98.4   0.0   1   1   6.6e-19   5.1e-16   63.3   0.2   201   368   181   358   164   361 0.79 [190263/556/1]
190263/409/1.f:AJJCMD_25435 -            702 GH42.hmm             -            371   9.8e-18   68.9   0.0   1   1   1.9e-20   1.5e-17   68.3   0.0     8   334    29   372    24   392 0.81 [190263/409/1]
#
# Program:         hmmsearch
# Version:         3.3.2 (Nov 2020)
# Pipeline mode:   SEARCH
# Query file:      /kb/module/work/tmp/output.1725388484971/GH42/GH42.hmm
# Target file:     /kb/module/work/tmp/output.1725388484971/hCom2_RAST.fasta
# Option settings: /kb/module/hmmer/bin/hmmsearch --domtblout /kb/module/work/tmp/output.1725388484971/GH42/GH42-hCom2_RAST.hitout.txt --noali --notextw --domE 1e-15 /kb/module/work/tmp/output.1725388484971/GH42/GH42.hmm /kb/module/work/tmp/output.1725388484971/hCom2_RAST.fasta 
# Current dir:     /kb/module/work/tmp/output.1725388484971
# Date:            Tue Sep  3 18:51:22 2024
# [ok]
