#                                                                                   --- full sequence --- -------------- this domain -------------   hmm coord   ali coord   env coord
# target name               accession   tlen query name           accession   qlen   E-value  score  bias   #  of  c-Evalue  i-Evalue  score  bias  from    to  from    to  from    to  acc description of target
#       ------------------- ---------- ----- -------------------- ---------- ----- --------- ------ ----- --- --- --------- --------- ------ ----- ----- ----- ----- ----- ----- ----- ---- ---------------------
190263/405/1.f:EHKDKA_12800 -            530 GH43_11.hmm          -            292  4.8e-146  490.0   0.0   1   1  1.4e-148  7.5e-146  489.4   0.0     1   292     4   294     4   294 0.99 [190263/405/1]
190263/447/1.f:OLODHC_01285 -            525 GH43_11.hmm          -            292  9.9e-139  466.0   0.1   1   1  2.6e-140  1.4e-137  462.2   0.0     1   292     4   293     4   293 0.99 [190263/447/1]
190263/420/1.f:GMHOLO_01490 -            543 GH43_11.hmm          -            292  7.1e-136  456.6   0.3   1   1  1.7e-138  9.3e-136  456.3   0.3     1   292     3   304     3   304 0.99 [190263/420/1]
190263/527/1.f:HGADJN_01610 -            543 GH43_11.hmm          -            292  7.1e-136  456.6   0.3   1   1  1.7e-138  9.3e-136  456.3   0.3     1   292     3   304     3   304 0.99 [190263/527/1]
190263/420/1.f:GMHOLO_02150 -            543 GH43_11.hmm          -            292  1.6e-135  455.5   0.3   1   1  3.8e-138    2e-135  455.1   0.3     1   292     3   304     3   304 0.99 [190263/420/1]
190263/527/1.f:HGADJN_02425 -            543 GH43_11.hmm          -            292  4.7e-135  454.0   0.6   1   1  1.1e-137  5.9e-135  453.6   0.6     1   292     3   304     3   304 0.99 [190263/527/1]
190263/520/1.f:GGDGDE_20565 -            540 GH43_11.hmm          -            292    2e-133  448.6   0.2   1   1  4.7e-136  2.5e-133  448.3   0.2     1   292     4   305     4   305 0.99 [190263/520/1]
190263/409/1.f:AJJCMD_07230 -            533 GH43_11.hmm          -            292  4.5e-133  447.5   0.0   1   1  1.2e-135  6.4e-133  446.9   0.0     2   292    10   298     9   298 0.99 [190263/409/1]
190263/455/1.f:GDGJDA_02905 -            549 GH43_11.hmm          -            292  6.3e-132  443.7   0.2   1   1  1.5e-134  8.2e-132  443.3   0.2     1   292     2   313     2   313 0.98 [190263/455/1]
190263/433/1.f:ADFNDI_03705 -            548 GH43_11.hmm          -            292  3.5e-130  437.9   0.0   1   1  8.8e-133  4.7e-130  437.5   0.0     1   292     2   313     2   313 0.98 [190263/433/1]
190263/527/1.f:HGADJN_02320 -            543 GH43_11.hmm          -            292  4.4e-129  434.3   0.6   1   1  1.1e-131  5.8e-129  433.9   0.6     1   292     3   303     3   303 0.99 [190263/527/1]
190263/541/1.f:IDEEIE_12865 -            548 GH43_11.hmm          -            292  1.3e-127  429.5   0.0   1   1  3.3e-130  1.8e-127  429.1   0.0     1   292     2   313     2   313 0.98 [190263/541/1]
190263/420/1.f:GMHOLO_06770 -            548 GH43_11.hmm          -            292  5.8e-127  427.4   0.1   1   1  1.5e-129  7.9e-127  426.9   0.1     2   292     3   313     2   313 0.98 [190263/420/1]
190263/527/1.f:HGADJN_07100 -            548 GH43_11.hmm          -            292  5.8e-127  427.4   0.1   1   1  1.5e-129  7.9e-127  426.9   0.1     2   292     3   313     2   313 0.98 [190263/527/1]
190263/546/1.f:GEHMID_02780 -            535 GH43_11.hmm          -            292  5.1e-126  424.3   0.4   1   1  1.4e-128  7.3e-126  423.8   0.4     2   292     4   304     3   304 0.99 [190263/546/1]
190263/580/1.f:JCPJNN_02360 -            556 GH43_11.hmm          -            292  1.3e-121  409.8   0.4   1   1  3.2e-124  1.7e-121  409.4   0.4     1   292     3   314     3   314 0.94 [190263/580/1]
190263/546/1.f:GEHMID_10190 -            652 GH43_11.hmm          -            292  7.3e-117  394.2   0.3   1   1  1.9e-119    1e-116  393.7   0.3     1   292    27   339    27   339 0.95 [190263/546/1]
190263/382/1.f:JACGKO_03555 -            556 GH43_11.hmm          -            292  8.6e-111  374.3   0.1   1   1  2.1e-113  1.1e-110  373.9   0.1     1   292     4   314     4   314 0.97 [190263/382/1]
190263/399/1.f:CDLIDF_13450 -            857 GH43_11.hmm          -            292   1.6e-90  307.7   1.0   1   1     1e-84   5.5e-82  279.7   0.0     2   292    25   312    24   312 0.93 [190263/399/1]
190263/490/1.f:OIBLLI_09290 -            540 GH43_11.hmm          -            292   1.5e-89  304.6   0.0   1   1   3.9e-92   2.1e-89  304.1   0.0     2   292     4   282     3   282 0.97 [190263/490/1]
190263/546/1.f:GEHMID_03135 -            526 GH43_11.hmm          -            292   1.1e-88  301.8   0.3   1   1   2.6e-91   1.4e-88  301.4   0.3     2   292     7   298     6   298 0.95 [190263/546/1]
190263/520/1.f:GGDGDE_19885 -            513 GH43_11.hmm          -            292   1.8e-87  297.8   0.0   1   1   4.3e-90   2.3e-87  297.4   0.0     3   292     6   290     4   290 0.95 [190263/520/1]
190263/409/1.f:AJJCMD_17550 -            503 GH43_11.hmm          -            292   1.2e-86  295.1   0.9   1   1   3.1e-89   1.6e-86  294.6   0.9     2   292     4   279     3   279 0.95 [190263/409/1]
190263/534/1.f:OHCFJE_03255 -            549 GH43_11.hmm          -            292   3.2e-86  293.7   0.1   1   1   3.3e-88   1.8e-85  291.2   0.0     1   288    43   326    43   329 0.95 [190263/534/1]
190263/545/1.f:NCJBIN_10445 -            549 GH43_11.hmm          -            292   3.2e-86  293.7   0.1   1   1   3.3e-88   1.8e-85  291.2   0.0     1   288    43   326    43   329 0.95 [190263/545/1]
190263/391/1.f:NONBJF_09625 -            549 GH43_11.hmm          -            292   3.2e-86  293.7   0.1   1   1   3.3e-88   1.8e-85  291.2   0.0     1   288    43   326    43   329 0.95 [190263/391/1]
190263/580/1.f:JCPJNN_30525 -            501 GH43_11.hmm          -            292   4.5e-86  293.2   0.0   1   1   1.1e-88     6e-86  292.7   0.0     2   292     4   279     3   279 0.95 [190263/580/1]
190263/580/1.f:JCPJNN_10115 -            541 GH43_11.hmm          -            292   2.6e-85  290.7   0.1   1   1   6.8e-88   3.7e-85  290.2   0.1     1   292     5   287     5   287 0.94 [190263/580/1]
190263/405/1.f:EHKDKA_18135 -            520 GH43_11.hmm          -            292   8.9e-85  288.9   0.1   1   1   2.7e-87   1.4e-84  288.2   0.1     2   292    25   299    24   299 0.96 [190263/405/1]
190263/461/1.f:DHPHOK_06210 -            523 GH43_11.hmm          -            292   2.3e-84  287.6   0.0   1   1   6.7e-87   3.6e-84  286.9   0.0     2   292    26   300    25   300 0.96 [190263/461/1]
190263/443/1.f:LNLACP_05715 -            520 GH43_11.hmm          -            292   3.2e-84  287.1   0.1   1   1   7.6e-87   4.1e-84  286.7   0.1     1   292     4   291     4   291 0.93 [190263/443/1]
190263/490/1.f:OIBLLI_02545 -            512 GH43_11.hmm          -            292     5e-84  286.5   0.2   1   1   3.5e-86   1.9e-83  284.6   0.2     2   291     6   285     5   286 0.95 [190263/490/1]
190263/399/1.f:CDLIDF_13510 -            537 GH43_11.hmm          -            292   3.4e-83  283.7   0.6   1   1   9.4e-86     5e-83  283.2   0.6     2   288    26   308    25   312 0.94 [190263/399/1]
190263/437/1.f:LBKKEJ_18205 -            520 GH43_11.hmm          -            292   1.1e-82  282.1   0.0   1   1   3.3e-85   1.8e-82  281.4   0.0     2   292    24   298    23   298 0.96 [190263/437/1]
190263/562/1.f:KJGNCK_06150 -            521 GH43_11.hmm          -            292   1.2e-82  281.9   0.0   1   1   3.8e-85     2e-82  281.2   0.0     2   292    24   298    23   298 0.96 [190263/562/1]
190263/552/1.f:EMALNL_04300 -            526 GH43_11.hmm          -            292   1.2e-82  281.9   0.0   1   1   3.9e-85   2.1e-82  281.1   0.0     2   292    24   298    23   298 0.96 [190263/552/1]
190263/520/1.f:GGDGDE_05930 -            521 GH43_11.hmm          -            292   1.8e-82  281.3   0.0   1   1   4.9e-85   2.7e-82  280.8   0.0     2   292     5   291     4   291 0.94 [190263/520/1]
190263/507/1.f:KPMKPI_02035 -            512 GH43_11.hmm          -            292     3e-82  280.6   0.0   1   1   9.8e-85   5.3e-82  279.8   0.0     2   292     4   287     3   287 0.95 [190263/507/1]
190263/423/1.f:PDNKFB_07020 -            523 GH43_11.hmm          -            292   5.9e-82  279.6   0.0   1   1   1.5e-84   8.3e-82  279.2   0.0     2   292     5   291     4   291 0.94 [190263/423/1]
190263/429/1.f:OMPHBF_13095 -            519 GH43_11.hmm          -            292   6.3e-82  279.5   0.0   1   1   1.7e-84   8.9e-82  279.1   0.0     3   292     5   281     3   281 0.95 [190263/429/1]
190263/457/1.f:IIKDLL_11780 -            646 GH43_11.hmm          -            292   1.4e-79  271.8   0.3   1   1   9.3e-82     5e-79  270.0   0.3     2   292   135   411   134   411 0.94 [190263/457/1]
190263/409/1.f:AJJCMD_00315 -            525 GH43_11.hmm          -            292   9.5e-79  269.1   0.0   1   1   2.9e-81   1.5e-78  268.4   0.0     2   292     5   298     4   298 0.94 [190263/409/1]
190263/552/1.f:EMALNL_04305 -            529 GH43_11.hmm          -            292   3.2e-75  257.5   0.0   1   1   8.6e-78   4.6e-75  257.0   0.0     2   292    28   305    27   305 0.94 [190263/552/1]
190263/520/1.f:GGDGDE_09245 -            630 GH43_11.hmm          -            292   1.9e-74  255.0   0.0   1   1     9e-77   4.9e-74  253.7   0.0     2   292   133   408   132   408 0.93 [190263/520/1]
190263/520/1.f:GGDGDE_09840 -            508 GH43_11.hmm          -            292   6.7e-74  253.2   0.1   1   1   1.6e-76   8.7e-74  252.8   0.1     1   291     3   285     3   286 0.94 [190263/520/1]
190263/456/1.f:LKAJBD_08130 -            577 GH43_11.hmm          -            292   1.1e-73  252.5   0.1   1   1   4.2e-76   2.3e-73  251.5   0.0     3   292    70   365    68   365 0.90 [190263/456/1]
190263/562/1.f:KJGNCK_06145 -            530 GH43_11.hmm          -            292   2.6e-73  251.3   0.0   1   1   7.3e-76   3.9e-73  250.7   0.0     2   292    29   306    28   306 0.94 [190263/562/1]
190263/595/1.f:HGDLEC_08325 -            561 GH43_11.hmm          -            292   3.7e-73  250.8   0.0   1   1   1.5e-75   7.9e-73  249.7   0.0     3   292    49   341    47   341 0.93 [190263/595/1]
190263/456/1.f:LKAJBD_02480 -            512 GH43_11.hmm          -            292   3.8e-73  250.7   0.1   1   1   1.2e-75   6.6e-73  249.9   0.1     2   292    13   288    12   288 0.93 [190263/456/1]
190263/573/1.f:LIDFCI_15995 -            577 GH43_11.hmm          -            292     4e-73  250.7   0.0   1   1   1.4e-75   7.3e-73  249.8   0.0     3   292    70   365    68   365 0.90 [190263/573/1]
190263/460/1.f:IHFGKI_14400 -            556 GH43_11.hmm          -            292   4.1e-73  250.6   0.0   1   1   1.1e-75   6.1e-73  250.1   0.0     3   292    48   340    46   340 0.93 [190263/460/1]
190263/552/1.f:EMALNL_07540 -            577 GH43_11.hmm          -            292   1.3e-72  248.9   0.0   1   1   4.6e-75   2.5e-72  248.1   0.0     3   292    70   365    68   365 0.90 [190263/552/1]
190263/388/1.f:FDDJJK_00210 -            632 GH43_11.hmm          -            292   1.4e-72  248.9   0.0   1   1     4e-75   2.1e-72  248.3   0.0     3   292   125   420   123   420 0.90 [190263/388/1]
190263/400/1.f:EIBLKL_09455 -            495 GH43_11.hmm          -            292   4.3e-72  247.3   0.2   1   1   1.1e-74     6e-72  246.8   0.2     2   290     4   281     3   283 0.95 [190263/400/1]
190263/391/1.f:NONBJF_00195 -            632 GH43_11.hmm          -            292   5.7e-72  246.9   0.0   1   1   1.6e-74   8.7e-72  246.3   0.0     3   292   125   420   123   420 0.90 [190263/391/1]
190263/545/1.f:NCJBIN_00195 -            632 GH43_11.hmm          -            292   5.7e-72  246.9   0.0   1   1   1.6e-74   8.7e-72  246.3   0.0     3   292   125   420   123   420 0.90 [190263/545/1]
190263/534/1.f:OHCFJE_00195 -            632 GH43_11.hmm          -            292   5.8e-72  246.9   0.0   1   1   1.6e-74   8.7e-72  246.3   0.0     3   292   125   420   123   420 0.90 [190263/534/1]
190263/437/1.f:LBKKEJ_18100 -            570 GH43_11.hmm          -            292   1.3e-71  245.7   0.0   1   1     4e-74   2.2e-71  245.0   0.0     3   289    58   348    56   350 0.92 [190263/437/1]
190263/405/1.f:EHKDKA_12840 -            882 GH43_11.hmm          -            292   2.4e-70  241.5   0.0   1   1   6.4e-73   3.5e-70  241.0   0.0     3   290   385   678   383   680 0.90 [190263/405/1]
190263/502/1.f:NONHGB_11155 -            910 GH43_11.hmm          -            292   1.1e-69  239.4   0.0   1   1   2.9e-72   1.6e-69  238.9   0.0     2   290   410   704   409   706 0.91 [190263/502/1]
190263/573/1.f:LIDFCI_16020 -            575 GH43_11.hmm          -            292   1.3e-69  239.1   0.6   1   1   1.8e-71   9.5e-69  236.3   0.0     3   287    65   355    63   358 0.89 [190263/573/1]
190263/475/1.f:MCKEEP_08320 -            575 GH43_11.hmm          -            292   1.5e-69  238.9   0.8   1   1   2.4e-71   1.3e-68  235.8   0.0     3   287    65   355    63   358 0.89 [190263/475/1]
190263/552/1.f:EMALNL_07520 -            575 GH43_11.hmm          -            292   3.4e-69  237.8   0.5   1   1   4.7e-71   2.5e-68  234.9   0.0     3   287    65   355    63   358 0.89 [190263/552/1]
190263/405/1.f:EHKDKA_02030 -            919 GH43_11.hmm          -            292   1.2e-67  232.7   0.0   1   1   4.6e-70   2.5e-67  231.7   0.0     3   287    68   358    66   362 0.90 [190263/405/1]
190263/502/1.f:NONHGB_01905 -            919 GH43_11.hmm          -            292   1.7e-67  232.2   0.0   1   1   6.3e-70   3.4e-67  231.2   0.0     3   287    68   358    66   362 0.90 [190263/502/1]
190263/405/1.f:EHKDKA_15525 -           1120 GH43_11.hmm          -            292   4.3e-67  230.9  18.2   1   2   1.1e-48     6e-46  161.5   5.1     5   291    26   287    23   288 0.89 [190263/405/1]
190263/405/1.f:EHKDKA_15525 -           1120 GH43_11.hmm          -            292   4.3e-67  230.9  18.2   2   2   1.3e-19   7.1e-17   66.0   2.0     2   290   821  1111   820  1113 0.77 [190263/405/1]
190263/399/1.f:CDLIDF_16950 -            570 GH43_11.hmm          -            292   4.6e-67  230.8   0.0   1   1   1.9e-69     1e-66  229.7   0.0     3   287    58   346    56   349 0.92 [190263/399/1]
190263/399/1.f:CDLIDF_10095 -            833 GH43_11.hmm          -            292   4.1e-53  185.0   7.9   1   1   5.3e-53   2.8e-50  175.7   4.3     5   291    26   290    23   291 0.85 [190263/399/1]
190263/552/1.f:EMALNL_01575 -            510 GH43_11.hmm          -            292   6.1e-52  181.1   2.8   1   1   3.6e-54   1.9e-51  179.5   2.8     4   292    38   305    36   305 0.87 [190263/552/1]
190263/502/1.f:NONHGB_00190 -            517 GH43_11.hmm          -            292   1.5e-49  173.2   1.1   1   1     6e-52   3.2e-49  172.2   1.1     3   292    41   312    39   312 0.84 [190263/502/1]
190263/401/1.f:DMFJNH_07380 -            811 GH43_11.hmm          -            292   2.3e-49  172.7  13.0   1   1   1.1e-48   5.8e-46  161.5   5.7     5   291    26   287    23   288 0.87 [190263/401/1]
190263/504/1.f:DOAHDM_07895 -            811 GH43_11.hmm          -            292   2.3e-49  172.7  13.0   1   1   1.1e-48   5.8e-46  161.5   5.7     5   291    26   287    23   288 0.87 [190263/504/1]
190263/461/1.f:DHPHOK_17575 -            979 GH43_11.hmm          -            292   2.2e-48  169.4   1.7   1   1   7.5e-51     4e-48  168.6   1.7     2   292   505   777   504   777 0.86 [190263/461/1]
190263/401/1.f:DMFJNH_06495 -            637 GH43_11.hmm          -            292   7.7e-48  167.7  12.1   1   2   1.2e-24   6.5e-22   82.6   1.8     3   290    32   311    31   313 0.77 [190263/401/1]
190263/401/1.f:DMFJNH_06495 -            637 GH43_11.hmm          -            292   7.7e-48  167.7  12.1   2   2   1.1e-26   6.1e-24   89.2   3.0     2   292   338   620   337   620 0.80 [190263/401/1]
190263/504/1.f:DOAHDM_07165 -            637 GH43_11.hmm          -            292   7.7e-48  167.7  12.1   1   2   1.2e-24   6.5e-22   82.6   1.8     3   290    32   311    31   313 0.77 [190263/504/1]
190263/504/1.f:DOAHDM_07165 -            637 GH43_11.hmm          -            292   7.7e-48  167.7  12.1   2   2   1.1e-26   6.1e-24   89.2   3.0     2   292   338   620   337   620 0.80 [190263/504/1]
190263/369/1.f:JCDIFE_12790 -            817 GH43_11.hmm          -            292     2e-47  166.3  10.5   1   1   1.4e-48   7.5e-46  161.1   5.5     5   291    29   290    26   291 0.86 [190263/369/1]
190263/437/1.f:LBKKEJ_14810 -            501 GH43_11.hmm          -            292   2.5e-47  166.0   0.3   1   1     2e-49   1.1e-46  163.9   0.3     5   292    38   305    35   305 0.86 [190263/437/1]
190263/490/1.f:OIBLLI_09735 -            542 GH43_11.hmm          -            292   5.9e-47  164.8   0.4   1   1   2.2e-49   1.2e-46  163.8   0.4     2   292    12   281    11   281 0.91 [190263/490/1]
190263/388/1.f:FDDJJK_02675 -            818 GH43_11.hmm          -            292   2.8e-46  162.5  11.0   1   1   2.4e-46   1.3e-43  153.8   6.2     5   291    26   287    23   288 0.86 [190263/388/1]
190263/502/1.f:NONHGB_00355 -            164 GH43_11.hmm          -            292   3.8e-46  162.1   4.2   1   1   8.1e-49   4.3e-46  161.9   4.2     2   147    24   163    23   164 0.95 [190263/502/1]
190263/534/1.f:OHCFJE_02975 -            499 GH43_11.hmm          -            292   3.9e-46  162.1   0.5   1   1   3.5e-48   1.9e-45  159.8   0.5     5   292    36   303    33   303 0.89 [190263/534/1]
190263/545/1.f:NCJBIN_10675 -            499 GH43_11.hmm          -            292   3.9e-46  162.1   0.5   1   1   3.5e-48   1.9e-45  159.8   0.5     5   292    36   303    33   303 0.89 [190263/545/1]
190263/391/1.f:NONBJF_09835 -            499 GH43_11.hmm          -            292   3.9e-46  162.1   0.5   1   1   3.5e-48   1.9e-45  159.8   0.5     5   292    36   303    33   303 0.89 [190263/391/1]
190263/534/1.f:OHCFJE_09655 -            818 GH43_11.hmm          -            292   5.6e-46  161.5  11.6   1   1     2e-46   1.1e-43  154.1   6.6     5   291    26   287    23   288 0.86 [190263/534/1]
190263/545/1.f:NCJBIN_02935 -            817 GH43_11.hmm          -            292   5.7e-46  161.5  11.6   1   1     2e-46   1.1e-43  154.0   6.6     5   291    25   286    22   287 0.86 [190263/545/1]
190263/391/1.f:NONBJF_02560 -            817 GH43_11.hmm          -            292   5.7e-46  161.5  11.6   1   1     2e-46   1.1e-43  154.0   6.6     5   291    25   286    22   287 0.86 [190263/391/1]
190263/522/1.f:NPJBCH_10320 -            621 GH43_11.hmm          -            292   2.1e-45  159.7   6.4   1   2   3.2e-27   1.7e-24   91.0   2.3     2   292    31   314    30   314 0.80 [190263/522/1]
190263/522/1.f:NPJBCH_10320 -            621 GH43_11.hmm          -            292   2.1e-45  159.7   6.4   2   2     1e-20   5.6e-18   69.7   0.1    10   268   335   587   326   606 0.73 [190263/522/1]
190263/534/1.f:OHCFJE_00275 -            555 GH43_11.hmm          -            292   2.4e-45  159.5   0.5   1   1   6.5e-48   3.5e-45  158.9   0.5     2   291    38   306    37   307 0.85 [190263/534/1]
190263/527/1.f:HGADJN_02400 -            564 GH43_11.hmm          -            292   4.4e-45  158.6   0.0   1   1   3.3e-39   1.8e-36  130.4   0.0     1   214     7   248     7   265 0.85 [190263/527/1]
190263/388/1.f:FDDJJK_10255 -            554 GH43_11.hmm          -            292   4.8e-45  158.5   0.1   1   1   1.3e-47   7.1e-45  157.9   0.1     2   292    37   306    36   306 0.86 [190263/388/1]
190263/552/1.f:EMALNL_11310 -            558 GH43_11.hmm          -            292   7.7e-45  157.8   0.1   1   1   2.1e-47   1.1e-44  157.3   0.1     2   291    39   308    38   309 0.85 [190263/552/1]
190263/552/1.f:EMALNL_14145 -            549 GH43_11.hmm          -            292   8.3e-45  157.7   0.5   1   1     3e-47   1.6e-44  156.8   0.5     2   263    37   286    36   307 0.85 [190263/552/1]
190263/420/1.f:GMHOLO_02125 -            564 GH43_11.hmm          -            292   1.1e-44  157.3   0.0   1   1   9.4e-39   5.1e-36  128.9   0.0     1   214     7   248     7   265 0.85 [190263/420/1]
190263/475/1.f:MCKEEP_10240 -            558 GH43_11.hmm          -            292   1.2e-44  157.2   0.1   1   1   3.3e-47   1.8e-44  156.6   0.1     2   291    39   308    38   309 0.85 [190263/475/1]
190263/391/1.f:NONBJF_10790 -            554 GH43_11.hmm          -            292   1.4e-44  157.0   0.2   1   1   3.9e-47   2.1e-44  156.4   0.2     2   292    37   306    36   306 0.86 [190263/391/1]
190263/534/1.f:OHCFJE_02065 -            554 GH43_11.hmm          -            292   1.4e-44  157.0   0.2   1   1   3.9e-47   2.1e-44  156.4   0.2     2   292    37   306    36   306 0.86 [190263/534/1]
190263/545/1.f:NCJBIN_11650 -            554 GH43_11.hmm          -            292   1.4e-44  157.0   0.2   1   1   3.9e-47   2.1e-44  156.4   0.2     2   292    37   306    36   306 0.86 [190263/545/1]
190263/457/1.f:IIKDLL_04080 -            553 GH43_11.hmm          -            292   1.4e-44  156.9   0.4   1   1     5e-47   2.7e-44  156.0   0.4     2   292    32   301    31   301 0.91 [190263/457/1]
190263/585/1.f:DLBDDB_08645 -            558 GH43_11.hmm          -            292   1.6e-44  156.7   0.1   1   1   4.6e-47   2.5e-44  156.2   0.1     2   291    39   308    38   309 0.85 [190263/585/1]
190263/562/1.f:KJGNCK_11340 -            558 GH43_11.hmm          -            292     2e-44  156.5   0.1   1   1   5.5e-47     3e-44  155.9   0.1     2   291    39   308    38   309 0.85 [190263/562/1]
190263/369/1.f:JCDIFE_10740 -            544 GH43_11.hmm          -            292   3.6e-44  155.6   0.3   1   1     1e-46   5.6e-44  155.0   0.3     3   286    33   297    31   302 0.86 [190263/369/1]
190263/562/1.f:KJGNCK_14345 -            549 GH43_11.hmm          -            292   3.9e-44  155.5   0.4   1   1   1.3e-46     7e-44  154.7   0.4     2   264    37   287    36   307 0.84 [190263/562/1]
190263/404/1.f:BGJBIG_07300 -            558 GH43_11.hmm          -            292   5.1e-44  155.1   0.1   1   1   1.4e-46   7.4e-44  154.6   0.1     2   291    39   308    38   309 0.84 [190263/404/1]
190263/405/1.f:EHKDKA_15365 -            549 GH43_11.hmm          -            292   6.7e-44  154.7   0.3   1   1   1.9e-46     1e-43  154.1   0.3     3   291    38   306    36   307 0.87 [190263/405/1]
190263/573/1.f:LIDFCI_00915 -            558 GH43_11.hmm          -            292   7.8e-44  154.5   0.1   1   1   2.1e-46   1.1e-43  154.0   0.1     2   291    39   308    38   309 0.85 [190263/573/1]
190263/502/1.f:NONHGB_14095 -            549 GH43_11.hmm          -            292   9.9e-44  154.2   0.3   1   1   2.8e-46   1.5e-43  153.6   0.3     3   291    38   306    36   307 0.87 [190263/502/1]
190263/573/1.f:LIDFCI_04235 -            549 GH43_11.hmm          -            292   1.3e-43  153.8   0.3   1   1     4e-46   2.2e-43  153.1   0.3     2   263    37   286    36   307 0.85 [190263/573/1]
190263/475/1.f:MCKEEP_14510 -            549 GH43_11.hmm          -            292   1.4e-43  153.7   0.5   1   1   4.3e-46   2.3e-43  153.0   0.5     2   263    37   286    36   307 0.85 [190263/475/1]
190263/585/1.f:DLBDDB_16965 -            548 GH43_11.hmm          -            292   1.8e-43  153.3   0.5   1   1   5.8e-46   3.1e-43  152.5   0.5     2   263    37   286    36   307 0.85 [190263/585/1]
190263/520/1.f:GGDGDE_09240 -            526 GH43_11.hmm          -            292   2.4e-43  152.9   0.9   1   1   7.8e-46   4.2e-43  152.1   0.9     2   291    15   282    14   283 0.89 [190263/520/1]
190263/401/1.f:DMFJNH_14545 -            549 GH43_11.hmm          -            292   3.9e-43  152.2   0.3   1   1   1.2e-45   6.7e-43  151.5   0.3     2   263    37   286    36   307 0.85 [190263/401/1]
190263/504/1.f:DOAHDM_14575 -            549 GH43_11.hmm          -            292     4e-43  152.2   0.3   1   1   1.2e-45   6.7e-43  151.5   0.3     2   263    37   286    36   307 0.85 [190263/504/1]
190263/437/1.f:LBKKEJ_08355 -            555 GH43_11.hmm          -            292   5.2e-43  151.8   0.0   1   1   1.5e-45   8.2e-43  151.2   0.0     2   287    38   303    37   307 0.85 [190263/437/1]
190263/497/1.f:HENFFC_12345 -            513 GH43_11.hmm          -            292   7.4e-43  151.3   0.5   1   1   2.1e-45   1.2e-42  150.7   0.5     2   292    27   303    26   303 0.87 [190263/497/1]
190263/595/1.f:HGDLEC_03290 -            559 GH43_11.hmm          -            292   8.4e-43  151.1   0.1   1   1   2.6e-45   1.4e-42  150.4   0.1     2   292    38   307    37   307 0.89 [190263/595/1]
190263/475/1.f:MCKEEP_08340 -            476 GH43_11.hmm          -            292   1.9e-42  150.0   0.0   1   1   6.3e-45   3.4e-42  149.1   0.0    93   292    55   264    35   264 0.87 [190263/475/1]
190263/456/1.f:LKAJBD_06230 -            558 GH43_11.hmm          -            292   2.9e-42  149.4   0.1   1   1   7.8e-45   4.2e-42  148.8   0.1     2   287    40   306    39   310 0.84 [190263/456/1]
190263/369/1.f:JCDIFE_08905 -            570 GH43_11.hmm          -            292   2.9e-42  149.4   0.1   1   1   8.1e-45   4.3e-42  148.8   0.1     2   292    51   321    50   321 0.86 [190263/369/1]
190263/365/1.f:JJMMAK_00270 -            513 GH43_11.hmm          -            292   3.4e-42  149.2   0.6   1   1   9.9e-45   5.3e-42  148.5   0.6     2   292    27   303    26   303 0.87 [190263/365/1]
190263/401/1.f:DMFJNH_10295 -            558 GH43_11.hmm          -            292   4.1e-42  148.9   0.1   1   1   1.1e-44     6e-42  148.3   0.1     2   291    39   308    38   309 0.85 [190263/401/1]
190263/405/1.f:EHKDKA_11580 -            560 GH43_11.hmm          -            292   5.7e-42  148.4   0.1   1   1   1.5e-44   8.2e-42  147.9   0.1     2   291    40   309    39   310 0.85 [190263/405/1]
190263/466/1.f:PGJOII_00185 -            558 GH43_11.hmm          -            292   6.3e-42  148.3   0.1   1   1   1.7e-44   9.3e-42  147.7   0.1     2   291    40   309    39   310 0.84 [190263/466/1]
190263/504/1.f:DOAHDM_10665 -            558 GH43_11.hmm          -            292   1.6e-41  147.0   0.1   1   1   4.2e-44   2.3e-41  146.4   0.1     2   291    39   308    38   309 0.85 [190263/504/1]
190263/502/1.f:NONHGB_10035 -            559 GH43_11.hmm          -            292   2.3e-41  146.4   0.1   1   1   6.2e-44   3.3e-41  145.9   0.1     2   291    40   309    39   310 0.84 [190263/502/1]
190263/388/1.f:FDDJJK_00610 -            549 GH43_11.hmm          -            292   2.8e-41  146.2   0.2   1   1   8.6e-44   4.6e-41  145.4   0.2     3   226    38   255    36   307 0.84 [190263/388/1]
190263/545/1.f:NCJBIN_10530 -            544 GH43_11.hmm          -            292   1.4e-40  143.8   0.1   1   1   4.7e-43   2.5e-40  143.0   0.1     2   287    35   299    34   303 0.82 [190263/545/1]
190263/391/1.f:NONBJF_09700 -            544 GH43_11.hmm          -            292   2.1e-40  143.3   0.1   1   1   6.6e-43   3.6e-40  142.5   0.1     2   287    35   299    34   303 0.82 [190263/391/1]
190263/534/1.f:OHCFJE_01315 -            549 GH43_11.hmm          -            292   2.6e-40  142.9   0.1   1   1     8e-43   4.3e-40  142.2   0.1     3   226    38   255    36   307 0.85 [190263/534/1]
190263/545/1.f:NCJBIN_00645 -            549 GH43_11.hmm          -            292   2.6e-40  142.9   0.1   1   1     8e-43   4.3e-40  142.2   0.1     3   226    38   255    36   307 0.85 [190263/545/1]
190263/391/1.f:NONBJF_00550 -            549 GH43_11.hmm          -            292   2.7e-40  142.9   0.1   1   1     8e-43   4.3e-40  142.2   0.1     3   226    38   255    36   307 0.85 [190263/391/1]
190263/460/1.f:IHFGKI_00025 -            986 GH43_11.hmm          -            292   2.9e-40  142.8  12.3   1   1   2.5e-33   1.3e-30  111.1   0.4     2   292   479   744   478   744 0.84 [190263/460/1]
190263/399/1.f:CDLIDF_10110 -            550 GH43_11.hmm          -            292   3.3e-40  142.6   0.2   1   1   9.3e-43     5e-40  142.0   0.2     2   226    38   256    37   308 0.84 [190263/399/1]
190263/534/1.f:OHCFJE_03150 -            544 GH43_11.hmm          -            292   3.3e-40  142.6   0.1   1   1   1.2e-42   6.4e-40  141.7   0.1     2   226    35   251    34   303 0.88 [190263/534/1]
190263/384/1.f:CDKGIA_11810 -            549 GH43_11.hmm          -            292     2e-39  140.0   0.0   1   1     7e-42   3.8e-39  139.1   0.0     2   226     5   220     4   272 0.88 [190263/384/1]
190263/409/1.f:AJJCMD_29650 -            537 GH43_11.hmm          -            292   6.5e-39  138.4   0.1   1   1     3e-41   1.6e-38  137.1   0.1     2   225    38   252    37   305 0.90 [190263/409/1]
190263/391/1.f:NONBJF_04475 -            514 GH43_11.hmm          -            292   1.8e-38  136.9   0.0   1   1   4.3e-41   2.3e-38  136.6   0.0     1   292    28   312    28   312 0.87 [190263/391/1]
190263/534/1.f:OHCFJE_07745 -            514 GH43_11.hmm          -            292   1.8e-38  136.9   0.0   1   1   4.3e-41   2.3e-38  136.6   0.0     1   292    28   312    28   312 0.87 [190263/534/1]
190263/545/1.f:NCJBIN_05140 -            514 GH43_11.hmm          -            292   1.8e-38  136.9   0.0   1   1   4.3e-41   2.3e-38  136.6   0.0     1   292    28   312    28   312 0.87 [190263/545/1]
190263/556/1.f:EMIPPF_01660 -            510 GH43_11.hmm          -            292   3.1e-37  132.8   0.0   1   1   7.5e-40     4e-37  132.5   0.0     2   292    24   300    23   300 0.87 [190263/556/1]
190263/379/1.f:LOJHAC_13970 -            513 GH43_11.hmm          -            292   9.3e-37  131.3   0.8   1   1   2.6e-39   1.4e-36  130.7   0.8     2   292    26   302    25   302 0.85 [190263/379/1]
190263/368/1.f:HPMDBE_12540 -            513 GH43_11.hmm          -            292   9.7e-37  131.2   0.5   1   1   2.5e-39   1.4e-36  130.7   0.5     2   292    26   302    25   302 0.86 [190263/368/1]
190263/516/1.f:MGNFBC_11300 -            513 GH43_11.hmm          -            292   1.6e-36  130.5   0.6   1   1   4.2e-39   2.3e-36  130.0   0.6     2   292    26   302    25   302 0.86 [190263/516/1]
190263/460/1.f:IHFGKI_01825 -            596 GH43_11.hmm          -            292   5.2e-36  128.8   0.7   1   1   1.8e-38   9.6e-36  128.0   0.7     2   287    46   321    45   325 0.82 [190263/460/1]
190263/404/1.f:BGJBIG_07265 -            528 GH43_11.hmm          -            292   2.5e-34  123.3   0.3   1   1   8.7e-37   4.7e-34  122.4   0.3     2   291    37   310    36   311 0.83 [190263/404/1]
190263/573/1.f:LIDFCI_13560 -            512 GH43_11.hmm          -            292   3.2e-34  123.0   0.9   1   1   8.7e-37   4.7e-34  122.4   0.9     2   291    26   302    25   303 0.84 [190263/573/1]
190263/562/1.f:KJGNCK_10720 -            513 GH43_11.hmm          -            292   4.6e-34  122.5   0.9   1   1   1.6e-36   8.4e-34  121.6   0.9     2   291    26   302    25   303 0.86 [190263/562/1]
190263/504/1.f:DOAHDM_10190 -            512 GH43_11.hmm          -            292   9.6e-34  121.4   0.7   1   1   2.7e-36   1.4e-33  120.8   0.7     2   291    26   302    25   303 0.85 [190263/504/1]
190263/534/1.f:OHCFJE_08385 -            513 GH43_11.hmm          -            292   1.2e-33  121.1   0.2   1   1     4e-36   2.2e-33  120.2   0.2     3   292    36   294    34   294 0.89 [190263/534/1]
190263/391/1.f:NONBJF_03805 -            513 GH43_11.hmm          -            292   1.5e-33  120.7   0.2   1   1   5.1e-36   2.7e-33  119.9   0.2     3   292    36   294    34   294 0.89 [190263/391/1]
190263/545/1.f:NCJBIN_04485 -            513 GH43_11.hmm          -            292   1.5e-33  120.7   0.2   1   1   5.1e-36   2.7e-33  119.9   0.2     3   292    36   294    34   294 0.89 [190263/545/1]
190263/401/1.f:DMFJNH_09845 -            512 GH43_11.hmm          -            292   2.2e-33  120.2   0.7   1   1   6.1e-36   3.3e-33  119.6   0.7     2   291    26   302    25   303 0.85 [190263/401/1]
190263/488/1.f:DNPFAC_07140 -            526 GH43_11.hmm          -            292   4.5e-33  119.2   0.2   1   1   1.5e-35   8.2e-33  118.3   0.2     2   292    35   309    34   309 0.79 [190263/488/1]
190263/369/1.f:JCDIFE_10525 -            515 GH43_11.hmm          -            292   5.3e-33  119.0   0.7   1   1   1.6e-35   8.6e-33  118.3   0.7     2   291    26   302    25   303 0.84 [190263/369/1]
190263/504/1.f:DOAHDM_03725 -            514 GH43_11.hmm          -            292   7.7e-33  118.4   0.4   1   1   2.8e-35   1.5e-32  117.5   0.4     3   292    37   295    35   295 0.89 [190263/504/1]
190263/401/1.f:DMFJNH_03265 -            514 GH43_11.hmm          -            292   7.7e-33  118.4   0.4   1   1   2.8e-35   1.5e-32  117.5   0.4     3   292    37   295    35   295 0.89 [190263/401/1]
190263/391/1.f:NONBJF_09445 -            955 GH43_11.hmm          -            292   8.7e-33  118.3   1.1   1   1   3.5e-35   1.9e-32  117.2   1.1     3   292    37   295    35   295 0.88 [190263/391/1]
190263/534/1.f:OHCFJE_03435 -            955 GH43_11.hmm          -            292   8.7e-33  118.3   1.1   1   1   3.5e-35   1.9e-32  117.2   1.1     3   292    37   295    35   295 0.88 [190263/534/1]
190263/545/1.f:NCJBIN_10260 -            955 GH43_11.hmm          -            292   8.7e-33  118.3   1.1   1   1   3.5e-35   1.9e-32  117.2   1.1     3   292    37   295    35   295 0.88 [190263/545/1]
190263/417/1.f:MHBJAE_06245 -            526 GH43_11.hmm          -            292   2.3e-32  116.9   0.2   1   1   8.7e-35   4.7e-32  115.9   0.2     2   292    35   309    34   309 0.79 [190263/417/1]
190263/502/1.f:NONHGB_05050 -           1205 GH43_11.hmm          -            292   1.6e-31  114.1   2.1   1   1   8.6e-34   4.6e-31  112.6   2.1     2   291   424   677   423   678 0.83 [190263/502/1]
190263/585/1.f:DLBDDB_05325 -            353 GH43_11.hmm          -            292   1.7e-31  114.0   1.6   1   1   3.9e-34   2.1e-31  113.7   1.6     2   292    41   333    40   333 0.83 [190263/585/1]
190263/405/1.f:EHKDKA_05820 -           1205 GH43_11.hmm          -            292   2.6e-31  113.4   2.2   1   1   1.3e-33   7.1e-31  112.0   2.2     2   291   424   677   423   678 0.83 [190263/405/1]
190263/502/1.f:NONHGB_05935 -            517 GH43_11.hmm          -            292   5.3e-31  112.4   0.6   1   1   3.1e-33   1.7e-30  110.8   0.6     2   262    34   276    33   298 0.78 [190263/502/1]
190263/475/1.f:MCKEEP_04050 -            354 GH43_11.hmm          -            292   8.3e-31  111.8   1.3   1   1     2e-33   1.1e-30  111.4   1.3     2   292    42   334    41   334 0.82 [190263/475/1]
190263/573/1.f:LIDFCI_19560 -            354 GH43_11.hmm          -            292   8.3e-31  111.8   1.3   1   1     2e-33   1.1e-30  111.4   1.3     2   292    42   334    41   334 0.82 [190263/573/1]
190263/391/1.f:NONBJF_00170 -            527 GH43_11.hmm          -            292     1e-30  111.5   0.2   1   1   5.6e-33     3e-30  109.9   0.2     2   291    26   293    25   294 0.80 [190263/391/1]
190263/534/1.f:OHCFJE_00170 -            527 GH43_11.hmm          -            292     1e-30  111.5   0.2   1   1   5.6e-33     3e-30  109.9   0.2     2   291    26   293    25   294 0.80 [190263/534/1]
190263/545/1.f:NCJBIN_00170 -            527 GH43_11.hmm          -            292     1e-30  111.5   0.2   1   1   5.6e-33     3e-30  109.9   0.2     2   291    26   293    25   294 0.80 [190263/545/1]
190263/388/1.f:FDDJJK_00175 -            527 GH43_11.hmm          -            292   1.6e-30  110.8   0.2   1   1   9.2e-33   4.9e-30  109.2   0.2     2   291    26   293    25   294 0.80 [190263/388/1]
190263/460/1.f:IHFGKI_00035 -            712 GH43_11.hmm          -            292     2e-30  110.5   0.7   1   1   1.1e-32   6.1e-30  108.9   0.7     2   291    51   344    50   345 0.71 [190263/460/1]
190263/527/1.f:HGADJN_01625 -            529 GH43_11.hmm          -            292   3.5e-30  109.7   0.8   1   1   7.8e-32   4.2e-29  106.2   0.4     2   264     6   255     5   276 0.78 [190263/527/1]
190263/420/1.f:GMHOLO_01510 -            529 GH43_11.hmm          -            292   1.9e-29  107.3   0.6   1   1   4.6e-31   2.5e-28  103.6   0.3     2   264     6   255     5   276 0.78 [190263/420/1]
190263/562/1.f:KJGNCK_06460 -            335 GH43_11.hmm          -            292   6.2e-29  105.6   1.5   1   1   1.9e-31     1e-28  104.9   1.5     2   292    32   316    31   316 0.84 [190263/562/1]
190263/595/1.f:HGDLEC_05000 -            699 GH43_11.hmm          -            292   7.1e-29  105.4   0.5   1   1   2.9e-31   1.6e-28  104.3   0.5     2   292    43   335    42   335 0.75 [190263/595/1]
190263/502/1.f:NONHGB_05895 -            526 GH43_11.hmm          -            292   9.1e-29  105.1   0.2   1   1   3.8e-31   2.1e-28  103.9   0.2     3   228    41   257    40   297 0.81 [190263/502/1]
190263/405/1.f:EHKDKA_03295 -            725 GH43_11.hmm          -            292     1e-28  104.9   1.5   1   1   4.5e-31   2.4e-28  103.7   1.5     2   226   103   316   102   369 0.75 [190263/405/1]
190263/552/1.f:EMALNL_01625 -            532 GH43_11.hmm          -            292     1e-28  104.9   0.3   1   1   5.8e-31   3.1e-28  103.3   0.3     2   291    28   295    27   296 0.80 [190263/552/1]
190263/552/1.f:EMALNL_04005 -            335 GH43_11.hmm          -            292   1.2e-28  104.7   2.2   1   1   3.7e-31     2e-28  103.9   2.2     2   292    32   316    31   316 0.84 [190263/552/1]
190263/562/1.f:KJGNCK_02385 -            543 GH43_11.hmm          -            292   1.5e-28  104.3   0.9   1   1   9.8e-31   5.3e-28  102.6   0.9     2   291    44   308    43   309 0.79 [190263/562/1]
190263/405/1.f:EHKDKA_02035 -            519 GH43_11.hmm          -            292   1.9e-28  104.0   0.8   1   1   9.4e-31     5e-28  102.6   0.8     2   225    27   246    26   294 0.84 [190263/405/1]
190263/423/1.f:PDNKFB_00445 -            498 GH43_11.hmm          -            292   2.1e-28  103.8   1.7   1   1   1.1e-30   5.8e-28  102.4   1.7     3   259     4   247     3   269 0.74 [190263/423/1]
190263/399/1.f:CDLIDF_16935 -            535 GH43_11.hmm          -            292   2.7e-28  103.5   2.1   1   1   1.5e-30   8.1e-28  101.9   1.8     2   226    35   248    34   300 0.83 [190263/399/1]
190263/365/1.f:JJMMAK_09115 -            354 GH43_11.hmm          -            292   4.4e-28  102.8   0.6   1   1   1.1e-30   5.8e-28  102.4   0.6     2   292    44   337    43   337 0.80 [190263/365/1]
190263/562/1.f:KJGNCK_02440 -           1354 GH43_11.hmm          -            292   8.7e-28  101.8   0.1   1   1   4.1e-30   2.2e-27  100.5   0.1     2   292    34   328    33   328 0.74 [190263/562/1]
190263/405/1.f:EHKDKA_05910 -            541 GH43_11.hmm          -            292   1.4e-27  101.1   0.5   1   1   6.9e-30   3.7e-27   99.8   0.5     2   260    30   274    29   298 0.78 [190263/405/1]
190263/520/1.f:GGDGDE_19865 -            524 GH43_11.hmm          -            292   1.8e-27  100.8   0.8   1   1   1.8e-29   9.5e-27   98.4   0.7     3   199     5   192     4   220 0.81 [190263/520/1]
190263/520/1.f:GGDGDE_04270 -            498 GH43_11.hmm          -            292   7.4e-27   98.8   1.6   1   1   3.6e-29   1.9e-26   97.4   1.6     3   259     4   247     3   269 0.74 [190263/520/1]
190263/562/1.f:KJGNCK_10930 -            668 GH43_11.hmm          -            292     1e-26   98.3   2.1   1   1     7e-29   3.8e-26   96.5   2.1     2   225    47   259    46   313 0.77 [190263/562/1]
190263/552/1.f:EMALNL_10855 -            668 GH43_11.hmm          -            292     1e-26   98.3   2.1   1   1     7e-29   3.8e-26   96.5   2.1     2   225    47   259    46   313 0.77 [190263/552/1]
190263/502/1.f:NONHGB_05230 -            533 GH43_11.hmm          -            292   1.3e-26   98.0   0.7   1   1   5.6e-29     3e-26   96.8   0.7     2   260    30   274    29   298 0.78 [190263/502/1]
190263/396/1.f:KAAOMA_19120 -           1075 GH43_11.hmm          -            292   1.4e-26   97.9   0.6   1   1   4.9e-29   2.6e-26   97.0   0.6     1   259    43   288    43   313 0.78 [190263/396/1]
190263/573/1.f:LIDFCI_16030 -            532 GH43_11.hmm          -            292   1.5e-26   97.8   0.1   1   1   1.5e-28   8.3e-26   95.4   0.1     2   292    28   297    27   297 0.81 [190263/573/1]
190263/552/1.f:EMALNL_07510 -            532 GH43_11.hmm          -            292   1.5e-26   97.8   0.1   1   1   1.5e-28   8.3e-26   95.4   0.1     2   292    28   297    27   297 0.81 [190263/552/1]
190263/502/1.f:NONHGB_04285 -            308 GH43_11.hmm          -            292   2.4e-26   97.1   3.7   1   1   1.6e-28   8.4e-26   95.3   3.7     2   292    10   292     9   292 0.81 [190263/502/1]
190263/475/1.f:MCKEEP_08310 -            532 GH43_11.hmm          -            292     6e-26   95.8   0.1   1   1     6e-28   3.2e-25   93.4   0.1     2   292    28   297    27   297 0.81 [190263/475/1]
190263/437/1.f:LBKKEJ_07225 -            231 GH43_11.hmm          -            292   7.2e-26   95.5   0.3   1   1   2.1e-28   1.1e-25   94.9   0.3     3   205    42   228    40   231 0.90 [190263/437/1]
190263/502/1.f:NONHGB_01910 -            519 GH43_11.hmm          -            292   7.2e-26   95.5   1.1   1   1   3.4e-28   1.8e-25   94.2   1.1     3   225    28   246    26   294 0.83 [190263/502/1]
190263/366/1.f:DBJPFP_11310 -            329 GH43_11.hmm          -            292   8.4e-26   95.3   1.0   1   1   7.8e-28   4.2e-25   93.0   1.0     2   292    33   313    32   313 0.83 [190263/366/1]
190263/405/1.f:EHKDKA_04765 -            325 GH43_11.hmm          -            292   8.9e-26   95.2   3.5   1   1   6.6e-28   3.5e-25   93.3   3.5     2   292    27   309    26   309 0.81 [190263/405/1]
190263/388/1.f:FDDJJK_11145 -            625 GH43_11.hmm          -            292   1.1e-25   95.0   1.1   1   1   3.4e-28   1.8e-25   94.2   1.1     2   121   505   610   504   624 0.88 [190263/388/1]
190263/585/1.f:DLBDDB_04640 -            329 GH43_11.hmm          -            292   1.1e-25   94.9   1.8   1   1   3.4e-28   1.8e-25   94.2   1.8     9   266    37   291    35   311 0.74 [190263/585/1]
190263/552/1.f:EMALNL_03945 -            633 GH43_11.hmm          -            292   1.7e-25   94.3   0.1   1   1   5.4e-28   2.9e-25   93.6   0.1     2   292   319   615   318   615 0.79 [190263/552/1]
190263/405/1.f:EHKDKA_00245 -            643 GH43_11.hmm          -            292   2.4e-25   93.8   3.9   1   1   1.8e-20   9.8e-18   68.9   0.2     2   290   338   634   337   636 0.74 [190263/405/1]
190263/365/1.f:JJMMAK_00705 -            985 GH43_11.hmm          -            292   2.6e-25   93.7   2.2   1   1   1.4e-27   7.7e-25   92.2   2.2     2   292   685   967   684   967 0.81 [190263/365/1]
190263/400/1.f:EIBLKL_09335 -            592 GH43_11.hmm          -            292   3.1e-25   93.5   4.1   1   1   5.1e-27   2.7e-24   90.4   1.5     2   292    72   341    71   341 0.79 [190263/400/1]
190263/401/1.f:DMFJNH_04555 -            329 GH43_11.hmm          -            292   4.8e-25   92.8   1.1   1   1   1.5e-27   8.1e-25   92.1   1.1    11   262    38   287    35   311 0.78 [190263/401/1]
190263/504/1.f:DOAHDM_05050 -            329 GH43_11.hmm          -            292   4.8e-25   92.8   1.1   1   1   1.5e-27   8.1e-25   92.1   1.1    11   262    38   287    35   311 0.78 [190263/504/1]
190263/562/1.f:KJGNCK_06510 -            633 GH43_11.hmm          -            292   5.3e-25   92.7   0.1   1   1   2.1e-27   1.1e-24   91.7   0.1     2   292   319   615   318   615 0.79 [190263/562/1]
190263/365/1.f:JJMMAK_06475 -            332 GH43_11.hmm          -            292   6.8e-25   92.4   2.9   1   1   3.1e-27   1.7e-24   91.0   2.9     3   291    35   314    33   315 0.82 [190263/365/1]
190263/497/1.f:HENFFC_05550 -            332 GH43_11.hmm          -            292     1e-24   91.7   2.2   1   1   4.9e-27   2.6e-24   90.4   2.2     3   291    35   314    34   315 0.81 [190263/497/1]
190263/456/1.f:LKAJBD_08190 -            797 GH43_11.hmm          -            292   1.4e-24   91.3   0.8   1   1     1e-26   5.4e-24   89.4   0.8     2   225    28   247    27   295 0.79 [190263/456/1]
190263/497/1.f:HENFFC_10575 -            995 GH43_11.hmm          -            292   2.1e-24   90.7   3.1   1   1   2.1e-26   1.1e-23   88.3   3.1     2   292   695   977   694   977 0.81 [190263/497/1]
190263/502/1.f:NONHGB_04390 -            315 GH43_11.hmm          -            292   2.6e-24   90.4   0.5   1   1   8.3e-27   4.5e-24   89.7   0.5    11   264    34   279    32   300 0.80 [190263/502/1]
190263/401/1.f:DMFJNH_03530 -            325 GH43_11.hmm          -            292   2.8e-24   90.3   2.1   1   1   1.2e-26   6.7e-24   89.1   2.1     2   292    27   309    26   309 0.81 [190263/401/1]
190263/504/1.f:DOAHDM_03970 -            325 GH43_11.hmm          -            292   2.8e-24   90.3   2.1   1   1   1.2e-26   6.7e-24   89.1   2.1     2   292    27   309    26   309 0.81 [190263/504/1]
190263/391/1.f:NONBJF_11660 -            333 GH43_11.hmm          -            292   3.8e-24   89.9   2.7   1   1   1.7e-26     9e-24   88.7   2.7     2   292    35   317    34   317 0.80 [190263/391/1]
190263/534/1.f:OHCFJE_11930 -            333 GH43_11.hmm          -            292   3.8e-24   89.9   2.7   1   1   1.7e-26     9e-24   88.7   2.7     2   292    35   317    34   317 0.80 [190263/534/1]
190263/545/1.f:NCJBIN_12800 -            333 GH43_11.hmm          -            292   3.8e-24   89.9   2.7   1   1   1.7e-26     9e-24   88.7   2.7     2   292    35   317    34   317 0.80 [190263/545/1]
190263/456/1.f:LKAJBD_08635 -            554 GH43_11.hmm          -            292   3.9e-24   89.9   1.5   1   1   7.6e-26   4.1e-23   86.5   1.5     1   291    27   307    27   308 0.75 [190263/456/1]
190263/417/1.f:MHBJAE_04920 -            325 GH43_11.hmm          -            292   5.1e-24   89.5   2.7   1   1   2.2e-26   1.2e-23   88.3   2.7     2   292    24   306    23   306 0.81 [190263/417/1]
190263/562/1.f:KJGNCK_05400 -            318 GH43_11.hmm          -            292   6.5e-24   89.1   1.5   1   1   2.2e-26   1.2e-23   88.3   1.5    11   265    26   278    24   293 0.84 [190263/562/1]
190263/502/1.f:NONHGB_00270 -            643 GH43_11.hmm          -            292   7.8e-24   88.9   6.6   1   1   6.3e-20   3.4e-17   67.1   1.0     2   290   338   634   337   636 0.74 [190263/502/1]
190263/502/1.f:NONHGB_04370 -            334 GH43_11.hmm          -            292   8.6e-24   88.7   2.5   1   1   4.1e-26   2.2e-23   87.4   2.5     3   292    37   318    35   318 0.82 [190263/502/1]
190263/388/1.f:FDDJJK_11480 -            333 GH43_11.hmm          -            292     9e-24   88.7   2.9   1   1   4.9e-26   2.6e-23   87.1   2.9     3   292    36   317    35   317 0.80 [190263/388/1]
190263/405/1.f:EHKDKA_02305 -            697 GH43_11.hmm          -            292     1e-23   88.5   0.1   1   1   4.9e-26   2.6e-23   87.1   0.1     2   292    34   328    33   328 0.74 [190263/405/1]
190263/526/1.f:GBBCGM_01160 -            327 GH43_11.hmm          -            292   1.1e-23   88.4   2.2   1   1   4.2e-26   2.3e-23   87.3   2.2     3   292    29   311    27   311 0.81 [190263/526/1]
190263/475/1.f:MCKEEP_06920 -            361 GH43_11.hmm          -            292   1.7e-23   87.8   1.0   1   1     4e-26   2.1e-23   87.4   1.0     2   292    47   338    46   338 0.78 [190263/475/1]
190263/552/1.f:EMALNL_06310 -            361 GH43_11.hmm          -            292   1.7e-23   87.8   1.0   1   1     4e-26   2.1e-23   87.4   1.0     2   292    47   338    46   338 0.78 [190263/552/1]
190263/562/1.f:KJGNCK_03885 -            361 GH43_11.hmm          -            292   1.7e-23   87.8   1.0   1   1     4e-26   2.1e-23   87.4   1.0     2   292    47   338    46   338 0.78 [190263/562/1]
190263/488/1.f:DNPFAC_05475 -            325 GH43_11.hmm          -            292     2e-23   87.5   2.0   1   1   6.4e-26   3.4e-23   86.8   2.0     2   292    24   306    23   306 0.83 [190263/488/1]
190263/461/1.f:DHPHOK_05315 -            335 GH43_11.hmm          -            292   2.7e-23   87.1   1.8   1   1   1.2e-25   6.2e-23   85.9   1.8     2   292    37   319    36   319 0.83 [190263/461/1]
190263/573/1.f:LIDFCI_18730 -            329 GH43_11.hmm          -            292     3e-23   86.9   2.1   1   1     1e-25   5.6e-23   86.1   2.1    11   265    37   289    35   305 0.83 [190263/573/1]
190263/461/1.f:DHPHOK_00505 -            646 GH43_11.hmm          -            292   3.3e-23   86.8   5.2   1   1   3.4e-19   1.8e-16   64.7   0.4     2   290   341   637   341   639 0.75 [190263/461/1]
190263/475/1.f:MCKEEP_04910 -            329 GH43_11.hmm          -            292   4.3e-23   86.4   2.6   1   1   1.5e-25     8e-23   85.5   2.6    11   265    37   289    35   304 0.82 [190263/475/1]
190263/552/1.f:EMALNL_04920 -            329 GH43_11.hmm          -            292   4.5e-23   86.4   2.6   1   1   1.6e-25   8.6e-23   85.5   2.6    11   265    37   289    35   304 0.80 [190263/552/1]
190263/379/1.f:LOJHAC_08255 -            334 GH43_11.hmm          -            292   7.6e-23   85.6   3.4   1   1   3.7e-25     2e-22   84.2   3.4     3   290    37   316    36   318 0.79 [190263/379/1]
190263/516/1.f:MGNFBC_06985 -            334 GH43_11.hmm          -            292   7.6e-23   85.6   3.4   1   1   3.7e-25     2e-22   84.2   3.4     3   290    37   316    36   318 0.79 [190263/516/1]
190263/369/1.f:JCDIFE_04830 -            333 GH43_11.hmm          -            292   9.4e-23   85.3   2.0   1   1   5.3e-25   2.8e-22   83.7   2.0     2   292    35   317    34   317 0.81 [190263/369/1]
190263/456/1.f:LKAJBD_15330 -            693 GH43_11.hmm          -            292     1e-22   85.2   0.1   1   1   7.6e-25   4.1e-22   83.2   0.0     2   292    32   326    31   326 0.77 [190263/456/1]
190263/368/1.f:HPMDBE_07740 -            334 GH43_11.hmm          -            292   1.1e-22   85.2   3.5   1   1   5.2e-25   2.8e-22   83.8   3.5     3   290    37   316    36   318 0.79 [190263/368/1]
190263/522/1.f:NPJBCH_14230 -            340 GH43_11.hmm          -            292   1.3e-22   84.8   1.9   1   1   4.8e-25   2.6e-22   83.9   1.9     2   292    40   323    39   323 0.77 [190263/522/1]
190263/556/1.f:EMIPPF_09145 -            341 GH43_11.hmm          -            292   1.8e-22   84.4   0.5   1   1   1.5e-24     8e-22   82.3   0.5     2   264    45   303    44   324 0.79 [190263/556/1]
190263/437/1.f:LBKKEJ_07940 -            329 GH43_11.hmm          -            292     2e-22   84.3   1.4   1   1   7.2e-25   3.9e-22   83.3   1.4    11   287    40   307    37   311 0.78 [190263/437/1]
190263/520/1.f:GGDGDE_19895 -            538 GH43_11.hmm          -            292     2e-22   84.2   0.6   1   1   1.2e-24   6.4e-22   82.6   0.2     3   260    12   256    11   278 0.79 [190263/520/1]
190263/556/1.f:EMIPPF_06030 -            332 GH43_11.hmm          -            292   2.2e-22   84.1   2.1   1   1   1.2e-24   6.6e-22   82.5   2.1     3   290    30   308    29   310 0.77 [190263/556/1]
190263/366/1.f:DBJPFP_01325 -            327 GH43_11.hmm          -            292   3.4e-22   83.5   0.2   1   1     3e-24   1.6e-21   81.3   0.2     2   292    27   310    26   310 0.81 [190263/366/1]
190263/399/1.f:CDLIDF_03200 -            640 GH43_11.hmm          -            292   1.3e-21   81.6   9.4   1   1   1.1e-17   5.9e-15   59.7   2.1     3   290   334   631   333   633 0.72 [190263/399/1]
190263/388/1.f:FDDJJK_05830 -            800 GH43_11.hmm          -            292   1.3e-21   81.5   2.0   1   1   4.8e-24   2.6e-21   80.6   2.0     3   291    31   304    29   305 0.80 [190263/388/1]
190263/391/1.f:NONBJF_02505 -            647 GH43_11.hmm          -            292   1.4e-21   81.5   7.4   1   1     5e-17   2.7e-14   57.6   0.9     2   290   340   638   339   640 0.73 [190263/391/1]
190263/545/1.f:NCJBIN_02880 -            647 GH43_11.hmm          -            292   1.4e-21   81.5   7.4   1   1     5e-17   2.7e-14   57.6   0.9     2   290   340   638   339   640 0.73 [190263/545/1]
190263/488/1.f:DNPFAC_10005 -            330 GH43_11.hmm          -            292   1.4e-21   81.5   3.0   1   1   7.6e-24   4.1e-21   79.9   3.0     3   291    33   311    32   312 0.79 [190263/488/1]
190263/497/1.f:HENFFC_08175 -            313 GH43_11.hmm          -            292   1.4e-21   81.4   1.8   1   1   7.2e-24   3.9e-21   80.0   1.8    11   263    36   276    33   293 0.80 [190263/497/1]
190263/564/1.f:KIHMBJ_07125 -            369 GH43_11.hmm          -            292     2e-21   81.0   0.2   1   1   5.5e-24     3e-21   80.4   0.2    11   266    67   325    63   351 0.80 [190263/564/1]
190263/388/1.f:FDDJJK_02615 -            647 GH43_11.hmm          -            292   2.3e-21   80.8   7.9   1   1   1.6e-16   8.5e-14   55.9   0.8     2   290   340   638   339   640 0.72 [190263/388/1]
190263/562/1.f:KJGNCK_03005 -            329 GH43_11.hmm          -            292   2.4e-21   80.7   1.8   1   1   1.4e-23   7.4e-21   79.1   1.8     3   290    32   311    31   313 0.78 [190263/562/1]
190263/534/1.f:OHCFJE_06600 -            800 GH43_11.hmm          -            292   3.7e-21   80.1   2.0   1   1   1.3e-23   7.2e-21   79.1   2.0     3   291    31   304    29   305 0.80 [190263/534/1]
190263/545/1.f:NCJBIN_06345 -            802 GH43_11.hmm          -            292   3.9e-21   80.0   1.0   1   1   1.4e-23   7.4e-21   79.1   1.0     3   291    31   304    29   305 0.81 [190263/545/1]
190263/391/1.f:NONBJF_06480 -            802 GH43_11.hmm          -            292   3.9e-21   80.0   1.0   1   1   1.4e-23   7.4e-21   79.1   1.0     3   291    31   304    29   305 0.81 [190263/391/1]
190263/475/1.f:MCKEEP_07780 -            329 GH43_11.hmm          -            292     4e-21   80.0   3.2   1   1   2.2e-23   1.2e-20   78.4   3.2     3   290    32   311    31   313 0.77 [190263/475/1]
190263/437/1.f:LBKKEJ_07930 -            327 GH43_11.hmm          -            292   4.1e-21   79.9   0.9   1   1   1.4e-23   7.3e-21   79.1   0.9     2   292    25   307    24   307 0.84 [190263/437/1]
190263/541/1.f:IDEEIE_12540 -           1769 GH43_11.hmm          -            292   4.3e-21   79.9   9.2   1   1     3e-23   1.6e-20   78.0   1.1     2   292    43   326    42   326 0.82 [190263/541/1]
190263/552/1.f:EMALNL_07155 -            329 GH43_11.hmm          -            292   7.1e-21   79.2   3.0   1   1     4e-23   2.2e-20   77.6   3.0     3   290    32   311    31   313 0.77 [190263/552/1]
190263/573/1.f:LIDFCI_16670 -            329 GH43_11.hmm          -            292   7.6e-21   79.1   2.8   1   1   4.4e-23   2.4e-20   77.4   2.8     3   290    32   311    31   313 0.76 [190263/573/1]
190263/475/1.f:MCKEEP_03215 -            330 GH43_11.hmm          -            292     8e-21   79.0   2.3   1   1   2.8e-23   1.5e-20   78.1   2.3     2   290    32   312    31   314 0.81 [190263/475/1]
190263/573/1.f:LIDFCI_20375 -            330 GH43_11.hmm          -            292     8e-21   79.0   2.3   1   1   2.8e-23   1.5e-20   78.1   2.3     2   290    32   312    31   314 0.81 [190263/573/1]
190263/405/1.f:EHKDKA_05525 -            333 GH43_11.hmm          -            292   8.2e-21   78.9   3.4   1   1   1.7e-22   9.1e-20   75.5   3.4     2   292    31   311    30   311 0.80 [190263/405/1]
190263/399/1.f:CDLIDF_04455 -            335 GH43_11.hmm          -            292   8.4e-21   78.9   0.4   1   1   2.4e-23   1.3e-20   78.3   0.4     4   292    30   331    28   331 0.75 [190263/399/1]
190263/534/1.f:OHCFJE_09710 -            647 GH43_11.hmm          -            292   1.2e-20   78.5   6.2   1   1   5.2e-17   2.8e-14   57.5   0.9     2   290   340   638   339   640 0.73 [190263/534/1]
190263/405/1.f:EHKDKA_01815 -            800 GH43_11.hmm          -            292   1.5e-20   78.1   1.7   1   1   6.1e-23   3.3e-20   77.0   1.7     3   290    31   303    29   305 0.80 [190263/405/1]
190263/365/1.f:JJMMAK_09110 -            331 GH43_11.hmm          -            292   1.6e-20   78.0   1.9   1   1   6.2e-23   3.3e-20   77.0   1.9    11   261    49   287    45   300 0.81 [190263/365/1]
190263/552/1.f:EMALNL_09490 -           1085 GH43_11.hmm          -            292   4.2e-20   76.6   1.4   1   1   2.1e-22   1.1e-19   75.2   1.4     3   291   785  1065   784  1066 0.77 [190263/552/1]
190263/475/1.f:MCKEEP_09850 -            785 GH43_11.hmm          -            292   4.6e-20   76.5   2.8   1   1   9.9e-17   5.3e-14   56.6   0.2     3   260   318   584   316   611 0.73 [190263/475/1]
190263/502/1.f:NONHGB_04290 -            343 GH43_11.hmm          -            292   5.1e-20   76.3   1.5   1   1   1.5e-22   7.9e-20   75.7   1.5     3   292    36   326    34   326 0.77 [190263/502/1]
190263/417/1.f:MHBJAE_08890 -            333 GH43_11.hmm          -            292   5.4e-20   76.3   3.3   1   1   7.1e-22   3.8e-19   73.5   3.3     3   291    33   311    32   312 0.78 [190263/417/1]
190263/502/1.f:NONHGB_01690 -            800 GH43_11.hmm          -            292   5.6e-20   76.2   1.1   1   1   2.3e-22   1.3e-19   75.1   1.1     3   290    31   303    29   305 0.79 [190263/502/1]
190263/388/1.f:FDDJJK_11150 -            343 GH43_11.hmm          -            292   1.2e-19   75.1   0.1   1   1   3.4e-22   1.8e-19   74.5   0.1   182   292    33   141     8   141 0.89 [190263/388/1]
190263/401/1.f:DMFJNH_03515 -            327 GH43_11.hmm          -            292   2.6e-19   74.0   2.8   1   1   1.1e-21   5.8e-19   72.9   2.8    11   261    47   288    45   298 0.80 [190263/401/1]
190263/504/1.f:DOAHDM_03950 -            327 GH43_11.hmm          -            292   2.6e-19   74.0   2.8   1   1   1.1e-21   5.8e-19   72.9   2.8    11   261    47   288    45   298 0.80 [190263/504/1]
190263/573/1.f:LIDFCI_13350 -            785 GH43_11.hmm          -            292   3.4e-19   73.7   3.4   1   1   2.9e-16   1.6e-13   55.1   0.2     3   261   318   586   316   598 0.75 [190263/573/1]
190263/595/1.f:HGDLEC_06255 -            812 GH43_11.hmm          -            292   3.6e-19   73.6   0.5   1   1   1.2e-21   6.5e-19   72.7   0.5     3   291    32   306    30   307 0.79 [190263/595/1]
190263/366/1.f:DBJPFP_04310 -            332 GH43_11.hmm          -            292   4.1e-19   73.4   0.1   1   1   3.3e-21   1.8e-18   71.3   0.1     2   292    32   315    31   315 0.75 [190263/366/1]
190263/522/1.f:NPJBCH_14225 -            324 GH43_11.hmm          -            292   4.3e-19   73.3   2.5   1   1   1.5e-21   7.9e-19   72.4   2.5    11   261    50   285    44   309 0.80 [190263/522/1]
190263/401/1.f:DMFJNH_03485 -            330 GH43_11.hmm          -            292   4.3e-19   73.3   2.7   1   1   1.4e-21   7.8e-19   72.5   2.7    11   261    49   291    47   307 0.80 [190263/401/1]
190263/504/1.f:DOAHDM_03935 -            330 GH43_11.hmm          -            292   4.3e-19   73.3   2.7   1   1   1.4e-21   7.8e-19   72.5   2.7    11   261    49   291    47   307 0.80 [190263/504/1]
190263/365/1.f:JJMMAK_03125 -            313 GH43_11.hmm          -            292   4.6e-19   73.2   2.3   1   1   2.3e-21   1.2e-18   71.8   2.3    11   263    36   276    33   295 0.80 [190263/365/1]
190263/369/1.f:JCDIFE_01260 -            334 GH43_11.hmm          -            292   8.8e-19   72.3   0.9   1   1   6.6e-21   3.5e-18   70.3   0.9     3   290    35   314    34   316 0.75 [190263/369/1]
190263/488/1.f:DNPFAC_05530 -            322 GH43_11.hmm          -            292   9.6e-19   72.2   1.6   1   1   3.5e-21   1.9e-18   71.2   1.6    12   263    45   281    42   303 0.79 [190263/488/1]
190263/417/1.f:MHBJAE_04970 -            322 GH43_11.hmm          -            292   1.1e-18   71.9   1.8   1   1   4.7e-21   2.5e-18   70.8   1.8    12   264    45   282    42   304 0.76 [190263/417/1]
190263/466/1.f:PGJOII_06060 -            340 GH43_11.hmm          -            292   1.1e-18   71.9   1.0   1   1   6.1e-21   3.3e-18   70.4   1.0     3   290    41   320    40   322 0.76 [190263/466/1]
190263/580/1.f:JCPJNN_19935 -            504 GH43_11.hmm          -            292   2.1e-18   71.0   0.0   1   1   5.3e-20   2.9e-17   67.3   0.0     1   225     3   219     3   273 0.78 [190263/580/1]
190263/405/1.f:EHKDKA_04770 -            343 GH43_11.hmm          -            292   3.2e-18   70.5   1.9   1   1   9.2e-21     5e-18   69.8   1.9     3   292    36   326    34   326 0.76 [190263/405/1]
190263/580/1.f:JCPJNN_28255 -            319 GH43_11.hmm          -            292   3.6e-18   70.3   1.5   1   1   1.6e-20   8.7e-18   69.0   1.5     3   257    22   265    20   294 0.75 [190263/580/1]
190263/461/1.f:DHPHOK_01440 -            334 GH43_11.hmm          -            292   4.3e-18   70.0   1.3   1   1   3.4e-20   1.8e-17   68.0   1.3     3   290    35   314    34   316 0.75 [190263/461/1]
190263/404/1.f:BGJBIG_05315 -            334 GH43_11.hmm          -            292     5e-18   69.8   0.3   1   1   1.2e-20   6.3e-18   69.5   0.3     2   290    29   325    28   327 0.71 [190263/404/1]
190263/461/1.f:DHPHOK_05310 -            322 GH43_11.hmm          -            292   7.9e-18   69.2   1.0   1   1   2.5e-20   1.3e-17   68.4   1.0    11   261    34   277    32   295 0.81 [190263/461/1]
190263/369/1.f:JCDIFE_12795 -            333 GH43_11.hmm          -            292     1e-17   68.8   1.8   1   1   2.5e-19   1.3e-16   65.1   1.8     2   291    34   325    34   326 0.78 [190263/369/1]
190263/502/1.f:NONHGB_09350 -            326 GH43_11.hmm          -            292   1.3e-17   68.5   4.1   1   1   1.1e-19     6e-17   66.3   4.1     3   291    29   309    27   310 0.77 [190263/502/1]
190263/400/1.f:EIBLKL_09445 -            122 GH43_11.hmm          -            292   1.6e-17   68.1   0.0   1   1   3.6e-20     2e-17   67.9   0.0     2    70     4    70     3    82 0.86 [190263/400/1]
190263/461/1.f:DHPHOK_05305 -            315 GH43_11.hmm          -            292   1.9e-17   67.9   1.0   1   1   5.3e-20   2.9e-17   67.3   1.0     4   262    33   273    30   298 0.76 [190263/461/1]
190263/369/1.f:JCDIFE_04825 -            316 GH43_11.hmm          -            292   2.1e-17   67.7   0.5   1   1   6.6e-20   3.6e-17   67.0   0.5    11   261    34   277    31   299 0.81 [190263/369/1]
190263/366/1.f:DBJPFP_03145 -            351 GH43_11.hmm          -            292     3e-17   67.2   6.3   1   1   2.1e-16   1.1e-13   55.5   6.3    11   266    21   314    13   334 0.72 [190263/366/1]
190263/437/1.f:LBKKEJ_07955 -            352 GH43_11.hmm          -            292   3.2e-17   67.2   0.6   1   1     3e-18   1.6e-15   61.6   0.1    37   291    91   334    81   335 0.77 [190263/437/1]
190263/401/1.f:DMFJNH_07485 -            333 GH43_11.hmm          -            292   3.2e-17   67.2   0.4   1   1   8.9e-20   4.8e-17   66.6   0.4     3   290    30   324    29   326 0.74 [190263/401/1]
190263/504/1.f:DOAHDM_07990 -            333 GH43_11.hmm          -            292   3.2e-17   67.2   0.4   1   1   8.9e-20   4.8e-17   66.6   0.4     3   290    30   324    29   326 0.74 [190263/504/1]
190263/540/1.f:BCGFLB_08610 -            357 GH43_11.hmm          -            292   3.9e-17   66.9   0.0   1   1   9.8e-20   5.3e-17   66.5   0.0    11   262    47   304    44   333 0.77 [190263/540/1]
190263/388/1.f:FDDJJK_11475 -            322 GH43_11.hmm          -            292   3.4e-16   63.8   0.5   1   1     1e-18   5.5e-16   63.1   0.5    12   262    45   280    40   303 0.81 [190263/388/1]
190263/391/1.f:NONBJF_11655 -            322 GH43_11.hmm          -            292   3.4e-16   63.8   0.5   1   1     1e-18   5.5e-16   63.1   0.5    12   262    45   280    40   303 0.81 [190263/391/1]
190263/534/1.f:OHCFJE_11925 -            322 GH43_11.hmm          -            292   3.4e-16   63.8   0.5   1   1     1e-18   5.5e-16   63.1   0.5    12   262    45   280    40   303 0.81 [190263/534/1]
190263/545/1.f:NCJBIN_12795 -            322 GH43_11.hmm          -            292   3.4e-16   63.8   0.5   1   1     1e-18   5.5e-16   63.1   0.5    12   262    45   280    40   303 0.81 [190263/545/1]
190263/399/1.f:CDLIDF_06485 -            815 GH43_11.hmm          -            292   5.3e-16   63.2   1.4   1   1   1.9e-18     1e-15   62.2   1.4     3   291    43   317    41   318 0.77 [190263/399/1]
190263/552/1.f:EMALNL_04325 -            332 GH43_11.hmm          -            292   6.4e-16   62.9   2.3   1   1   3.1e-18   1.6e-15   61.5   2.3     2   291    27   324    26   325 0.74 [190263/552/1]
190263/401/1.f:DMFJNH_07430 -            453 GH43_11.hmm          -            292   8.6e-16   62.5   0.6   1   1   2.4e-18   1.3e-15   61.9   0.6    37   291     3   234     1   235 0.73 [190263/401/1]
190263/504/1.f:DOAHDM_07935 -            453 GH43_11.hmm          -            292   8.6e-16   62.5   0.6   1   1   2.4e-18   1.3e-15   61.9   0.6    37   291     3   234     1   235 0.73 [190263/504/1]
190263/562/1.f:KJGNCK_06070 -            318 GH43_11.hmm          -            292   8.7e-16   62.5   2.0   1   1   2.8e-18   1.5e-15   61.7   2.0     3   291    14   310    13   311 0.74 [190263/562/1]
190263/390/1.f:OLPOLE_16250 -            304 GH43_11.hmm          -            292   9.3e-16   62.4   0.1   1   1   3.1e-18   1.6e-15   61.5   0.1    11   262    12   274     7   288 0.76 [190263/390/1]
190263/405/1.f:EHKDKA_04830 -            320 GH43_11.hmm          -            292   3.3e-15   60.6   0.8   1   1   9.6e-18   5.1e-15   59.9   0.8    12   264    43   280    39   302 0.75 [190263/405/1]
190263/399/1.f:CDLIDF_13570 -            659 GH43_11.hmm          -            292   3.3e-15   60.5   3.3   1   1   2.8e-16   1.5e-13   55.1   3.3     2   259   304   608   303   619 0.76 [190263/399/1]
190263/580/1.f:JCPJNN_18320 -            465 GH43_11.hmm          -            292   4.7e-15   60.1   0.2   1   1   1.7e-17   9.4e-15   59.1   0.2    11   264    29   287    24   312 0.75 [190263/580/1]
190263/460/1.f:IHFGKI_10855 -            336 GH43_11.hmm          -            292   6.9e-15   59.5   1.5   1   1   2.2e-17   1.2e-14   58.8   1.5     9   292    30   333    20   333 0.73 [190263/460/1]
190263/460/1.f:IHFGKI_10860 -            556 GH43_11.hmm          -            292   8.9e-15   59.1   9.7   1   1   3.5e-17   1.9e-14   58.1   9.7    12   268    85   419    81   445 0.67 [190263/460/1]
190263/534/1.f:OHCFJE_11920 -            877 GH43_11.hmm          -            292   9.6e-15   59.0   3.0   1   1   3.8e-17     2e-14   58.0   2.6     1   209    24   228    24   249 0.88 [190263/534/1]
190263/388/1.f:FDDJJK_11470 -            877 GH43_11.hmm          -            292   1.4e-14   58.5   2.8   1   1   5.3e-17   2.9e-14   57.5   2.4     1   209    24   228    24   249 0.89 [190263/388/1]
190263/545/1.f:NCJBIN_12790 -            877 GH43_11.hmm          -            292   1.4e-14   58.5   2.8   1   1   5.3e-17   2.9e-14   57.5   2.4     1   209    24   228    24   249 0.89 [190263/545/1]
190263/421/1.f:PBKEAC_07670 -            312 GH43_11.hmm          -            292   1.6e-14   58.3   0.1   1   1   6.2e-17   3.3e-14   57.3   0.1    11   286    28   290    26   294 0.79 [190263/421/1]
190263/417/1.f:MHBJAE_04965 -            997 GH43_11.hmm          -            292   1.8e-14   58.1   1.6   1   1   5.9e-17   3.2e-14   57.3   1.6     3   291   368   659   366   660 0.71 [190263/417/1]
190263/391/1.f:NONBJF_11650 -            877 GH43_11.hmm          -            292   1.8e-14   58.1   2.9   1   1   7.3e-17   3.9e-14   57.0   2.6     1   209    24   228    24   249 0.89 [190263/391/1]
190263/522/1.f:NPJBCH_14235 -            164 GH43_11.hmm          -            292   1.7e-13   54.9   0.7   1   1   3.6e-16   1.9e-13   54.8   0.7     2   143    25   162    24   164 0.87 [190263/522/1]
190263/562/1.f:KJGNCK_02445 -            464 GH43_11.hmm          -            292   1.8e-13   54.9   4.9   1   1   5.7e-16     3e-13   54.1   4.9     2   226    24   263    23   318 0.68 [190263/562/1]
190263/461/1.f:DHPHOK_05300 -            880 GH43_11.hmm          -            292   1.8e-13   54.9   2.9   1   1   6.3e-16   3.4e-13   53.9   2.9     1   208    24   227    24   248 0.88 [190263/461/1]
190263/404/1.f:BGJBIG_08440 -            479 GH43_11.hmm          -            292   2.3e-13   54.5   0.2   1   1   6.6e-16   3.5e-13   53.9   0.2    36   268    89   302    48   323 0.75 [190263/404/1]
#
# Program:         hmmsearch
# Version:         3.3.2 (Nov 2020)
# Pipeline mode:   SEARCH
# Query file:      /kb/module/work/tmp/output.1725388484971/GH43_11/GH43_11.hmm
# Target file:     /kb/module/work/tmp/output.1725388484971/hCom2_RAST.fasta
# Option settings: /kb/module/hmmer/bin/hmmsearch --domtblout /kb/module/work/tmp/output.1725388484971/GH43_11/GH43_11-hCom2_RAST.hitout.txt --noali --notextw --domE 1e-15 /kb/module/work/tmp/output.1725388484971/GH43_11/GH43_11.hmm /kb/module/work/tmp/output.1725388484971/hCom2_RAST.fasta 
# Current dir:     /kb/module/work/tmp/output.1725388484971
# Date:            Tue Sep  3 18:52:04 2024
# [ok]
