#                                                                                   --- full sequence --- -------------- this domain -------------   hmm coord   ali coord   env coord
# target name               accession   tlen query name           accession   qlen   E-value  score  bias   #  of  c-Evalue  i-Evalue  score  bias  from    to  from    to  from    to  acc description of target
#       ------------------- ---------- ----- -------------------- ---------- ----- --------- ------ ----- --- --- --------- --------- ------ ----- ----- ----- ----- ----- ----- ----- ---- ---------------------
190263/541/1.f:IDEEIE_02100 -           1952 GH43_20.hmm          -            252   3.1e-70  240.8  14.3   1   2   3.6e-43   6.4e-40  141.5   3.6     3   251   367   641   365   642 0.85 [190263/541/1]
190263/541/1.f:IDEEIE_02100 -           1952 GH43_20.hmm          -            252   3.1e-70  240.8  14.3   2   2     2e-30   3.6e-27   99.7   1.8     4   184   904  1112   901  1183 0.72 [190263/541/1]
190263/527/1.f:HGADJN_08265 -           2030 GH43_20.hmm          -            252   2.6e-69  237.8  21.2   1   2   1.9e-39   3.4e-36  129.2   5.8     5   241   466   763   463   774 0.82 [190263/527/1]
190263/527/1.f:HGADJN_08265 -           2030 GH43_20.hmm          -            252   2.6e-69  237.8  21.2   2   2   1.2e-33   2.1e-30  110.3   2.3     4   185   910  1119   907  1194 0.73 [190263/527/1]
190263/541/1.f:IDEEIE_02105 -           1906 GH43_20.hmm          -            252   8.9e-55  190.1   0.9   1   1   1.5e-46   2.8e-43  152.5   0.5     6   251  1381  1668  1376  1669 0.81 [190263/541/1]
190263/406/1.f:DKNBGD_05505 -            685 GH43_20.hmm          -            252   1.4e-47  166.5   1.1   1   1   1.3e-50   2.3e-47  165.9   1.1     5   251   410   661   407   662 0.88 [190263/406/1]
190263/406/1.f:DKNBGD_08870 -            701 GH43_20.hmm          -            252   2.6e-47  165.7   1.2   1   1   2.2e-50   3.9e-47  165.1   1.2     5   251   430   682   426   683 0.88 [190263/406/1]
190263/580/1.f:JCPJNN_23895 -            305 GH43_20.hmm          -            252   7.8e-46  160.8   0.0   1   1   5.2e-49   9.4e-46  160.6   0.0     3   243    21   276    19   285 0.87 [190263/580/1]
190263/409/1.f:AJJCMD_06010 -           2298 GH43_20.hmm          -            252   2.5e-44  155.9   2.6   1   1   1.4e-47   2.5e-44  155.9   0.3     3   251  1289  1569  1287  1570 0.83 [190263/409/1]
190263/396/1.f:KAAOMA_17090 -            964 GH43_20.hmm          -            252   4.5e-43  151.8   2.5   1   1   2.5e-46   4.5e-43  151.8   2.5     3   251   278   533   276   534 0.90 [190263/396/1]
190263/520/1.f:GGDGDE_15650 -            302 GH43_20.hmm          -            252   3.3e-41  145.7   0.0   1   1   2.1e-44   3.9e-41  145.5   0.0     4   247    19   276    16   282 0.87 [190263/520/1]
190263/580/1.f:JCPJNN_06560 -            317 GH43_20.hmm          -            252   1.4e-37  133.8   0.3   1   1   1.2e-40   2.2e-37  133.2   0.3     4   251    20   292    17   293 0.83 [190263/580/1]
190263/502/1.f:NONHGB_00270 -            643 GH43_20.hmm          -            252   2.3e-37  133.1   6.2   1   1   3.1e-38   5.5e-35  125.3   2.3     3   232    51   293    49   308 0.87 [190263/502/1]
190263/461/1.f:DHPHOK_00505 -            646 GH43_20.hmm          -            252   3.4e-37  132.5   7.7   1   1   1.3e-37   2.4e-34  123.2   1.2     2   232    53   296    52   310 0.87 [190263/461/1]
190263/405/1.f:EHKDKA_00245 -            643 GH43_20.hmm          -            252   4.2e-37  132.2   8.3   1   1   3.6e-38   6.6e-35  125.0   2.3     3   232    51   293    49   307 0.87 [190263/405/1]
190263/405/1.f:EHKDKA_09475 -            326 GH43_20.hmm          -            252   8.6e-36  127.9   2.7   1   1   1.2e-38   2.2e-35  126.6   2.7     2   251    36   297    35   298 0.82 [190263/405/1]
190263/401/1.f:DMFJNH_07375 -            323 GH43_20.hmm          -            252   8.7e-36  127.9   0.8   1   1   6.5e-39   1.2e-35  127.5   0.8     2   231    40   282    39   297 0.88 [190263/401/1]
190263/504/1.f:DOAHDM_07890 -            323 GH43_20.hmm          -            252   8.7e-36  127.9   0.8   1   1   6.5e-39   1.2e-35  127.5   0.8     2   231    40   282    39   297 0.88 [190263/504/1]
190263/580/1.f:JCPJNN_12840 -            300 GH43_20.hmm          -            252   1.1e-35  127.6   0.0   1   1   7.3e-39   1.3e-35  127.3   0.0     4   246    18   271    15   278 0.89 [190263/580/1]
190263/545/1.f:NCJBIN_01075 -            784 GH43_20.hmm          -            252     2e-35  126.7   7.5   1   1   1.1e-37   2.1e-34  123.4   0.5     2   251    36   297    35   298 0.82 [190263/545/1]
190263/585/1.f:DLBDDB_01480 -            321 GH43_20.hmm          -            252   3.2e-35  126.1   0.5   1   1   2.3e-38   4.2e-35  125.7   0.5     2   224    38   273    37   293 0.86 [190263/585/1]
190263/475/1.f:MCKEEP_08565 -            321 GH43_20.hmm          -            252   3.5e-35  126.0   0.4   1   1   2.5e-38   4.4e-35  125.6   0.4     2   226    38   275    37   293 0.88 [190263/475/1]
190263/573/1.f:LIDFCI_15755 -            325 GH43_20.hmm          -            252   3.6e-35  125.9   0.4   1   1   2.6e-38   4.6e-35  125.5   0.4     2   226    42   279    41   297 0.88 [190263/573/1]
190263/404/1.f:BGJBIG_05300 -            321 GH43_20.hmm          -            252   4.8e-35  125.5   0.3   1   1   3.4e-38   6.2e-35  125.1   0.3     2   231    38   280    37   295 0.88 [190263/404/1]
190263/369/1.f:JCDIFE_00215 -            354 GH43_20.hmm          -            252   5.5e-35  125.3   1.1   1   1   4.1e-38   7.5e-35  124.9   1.1     2   232    53   296    52   310 0.87 [190263/369/1]
190263/562/1.f:KJGNCK_02205 -            324 GH43_20.hmm          -            252   9.9e-35  124.5   0.6   1   1     7e-38   1.3e-34  124.1   0.6     2   231    41   283    40   297 0.87 [190263/562/1]
190263/388/1.f:FDDJJK_00940 -            784 GH43_20.hmm          -            252   1.9e-34  123.5   8.6   1   1   2.7e-37   4.8e-34  122.2   0.7     2   251    36   297    35   298 0.82 [190263/388/1]
190263/534/1.f:OHCFJE_01725 -            784 GH43_20.hmm          -            252   2.3e-34  123.2   7.6   1   1   4.9e-37   8.9e-34  121.3   0.4     2   251    36   297    35   298 0.82 [190263/534/1]
190263/534/1.f:OHCFJE_09710 -            647 GH43_20.hmm          -            252   2.4e-34  123.2   7.6   1   1   2.7e-36   4.9e-33  118.9   2.2     3   232    52   294    50   308 0.88 [190263/534/1]
190263/552/1.f:EMALNL_07810 -            325 GH43_20.hmm          -            252   3.6e-34  122.6   0.6   1   1   2.5e-37   4.6e-34  122.3   0.6     2   231    42   284    41   298 0.87 [190263/552/1]
190263/391/1.f:NONBJF_00960 -            784 GH43_20.hmm          -            252   3.6e-34  122.6   9.5   1   1   4.9e-37   8.9e-34  121.3   0.4     2   251    36   297    35   298 0.82 [190263/391/1]
190263/391/1.f:NONBJF_02505 -            647 GH43_20.hmm          -            252   3.8e-34  122.6   6.2   1   1   5.7e-36     1e-32  117.9   1.6     3   232    52   294    50   308 0.87 [190263/391/1]
190263/545/1.f:NCJBIN_02880 -            647 GH43_20.hmm          -            252   3.8e-34  122.6   6.2   1   1   5.7e-36     1e-32  117.9   1.6     3   232    52   294    50   308 0.87 [190263/545/1]
190263/585/1.f:DLBDDB_07710 -            313 GH43_20.hmm          -            252   5.5e-34  122.0   1.7   1   1   7.2e-37   1.3e-33  120.8   1.7     2   251    36   297    35   298 0.82 [190263/585/1]
190263/388/1.f:FDDJJK_02615 -            647 GH43_20.hmm          -            252   2.4e-33  119.9   6.0   1   1   9.8e-36   1.8e-32  117.1   1.7     3   232    52   294    50   308 0.86 [190263/388/1]
190263/401/1.f:DMFJNH_10115 -            986 GH43_20.hmm          -            252   3.5e-33  119.4   3.1   1   1   5.4e-36   9.8e-33  117.9   0.7     2   251    29   290    28   291 0.82 [190263/401/1]
190263/504/1.f:DOAHDM_10495 -            986 GH43_20.hmm          -            252     6e-33  118.6   2.7   1   1   1.8e-35   3.3e-32  116.2   0.6     2   251    29   290    28   291 0.82 [190263/504/1]
190263/399/1.f:CDLIDF_03200 -            640 GH43_20.hmm          -            252   6.3e-33  118.5  10.6   1   1   1.9e-35   3.4e-32  116.2   1.5     3   232    46   288    44   302 0.88 [190263/399/1]
190263/562/1.f:KJGNCK_11030 -            785 GH43_20.hmm          -            252   8.8e-33  118.1   4.8   1   1   4.1e-35   7.5e-32  115.0   0.7     2   251    36   297    35   298 0.81 [190263/562/1]
190263/552/1.f:EMALNL_10950 -            785 GH43_20.hmm          -            252   2.2e-32  116.8   5.4   1   1   9.7e-35   1.7e-31  113.8   1.0     2   251    36   297    35   298 0.81 [190263/552/1]
190263/502/1.f:NONHGB_08195 -            785 GH43_20.hmm          -            252   3.1e-32  116.3  11.0   1   1   2.4e-35   4.4e-32  115.8   1.3     2   251    36   297    35   298 0.81 [190263/502/1]
190263/573/1.f:LIDFCI_13350 -            785 GH43_20.hmm          -            252   3.7e-32  116.0   8.2   1   1   1.8e-34   3.3e-31  112.9   0.8     2   251    36   297    35   298 0.83 [190263/573/1]
190263/475/1.f:MCKEEP_09850 -            785 GH43_20.hmm          -            252   7.5e-32  115.0   6.7   1   1   5.4e-34   9.7e-31  111.4   0.4     2   251    36   297    35   298 0.82 [190263/475/1]
190263/399/1.f:CDLIDF_10095 -            833 GH43_20.hmm          -            252     2e-30  110.3  11.3   1   1   4.1e-30   7.5e-27   98.6   0.7     2   230   509   767   508   791 0.81 [190263/399/1]
190263/504/1.f:DOAHDM_19175 -            309 GH43_20.hmm          -            252   9.4e-29  104.9   0.4   1   1   6.8e-32   1.2e-28  104.5   0.4     2   251    37   288    36   289 0.82 [190263/504/1]
190263/401/1.f:DMFJNH_18080 -            309 GH43_20.hmm          -            252     1e-28  104.7   0.4   1   1   7.6e-32   1.4e-28  104.3   0.4     2   251    37   288    36   289 0.82 [190263/401/1]
190263/585/1.f:DLBDDB_14310 -            310 GH43_20.hmm          -            252   3.2e-28  103.1   0.3   1   1   2.4e-31   4.3e-28  102.7   0.3     2   251    37   288    36   289 0.83 [190263/585/1]
190263/475/1.f:MCKEEP_17285 -            307 GH43_20.hmm          -            252   1.1e-27  101.4   0.6   1   1   7.7e-31   1.4e-27  101.0   0.6     2   251    37   288    36   289 0.82 [190263/475/1]
190263/552/1.f:EMALNL_16930 -            307 GH43_20.hmm          -            252   1.2e-27  101.2   0.6   1   1   8.9e-31   1.6e-27  100.8   0.6     2   251    37   288    36   289 0.82 [190263/552/1]
190263/573/1.f:LIDFCI_06975 -            307 GH43_20.hmm          -            252   1.2e-27  101.2   0.6   1   1   8.9e-31   1.6e-27  100.8   0.6     2   251    37   288    36   289 0.82 [190263/573/1]
190263/405/1.f:EHKDKA_15525 -           1120 GH43_20.hmm          -            252   1.3e-27  101.1  23.2   1   1   4.4e-30   7.9e-27   98.6   1.7     2   229   506   763   505   787 0.81 [190263/405/1]
190263/562/1.f:KJGNCK_17890 -            307 GH43_20.hmm          -            252   1.9e-27  100.6   0.4   1   1   1.4e-30   2.5e-27  100.2   0.4     2   251    37   288    36   289 0.82 [190263/562/1]
190263/401/1.f:DMFJNH_07380 -            811 GH43_20.hmm          -            252   4.6e-27   99.3  12.0   1   1   4.9e-28   8.8e-25   91.9   1.0     2   229   506   764   505   781 0.80 [190263/401/1]
190263/504/1.f:DOAHDM_07895 -            811 GH43_20.hmm          -            252   4.6e-27   99.3  12.0   1   1   4.9e-28   8.8e-25   91.9   1.0     2   229   506   764   505   781 0.80 [190263/504/1]
190263/391/1.f:NONBJF_09760 -            334 GH43_20.hmm          -            252   1.1e-26   98.1   3.9   1   1   1.4e-28   2.5e-25   93.7   3.9    29   251    81   308    35   309 0.70 [190263/391/1]
190263/534/1.f:OHCFJE_03080 -            334 GH43_20.hmm          -            252   1.1e-26   98.1   3.9   1   1   1.4e-28   2.5e-25   93.7   3.9    29   251    81   308    35   309 0.70 [190263/534/1]
190263/545/1.f:NCJBIN_10600 -            334 GH43_20.hmm          -            252   1.1e-26   98.1   3.9   1   1   1.4e-28   2.5e-25   93.7   3.9    29   251    81   308    35   309 0.70 [190263/545/1]
190263/456/1.f:LKAJBD_05070 -            308 GH43_20.hmm          -            252   5.9e-26   95.7   2.0   1   1   4.3e-29   7.8e-26   95.3   2.0     2   251    38   289    37   290 0.80 [190263/456/1]
190263/391/1.f:NONBJF_02560 -            817 GH43_20.hmm          -            252   1.2e-25   94.7   1.7   1   1   6.7e-29   1.2e-25   94.7   1.7     1   230   504   764   504   786 0.80 [190263/391/1]
190263/534/1.f:OHCFJE_09655 -            818 GH43_20.hmm          -            252   1.2e-25   94.7   1.7   1   1   6.7e-29   1.2e-25   94.7   1.7     1   230   505   765   505   787 0.80 [190263/534/1]
190263/545/1.f:NCJBIN_02935 -            817 GH43_20.hmm          -            252   1.2e-25   94.7   2.0   1   1   6.9e-29   1.2e-25   94.7   2.0     1   230   504   764   504   787 0.79 [190263/545/1]
190263/405/1.f:EHKDKA_00240 -            975 GH43_20.hmm          -            252   1.4e-25   94.5   1.4   1   1   1.8e-28   3.2e-25   93.3   1.4     3   229   672   929   670   945 0.83 [190263/405/1]
190263/502/1.f:NONHGB_00265 -            975 GH43_20.hmm          -            252   1.5e-25   94.4   1.6   1   1     2e-28   3.5e-25   93.2   1.6     3   230   672   930   670   946 0.83 [190263/502/1]
190263/388/1.f:FDDJJK_02675 -            818 GH43_20.hmm          -            252   1.8e-25   94.1   2.1   1   1   9.9e-29   1.8e-25   94.1   2.1     1   230   505   765   505   787 0.80 [190263/388/1]
190263/405/1.f:EHKDKA_15865 -            309 GH43_20.hmm          -            252   1.9e-25   94.0   0.5   1   1   1.4e-28   2.5e-25   93.7   0.5     2   232    37   272    36   289 0.76 [190263/405/1]
190263/388/1.f:FDDJJK_09300 -            334 GH43_20.hmm          -            252   2.2e-25   93.8   3.8   1   1   2.7e-27   4.9e-24   89.4   3.8    29   251    81   308    35   309 0.69 [190263/388/1]
190263/527/1.f:HGADJN_08270 -            986 GH43_20.hmm          -            252   1.3e-24   91.3   9.7   1   1   7.2e-27   1.3e-23   88.0   9.8    14   180   492   691   480   709 0.76 [190263/527/1]
190263/369/1.f:JCDIFE_12790 -            817 GH43_20.hmm          -            252   1.2e-23   88.1   2.3   1   1   6.9e-27   1.2e-23   88.1   2.3     2   231   509   769   508   792 0.78 [190263/369/1]
190263/595/1.f:HGDLEC_00125 -            350 GH43_20.hmm          -            252   2.5e-23   87.1   0.3   1   1   1.4e-24   2.6e-21   80.5   0.3    31   251   104   329    56   330 0.70 [190263/595/1]
190263/562/1.f:KJGNCK_09455 -            332 GH43_20.hmm          -            252   4.9e-23   86.2   3.0   1   1   3.6e-26   6.5e-23   85.7   3.0     4   235    49   291    46   302 0.83 [190263/562/1]
190263/573/1.f:LIDFCI_21715 -            332 GH43_20.hmm          -            252   2.7e-22   83.7   2.4   1   1   2.2e-25   3.9e-22   83.2   2.4     4   235    49   291    46   302 0.82 [190263/573/1]
190263/475/1.f:MCKEEP_01940 -            332 GH43_20.hmm          -            252   2.8e-22   83.7   2.7   1   1   2.2e-25     4e-22   83.2   2.7     4   235    49   291    46   302 0.82 [190263/475/1]
190263/552/1.f:EMALNL_01110 -            330 GH43_20.hmm          -            252   8.3e-17   65.7   0.4   1   1   6.1e-20   1.1e-16   65.3   0.4     4   236    51   299    48   310 0.80 [190263/552/1]
190263/399/1.f:CDLIDF_11830 -            353 GH43_20.hmm          -            252     1e-14   58.9   3.7   1   1   3.6e-17   6.4e-14   56.3   3.7     7   178    39   245    35   300 0.76 [190263/399/1]
190263/595/1.f:HGDLEC_07170 -            347 GH43_20.hmm          -            252   1.2e-14   58.6   3.0   1   1   3.7e-17   6.6e-14   56.2   3.0     6   163    44   235    41   301 0.74 [190263/595/1]
#
# Program:         hmmsearch
# Version:         3.3.2 (Nov 2020)
# Pipeline mode:   SEARCH
# Query file:      /kb/module/work/tmp/output.1725388484971/GH43_20/GH43_20.hmm
# Target file:     /kb/module/work/tmp/output.1725388484971/hCom2_RAST.fasta
# Option settings: /kb/module/hmmer/bin/hmmsearch --domtblout /kb/module/work/tmp/output.1725388484971/GH43_20/GH43_20-hCom2_RAST.hitout.txt --noali --notextw --domE 1e-15 /kb/module/work/tmp/output.1725388484971/GH43_20/GH43_20.hmm /kb/module/work/tmp/output.1725388484971/hCom2_RAST.fasta 
# Current dir:     /kb/module/work/tmp/output.1725388484971
# Date:            Tue Sep  3 18:52:31 2024
# [ok]
