#                                                                                   --- full sequence --- -------------- this domain -------------   hmm coord   ali coord   env coord
# target name               accession   tlen query name           accession   qlen   E-value  score  bias   #  of  c-Evalue  i-Evalue  score  bias  from    to  from    to  from    to  acc description of target
#       ------------------- ---------- ----- -------------------- ---------- ----- --------- ------ ----- --- --- --------- --------- ------ ----- ----- ----- ----- ----- ----- ----- ---- ---------------------
190263/405/1.f:EHKDKA_06305 -            483 GH43_7.hmm           -            274  6.2e-169  564.8   8.3   1   2  1.2e-153  2.2e-150  504.0   4.6     1   274    30   300    30   300 1.00 [190263/405/1]
190263/405/1.f:EHKDKA_06305 -            483 GH43_7.hmm           -            274  6.2e-169  564.8   8.3   2   2   5.9e-19   1.1e-15   62.2   0.1    31   150   358   451   349   463 0.92 [190263/405/1]
190263/502/1.f:NONHGB_05490 -            483 GH43_7.hmm           -            274  1.2e-167  560.6   8.5   1   2    7e-153  1.3e-149  501.5   4.8     1   274    30   300    30   300 1.00 [190263/502/1]
190263/502/1.f:NONHGB_05490 -            483 GH43_7.hmm           -            274  1.2e-167  560.6   8.5   2   2   2.1e-18   3.9e-15   60.4   0.1    32   150   359   451   351   466 0.93 [190263/502/1]
190263/456/1.f:LKAJBD_03880 -            483 GH43_7.hmm           -            274  5.1e-165  552.0   5.9   1   2    3e-150  5.6e-147  492.8   2.8     1   274    30   300    30   300 1.00 [190263/456/1]
190263/456/1.f:LKAJBD_03880 -            483 GH43_7.hmm           -            274  5.1e-165  552.0   5.9   2   2   3.2e-18     6e-15   59.8   0.1    32   150   359   451   350   462 0.93 [190263/456/1]
190263/460/1.f:IHFGKI_14520 -            296 GH43_7.hmm           -            274  4.2e-129  434.2   2.2   1   1  2.6e-132  4.8e-129  434.0   2.2     1   256    44   296    44   296 0.99 [190263/460/1]
190263/399/1.f:CDLIDF_04455 -            335 GH43_7.hmm           -            274   1.3e-36  130.9   4.8   1   1   3.3e-39   6.2e-36  128.6   4.8     2   274    36   332    35   332 0.82 [190263/399/1]
190263/595/1.f:HGDLEC_10085 -            339 GH43_7.hmm           -            274   3.1e-35  126.4   2.8   1   1   7.5e-37   1.4e-33  120.9   2.8     2   269    32   326    31   336 0.78 [190263/595/1]
190263/460/1.f:IHFGKI_10855 -            336 GH43_7.hmm           -            274   7.5e-35  125.1   6.9   1   1     1e-35   1.9e-32  117.2   6.9     1   272    30   332    30   334 0.80 [190263/460/1]
190263/502/1.f:NONHGB_04290 -            343 GH43_7.hmm           -            274   1.2e-34  124.5   1.1   1   1   7.9e-38   1.5e-34  124.1   1.1     4   274    45   327    43   327 0.83 [190263/502/1]
190263/562/1.f:KJGNCK_06460 -            335 GH43_7.hmm           -            274   1.4e-34  124.2   2.2   1   1   8.8e-38   1.6e-34  124.0   2.2     2   248    40   290    39   317 0.82 [190263/562/1]
190263/366/1.f:DBJPFP_01325 -            327 GH43_7.hmm           -            274   4.1e-34  122.7   0.7   1   1   2.7e-37   5.1e-34  122.4   0.7     3   273    36   310    34   311 0.87 [190263/366/1]
190263/405/1.f:EHKDKA_04770 -            343 GH43_7.hmm           -            274   4.2e-34  122.6   1.4   1   1   2.9e-37   5.4e-34  122.3   1.4     4   274    45   327    43   327 0.84 [190263/405/1]
190263/552/1.f:EMALNL_04005 -            335 GH43_7.hmm           -            274   8.8e-34  121.6   2.7   1   1   5.6e-37     1e-33  121.4   2.7     2   273    40   316    39   317 0.82 [190263/552/1]
190263/405/1.f:EHKDKA_04765 -            325 GH43_7.hmm           -            274   9.3e-32  115.0   3.6   1   1   6.4e-35   1.2e-31  114.6   3.6     3   273    36   309    34   310 0.86 [190263/405/1]
190263/502/1.f:NONHGB_04285 -            308 GH43_7.hmm           -            274   2.6e-31  113.5   3.2   1   1   1.8e-34   3.3e-31  113.2   3.2     3   273    19   292    17   293 0.86 [190263/502/1]
190263/405/1.f:EHKDKA_05525 -            333 GH43_7.hmm           -            274   3.4e-31  113.1   0.7   1   1   2.4e-34   4.4e-31  112.7   0.7     4   273    41   311    38   312 0.86 [190263/405/1]
190263/366/1.f:DBJPFP_04310 -            332 GH43_7.hmm           -            274   6.6e-31  112.2   0.3   1   1   4.2e-34   7.8e-31  111.9   0.3     3   274    41   316    39   316 0.86 [190263/366/1]
190263/488/1.f:DNPFAC_05475 -            325 GH43_7.hmm           -            274     7e-31  112.1   2.1   1   1   4.6e-34   8.6e-31  111.8   2.1     4   274    34   307    31   307 0.86 [190263/488/1]
190263/522/1.f:NPJBCH_14230 -            340 GH43_7.hmm           -            274     2e-30  110.6   3.7   1   1   1.3e-33   2.4e-30  110.3   3.7     3   273    49   323    47   324 0.85 [190263/522/1]
190263/401/1.f:DMFJNH_06495 -            637 GH43_7.hmm           -            274   2.7e-30  110.1   6.2   1   1   6.6e-31   1.2e-27  101.4   1.9     4   273   348   620   345   621 0.83 [190263/401/1]
190263/504/1.f:DOAHDM_07165 -            637 GH43_7.hmm           -            274   2.7e-30  110.1   6.2   1   1   6.6e-31   1.2e-27  101.4   1.9     4   273   348   620   345   621 0.83 [190263/504/1]
190263/502/1.f:NONHGB_04370 -            334 GH43_7.hmm           -            274   3.9e-30  109.6   1.8   1   1   2.8e-33   5.2e-30  109.2   1.8     3   273    45   318    43   319 0.85 [190263/502/1]
190263/417/1.f:MHBJAE_04920 -            325 GH43_7.hmm           -            274   6.6e-30  108.9   1.9   1   1   4.3e-33   8.1e-30  108.6   1.9     4   274    34   307    31   307 0.85 [190263/417/1]
190263/391/1.f:NONBJF_11660 -            333 GH43_7.hmm           -            274   1.2e-29  108.1   2.3   1   1   7.8e-33   1.4e-29  107.8   2.3     4   274    45   318    42   318 0.82 [190263/391/1]
190263/534/1.f:OHCFJE_11930 -            333 GH43_7.hmm           -            274   1.2e-29  108.1   2.3   1   1   7.8e-33   1.4e-29  107.8   2.3     4   274    45   318    42   318 0.82 [190263/534/1]
190263/545/1.f:NCJBIN_12800 -            333 GH43_7.hmm           -            274   1.2e-29  108.1   2.3   1   1   7.8e-33   1.4e-29  107.8   2.3     4   274    45   318    42   318 0.82 [190263/545/1]
190263/401/1.f:DMFJNH_03530 -            325 GH43_7.hmm           -            274   1.2e-29  108.0   2.7   1   1   8.1e-33   1.5e-29  107.7   2.7     3   274    36   310    34   310 0.89 [190263/401/1]
190263/504/1.f:DOAHDM_03970 -            325 GH43_7.hmm           -            274   1.2e-29  108.0   2.7   1   1   8.1e-33   1.5e-29  107.7   2.7     3   274    36   310    34   310 0.89 [190263/504/1]
190263/388/1.f:FDDJJK_11480 -            333 GH43_7.hmm           -            274   1.6e-29  107.6   2.4   1   1   1.1e-32     2e-29  107.3   2.4     4   274    45   318    42   318 0.82 [190263/388/1]
190263/461/1.f:DHPHOK_05315 -            335 GH43_7.hmm           -            274   8.6e-29  105.2   2.1   1   1   6.1e-32   1.1e-28  104.8   2.1     3   273    46   319    44   320 0.85 [190263/461/1]
190263/369/1.f:JCDIFE_04830 -            333 GH43_7.hmm           -            274   1.4e-28  104.6   1.9   1   1   9.6e-32   1.8e-28  104.2   1.9     3   273    44   317    42   318 0.86 [190263/369/1]
190263/522/1.f:NPJBCH_10320 -            621 GH43_7.hmm           -            274   1.8e-28  104.2  14.4   1   1   5.1e-30   9.6e-27   98.5   2.6     3   273    40   314    38   315 0.82 [190263/522/1]
190263/526/1.f:GBBCGM_01160 -            327 GH43_7.hmm           -            274     2e-27  100.7   1.3   1   1   1.4e-30   2.6e-27  100.4   1.3     4   273    38   311    36   312 0.83 [190263/526/1]
190263/365/1.f:JJMMAK_09115 -            354 GH43_7.hmm           -            274     3e-27  100.2   0.4   1   1   2.3e-30   4.4e-27   99.6   0.4     4   273    54   337    51   338 0.80 [190263/365/1]
190263/437/1.f:LBKKEJ_07930 -            327 GH43_7.hmm           -            274   3.7e-27   99.9   0.6   1   1   2.5e-30   4.7e-27   99.5   0.6     3   273    34   307    32   308 0.83 [190263/437/1]
190263/366/1.f:DBJPFP_11310 -            329 GH43_7.hmm           -            274   7.5e-26   95.6   1.0   1   1   5.4e-29     1e-25   95.2   1.0     4   274    43   314    40   314 0.80 [190263/366/1]
190263/365/1.f:JJMMAK_00705 -            985 GH43_7.hmm           -            274   4.8e-25   92.9   1.4   1   1   4.1e-28   7.7e-25   92.3   1.4     4   273   695   967   692   968 0.88 [190263/365/1]
190263/585/1.f:DLBDDB_05325 -            353 GH43_7.hmm           -            274   7.7e-25   92.3   6.6   1   1   5.5e-28     1e-24   91.9   6.6     4   273    51   333    49   334 0.82 [190263/585/1]
190263/497/1.f:HENFFC_10575 -            995 GH43_7.hmm           -            274   1.4e-24   91.4   1.6   1   1   1.3e-27   2.5e-24   90.6   1.6     4   273   705   977   702   978 0.88 [190263/497/1]
190263/475/1.f:MCKEEP_04050 -            354 GH43_7.hmm           -            274   3.9e-24   90.0   7.2   1   1   2.7e-27   5.1e-24   89.6   7.2     4   273    52   334    50   335 0.82 [190263/475/1]
190263/573/1.f:LIDFCI_19560 -            354 GH43_7.hmm           -            274   3.9e-24   90.0   7.2   1   1   2.7e-27   5.1e-24   89.6   7.2     4   273    52   334    50   335 0.82 [190263/573/1]
190263/556/1.f:EMIPPF_09145 -            341 GH43_7.hmm           -            274   5.6e-24   89.4   2.0   1   1     4e-27   7.6e-24   89.0   2.0     2   273    54   324    53   325 0.85 [190263/556/1]
190263/456/1.f:LKAJBD_09325 -            495 GH43_7.hmm           -            274   1.5e-22   84.7   0.1   1   1   1.9e-25   3.5e-22   83.5   0.1    28   214   115   299   105   338 0.84 [190263/456/1]
190263/502/1.f:NONHGB_20365 -            495 GH43_7.hmm           -            274   1.8e-20   78.0   0.1   1   1   1.7e-23   3.2e-20   77.1   0.1    28   273   115   365   107   366 0.74 [190263/502/1]
190263/405/1.f:EHKDKA_22070 -            495 GH43_7.hmm           -            274   3.2e-20   77.1   0.0   1   1   2.9e-23   5.4e-20   76.4   0.0    28   218   115   303   107   366 0.78 [190263/405/1]
190263/475/1.f:MCKEEP_06920 -            361 GH43_7.hmm           -            274   6.6e-19   72.8   3.3   1   1   4.5e-22   8.4e-19   72.5   3.3     3   273    56   338    54   339 0.71 [190263/475/1]
190263/552/1.f:EMALNL_06310 -            361 GH43_7.hmm           -            274   6.6e-19   72.8   3.3   1   1   4.5e-22   8.4e-19   72.5   3.3     3   273    56   338    54   339 0.71 [190263/552/1]
190263/562/1.f:KJGNCK_03885 -            361 GH43_7.hmm           -            274   6.6e-19   72.8   3.3   1   1   4.5e-22   8.4e-19   72.5   3.3     3   273    56   338    54   339 0.71 [190263/562/1]
190263/369/1.f:JCDIFE_18065 -            500 GH43_7.hmm           -            274   7.1e-19   72.7   0.8   1   1   4.8e-22   8.9e-19   72.4   0.1    27   274   119   371   107   371 0.77 [190263/369/1]
190263/504/1.f:DOAHDM_15675 -            513 GH43_7.hmm           -            274   7.6e-19   72.6   0.1   1   1   7.3e-22   1.4e-18   71.8   0.1    26   274   120   373   110   373 0.75 [190263/504/1]
190263/401/1.f:DMFJNH_16010 -            513 GH43_7.hmm           -            274   2.5e-18   70.9   0.0   1   1   2.4e-21   4.5e-18   70.1   0.0    27   274   121   373   112   373 0.74 [190263/401/1]
190263/580/1.f:JCPJNN_23245 -            495 GH43_7.hmm           -            274   3.2e-18   70.6   3.2   1   1   2.4e-21   4.5e-18   70.1   0.5     2   217    54   296    53   309 0.78 [190263/580/1]
190263/475/1.f:MCKEEP_15310 -            506 GH43_7.hmm           -            274     4e-18   70.3   0.0   1   1     4e-21   7.5e-18   69.3   0.0    26   274   113   366   104   366 0.76 [190263/475/1]
190263/562/1.f:KJGNCK_15460 -            506 GH43_7.hmm           -            274     1e-17   68.9   0.1   1   1   1.1e-20     2e-17   68.0   0.1    26   274   113   366   103   366 0.77 [190263/562/1]
190263/552/1.f:EMALNL_03945 -            633 GH43_7.hmm           -            274   1.2e-17   68.7   2.1   1   1   9.1e-21   1.7e-17   68.2   2.1     4   273   330   615   327   616 0.71 [190263/552/1]
190263/562/1.f:KJGNCK_06510 -            633 GH43_7.hmm           -            274   1.6e-17   68.2   1.9   1   1   1.3e-20   2.5e-17   67.6   1.9     5   273   331   615   328   616 0.71 [190263/562/1]
190263/388/1.f:FDDJJK_05195 -            511 GH43_7.hmm           -            274   2.7e-17   67.5   0.1   1   1   2.3e-20   4.4e-17   66.8   0.1    33   243   138   353   130   384 0.73 [190263/388/1]
190263/545/1.f:NCJBIN_05645 -            511 GH43_7.hmm           -            274   3.2e-17   67.3   0.1   1   1   2.9e-20   5.5e-17   66.5   0.1    32   274   137   384   129   384 0.76 [190263/545/1]
190263/391/1.f:NONBJF_05450 -            511 GH43_7.hmm           -            274   3.3e-17   67.2   0.1   1   1     3e-20   5.6e-17   66.5   0.1    32   274   137   384   130   384 0.76 [190263/391/1]
190263/534/1.f:OHCFJE_07285 -            511 GH43_7.hmm           -            274   3.5e-17   67.2   0.1   1   1   3.1e-20   5.8e-17   66.4   0.1    32   274   137   384   128   384 0.77 [190263/534/1]
#
# Program:         hmmsearch
# Version:         3.3.2 (Nov 2020)
# Pipeline mode:   SEARCH
# Query file:      /kb/module/work/tmp/output.1725388484971/GH43_7/GH43_7.hmm
# Target file:     /kb/module/work/tmp/output.1725388484971/hCom2_RAST.fasta
# Option settings: /kb/module/hmmer/bin/hmmsearch --domtblout /kb/module/work/tmp/output.1725388484971/GH43_7/GH43_7-hCom2_RAST.hitout.txt --noali --notextw --domE 1e-15 /kb/module/work/tmp/output.1725388484971/GH43_7/GH43_7.hmm /kb/module/work/tmp/output.1725388484971/hCom2_RAST.fasta 
# Current dir:     /kb/module/work/tmp/output.1725388484971
# Date:            Tue Sep  3 18:51:50 2024
# [ok]
