#                                                                                   --- full sequence --- -------------- this domain -------------   hmm coord   ali coord   env coord
# target name               accession   tlen query name           accession   qlen   E-value  score  bias   #  of  c-Evalue  i-Evalue  score  bias  from    to  from    to  from    to  acc description of target
#       ------------------- ---------- ----- -------------------- ---------- ----- --------- ------ ----- --- --- --------- --------- ------ ----- ----- ----- ----- ----- ----- ----- ---- ---------------------
190263/580/1.f:JCPJNN_23245 -            495 GH43_4.hmm           -            310    5e-123  415.0   0.7   1   1  1.1e-125  6.2e-123  414.7   0.7     2   310    54   381    53   381 0.96 [190263/580/1]
190263/472/1.f:NMGHJI_01030 -            524 GH43_4.hmm           -            310  3.9e-107  362.8  11.0   1   1  9.6e-110  5.3e-107  362.3  11.0     1   310    63   408    63   408 0.93 [190263/472/1]
190263/412/1.f:OOIBGL_18190 -            917 GH43_4.hmm           -            310  4.7e-107  362.5  11.0   1   1  1.8e-109    1e-106  361.4  11.0     1   310    42   417    42   417 0.94 [190263/412/1]
190263/520/1.f:GGDGDE_16925 -            517 GH43_4.hmm           -            310  4.9e-106  359.2  13.2   1   1  1.3e-108  7.4e-106  358.6  13.2     1   310    53   403    53   403 0.91 [190263/520/1]
190263/396/1.f:KAAOMA_00715 -            981 GH43_4.hmm           -            310  1.5e-105  357.5  13.7   1   1  2.8e-108  1.5e-105  357.5  13.7     1   310    42   419    42   419 0.94 [190263/396/1]
190263/412/1.f:OOIBGL_10915 -            915 GH43_4.hmm           -            310  4.8e-105  355.9  11.4   1   1  8.7e-108  4.8e-105  355.9  11.4     1   310    34   404    34   404 0.91 [190263/412/1]
190263/412/1.f:OOIBGL_00545 -            660 GH43_4.hmm           -            310    6e-103  349.0  13.1   1   1  1.6e-105  8.6e-103  348.5  13.1     2   309   195   547   194   548 0.92 [190263/412/1]
190263/396/1.f:KAAOMA_19795 -            758 GH43_4.hmm           -            310  8.3e-103  348.6   9.5   1   1  2.3e-105  1.3e-102  348.0   9.5     1   309    41   406    41   407 0.90 [190263/396/1]
190263/412/1.f:OOIBGL_08975 -            536 GH43_4.hmm           -            310  9.5e-101  341.8   8.4   1   1  2.8e-103  1.5e-100  341.1   8.4     1   310    69   422    69   422 0.92 [190263/412/1]
190263/527/1.f:HGADJN_00780 -            528 GH43_4.hmm           -            310  1.9e-100  340.8  12.0   1   1  4.4e-103  2.4e-100  340.5  12.0     2   310    53   396    52   396 0.91 [190263/527/1]
190263/527/1.f:HGADJN_00775 -            552 GH43_4.hmm           -            310   6.4e-97  329.2   1.3   1   1   1.4e-99     8e-97  328.9   1.3     2   310    42   401    41   401 0.90 [190263/527/1]
190263/504/1.f:DOAHDM_15675 -            513 GH43_4.hmm           -            310     1e-95  325.3   0.4   1   1   2.4e-98   1.3e-95  324.9   0.4     1   310    60   372    60   372 0.96 [190263/504/1]
190263/405/1.f:EHKDKA_22070 -            495 GH43_4.hmm           -            310   1.9e-95  324.4   0.2   1   1   4.2e-98   2.3e-95  324.1   0.2     1   310    53   365    53   365 0.96 [190263/405/1]
190263/456/1.f:LKAJBD_09325 -            495 GH43_4.hmm           -            310   2.6e-95  323.9   0.3   1   1   6.1e-98   3.4e-95  323.6   0.3     1   310    53   365    53   365 0.96 [190263/456/1]
190263/401/1.f:DMFJNH_16010 -            513 GH43_4.hmm           -            310     3e-95  323.7   0.4   1   1   6.9e-98   3.8e-95  323.4   0.4     1   310    60   372    60   372 0.96 [190263/401/1]
190263/502/1.f:NONHGB_20365 -            495 GH43_4.hmm           -            310     8e-95  322.3   0.4   1   1   1.8e-97     1e-94  322.0   0.4     1   310    53   365    53   365 0.96 [190263/502/1]
190263/475/1.f:MCKEEP_15310 -            506 GH43_4.hmm           -            310   3.1e-94  320.4   0.5   1   1     7e-97   3.9e-94  320.1   0.5     1   310    53   365    53   365 0.95 [190263/475/1]
190263/562/1.f:KJGNCK_15460 -            506 GH43_4.hmm           -            310   9.8e-94  318.8   0.6   1   1   2.2e-96   1.2e-93  318.4   0.6     1   310    53   365    53   365 0.95 [190263/562/1]
190263/545/1.f:NCJBIN_05645 -            511 GH43_4.hmm           -            310   1.1e-92  315.4   0.6   1   1   2.5e-95   1.4e-92  315.0   0.6     1   310    71   383    71   383 0.95 [190263/545/1]
190263/534/1.f:OHCFJE_07285 -            511 GH43_4.hmm           -            310   1.3e-92  315.1   0.7   1   1     3e-95   1.7e-92  314.7   0.7     1   310    71   383    71   383 0.95 [190263/534/1]
190263/388/1.f:FDDJJK_05195 -            511 GH43_4.hmm           -            310   1.5e-92  314.9   0.7   1   1   3.4e-95   1.9e-92  314.5   0.7     1   310    71   383    71   383 0.95 [190263/388/1]
190263/391/1.f:NONBJF_05450 -            511 GH43_4.hmm           -            310   6.7e-92  312.7   0.6   1   1   1.5e-94   8.5e-92  312.4   0.6     1   310    71   383    71   383 0.95 [190263/391/1]
190263/369/1.f:JCDIFE_18065 -            500 GH43_4.hmm           -            310   8.3e-92  312.4   0.3   1   1   1.9e-94   1.1e-91  312.1   0.3     1   310    58   370    58   370 0.97 [190263/369/1]
190263/475/1.f:MCKEEP_15285 -            634 GH43_4.hmm           -            310   1.4e-90  308.4  10.4   1   1   5.8e-93   3.2e-90  307.2  10.4     1   310   154   522   154   522 0.91 [190263/475/1]
190263/401/1.f:DMFJNH_15975 -            641 GH43_4.hmm           -            310   1.1e-89  305.5  10.8   1   1   1.9e-92   1.1e-89  305.5  10.8     1   310   161   529   161   529 0.90 [190263/401/1]
190263/504/1.f:DOAHDM_15640 -            641 GH43_4.hmm           -            310   1.2e-89  305.3  10.8   1   1   2.2e-92   1.2e-89  305.3  10.8     1   310   161   529   161   529 0.90 [190263/504/1]
190263/562/1.f:KJGNCK_15435 -            642 GH43_4.hmm           -            310   5.6e-89  303.1  10.2   1   1   1.8e-91   9.9e-89  302.3  10.2     1   310   162   530   162   530 0.91 [190263/562/1]
190263/388/1.f:FDDJJK_05225 -            627 GH43_4.hmm           -            310   2.5e-87  297.7   6.1   1   1   4.5e-90   2.5e-87  297.7   6.1     1   310   159   517   159   517 0.91 [190263/388/1]
190263/456/1.f:LKAJBD_09300 -            630 GH43_4.hmm           -            310   2.5e-87  297.7   9.5   1   1   6.9e-90   3.8e-87  297.1   9.5     1   310   161   519   161   519 0.90 [190263/456/1]
190263/502/1.f:NONHGB_20405 -            637 GH43_4.hmm           -            310   3.2e-87  297.4   4.6   1   1     9e-90     5e-87  296.7   4.6     1   310   165   526   165   526 0.90 [190263/502/1]
190263/391/1.f:NONBJF_05480 -            619 GH43_4.hmm           -            310   4.6e-87  296.8   6.3   1   1   8.4e-90   4.6e-87  296.8   6.3     1   310   151   509   151   509 0.91 [190263/391/1]
190263/545/1.f:NCJBIN_05675 -            627 GH43_4.hmm           -            310   4.8e-87  296.8   6.3   1   1   8.7e-90   4.8e-87  296.8   6.3     1   310   159   517   159   517 0.91 [190263/545/1]
190263/369/1.f:JCDIFE_18095 -            631 GH43_4.hmm           -            310   1.7e-86  294.9   7.9   1   1   5.5e-89   3.1e-86  294.1   7.9     1   310   159   520   159   520 0.91 [190263/369/1]
190263/534/1.f:OHCFJE_07255 -            636 GH43_4.hmm           -            310   2.7e-85  291.0   7.5   1   1     5e-88   2.7e-85  291.0   7.5     1   310   166   526   166   526 0.91 [190263/534/1]
190263/405/1.f:EHKDKA_22105 -            631 GH43_4.hmm           -            310   1.4e-84  288.7   6.9   1   1   2.5e-87   1.4e-84  288.7   6.9     1   310   164   520   164   520 0.90 [190263/405/1]
190263/460/1.f:IHFGKI_10860 -            556 GH43_4.hmm           -            310   1.1e-83  285.7  12.4   1   1   2.6e-86   1.4e-83  285.4  12.4     1   310    82   445    82   445 0.88 [190263/460/1]
190263/399/1.f:CDLIDF_04460 -            633 GH43_4.hmm           -            310     7e-83  283.1   6.1   1   1   1.3e-85     7e-83  283.1   6.1     1   310   162   521   162   521 0.91 [190263/399/1]
190263/595/1.f:HGDLEC_10080 -            589 GH43_4.hmm           -            310   2.1e-75  258.6   5.1   1   1   5.3e-78   2.9e-75  258.1   5.1     2   310   118   479   117   479 0.87 [190263/595/1]
190263/401/1.f:DMFJNH_06495 -            637 GH43_4.hmm           -            310   1.3e-66  229.6  10.9   1   2   2.5e-19   1.4e-16   65.3   1.7     4   228    41   251    39   263 0.82 [190263/401/1]
190263/401/1.f:DMFJNH_06495 -            637 GH43_4.hmm           -            310   1.3e-66  229.6  10.9   2   2   8.4e-47   4.6e-44  155.6   1.2     4   310   348   620   345   620 0.86 [190263/401/1]
190263/504/1.f:DOAHDM_07165 -            637 GH43_4.hmm           -            310   1.3e-66  229.6  10.9   1   2   2.5e-19   1.4e-16   65.3   1.7     4   228    41   251    39   263 0.82 [190263/504/1]
190263/504/1.f:DOAHDM_07165 -            637 GH43_4.hmm           -            310   1.3e-66  229.6  10.9   2   2   8.4e-47   4.6e-44  155.6   1.2     4   310   348   620   345   620 0.86 [190263/504/1]
190263/522/1.f:NPJBCH_10320 -            621 GH43_4.hmm           -            310   4.9e-59  204.8  11.5   1   2   6.1e-40   3.4e-37  133.0   1.6     2   310    39   314    38   314 0.84 [190263/522/1]
190263/522/1.f:NPJBCH_10320 -            621 GH43_4.hmm           -            310   4.9e-59  204.8  11.5   2   2     4e-21   2.2e-18   71.2   0.4     4   229   337   547   334   556 0.84 [190263/522/1]
190263/399/1.f:CDLIDF_04455 -            335 GH43_4.hmm           -            310     8e-54  187.7   3.6   1   1   2.6e-56   1.4e-53  186.8   3.6     2   310    36   331    35   331 0.85 [190263/399/1]
190263/460/1.f:IHFGKI_10855 -            336 GH43_4.hmm           -            310   2.7e-53  186.0   2.4   1   1     7e-56   3.9e-53  185.4   2.4     2   310    31   333    30   333 0.85 [190263/460/1]
190263/585/1.f:DLBDDB_05325 -            353 GH43_4.hmm           -            310   2.9e-45  159.5   6.6   1   1     9e-48   4.9e-45  158.8   6.6     4   310    51   333    49   333 0.86 [190263/585/1]
190263/502/1.f:NONHGB_04285 -            308 GH43_4.hmm           -            310   2.1e-44  156.8   2.5   1   1   6.3e-47   3.5e-44  156.0   2.5     4   310    20   292    17   292 0.88 [190263/502/1]
190263/595/1.f:HGDLEC_10085 -            339 GH43_4.hmm           -            310   2.3e-44  156.6   0.5   1   1   6.2e-47   3.5e-44  156.0   0.5     2   298    32   320    31   335 0.78 [190263/595/1]
190263/417/1.f:MHBJAE_04920 -            325 GH43_4.hmm           -            310   1.2e-43  154.2   1.4   1   1   4.1e-46   2.3e-43  153.3   1.4     4   310    34   306    31   306 0.88 [190263/417/1]
190263/475/1.f:MCKEEP_04050 -            354 GH43_4.hmm           -            310   1.3e-43  154.1   6.0   1   1   4.1e-46   2.3e-43  153.3   6.0     4   310    52   334    50   334 0.85 [190263/475/1]
190263/573/1.f:LIDFCI_19560 -            354 GH43_4.hmm           -            310   1.3e-43  154.1   6.0   1   1   4.1e-46   2.3e-43  153.3   6.0     4   310    52   334    50   334 0.85 [190263/573/1]
190263/488/1.f:DNPFAC_05475 -            325 GH43_4.hmm           -            310   1.5e-43  153.9   1.3   1   1   5.2e-46   2.9e-43  153.0   1.3     4   310    34   306    31   306 0.86 [190263/488/1]
190263/405/1.f:EHKDKA_04765 -            325 GH43_4.hmm           -            310     2e-43  153.5   1.7   1   1     6e-46   3.3e-43  152.8   1.7     4   310    37   309    34   309 0.87 [190263/405/1]
190263/365/1.f:JJMMAK_09115 -            354 GH43_4.hmm           -            310     3e-43  152.9   1.3   1   1   8.2e-46   4.5e-43  152.3   1.3     4   310    54   337    51   337 0.86 [190263/365/1]
190263/502/1.f:NONHGB_04370 -            334 GH43_4.hmm           -            310   8.4e-43  151.5   1.6   1   1   2.4e-45   1.3e-42  150.8   1.6     4   310    46   318    43   318 0.88 [190263/502/1]
190263/388/1.f:FDDJJK_11480 -            333 GH43_4.hmm           -            310   1.4e-42  150.8   1.7   1   1     4e-45   2.2e-42  150.1   1.7     4   310    45   317    42   317 0.87 [190263/388/1]
190263/369/1.f:JCDIFE_04830 -            333 GH43_4.hmm           -            310   1.8e-42  150.3   0.6   1   1   5.6e-45   3.1e-42  149.6   0.6     4   310    45   317    42   317 0.88 [190263/369/1]
190263/391/1.f:NONBJF_11660 -            333 GH43_4.hmm           -            310   1.9e-42  150.3   1.7   1   1   5.3e-45   2.9e-42  149.7   1.7     4   310    45   317    42   317 0.88 [190263/391/1]
190263/534/1.f:OHCFJE_11930 -            333 GH43_4.hmm           -            310   1.9e-42  150.3   1.7   1   1   5.3e-45   2.9e-42  149.7   1.7     4   310    45   317    42   317 0.88 [190263/534/1]
190263/545/1.f:NCJBIN_12800 -            333 GH43_4.hmm           -            310   1.9e-42  150.3   1.7   1   1   5.3e-45   2.9e-42  149.7   1.7     4   310    45   317    42   317 0.88 [190263/545/1]
190263/461/1.f:DHPHOK_05315 -            335 GH43_4.hmm           -            310   3.7e-42  149.4   1.6   1   1   1.1e-44   6.2e-42  148.6   1.6     4   310    47   319    44   319 0.88 [190263/461/1]
190263/366/1.f:DBJPFP_01325 -            327 GH43_4.hmm           -            310   4.2e-42  149.2   0.0   1   1   1.5e-44   8.4e-42  148.2   0.0     4   310    37   310    34   310 0.87 [190263/366/1]
190263/502/1.f:NONHGB_04290 -            343 GH43_4.hmm           -            310   5.6e-42  148.8   3.3   1   1   1.9e-44     1e-41  147.9   3.3     4   310    45   326    42   326 0.82 [190263/502/1]
190263/401/1.f:DMFJNH_03530 -            325 GH43_4.hmm           -            310   7.9e-42  148.3   1.9   1   1   2.1e-44   1.2e-41  147.7   1.9     4   297    37   297    34   309 0.83 [190263/401/1]
190263/504/1.f:DOAHDM_03970 -            325 GH43_4.hmm           -            310   7.9e-42  148.3   1.9   1   1   2.1e-44   1.2e-41  147.7   1.9     4   297    37   297    34   309 0.83 [190263/504/1]
190263/556/1.f:EMIPPF_09145 -            341 GH43_4.hmm           -            310   8.1e-42  148.2   0.3   1   1   3.3e-44   1.8e-41  147.1   0.3     2   310    54   324    53   324 0.85 [190263/556/1]
190263/562/1.f:KJGNCK_06460 -            335 GH43_4.hmm           -            310   1.6e-41  147.2   2.5   1   1   5.1e-44   2.8e-41  146.4   2.5     4   310    42   316    39   316 0.86 [190263/562/1]
190263/405/1.f:EHKDKA_04770 -            343 GH43_4.hmm           -            310     5e-41  145.6   3.4   1   1   1.6e-43     9e-41  144.8   3.4     4   310    45   326    42   326 0.82 [190263/405/1]
190263/552/1.f:EMALNL_04005 -            335 GH43_4.hmm           -            310     6e-41  145.4   3.4   1   1   1.9e-43     1e-40  144.6   3.4     4   310    42   316    39   316 0.86 [190263/552/1]
190263/526/1.f:GBBCGM_01160 -            327 GH43_4.hmm           -            310   1.1e-40  144.5   1.7   1   1   3.3e-43   1.8e-40  143.8   1.7     4   310    38   311    35   311 0.84 [190263/526/1]
190263/437/1.f:LBKKEJ_07930 -            327 GH43_4.hmm           -            310     2e-39  140.4   0.3   1   1   5.9e-42   3.3e-39  139.7   0.3     4   310    35   307    32   307 0.87 [190263/437/1]
190263/365/1.f:JJMMAK_00705 -            985 GH43_4.hmm           -            310   2.5e-39  140.0   0.3   1   1   7.7e-42   4.2e-39  139.3   0.3     4   310   695   967   692   967 0.87 [190263/365/1]
190263/366/1.f:DBJPFP_11310 -            329 GH43_4.hmm           -            310   4.5e-39  139.2   0.1   1   1   1.3e-41   7.3e-39  138.5   0.1     4   310    43   313    40   313 0.88 [190263/366/1]
190263/522/1.f:NPJBCH_14230 -            340 GH43_4.hmm           -            310   1.8e-38  137.2   2.6   1   1     5e-41   2.8e-38  136.6   2.6     4   310    50   323    47   323 0.84 [190263/522/1]
190263/497/1.f:HENFFC_10575 -            995 GH43_4.hmm           -            310   9.6e-38  134.9   0.4   1   1   2.8e-40   1.6e-37  134.2   0.4     4   310   705   977   702   977 0.86 [190263/497/1]
190263/405/1.f:EHKDKA_05525 -            333 GH43_4.hmm           -            310   1.5e-36  130.9   0.6   1   1   5.4e-39     3e-36  129.9   0.6     4   310    41   311    38   311 0.87 [190263/405/1]
190263/552/1.f:EMALNL_03945 -            633 GH43_4.hmm           -            310   2.9e-36  130.0   0.7   1   1   9.4e-39   5.2e-36  129.2   0.7     2   310   328   615   327   615 0.86 [190263/552/1]
190263/475/1.f:MCKEEP_06920 -            361 GH43_4.hmm           -            310   9.7e-36  128.3   4.7   1   1   2.5e-38   1.4e-35  127.7   4.7     4   310    57   338    54   338 0.83 [190263/475/1]
190263/552/1.f:EMALNL_06310 -            361 GH43_4.hmm           -            310   9.7e-36  128.3   4.7   1   1   2.5e-38   1.4e-35  127.7   4.7     4   310    57   338    54   338 0.83 [190263/552/1]
190263/562/1.f:KJGNCK_03885 -            361 GH43_4.hmm           -            310   9.7e-36  128.3   4.7   1   1   2.5e-38   1.4e-35  127.7   4.7     4   310    57   338    54   338 0.83 [190263/562/1]
190263/562/1.f:KJGNCK_06510 -            633 GH43_4.hmm           -            310   3.6e-35  126.4   0.9   1   1   1.2e-37   6.4e-35  125.6   0.9     4   310   330   615   327   615 0.86 [190263/562/1]
190263/366/1.f:DBJPFP_04310 -            332 GH43_4.hmm           -            310   1.8e-34  124.1   0.0   1   1   5.2e-37   2.9e-34  123.4   0.0     4   310    42   315    39   315 0.85 [190263/366/1]
190263/396/1.f:KAAOMA_03820 -            193 GH43_4.hmm           -            310   1.1e-29  108.4   2.6   1   1   2.4e-32   1.3e-29  108.1   2.6    11   135    33   193    25   193 0.84 [190263/396/1]
190263/541/1.f:IDEEIE_02100 -           1952 GH43_4.hmm           -            310   8.9e-28  102.1  29.2   1   1   2.4e-23   1.3e-20   78.5   1.9     4   159  1553  1716  1550  1856 0.74 [190263/541/1]
190263/379/1.f:LOJHAC_13970 -            513 GH43_4.hmm           -            310   5.2e-26   96.3   7.5   1   1   4.4e-26   2.4e-23   87.6   6.5     2   238    34   250    33   254 0.84 [190263/379/1]
190263/556/1.f:EMIPPF_01660 -            510 GH43_4.hmm           -            310   2.7e-25   93.9   3.6   1   1   6.9e-26   3.8e-23   86.9   3.5     4   236    34   246    31   253 0.83 [190263/556/1]
190263/368/1.f:HPMDBE_12540 -            513 GH43_4.hmm           -            310   3.8e-25   93.5   9.6   1   1   2.5e-26   1.4e-23   88.4   6.5     2   242    34   254    33   302 0.82 [190263/368/1]
190263/460/1.f:IHFGKI_14520 -            296 GH43_4.hmm           -            310   6.3e-25   92.8   0.0   1   1   1.3e-25   7.4e-23   85.9   0.0     2   242    45   259    44   291 0.78 [190263/460/1]
190263/497/1.f:HENFFC_12345 -            513 GH43_4.hmm           -            310   9.4e-25   92.2  10.9   1   1   4.7e-25   2.6e-22   84.2   9.4     2   239    35   252    34   257 0.81 [190263/497/1]
190263/516/1.f:MGNFBC_11300 -            513 GH43_4.hmm           -            310   9.9e-25   92.1  10.3   1   1   6.5e-26   3.6e-23   87.0   7.1     2   242    34   254    33   302 0.82 [190263/516/1]
190263/365/1.f:JJMMAK_00270 -            513 GH43_4.hmm           -            310   2.4e-24   90.8  11.5   1   1   5.1e-25   2.8e-22   84.1   8.9     2   241    35   254    34   259 0.81 [190263/365/1]
190263/456/1.f:LKAJBD_03880 -            483 GH43_4.hmm           -            310   1.3e-23   88.4   0.0   1   1   2.6e-24   1.5e-21   81.7   0.0     2   259    31   261    30   299 0.74 [190263/456/1]
190263/497/1.f:HENFFC_05550 -            332 GH43_4.hmm           -            310   1.5e-23   88.2   8.2   1   1   3.6e-22     2e-19   74.7   4.4     4   228    44   253    42   258 0.83 [190263/497/1]
190263/573/1.f:LIDFCI_13560 -            512 GH43_4.hmm           -            310   2.3e-23   87.6  10.7   1   1   8.6e-23   4.8e-20   76.7   9.1     4   236    36   248    33   254 0.85 [190263/573/1]
190263/502/1.f:NONHGB_04390 -            315 GH43_4.hmm           -            310   2.6e-23   87.5   4.6   1   1   4.5e-25   2.5e-22   84.2   4.6     3   271    34   280    32   300 0.82 [190263/502/1]
190263/527/1.f:HGADJN_08265 -           2030 GH43_4.hmm           -            310   2.8e-23   87.4  22.4   1   1   1.2e-19   6.9e-17   66.4   4.0     4   161  1574  1735  1571  1844 0.75 [190263/527/1]
190263/369/1.f:JCDIFE_12795 -            333 GH43_4.hmm           -            310     3e-23   87.3   7.7   1   1   6.7e-24   3.7e-21   80.4   7.7     4   285    44   293    42   326 0.75 [190263/369/1]
190263/420/1.f:GMHOLO_06770 -            548 GH43_4.hmm           -            310   3.2e-23   87.1   0.0   1   1   7.2e-24     4e-21   80.3   0.0     4   310    13   313    12   313 0.83 [190263/420/1]
190263/527/1.f:HGADJN_07100 -            548 GH43_4.hmm           -            310   3.2e-23   87.1   0.0   1   1   7.2e-24     4e-21   80.3   0.0     4   310    13   313    12   313 0.83 [190263/527/1]
190263/399/1.f:CDLIDF_03200 -            640 GH43_4.hmm           -            310   4.1e-23   86.8  19.7   1   1   3.3e-16   1.8e-13   55.1   7.0     4   227   343   562   340   573 0.81 [190263/399/1]
190263/437/1.f:LBKKEJ_07955 -            352 GH43_4.hmm           -            310   4.7e-23   86.6   0.3   1   1   1.9e-20     1e-17   69.0   0.2     4   228    41   273    39   281 0.79 [190263/437/1]
190263/502/1.f:NONHGB_00270 -            643 GH43_4.hmm           -            310   5.3e-23   86.4  15.1   1   1   3.9e-18   2.2e-15   61.4   4.8     4   308   348   634   345   636 0.78 [190263/502/1]
190263/405/1.f:EHKDKA_00245 -            643 GH43_4.hmm           -            310   5.4e-23   86.4  15.1   1   1   3.9e-18   2.1e-15   61.4   4.8     4   308   348   634   345   636 0.77 [190263/405/1]
190263/502/1.f:NONHGB_05490 -            483 GH43_4.hmm           -            310   7.6e-23   85.9   0.0   1   1   4.8e-23   2.7e-20   77.6   0.0     2   254    31   256    30   299 0.74 [190263/502/1]
190263/405/1.f:EHKDKA_06305 -            483 GH43_4.hmm           -            310   8.7e-23   85.7   0.0   1   1   4.4e-23   2.4e-20   77.7   0.0     2   254    31   256    30   299 0.74 [190263/405/1]
190263/504/1.f:DOAHDM_10190 -            512 GH43_4.hmm           -            310   1.6e-22   84.8  11.5   1   1   4.5e-23   2.5e-20   77.7   9.2     2   236    34   248    33   255 0.84 [190263/504/1]
190263/488/1.f:DNPFAC_10005 -            330 GH43_4.hmm           -            310   1.8e-22   84.7  10.9   1   1   6.5e-20   3.6e-17   67.3   8.1     4   228    42   250    40   254 0.81 [190263/488/1]
190263/562/1.f:KJGNCK_10720 -            513 GH43_4.hmm           -            310   3.2e-22   83.9  11.9   1   1   1.7e-22   9.3e-20   75.8  10.7     4   236    36   248    33   254 0.84 [190263/562/1]
190263/401/1.f:DMFJNH_09845 -            512 GH43_4.hmm           -            310   4.1e-22   83.5  11.2   1   1   1.2e-22   6.4e-20   76.3   8.9     2   236    34   248    33   254 0.84 [190263/401/1]
190263/365/1.f:JJMMAK_06475 -            332 GH43_4.hmm           -            310   8.2e-22   82.5   9.5   1   1   1.9e-20   1.1e-17   69.0   5.8     4   229    44   254    42   263 0.81 [190263/365/1]
190263/417/1.f:MHBJAE_08890 -            333 GH43_4.hmm           -            310   1.1e-21   82.2   9.3   1   1     2e-20   1.1e-17   69.0   9.3     4   309    42   311    40   312 0.78 [190263/417/1]
190263/369/1.f:JCDIFE_10525 -            515 GH43_4.hmm           -            310   1.6e-21   81.6  12.1   1   1   1.7e-22   9.4e-20   75.8   9.9     2   239    34   251    33   303 0.82 [190263/369/1]
190263/421/1.f:PBKEAC_07670 -            312 GH43_4.hmm           -            310   1.7e-21   81.5   1.9   1   1   6.5e-22   3.6e-19   73.8   0.3     4   237    29   244    27   249 0.84 [190263/421/1]
190263/457/1.f:IIKDLL_11780 -            646 GH43_4.hmm           -            310   2.8e-21   80.8   0.7   1   1   6.3e-22   3.5e-19   73.9   0.7     4   242   145   358   143   411 0.83 [190263/457/1]
190263/522/1.f:NPJBCH_14225 -            324 GH43_4.hmm           -            310   3.1e-21   80.6   8.2   1   1   1.4e-22     8e-20   76.0   3.8     4   236    51   258    49   262 0.85 [190263/522/1]
190263/461/1.f:DHPHOK_00505 -            646 GH43_4.hmm           -            310   3.2e-21   80.6  13.3   1   1   6.7e-16   3.7e-13   54.1   7.3     4   228   351   571   348   639 0.79 [190263/461/1]
190263/475/1.f:MCKEEP_03215 -            330 GH43_4.hmm           -            310   7.5e-21   79.4   2.7   1   1   6.1e-20   3.4e-17   67.4   2.7     4   308    42   312    40   314 0.79 [190263/475/1]
190263/573/1.f:LIDFCI_20375 -            330 GH43_4.hmm           -            310   7.5e-21   79.4   2.7   1   1   6.1e-20   3.4e-17   67.4   2.7     4   308    42   312    40   314 0.79 [190263/573/1]
190263/368/1.f:HPMDBE_02595 -            373 GH43_4.hmm           -            310   9.1e-21   79.1   5.3   1   1     4e-20   2.2e-17   68.0   5.3     4   308    43   358    40   360 0.85 [190263/368/1]
190263/399/1.f:CDLIDF_13570 -            659 GH43_4.hmm           -            310     1e-20   79.0   5.3   1   1   1.2e-22   6.4e-20   76.3   5.3     4   308   318   634   316   636 0.86 [190263/399/1]
190263/520/1.f:GGDGDE_09245 -            630 GH43_4.hmm           -            310   1.5e-20   78.3   0.0   1   1   3.6e-21     2e-18   71.4   0.0     4   241   143   354   141   408 0.83 [190263/520/1]
190263/546/1.f:GEHMID_03135 -            526 GH43_4.hmm           -            310   2.2e-20   77.8   3.5   1   1   8.5e-22   4.7e-19   73.5   3.5     4   237    17   238    15   298 0.81 [190263/546/1]
190263/461/1.f:DHPHOK_05310 -            322 GH43_4.hmm           -            310   2.7e-20   77.6   3.8   1   1   1.2e-21   6.5e-19   73.0   2.2     3   238    34   252    32   256 0.83 [190263/461/1]
190263/365/1.f:JJMMAK_09110 -            331 GH43_4.hmm           -            310     3e-20   77.4   6.3   1   1   4.9e-21   2.7e-18   71.0   3.1     4   236    50   260    48   265 0.83 [190263/365/1]
190263/502/1.f:NONHGB_09350 -            326 GH43_4.hmm           -            310     3e-20   77.4   7.5   1   1     6e-19   3.3e-16   64.1   4.1     4   228    38   248    36   253 0.81 [190263/502/1]
190263/564/1.f:KIHMBJ_07125 -            369 GH43_4.hmm           -            310   3.3e-20   77.2   3.5   1   1   1.5e-17   8.4e-15   59.5   2.4     2   236    66   293    65   297 0.82 [190263/564/1]
190263/490/1.f:OIBLLI_02545 -            512 GH43_4.hmm           -            310   3.7e-20   77.1   0.0   1   1   3.7e-20     2e-17   68.1   0.0     4   237    16   228    14   243 0.78 [190263/490/1]
190263/401/1.f:DMFJNH_03515 -            327 GH43_4.hmm           -            310   4.1e-20   76.9   6.3   1   1   4.8e-21   2.7e-18   71.0   6.3     3   268    47   289    45   303 0.83 [190263/401/1]
190263/504/1.f:DOAHDM_03950 -            327 GH43_4.hmm           -            310   4.1e-20   76.9   6.3   1   1   4.8e-21   2.7e-18   71.0   6.3     3   268    47   289    45   303 0.83 [190263/504/1]
190263/369/1.f:JCDIFE_04825 -            316 GH43_4.hmm           -            310   4.3e-20   76.9   2.6   1   1   3.6e-21     2e-18   71.4   0.9     3   238    34   252    32   256 0.83 [190263/369/1]
190263/466/1.f:PGJOII_06060 -            340 GH43_4.hmm           -            310   4.3e-20   76.9   1.8   1   1   3.7e-19     2e-16   64.8   0.5     4   228    50   260    48   272 0.81 [190263/466/1]
190263/497/1.f:HENFFC_06515 -            370 GH43_4.hmm           -            310   7.5e-20   76.1   5.9   1   1   1.3e-19   7.2e-17   66.3   5.9     4   308    45   360    42   362 0.85 [190263/497/1]
190263/573/1.f:LIDFCI_16670 -            329 GH43_4.hmm           -            310   8.2e-20   76.0   3.2   1   1   1.5e-19   8.1e-17   66.1   1.8     4   228    41   251    39   262 0.82 [190263/573/1]
190263/475/1.f:MCKEEP_07780 -            329 GH43_4.hmm           -            310   8.6e-20   75.9   4.5   1   1   1.5e-19   8.5e-17   66.0   2.8     4   228    41   251    39   262 0.82 [190263/475/1]
190263/502/1.f:NONHGB_00190 -            517 GH43_4.hmm           -            310   9.1e-20   75.8   1.9   1   1   1.9e-19     1e-16   65.8   1.9     4   310    50   312    48   312 0.84 [190263/502/1]
190263/461/1.f:DHPHOK_01440 -            334 GH43_4.hmm           -            310   9.4e-20   75.8   1.5   1   1   1.2e-18   6.7e-16   63.1   0.4     4   228    44   254    41   258 0.81 [190263/461/1]
190263/552/1.f:EMALNL_07155 -            329 GH43_4.hmm           -            310   1.1e-19   75.5   3.5   1   1   2.4e-19   1.3e-16   65.4   2.1     4   228    41   251    39   260 0.82 [190263/552/1]
190263/365/1.f:JJMMAK_05415 -            370 GH43_4.hmm           -            310     2e-19   74.7   4.3   1   1   3.8e-19   2.1e-16   64.7   4.3     4   308    45   360    42   362 0.85 [190263/365/1]
190263/405/1.f:EHKDKA_18135 -            520 GH43_4.hmm           -            310     2e-19   74.7   0.3   1   1   8.8e-20   4.9e-17   66.8   0.3     4   290    35   275    32   299 0.76 [190263/405/1]
190263/369/1.f:JCDIFE_01260 -            334 GH43_4.hmm           -            310   2.2e-19   74.5   1.2   1   1     4e-18   2.2e-15   61.4   0.3     4   228    44   254    42   258 0.81 [190263/369/1]
190263/379/1.f:LOJHAC_08255 -            334 GH43_4.hmm           -            310   2.3e-19   74.5   8.7   1   1   1.6e-19   8.9e-17   66.0   8.7     4   308    46   316    44   318 0.81 [190263/379/1]
190263/516/1.f:MGNFBC_06985 -            334 GH43_4.hmm           -            310   2.3e-19   74.5   8.7   1   1   1.6e-19   8.9e-17   66.0   8.7     4   308    46   316    44   318 0.81 [190263/516/1]
190263/368/1.f:HPMDBE_07740 -            334 GH43_4.hmm           -            310   2.3e-19   74.5   8.7   1   1   7.2e-19     4e-16   63.9   4.4     4   228    46   256    44   265 0.81 [190263/368/1]
190263/455/1.f:GDGJDA_02905 -            549 GH43_4.hmm           -            310   2.4e-19   74.4   1.4   1   1   4.6e-20   2.6e-17   67.8   0.3     4   310    13   313    12   313 0.82 [190263/455/1]
190263/461/1.f:DHPHOK_06210 -            523 GH43_4.hmm           -            310   2.5e-19   74.4   0.0   1   1   1.8e-19     1e-16   65.8   0.0     4   286    36   272    33   300 0.76 [190263/461/1]
190263/497/1.f:HENFFC_08175 -            313 GH43_4.hmm           -            310   2.5e-19   74.4   5.5   1   1   9.4e-21   5.2e-18   70.0   5.5     3   283    36   290    34   298 0.85 [190263/497/1]
190263/401/1.f:DMFJNH_07485 -            333 GH43_4.hmm           -            310   2.9e-19   74.1   7.2   1   1   1.7e-19   9.6e-17   65.9   7.2     4   308    39   324    35   326 0.79 [190263/401/1]
190263/504/1.f:DOAHDM_07990 -            333 GH43_4.hmm           -            310   2.9e-19   74.1   7.2   1   1   1.7e-19   9.6e-17   65.9   7.2     4   308    39   324    35   326 0.79 [190263/504/1]
190263/405/1.f:EHKDKA_12800 -            530 GH43_4.hmm           -            310   4.1e-19   73.7   3.7   1   1   4.5e-19   2.5e-16   64.5   0.6     4   310    15   294    14   294 0.79 [190263/405/1]
190263/552/1.f:EMALNL_09490 -           1085 GH43_4.hmm           -            310   4.3e-19   73.6   4.0   1   1   4.8e-18   2.6e-15   61.2   2.3     4   228   794  1004   792  1014 0.82 [190263/552/1]
190263/562/1.f:KJGNCK_03005 -            329 GH43_4.hmm           -            310   4.7e-19   73.5   3.0   1   1   2.4e-19   1.3e-16   65.4   2.0     4   228    41   251    39   261 0.81 [190263/562/1]
190263/382/1.f:JACGKO_03555 -            556 GH43_4.hmm           -            310   4.9e-19   73.4   0.1   1   1   1.4e-19   7.7e-17   66.2   0.1     4   310    15   314    13   314 0.80 [190263/382/1]
190263/365/1.f:JJMMAK_03125 -            313 GH43_4.hmm           -            310   5.8e-19   73.2   7.0   1   1   3.3e-20   1.8e-17   68.2   7.1     3   283    36   290    34   293 0.83 [190263/365/1]
190263/437/1.f:LBKKEJ_18205 -            520 GH43_4.hmm           -            310   6.8e-19   72.9   0.0   1   1   2.2e-19   1.2e-16   65.6   0.0     4   237    34   237    31   298 0.83 [190263/437/1]
190263/580/1.f:JCPJNN_18320 -            465 GH43_4.hmm           -            310   9.4e-19   72.5   2.7   1   1   4.6e-20   2.6e-17   67.8   2.7     4   270    30   287    27   308 0.77 [190263/580/1]
190263/461/1.f:DHPHOK_05305 -            315 GH43_4.hmm           -            310   1.5e-18   71.8   8.8   1   1   1.2e-19   6.8e-17   66.4   4.8     4   237    38   247    36   252 0.83 [190263/461/1]
190263/401/1.f:DMFJNH_03485 -            330 GH43_4.hmm           -            310   1.6e-18   71.7   7.5   1   1   4.2e-20   2.3e-17   67.9   7.5     3   274    49   298    47   308 0.85 [190263/401/1]
190263/504/1.f:DOAHDM_03935 -            330 GH43_4.hmm           -            310   1.6e-18   71.7   7.5   1   1   4.2e-20   2.3e-17   67.9   7.5     3   274    49   298    47   308 0.85 [190263/504/1]
190263/556/1.f:EMIPPF_06030 -            332 GH43_4.hmm           -            310   1.9e-18   71.4   3.0   1   1   2.1e-17   1.1e-14   59.0   1.6     4   228    39   248    37   253 0.84 [190263/556/1]
190263/585/1.f:DLBDDB_04640 -            329 GH43_4.hmm           -            310   2.1e-18   71.3   9.5   1   1   5.2e-18   2.9e-15   61.0   4.8     4   234    40   256    38   262 0.86 [190263/585/1]
190263/366/1.f:DBJPFP_03100 -            318 GH43_4.hmm           -            310   2.4e-18   71.1   4.5   1   1     1e-18   5.8e-16   63.3   1.0     4   237    35   250    33   255 0.82 [190263/366/1]
190263/562/1.f:KJGNCK_06150 -            521 GH43_4.hmm           -            310   2.7e-18   71.0   0.1   1   1   3.4e-18   1.9e-15   61.7   0.1     4   242    34   242    31   298 0.82 [190263/562/1]
190263/552/1.f:EMALNL_04300 -            526 GH43_4.hmm           -            310   2.8e-18   70.9   0.1   1   1   3.4e-18   1.9e-15   61.6   0.1     4   242    34   242    31   298 0.82 [190263/552/1]
190263/405/1.f:EHKDKA_01815 -            800 GH43_4.hmm           -            310   3.9e-18   70.4  13.3   1   1   2.1e-17   1.2e-14   59.0  13.3     4   308    40   303    38   305 0.78 [190263/405/1]
190263/502/1.f:NONHGB_01690 -            800 GH43_4.hmm           -            310   7.5e-18   69.5  12.0   1   1   2.6e-18   1.4e-15   62.0   7.0     4   228    40   243    38   247 0.82 [190263/502/1]
190263/391/1.f:NONBJF_09835 -            499 GH43_4.hmm           -            310   7.7e-18   69.5   4.6   1   1     1e-16   5.6e-14   56.8   4.6     4   310    43   303    41   303 0.84 [190263/391/1]
190263/534/1.f:OHCFJE_02975 -            499 GH43_4.hmm           -            310   7.8e-18   69.5   4.6   1   1     1e-16   5.6e-14   56.8   4.6     4   310    43   303    41   303 0.84 [190263/534/1]
190263/545/1.f:NCJBIN_10675 -            499 GH43_4.hmm           -            310   7.8e-18   69.5   4.6   1   1     1e-16   5.6e-14   56.8   4.6     4   310    43   303    41   303 0.84 [190263/545/1]
190263/520/1.f:GGDGDE_20565 -            540 GH43_4.hmm           -            310     1e-17   69.0   3.9   1   1   1.8e-18   9.9e-16   62.5   0.8     4   224    15   223    13   305 0.80 [190263/520/1]
190263/369/1.f:JCDIFE_02295 -            366 GH43_4.hmm           -            310   1.2e-17   68.9   6.7   1   1   1.4e-17   7.6e-15   59.6   6.7     4   305    37   347    34   352 0.72 [190263/369/1]
190263/461/1.f:DHPHOK_02850 -            367 GH43_4.hmm           -            310   1.8e-17   68.3   4.9   1   1   2.9e-17   1.6e-14   58.6   4.9     4   308    38   351    35   353 0.73 [190263/461/1]
190263/405/1.f:EHKDKA_04830 -            320 GH43_4.hmm           -            310   1.9e-17   68.1   7.2   1   1     6e-18   3.3e-15   60.8   3.3     4   237    43   252    41   258 0.83 [190263/405/1]
190263/552/1.f:EMALNL_01575 -            510 GH43_4.hmm           -            310   2.3e-17   67.9   3.6   1   1   1.8e-16     1e-13   55.9   3.6     4   310    46   305    44   305 0.84 [190263/552/1]
190263/417/1.f:MHBJAE_04970 -            322 GH43_4.hmm           -            310   2.5e-17   67.8   6.6   1   1   1.8e-17   9.8e-15   59.3   6.6     4   242    45   259    43   302 0.82 [190263/417/1]
190263/546/1.f:GEHMID_02780 -            535 GH43_4.hmm           -            310   3.5e-17   67.3   5.6   1   1   9.1e-18   5.1e-15   60.2   2.7     4   309    14   303    11   304 0.73 [190263/546/1]
190263/546/1.f:GEHMID_10190 -            652 GH43_4.hmm           -            310   4.8e-17   66.9   1.0   1   1     8e-18   4.4e-15   60.4   1.0     4   310    38   339    35   339 0.80 [190263/546/1]
190263/545/1.f:NCJBIN_05140 -            514 GH43_4.hmm           -            310   5.2e-17   66.7   0.2   1   1   5.1e-16   2.8e-13   54.5   0.1     4   235    39   258    38   264 0.82 [190263/545/1]
190263/391/1.f:NONBJF_04475 -            514 GH43_4.hmm           -            310   5.2e-17   66.7   0.2   1   1   5.1e-16   2.8e-13   54.5   0.1     4   235    39   258    38   264 0.82 [190263/391/1]
190263/534/1.f:OHCFJE_07745 -            514 GH43_4.hmm           -            310   5.3e-17   66.7   0.2   1   1   5.1e-16   2.8e-13   54.5   0.1     4   235    39   258    38   264 0.82 [190263/534/1]
190263/488/1.f:DNPFAC_05530 -            322 GH43_4.hmm           -            310   5.9e-17   66.6   6.7   1   1   8.8e-18   4.8e-15   60.3   2.4     4   237    45   254    43   260 0.84 [190263/488/1]
190263/552/1.f:EMALNL_04325 -            332 GH43_4.hmm           -            310   6.4e-17   66.4   7.1   1   1   2.7e-17   1.5e-14   58.7   7.1     4   308    37   323    34   325 0.77 [190263/552/1]
190263/388/1.f:FDDJJK_11475 -            322 GH43_4.hmm           -            310   7.3e-17   66.3   7.7   1   1     1e-16   5.8e-14   56.7   4.4     4   235    45   252    43   257 0.84 [190263/388/1]
190263/391/1.f:NONBJF_11655 -            322 GH43_4.hmm           -            310   7.3e-17   66.3   7.7   1   1     1e-16   5.8e-14   56.7   4.4     4   235    45   252    43   257 0.84 [190263/391/1]
190263/534/1.f:OHCFJE_11925 -            322 GH43_4.hmm           -            310   7.3e-17   66.3   7.7   1   1     1e-16   5.8e-14   56.7   4.4     4   235    45   252    43   257 0.84 [190263/534/1]
190263/545/1.f:NCJBIN_12795 -            322 GH43_4.hmm           -            310   7.3e-17   66.3   7.7   1   1     1e-16   5.8e-14   56.7   4.4     4   235    45   252    43   257 0.84 [190263/545/1]
190263/595/1.f:HGDLEC_06255 -            812 GH43_4.hmm           -            310   7.6e-17   66.2   9.3   1   1   6.3e-16   3.5e-13   54.2   9.3     4   308    41   305    39   307 0.75 [190263/595/1]
190263/388/1.f:FDDJJK_05830 -            800 GH43_4.hmm           -            310   7.7e-17   66.2  14.2   1   1   4.2e-16   2.3e-13   54.8  14.2     4   308    40   303    38   305 0.76 [190263/388/1]
190263/534/1.f:OHCFJE_06600 -            800 GH43_4.hmm           -            310     8e-17   66.1  14.5   1   1     4e-17   2.2e-14   58.1   8.2     4   228    40   243    38   247 0.83 [190263/534/1]
190263/475/1.f:MCKEEP_10240 -            558 GH43_4.hmm           -            310   9.4e-17   65.9   0.0   1   1   7.4e-19   4.1e-16   63.8   0.0     4   228    49   254    47   277 0.82 [190263/475/1]
190263/420/1.f:GMHOLO_01490 -            543 GH43_4.hmm           -            310     1e-16   65.8   2.2   1   1   1.6e-16   8.8e-14   56.1   2.2     4   224    14   222    12   304 0.79 [190263/420/1]
190263/527/1.f:HGADJN_01610 -            543 GH43_4.hmm           -            310     1e-16   65.8   2.2   1   1   1.6e-16   8.8e-14   56.1   2.2     4   224    14   222    12   304 0.79 [190263/527/1]
190263/552/1.f:EMALNL_11310 -            558 GH43_4.hmm           -            310   1.3e-16   65.4   0.0   1   1     1e-18   5.7e-16   63.3   0.0     4   228    49   254    47   277 0.82 [190263/552/1]
190263/391/1.f:NONBJF_06480 -            802 GH43_4.hmm           -            310   1.5e-16   65.2  10.7   1   1   4.1e-17   2.3e-14   58.1   5.3     4   228    40   243    38   247 0.82 [190263/391/1]
190263/405/1.f:EHKDKA_05935 -            356 GH43_4.hmm           -            310   1.7e-16   65.1   2.6   1   1   8.7e-16   4.8e-13   53.7   1.5     4   203    41   231    39   234 0.70 [190263/405/1]
190263/545/1.f:NCJBIN_06345 -            802 GH43_4.hmm           -            310   1.8e-16   64.9  10.7   1   1   4.1e-17   2.3e-14   58.1   5.3     4   228    40   243    38   247 0.82 [190263/545/1]
190263/562/1.f:KJGNCK_11340 -            558 GH43_4.hmm           -            310   1.9e-16   64.9   0.0   1   1   2.2e-18   1.2e-15   62.3   0.0     4   228    49   254    47   288 0.82 [190263/562/1]
190263/585/1.f:DLBDDB_08645 -            558 GH43_4.hmm           -            310   1.9e-16   64.9   0.0   1   1   2.3e-18   1.3e-15   62.2   0.0     4   228    49   254    47   280 0.82 [190263/585/1]
190263/490/1.f:OIBLLI_09290 -            540 GH43_4.hmm           -            310     2e-16   64.8   0.0   1   1   2.8e-16   1.5e-13   55.4   0.0     4   310    14   282    13   282 0.83 [190263/490/1]
190263/404/1.f:BGJBIG_05315 -            334 GH43_4.hmm           -            310   2.1e-16   64.8   6.1   1   1     1e-16   5.7e-14   56.8   6.1     4   308    39   325    36   327 0.75 [190263/404/1]
190263/396/1.f:KAAOMA_17065 -           1003 GH43_4.hmm           -            310   2.2e-16   64.7   4.9   1   1   4.5e-16   2.5e-13   54.7   1.2     4   227    41   257    39   260 0.75 [190263/396/1]
190263/404/1.f:BGJBIG_07300 -            558 GH43_4.hmm           -            310     3e-16   64.3   0.0   1   1   4.8e-18   2.7e-15   61.1   0.0     4   228    49   254    47   263 0.81 [190263/404/1]
190263/420/1.f:GMHOLO_02150 -            543 GH43_4.hmm           -            310   3.3e-16   64.1   1.1   1   1     5e-16   2.8e-13   54.5   1.1     4   223    14   221    11   304 0.82 [190263/420/1]
190263/580/1.f:JCPJNN_02360 -            556 GH43_4.hmm           -            310   4.2e-16   63.8   5.4   1   1   2.2e-17   1.2e-14   59.0   2.1     4   310    14   314    11   314 0.75 [190263/580/1]
190263/405/1.f:EHKDKA_15365 -            549 GH43_4.hmm           -            310   4.5e-16   63.7   0.1   1   1   3.7e-18   2.1e-15   61.5   0.1     4   229    47   253    44   294 0.82 [190263/405/1]
190263/534/1.f:OHCFJE_00275 -            555 GH43_4.hmm           -            310   5.3e-16   63.4   2.1   1   1   5.7e-18   3.1e-15   60.9   0.3     4   228    48   252    45   269 0.83 [190263/534/1]
190263/527/1.f:HGADJN_02425 -            543 GH43_4.hmm           -            310   5.3e-16   63.4   1.3   1   1   8.2e-16   4.6e-13   53.8   1.3     4   223    14   221    11   304 0.81 [190263/527/1]
190263/573/1.f:LIDFCI_00915 -            558 GH43_4.hmm           -            310   5.9e-16   63.3   0.0   1   1   5.2e-18   2.9e-15   61.0   0.0     4   227    49   253    47   257 0.81 [190263/573/1]
190263/461/1.f:DHPHOK_17575 -            979 GH43_4.hmm           -            310   6.3e-16   63.2   3.1   1   1   4.8e-16   2.7e-13   54.6   3.1     4   310   515   777   513   777 0.81 [190263/461/1]
190263/552/1.f:EMALNL_10855 -            668 GH43_4.hmm           -            310   6.8e-16   63.1   3.6   1   1   4.7e-17   2.6e-14   57.9   1.5     4   228    57   257    55   266 0.83 [190263/552/1]
190263/562/1.f:KJGNCK_10930 -            668 GH43_4.hmm           -            310     7e-16   63.0   3.6   1   1   4.7e-17   2.6e-14   57.9   1.5     4   228    57   257    55   266 0.83 [190263/562/1]
190263/562/1.f:KJGNCK_14345 -            549 GH43_4.hmm           -            310   8.7e-16   62.7   0.5   1   1   7.7e-18   4.2e-15   60.5   0.5     4   229    47   253    44   295 0.81 [190263/562/1]
190263/456/1.f:LKAJBD_02480 -            512 GH43_4.hmm           -            310   1.1e-15   62.4   0.0   1   1   7.3e-17   4.1e-14   57.2   0.0     4   241    23   231    20   272 0.80 [190263/456/1]
190263/504/1.f:DOAHDM_14575 -            549 GH43_4.hmm           -            310   1.2e-15   62.2   0.5   1   1   1.8e-17   9.9e-15   59.3   0.3     4   230    47   254    45   296 0.80 [190263/504/1]
190263/401/1.f:DMFJNH_14545 -            549 GH43_4.hmm           -            310   1.2e-15   62.2   0.5   1   1   1.8e-17   9.9e-15   59.3   0.3     4   230    47   254    45   296 0.80 [190263/401/1]
190263/552/1.f:EMALNL_14145 -            549 GH43_4.hmm           -            310   1.3e-15   62.2   0.7   1   1   1.2e-17   6.4e-15   59.9   0.7     4   229    47   253    44   294 0.81 [190263/552/1]
190263/502/1.f:NONHGB_14095 -            549 GH43_4.hmm           -            310   2.5e-15   61.2   0.0   1   1   2.1e-17   1.2e-14   59.0   0.0     4   229    47   253    45   296 0.81 [190263/502/1]
190263/475/1.f:MCKEEP_14510 -            549 GH43_4.hmm           -            310   2.8e-15   61.1   0.9   1   1   2.5e-17   1.4e-14   58.8   0.9     4   229    47   253    44   294 0.79 [190263/475/1]
190263/405/1.f:EHKDKA_11580 -            560 GH43_4.hmm           -            310   3.8e-15   60.6   0.0   1   1   4.3e-17   2.4e-14   58.0   0.0     4   228    50   255    48   272 0.82 [190263/405/1]
190263/460/1.f:IHFGKI_01825 -            596 GH43_4.hmm           -            310   5.4e-15   60.1   1.4   1   1   4.8e-17   2.6e-14   57.9   1.4     4   241    56   282    54   314 0.76 [190263/460/1]
190263/585/1.f:DLBDDB_16965 -            548 GH43_4.hmm           -            310   5.7e-15   60.1   0.8   1   1   4.8e-17   2.7e-14   57.8   0.8     4   230    47   254    44   296 0.79 [190263/585/1]
190263/466/1.f:PGJOII_00185 -            558 GH43_4.hmm           -            310     6e-15   60.0   0.0   1   1   6.3e-17   3.5e-14   57.5   0.0     4   228    50   255    48   282 0.80 [190263/466/1]
190263/456/1.f:LKAJBD_06230 -            558 GH43_4.hmm           -            310   6.9e-15   59.8   0.0   1   1   7.3e-17   4.1e-14   57.2   0.0     4   228    50   255    48   283 0.81 [190263/456/1]
190263/573/1.f:LIDFCI_04235 -            549 GH43_4.hmm           -            310   7.3e-15   59.7   0.5   1   1   6.2e-17   3.4e-14   57.5   0.5     4   230    47   254    44   296 0.79 [190263/573/1]
190263/401/1.f:DMFJNH_04555 -            329 GH43_4.hmm           -            310   7.3e-15   59.7   3.2   1   1   2.6e-16   1.4e-13   55.5   0.5     4   237    39   260    36   267 0.84 [190263/401/1]
190263/504/1.f:DOAHDM_05050 -            329 GH43_4.hmm           -            310   7.3e-15   59.7   3.2   1   1   2.6e-16   1.4e-13   55.5   0.5     4   237    39   260    36   267 0.84 [190263/504/1]
190263/520/1.f:GGDGDE_09240 -            526 GH43_4.hmm           -            310   7.5e-15   59.7   3.2   1   1   2.9e-16   1.6e-13   55.3   2.9     4   231    25   231    23   245 0.80 [190263/520/1]
190263/401/1.f:DMFJNH_10295 -            558 GH43_4.hmm           -            310   1.3e-14   58.9   0.0   1   1   1.4e-16   7.6e-14   56.4   0.0     4   228    49   254    47   264 0.82 [190263/401/1]
190263/562/1.f:KJGNCK_02445 -            464 GH43_4.hmm           -            310   1.9e-14   58.3   7.2   1   1   6.9e-16   3.8e-13   54.0   7.2     4   242    35   273    33   299 0.80 [190263/562/1]
190263/502/1.f:NONHGB_10035 -            559 GH43_4.hmm           -            310   2.3e-14   58.1   0.0   1   1   2.6e-16   1.4e-13   55.5   0.0     4   228    50   255    48   266 0.82 [190263/502/1]
190263/504/1.f:DOAHDM_10665 -            558 GH43_4.hmm           -            310     3e-14   57.7   0.0   1   1   3.3e-16   1.8e-13   55.1   0.0     4   228    49   254    47   264 0.82 [190263/504/1]
190263/412/1.f:OOIBGL_08970 -            536 GH43_4.hmm           -            310   7.1e-14   56.4  13.6   1   1   1.6e-16   8.9e-14   56.1  11.2     4   209    83   305    82   311 0.75 [190263/412/1]
190263/369/1.f:JCDIFE_08905 -            570 GH43_4.hmm           -            310   8.3e-14   56.2   0.0   1   1   8.8e-16   4.9e-13   53.7   0.0     4   228    61   266    58   285 0.79 [190263/369/1]
190263/388/1.f:FDDJJK_10255 -            554 GH43_4.hmm           -            310   1.1e-13   55.9   0.0   1   1   8.2e-16   4.5e-13   53.8   0.0     4   228    47   251    45   268 0.81 [190263/388/1]
190263/391/1.f:NONBJF_10790 -            554 GH43_4.hmm           -            310   1.4e-13   55.5   0.0   1   1   9.2e-16   5.1e-13   53.6   0.0     4   228    47   251    45   285 0.83 [190263/391/1]
190263/534/1.f:OHCFJE_02065 -            554 GH43_4.hmm           -            310   1.4e-13   55.5   0.0   1   1   9.2e-16   5.1e-13   53.6   0.0     4   228    47   251    45   285 0.83 [190263/534/1]
190263/545/1.f:NCJBIN_11650 -            554 GH43_4.hmm           -            310   1.4e-13   55.5   0.0   1   1   9.2e-16   5.1e-13   53.6   0.0     4   228    47   251    45   285 0.83 [190263/545/1]
#
# Program:         hmmsearch
# Version:         3.3.2 (Nov 2020)
# Pipeline mode:   SEARCH
# Query file:      /kb/module/work/tmp/output.1725388484971/GH43_4/GH43_4.hmm
# Target file:     /kb/module/work/tmp/output.1725388484971/hCom2_RAST.fasta
# Option settings: /kb/module/hmmer/bin/hmmsearch --domtblout /kb/module/work/tmp/output.1725388484971/GH43_4/GH43_4-hCom2_RAST.hitout.txt --noali --notextw --domE 1e-15 /kb/module/work/tmp/output.1725388484971/GH43_4/GH43_4.hmm /kb/module/work/tmp/output.1725388484971/hCom2_RAST.fasta 
# Current dir:     /kb/module/work/tmp/output.1725388484971
# Date:            Tue Sep  3 18:51:42 2024
# [ok]
