#                                                                                   --- full sequence --- -------------- this domain -------------   hmm coord   ali coord   env coord
# target name               accession   tlen query name           accession   qlen   E-value  score  bias   #  of  c-Evalue  i-Evalue  score  bias  from    to  from    to  from    to  acc description of target
#       ------------------- ---------- ----- -------------------- ---------- ----- --------- ------ ----- --- --- --------- --------- ------ ----- ----- ----- ----- ----- ----- ----- ---- ---------------------
190263/443/1.f:LNLACP_00135 -            604 GH43_28.hmm          -            262  1.8e-116  392.7   1.7   1   1  4.2e-119  2.4e-116  392.2   1.7     1   262    30   333    30   333 0.99 [190263/443/1]
190263/390/1.f:OLPOLE_00780 -            604 GH43_28.hmm          -            262  1.1e-114  386.8   0.8   1   1  2.7e-117  1.5e-114  386.3   0.8     1   262    30   333    30   333 0.99 [190263/390/1]
190263/417/1.f:MHBJAE_02445 -            573 GH43_28.hmm          -            262  1.5e-112  379.8   5.7   1   1  3.8e-115  2.2e-112  379.2   5.7     1   262    51   313    51   313 0.99 [190263/417/1]
190263/488/1.f:DNPFAC_02720 -            573 GH43_28.hmm          -            262  3.5e-112  378.5   4.8   1   1  1.1e-114  6.1e-112  377.8   4.8     1   262    51   313    51   313 0.99 [190263/488/1]
190263/405/1.f:EHKDKA_07790 -            574 GH43_28.hmm          -            262    4e-110  371.8   5.7   1   1  6.9e-113    4e-110  371.8   5.7     1   262    51   314    51   314 0.99 [190263/405/1]
190263/502/1.f:NONHGB_07050 -            574 GH43_28.hmm          -            262  4.3e-110  371.7   5.8   1   1  1.2e-112  6.9e-110  371.0   5.8     1   262    51   314    51   314 0.99 [190263/502/1]
190263/379/1.f:LOJHAC_19900 -            764 GH43_28.hmm          -            262  1.1e-109  370.4   7.5   1   1  1.8e-112  1.1e-109  370.4   7.5     1   262   237   502   237   502 0.97 [190263/379/1]
190263/516/1.f:MGNFBC_15790 -            764 GH43_28.hmm          -            262  1.1e-109  370.4   7.5   1   1  1.8e-112  1.1e-109  370.4   7.5     1   262   237   502   237   502 0.97 [190263/516/1]
190263/461/1.f:DHPHOK_03510 -            578 GH43_28.hmm          -            262  3.8e-109  368.6   2.2   1   1  9.4e-112  5.4e-109  368.1   2.2     1   262    52   314    52   314 0.97 [190263/461/1]
190263/461/1.f:DHPHOK_02960 -            699 GH43_28.hmm          -            262  4.1e-109  368.5   5.1   1   1  1.5e-111  8.4e-109  367.5   5.1     1   262   172   437   172   437 0.97 [190263/461/1]
190263/368/1.f:HPMDBE_17820 -            764 GH43_28.hmm          -            262  5.1e-109  368.2   8.2   1   1  8.9e-112  5.1e-109  368.2   8.2     1   262   237   502   237   502 0.97 [190263/368/1]
190263/369/1.f:JCDIFE_02550 -            699 GH43_28.hmm          -            262  2.3e-108  366.0   6.0   1   1  8.6e-111  4.9e-108  365.0   5.1     1   262   172   437   172   437 0.97 [190263/369/1]
190263/546/1.f:GEHMID_04485 -            601 GH43_28.hmm          -            262  3.4e-107  362.2   2.3   1   1  9.1e-110  5.2e-107  361.6   2.3     1   262    33   331    33   331 0.99 [190263/546/1]
190263/405/1.f:EHKDKA_02290 -            574 GH43_28.hmm          -            262  4.1e-107  362.0   9.7   1   1  1.4e-109  8.1e-107  361.0   9.7     1   262    51   311    51   311 0.99 [190263/405/1]
190263/456/1.f:LKAJBD_15315 -            570 GH43_28.hmm          -            262  9.2e-107  360.8   9.1   1   1  1.6e-109  9.2e-107  360.8   9.1     1   262    47   307    47   307 0.99 [190263/456/1]
190263/368/1.f:HPMDBE_17840 -            597 GH43_28.hmm          -            262  1.2e-106  360.4   5.8   1   1  4.1e-109  2.4e-106  359.4   5.8     1   262    55   318    55   318 0.98 [190263/368/1]
190263/379/1.f:LOJHAC_19880 -            597 GH43_28.hmm          -            262  1.2e-106  360.4   5.8   1   1  4.1e-109  2.4e-106  359.4   5.8     1   262    55   318    55   318 0.98 [190263/379/1]
190263/516/1.f:MGNFBC_15810 -            597 GH43_28.hmm          -            262  1.2e-106  360.4   5.8   1   1  4.1e-109  2.4e-106  359.4   5.8     1   262    55   318    55   318 0.98 [190263/516/1]
190263/437/1.f:LBKKEJ_05985 -            577 GH43_28.hmm          -            262    6e-106  358.1   2.7   1   1    1e-108    6e-106  358.1   2.7     1   262    53   317    53   317 0.98 [190263/437/1]
190263/562/1.f:KJGNCK_05710 -            702 GH43_28.hmm          -            262  7.5e-106  357.8   3.6   1   1  1.3e-108  7.5e-106  357.8   3.6     1   262   175   440   175   440 0.97 [190263/562/1]
190263/475/1.f:MCKEEP_04660 -            702 GH43_28.hmm          -            262  9.2e-106  357.5   3.9   1   1  1.6e-108  9.2e-106  357.5   3.9     1   262   175   440   175   440 0.97 [190263/475/1]
190263/461/1.f:DHPHOK_03515 -            577 GH43_28.hmm          -            262  6.5e-104  351.5   6.2   1   1  1.1e-106  6.5e-104  351.5   6.2     1   262    53   316    53   316 0.98 [190263/461/1]
190263/585/1.f:DLBDDB_19500 -            572 GH43_28.hmm          -            262    1e-103  350.8   2.9   1   1  3.4e-106    2e-103  349.9   2.9     1   258    52   308    52   311 0.98 [190263/585/1]
190263/405/1.f:EHKDKA_02560 -            572 GH43_28.hmm          -            262  1.4e-103  350.3   6.2   1   1  6.4e-106  3.7e-103  349.0   6.2     1   259    54   311    54   314 0.98 [190263/405/1]
190263/502/1.f:NONHGB_02340 -            568 GH43_28.hmm          -            262  1.8e-103  350.0   5.9   1   1  5.9e-106  3.4e-103  349.1   5.9     1   259    53   310    53   312 0.98 [190263/502/1]
190263/562/1.f:KJGNCK_25270 -            565 GH43_28.hmm          -            262  6.8e-102  344.8   2.5   1   1    2e-104  1.1e-101  344.1   2.5     1   258    52   308    52   312 0.98 [190263/562/1]
190263/502/1.f:NONHGB_05095 -            577 GH43_28.hmm          -            262   3.3e-98  332.8   1.3   1   1  5.7e-101   3.3e-98  332.8   1.3     1   261    56   313    56   314 0.99 [190263/502/1]
190263/405/1.f:EHKDKA_05095 -            568 GH43_28.hmm          -            262   9.5e-91  308.3   3.6   1   1   1.6e-93   9.5e-91  308.3   3.6     1   259    46   302    46   304 0.98 [190263/405/1]
190263/502/1.f:NONHGB_06145 -            601 GH43_28.hmm          -            262   1.6e-87  297.7   2.4   1   1   5.4e-90   3.1e-87  296.8   2.4     1   262    53   337    53   337 0.95 [190263/502/1]
190263/456/1.f:LKAJBD_02805 -            600 GH43_28.hmm          -            262   1.1e-84  288.4   3.2   1   1   3.4e-87     2e-84  287.6   3.2     1   262    52   336    52   336 0.93 [190263/456/1]
190263/573/1.f:LIDFCI_23365 -            600 GH43_28.hmm          -            262   2.3e-83  284.1   2.3   1   1     7e-86   4.1e-83  283.3   2.3     1   262    52   336    52   336 0.93 [190263/573/1]
190263/522/1.f:NPJBCH_10320 -            621 GH43_28.hmm          -            262   3.9e-41  145.7  10.0   1   1   2.5e-32   1.4e-29  107.8   2.3     2   255   336   598   335   604 0.84 [190263/522/1]
190263/421/1.f:PBKEAC_07670 -            312 GH43_28.hmm          -            262   1.2e-35  127.7   0.4   1   1   3.1e-38   1.8e-35  127.1   0.4     2   236    28   268    27   290 0.85 [190263/421/1]
190263/585/1.f:DLBDDB_04640 -            329 GH43_28.hmm          -            262   1.2e-35  127.7   5.7   1   1   2.4e-38   1.4e-35  127.5   5.7     2   261    39   309    38   310 0.89 [190263/585/1]
190263/366/1.f:DBJPFP_03100 -            318 GH43_28.hmm          -            262   6.5e-33  118.7   3.3   1   1   2.1e-35   1.2e-32  117.8   3.3     2   242    34   280    33   298 0.83 [190263/366/1]
190263/522/1.f:NPJBCH_14225 -            324 GH43_28.hmm          -            262   3.5e-32  116.3   8.0   1   1     1e-34     6e-32  115.6   8.0     2   262    50   309    49   309 0.87 [190263/522/1]
190263/401/1.f:DMFJNH_04555 -            329 GH43_28.hmm          -            262   1.5e-30  110.9   3.4   1   1   3.2e-33   1.8e-30  110.7   3.4     2   260    38   309    37   311 0.87 [190263/401/1]
190263/504/1.f:DOAHDM_05050 -            329 GH43_28.hmm          -            262   1.5e-30  110.9   3.4   1   1   3.2e-33   1.8e-30  110.7   3.4     2   260    38   309    37   311 0.87 [190263/504/1]
190263/379/1.f:LOJHAC_06040 -            373 GH43_28.hmm          -            262   3.7e-30  109.7   8.4   1   1     5e-30   2.9e-27  100.2   8.4     5   260    46   356    42   358 0.75 [190263/379/1]
190263/516/1.f:MGNFBC_09170 -            377 GH43_28.hmm          -            262   4.1e-30  109.6   8.5   1   1   5.3e-30   3.1e-27  100.1   8.5     5   260    50   360    46   362 0.75 [190263/516/1]
190263/461/1.f:DHPHOK_05305 -            315 GH43_28.hmm          -            262   4.3e-30  109.5   6.8   1   1   1.1e-32   6.6e-30  108.9   6.8     2   241    37   276    36   297 0.80 [190263/461/1]
190263/368/1.f:HPMDBE_02595 -            373 GH43_28.hmm          -            262   5.2e-30  109.2   8.1   1   1   5.9e-24   3.4e-21   80.3   0.4   109   262   199   358   188   358 0.85 [190263/368/1]
190263/437/1.f:LBKKEJ_07940 -            329 GH43_28.hmm          -            262   7.1e-30  108.8   4.1   1   1   1.5e-32   8.4e-30  108.5   4.1     2   260    40   308    39   310 0.84 [190263/437/1]
190263/366/1.f:DBJPFP_03110 -            311 GH43_28.hmm          -            262   2.9e-29  106.8   3.0   1   1   8.8e-32   5.1e-29  106.0   3.0     2   234    35   268    34   295 0.81 [190263/366/1]
190263/497/1.f:HENFFC_06515 -            370 GH43_28.hmm          -            262   4.9e-29  106.0  10.0   1   1   9.4e-29   5.4e-26   96.0  10.0     3   262    45   360    43   360 0.78 [190263/497/1]
190263/417/1.f:MHBJAE_04970 -            322 GH43_28.hmm          -            262   6.1e-29  105.7   5.1   1   1   1.8e-31   1.1e-28  104.9   5.1     2   260    44   302    43   304 0.84 [190263/417/1]
190263/562/1.f:KJGNCK_05400 -            318 GH43_28.hmm          -            262     1e-28  105.0   4.7   1   1   2.1e-31   1.2e-28  104.7   4.7     2   260    26   297    25   299 0.88 [190263/562/1]
190263/502/1.f:NONHGB_04390 -            315 GH43_28.hmm          -            262   1.4e-28  104.5   4.0   1   1   3.2e-31   1.8e-28  104.1   4.0     2   238    34   276    33   295 0.81 [190263/502/1]
190263/365/1.f:JJMMAK_05415 -            370 GH43_28.hmm          -            262   1.4e-28  104.5   8.9   1   1   2.2e-28   1.3e-25   94.8   8.9     3   262    45   360    43   360 0.78 [190263/365/1]
190263/580/1.f:JCPJNN_28255 -            319 GH43_28.hmm          -            262   1.7e-28  104.2   3.6   1   1   5.7e-31   3.3e-28  103.3   3.6     2   261    29   294    28   295 0.85 [190263/580/1]
190263/580/1.f:JCPJNN_18320 -            465 GH43_28.hmm          -            262   2.1e-28  103.9   0.7   1   1   5.1e-31   2.9e-28  103.5   0.7     3   262    30   311    28   311 0.76 [190263/580/1]
190263/365/1.f:JJMMAK_09110 -            331 GH43_28.hmm          -            262   2.4e-28  103.8   7.4   1   1   6.8e-31   3.9e-28  103.1   7.4     2   236    49   285    48   309 0.81 [190263/365/1]
190263/405/1.f:EHKDKA_15525 -           1120 GH43_28.hmm          -            262   3.1e-28  103.4  28.0   1   1   9.7e-20   5.6e-17   66.5   8.1     3   261    33   285    32   286 0.86 [190263/405/1]
190263/497/1.f:HENFFC_08175 -            313 GH43_28.hmm          -            262   4.5e-28  102.9   6.3   1   1   1.7e-30   9.6e-28  101.8   6.3     2   243    36   279    35   296 0.80 [190263/497/1]
190263/475/1.f:MCKEEP_04910 -            329 GH43_28.hmm          -            262   1.2e-27  101.5   6.1   1   1   2.5e-30   1.4e-27  101.2   6.1     2   258    37   306    36   310 0.87 [190263/475/1]
190263/573/1.f:LIDFCI_18730 -            329 GH43_28.hmm          -            262   1.2e-27  101.4   5.8   1   1   2.6e-30   1.5e-27  101.2   5.8     2   258    37   306    36   310 0.87 [190263/573/1]
190263/552/1.f:EMALNL_04920 -            329 GH43_28.hmm          -            262   1.5e-27  101.2   6.0   1   1   3.1e-30   1.8e-27  100.9   6.0     2   258    37   306    36   310 0.87 [190263/552/1]
190263/369/1.f:JCDIFE_04825 -            316 GH43_28.hmm          -            262   1.9e-27  100.8   5.0   1   1   4.1e-30   2.3e-27  100.5   5.0     2   237    34   276    33   298 0.81 [190263/369/1]
190263/488/1.f:DNPFAC_05530 -            322 GH43_28.hmm          -            262   2.2e-27  100.6   5.5   1   1     7e-30     4e-27   99.7   5.5     2   259    44   301    43   304 0.84 [190263/488/1]
190263/365/1.f:JJMMAK_03125 -            313 GH43_28.hmm          -            262   2.8e-27  100.2   9.5   1   1   1.1e-29   6.3e-27   99.1   9.5     2   245    36   281    35   298 0.80 [190263/365/1]
190263/405/1.f:EHKDKA_04830 -            320 GH43_28.hmm          -            262   3.2e-27  100.1   3.6   1   1   7.7e-30   4.4e-27   99.6   3.6     2   257    42   297    41   302 0.82 [190263/405/1]
190263/461/1.f:DHPHOK_05310 -            322 GH43_28.hmm          -            262   1.9e-26   97.5   6.3   1   1   4.3e-29   2.4e-26   97.2   6.3     2   234    34   273    33   291 0.81 [190263/461/1]
190263/502/1.f:NONHGB_01690 -            800 GH43_28.hmm          -            262   1.9e-26   97.5   6.8   1   1   3.5e-16     2e-13   54.8   0.7     2   111    39   167    38   176 0.80 [190263/502/1]
190263/369/1.f:JCDIFE_02295 -            366 GH43_28.hmm          -            262   2.7e-26   97.0   9.9   1   1   1.1e-22   6.1e-20   76.2   0.1   113   261   197   349   190   350 0.86 [190263/369/1]
190263/461/1.f:DHPHOK_02850 -            367 GH43_28.hmm          -            262     1e-25   95.1   9.7   1   1   4.8e-25   2.8e-22   83.9   9.7     9   234    45   324    36   351 0.74 [190263/461/1]
190263/388/1.f:FDDJJK_11475 -            322 GH43_28.hmm          -            262   1.1e-25   95.1   6.4   1   1   3.2e-28   1.9e-25   94.3   6.4     2   236    44   278    43   302 0.82 [190263/388/1]
190263/391/1.f:NONBJF_11655 -            322 GH43_28.hmm          -            262   1.1e-25   95.1   6.4   1   1   3.2e-28   1.9e-25   94.3   6.4     2   236    44   278    43   302 0.82 [190263/391/1]
190263/534/1.f:OHCFJE_11925 -            322 GH43_28.hmm          -            262   1.1e-25   95.1   6.4   1   1   3.2e-28   1.9e-25   94.3   6.4     2   236    44   278    43   302 0.82 [190263/534/1]
190263/545/1.f:NCJBIN_12795 -            322 GH43_28.hmm          -            262   1.1e-25   95.1   6.4   1   1   3.2e-28   1.9e-25   94.3   6.4     2   236    44   278    43   302 0.82 [190263/545/1]
190263/405/1.f:EHKDKA_01815 -            800 GH43_28.hmm          -            262   2.5e-25   93.9  11.5   1   1   3.8e-16   2.2e-13   54.7   0.9     2   111    39   167    38   176 0.80 [190263/405/1]
190263/391/1.f:NONBJF_06480 -            802 GH43_28.hmm          -            262   2.9e-25   93.7   4.5   1   1   1.2e-25   6.9e-23   85.9   4.5     2   262    39   303    38   303 0.80 [190263/391/1]
190263/545/1.f:NCJBIN_06345 -            802 GH43_28.hmm          -            262   2.9e-25   93.7   4.5   1   1   1.2e-25   6.9e-23   85.9   4.5     2   262    39   303    38   303 0.80 [190263/545/1]
190263/401/1.f:DMFJNH_03515 -            327 GH43_28.hmm          -            262   3.1e-25   93.6   8.0   1   1   8.1e-28   4.7e-25   93.0   8.0     2   236    47   286    46   307 0.81 [190263/401/1]
190263/504/1.f:DOAHDM_03950 -            327 GH43_28.hmm          -            262   3.1e-25   93.6   8.0   1   1   8.1e-28   4.7e-25   93.0   8.0     2   236    47   286    46   307 0.81 [190263/504/1]
190263/388/1.f:FDDJJK_05830 -            800 GH43_28.hmm          -            262   4.6e-25   93.0   8.8   1   1   2.8e-25   1.6e-22   84.7   8.8     2   262    39   303    38   303 0.79 [190263/388/1]
190263/401/1.f:DMFJNH_03485 -            330 GH43_28.hmm          -            262     1e-24   91.8   7.5   1   1   2.8e-27   1.6e-24   91.2   7.5     2   236    49   289    48   307 0.81 [190263/401/1]
190263/504/1.f:DOAHDM_03935 -            330 GH43_28.hmm          -            262     1e-24   91.8   7.5   1   1   2.8e-27   1.6e-24   91.2   7.5     2   236    49   289    48   307 0.81 [190263/504/1]
190263/595/1.f:HGDLEC_06255 -            812 GH43_28.hmm          -            262   1.1e-24   91.7   3.1   1   1   6.8e-25   3.9e-22   83.4   3.1     2   262    40   305    39   305 0.78 [190263/595/1]
190263/390/1.f:OLPOLE_16250 -            304 GH43_28.hmm          -            262   1.3e-24   91.5   2.8   1   1     1e-26   5.9e-24   89.4   2.8     1   237    11   273    11   297 0.75 [190263/390/1]
190263/540/1.f:BCGFLB_08610 -            357 GH43_28.hmm          -            262   1.4e-24   91.4   1.0   1   1   3.9e-27   2.3e-24   90.7   1.0     2   262    47   331    46   331 0.78 [190263/540/1]
190263/534/1.f:OHCFJE_06600 -            800 GH43_28.hmm          -            262   1.5e-24   91.3   8.9   1   1   9.3e-25   5.4e-22   82.9   8.9     2   262    39   303    38   303 0.79 [190263/534/1]
190263/507/1.f:KPMKPI_02035 -            512 GH43_28.hmm          -            262   1.7e-24   91.1   2.9   1   1   1.8e-24     1e-21   82.0   0.7     3   237    14   252    12   269 0.80 [190263/507/1]
190263/573/1.f:LIDFCI_15995 -            577 GH43_28.hmm          -            262   2.8e-23   87.2   1.7   1   1   3.2e-25   1.8e-22   84.5   0.8     3   261    79   362    77   363 0.77 [190263/573/1]
190263/552/1.f:EMALNL_07540 -            577 GH43_28.hmm          -            262   5.2e-23   86.3   1.2   1   1   2.7e-25   1.6e-22   84.7   0.7     3   261    79   362    77   363 0.78 [190263/552/1]
190263/456/1.f:LKAJBD_08130 -            577 GH43_28.hmm          -            262   6.6e-23   85.9   1.7   1   1   3.4e-25     2e-22   84.4   0.9     3   256    79   357    77   363 0.78 [190263/456/1]
190263/399/1.f:CDLIDF_16950 -            570 GH43_28.hmm          -            262     1e-22   85.3   0.8   1   1   3.2e-25   1.9e-22   84.5   0.2     3   235    67   319    65   331 0.82 [190263/399/1]
190263/421/1.f:PBKEAC_07675 -            364 GH43_28.hmm          -            262   1.1e-22   85.1  11.9   1   1   1.1e-22   6.2e-20   76.2  12.0     3   232    31   314    29   343 0.75 [190263/421/1]
190263/460/1.f:IHFGKI_14400 -            556 GH43_28.hmm          -            262     1e-21   82.0   0.5   1   1   1.6e-23   9.1e-21   78.9   0.2     3   237    57   311    55   321 0.76 [190263/460/1]
190263/400/1.f:EIBLKL_09455 -            495 GH43_28.hmm          -            262   1.4e-21   81.6   1.6   1   1     5e-22   2.9e-19   74.0   1.6     3   262    14   281    13   281 0.80 [190263/400/1]
190263/461/1.f:DHPHOK_06210 -            523 GH43_28.hmm          -            262   2.3e-21   80.9   0.3   1   1   5.8e-22   3.3e-19   73.8   0.1     3   259    36   295    34   298 0.80 [190263/461/1]
190263/399/1.f:CDLIDF_13510 -            537 GH43_28.hmm          -            262   3.2e-21   80.4   2.7   1   1   2.6e-23   1.5e-20   78.2   2.7     3   239    36   285    34   308 0.82 [190263/399/1]
190263/564/1.f:KIHMBJ_07125 -            369 GH43_28.hmm          -            262   3.8e-21   80.2   2.9   1   1   8.3e-24   4.8e-21   79.8   2.9     2   261    67   349    66   350 0.75 [190263/564/1]
190263/388/1.f:FDDJJK_00210 -            632 GH43_28.hmm          -            262   3.8e-21   80.1   0.6   1   1     4e-23   2.3e-20   77.6   0.7     3   261   134   417   132   418 0.77 [190263/388/1]
190263/573/1.f:LIDFCI_15940 -            462 GH43_28.hmm          -            262   4.3e-21   80.0  10.2   1   1   3.2e-22   1.8e-19   74.6  10.1    16   220    61   274    35   313 0.73 [190263/573/1]
190263/366/1.f:DBJPFP_03145 -            351 GH43_28.hmm          -            262   6.8e-21   79.3  14.3   1   1   2.7e-21   1.6e-18   71.6  14.3     3   232    22   305    20   334 0.73 [190263/366/1]
190263/437/1.f:LBKKEJ_18100 -            570 GH43_28.hmm          -            262     7e-21   79.3   0.4   1   1   7.2e-23   4.1e-20   76.8   0.0     3   235    67   319    65   331 0.82 [190263/437/1]
190263/552/1.f:EMALNL_07595 -            462 GH43_28.hmm          -            262   7.4e-21   79.2  10.3   1   1   3.6e-22     2e-19   74.5  10.3    16   220    61   274    35   313 0.73 [190263/552/1]
190263/534/1.f:OHCFJE_00195 -            632 GH43_28.hmm          -            262   7.9e-21   79.1   0.4   1   1     8e-23   4.6e-20   76.6   0.6     3   261   134   417   132   418 0.77 [190263/534/1]
190263/391/1.f:NONBJF_00195 -            632 GH43_28.hmm          -            262   7.9e-21   79.1   0.5   1   1     8e-23   4.6e-20   76.6   0.6     3   261   134   417   132   418 0.77 [190263/391/1]
190263/545/1.f:NCJBIN_00195 -            632 GH43_28.hmm          -            262   7.9e-21   79.1   0.5   1   1     8e-23   4.6e-20   76.6   0.6     3   261   134   417   132   418 0.77 [190263/545/1]
190263/456/1.f:LKAJBD_02480 -            512 GH43_28.hmm          -            262   9.6e-21   78.8   1.2   1   1   4.5e-21   2.6e-18   70.9   1.2     2   236    22   257    21   284 0.84 [190263/456/1]
190263/369/1.f:JCDIFE_12790 -            817 GH43_28.hmm          -            262   2.4e-20   77.5  18.8   1   1   2.1e-22   1.2e-19   75.2   7.5     3   261    36   288    34   289 0.85 [190263/369/1]
190263/573/1.f:LIDFCI_16020 -            575 GH43_28.hmm          -            262     4e-20   76.8   1.9   1   1   7.6e-22   4.4e-19   73.4   1.9     3   235    74   328    72   340 0.75 [190263/573/1]
190263/552/1.f:EMALNL_07520 -            575 GH43_28.hmm          -            262   5.6e-20   76.3   1.4   1   1   1.1e-21   6.1e-19   72.9   1.4     3   235    74   328    72   340 0.74 [190263/552/1]
190263/552/1.f:EMALNL_09490 -           1085 GH43_28.hmm          -            262   5.9e-20   76.2  14.4   1   1   1.2e-19     7e-17   66.2  14.4     2   261   793  1063   792  1064 0.76 [190263/552/1]
190263/405/1.f:EHKDKA_02030 -            919 GH43_28.hmm          -            262     7e-20   76.0   1.1   1   1   4.8e-22   2.8e-19   74.0   1.1     3   236    77   332    75   345 0.78 [190263/405/1]
190263/546/1.f:GEHMID_15115 -            415 GH43_28.hmm          -            262   1.8e-19   74.6   1.3   1   1   5.3e-19     3e-16   64.1   1.3    18   262    40   274    18   274 0.76 [190263/546/1]
190263/502/1.f:NONHGB_01905 -            919 GH43_28.hmm          -            262   2.3e-19   74.3   0.9   1   1   1.3e-21   7.6e-19   72.6   0.9     3   236    77   332    75   343 0.77 [190263/502/1]
190263/399/1.f:CDLIDF_10095 -            833 GH43_28.hmm          -            262   2.9e-19   74.0   7.6   1   1     5e-22   2.9e-19   74.0   7.6     3   261    33   288    32   289 0.85 [190263/399/1]
190263/405/1.f:EHKDKA_12840 -            882 GH43_28.hmm          -            262     3e-19   73.9   1.4   1   1   2.7e-21   1.5e-18   71.6   0.5     3   236   394   649   392   677 0.77 [190263/405/1]
190263/391/1.f:NONBJF_02560 -            817 GH43_28.hmm          -            262     3e-19   73.9  15.1   1   1   5.2e-21     3e-18   70.7   7.9     3   262    32   285    31   285 0.84 [190263/391/1]
190263/545/1.f:NCJBIN_02935 -            817 GH43_28.hmm          -            262     3e-19   73.9  15.1   1   1   5.2e-21     3e-18   70.7   7.9     3   262    32   285    31   285 0.84 [190263/545/1]
190263/534/1.f:OHCFJE_09655 -            818 GH43_28.hmm          -            262     3e-19   73.9  15.1   1   1   5.2e-21     3e-18   70.7   7.9     3   262    33   286    32   286 0.84 [190263/534/1]
190263/401/1.f:DMFJNH_07380 -            811 GH43_28.hmm          -            262   3.2e-19   73.8  10.7   1   1   3.2e-20   1.8e-17   68.1   8.0     3   261    33   285    32   286 0.83 [190263/401/1]
190263/504/1.f:DOAHDM_07895 -            811 GH43_28.hmm          -            262   3.2e-19   73.8  10.7   1   1   3.2e-20   1.8e-17   68.1   8.0     3   261    33   285    32   286 0.83 [190263/504/1]
190263/399/1.f:CDLIDF_13450 -            857 GH43_28.hmm          -            262   3.5e-19   73.7  12.0   1   1   5.4e-21   3.1e-18   70.6   0.3     3   237    35   284    33   309 0.85 [190263/399/1]
190263/475/1.f:MCKEEP_08320 -            575 GH43_28.hmm          -            262   4.1e-19   73.5   4.9   1   1   1.1e-21   6.1e-19   72.9   1.7     3   235    74   328    72   340 0.75 [190263/475/1]
190263/475/1.f:MCKEEP_08390 -            461 GH43_28.hmm          -            262   6.4e-19   72.9  11.3   1   1     7e-20     4e-17   67.0  11.2    16   220    60   273    34   312 0.72 [190263/475/1]
190263/562/1.f:KJGNCK_06150 -            521 GH43_28.hmm          -            262   8.4e-19   72.5   0.4   1   1   4.3e-19   2.5e-16   64.4   0.4     3   261    34   295    32   296 0.82 [190263/562/1]
190263/388/1.f:FDDJJK_02675 -            818 GH43_28.hmm          -            262   8.7e-19   72.4  17.0   1   1   7.4e-21   4.3e-18   70.2   7.0     3   261    33   285    32   286 0.84 [190263/388/1]
190263/552/1.f:EMALNL_04300 -            526 GH43_28.hmm          -            262     9e-19   72.4   0.4   1   1   4.5e-19   2.6e-16   64.3   0.4     3   261    34   295    32   296 0.82 [190263/552/1]
190263/388/1.f:FDDJJK_00180 -            835 GH43_28.hmm          -            262   1.5e-18   71.7  11.6   1   1   2.1e-20   1.2e-17   68.7  11.2    16   221    64   278    38   315 0.75 [190263/388/1]
190263/520/1.f:GGDGDE_19885 -            513 GH43_28.hmm          -            262   1.7e-18   71.5   0.6   1   1   1.5e-20   8.9e-18   69.1   0.6     3   237    15   262    14   283 0.80 [190263/520/1]
190263/475/1.f:MCKEEP_08340 -            476 GH43_28.hmm          -            262   1.8e-18   71.4   0.2   1   1   4.5e-20   2.6e-17   67.6   0.1    67   261    63   261    42   262 0.80 [190263/475/1]
190263/443/1.f:LNLACP_05715 -            520 GH43_28.hmm          -            262   1.8e-18   71.4   1.2   1   1   4.4e-20   2.5e-17   67.6   1.2     3   236    15   262    14   270 0.77 [190263/443/1]
190263/502/1.f:NONHGB_11155 -            910 GH43_28.hmm          -            262   2.1e-18   71.2   0.5   1   1   3.3e-20   1.9e-17   68.0   0.3     3   236   420   675   418   703 0.78 [190263/502/1]
190263/365/1.f:JJMMAK_18385 -            323 GH43_28.hmm          -            262   2.2e-18   71.1   0.1   1   1   6.5e-21   3.7e-18   70.3   0.1   205   262     2    59     1    59 0.98 [190263/365/1]
190263/405/1.f:EHKDKA_18135 -            520 GH43_28.hmm          -            262   3.3e-18   70.5   0.5   1   1   3.3e-19   1.9e-16   64.7   0.1     3   239    35   271    33   297 0.81 [190263/405/1]
190263/595/1.f:HGDLEC_08325 -            561 GH43_28.hmm          -            262   3.3e-18   70.5   0.5   1   1     3e-20   1.7e-17   68.2   0.5     3   236    58   311    56   322 0.74 [190263/595/1]
190263/580/1.f:JCPJNN_10115 -            541 GH43_28.hmm          -            262   4.1e-18   70.2   0.4   1   1   5.3e-19   3.1e-16   64.1   0.4     3   237    16   258    15   283 0.83 [190263/580/1]
190263/520/1.f:GGDGDE_09840 -            508 GH43_28.hmm          -            262   8.1e-18   69.2   4.9   1   1   4.1e-18   2.4e-15   61.2   4.9     3   262    14   284    13   284 0.77 [190263/520/1]
190263/534/1.f:OHCFJE_03255 -            549 GH43_28.hmm          -            262   8.8e-18   69.1   2.3   1   1   9.6e-20   5.5e-17   66.5   2.3     3   236    54   299    52   306 0.84 [190263/534/1]
190263/545/1.f:NCJBIN_10445 -            549 GH43_28.hmm          -            262   8.8e-18   69.1   2.3   1   1   9.6e-20   5.5e-17   66.5   2.3     3   236    54   299    52   306 0.84 [190263/545/1]
190263/391/1.f:NONBJF_09625 -            549 GH43_28.hmm          -            262   8.8e-18   69.1   2.3   1   1   9.6e-20   5.5e-17   66.5   2.3     3   236    54   299    52   306 0.84 [190263/391/1]
190263/405/1.f:EHKDKA_05940 -            894 GH43_28.hmm          -            262   8.9e-18   69.1   2.9   1   1     3e-20   1.7e-17   68.1   2.9     1   234   474   715   474   748 0.75 [190263/405/1]
190263/457/1.f:IIKDLL_11780 -            646 GH43_28.hmm          -            262     2e-17   68.0   1.5   1   1   5.5e-18   3.2e-15   60.7   1.5     3   238   145   382   143   409 0.83 [190263/457/1]
190263/423/1.f:PDNKFB_07020 -            523 GH43_28.hmm          -            262   2.5e-17   67.7   0.2   1   1   1.6e-18   9.5e-16   62.5   0.2     3   238    15   264    13   287 0.76 [190263/423/1]
190263/488/1.f:DNPFAC_10005 -            330 GH43_28.hmm          -            262   3.5e-17   67.1  16.7   1   1     2e-16   1.1e-13   55.6  16.7     2   262    41   310    40   310 0.74 [190263/488/1]
190263/552/1.f:EMALNL_01505 -            461 GH43_28.hmm          -            262   3.7e-17   67.1   6.1   1   1   3.2e-19   1.9e-16   64.8   6.1     1   262    33   311    33   311 0.80 [190263/552/1]
190263/502/1.f:NONHGB_05240 -            453 GH43_28.hmm          -            262   8.4e-17   65.9   7.4   1   1   1.1e-18     6e-16   63.1   7.6     1   203    32   249    32   258 0.77 [190263/502/1]
190263/405/1.f:EHKDKA_05920 -            453 GH43_28.hmm          -            262   1.1e-16   65.5   8.3   1   1   6.8e-19   3.9e-16   63.7   8.0     1   204    32   250    32   304 0.74 [190263/405/1]
190263/546/1.f:GEHMID_03135 -            526 GH43_28.hmm          -            262   1.7e-16   64.9   0.0   1   1   9.1e-18   5.2e-15   60.0   0.0     3   261    17   295    15   296 0.78 [190263/546/1]
190263/405/1.f:EHKDKA_05910 -            541 GH43_28.hmm          -            262   2.1e-16   64.6   1.9   1   1   3.1e-17   1.8e-14   58.3   0.5     3   235    40   273    38   277 0.79 [190263/405/1]
190263/520/1.f:GGDGDE_05930 -            521 GH43_28.hmm          -            262   2.4e-16   64.4   0.0   1   1   3.5e-18     2e-15   61.4   0.0     3   237    15   263    13   272 0.77 [190263/520/1]
190263/552/1.f:EMALNL_01805 -            472 GH43_28.hmm          -            262   3.1e-16   64.0   7.1   1   1   2.4e-18   1.4e-15   61.9   7.1     1   222    35   271    35   312 0.81 [190263/552/1]
190263/540/1.f:BCGFLB_08615 -            439 GH43_28.hmm          -            262   4.5e-16   63.5   5.8   1   1   3.1e-16   1.8e-13   55.0   5.8     2   204    31   236    30   291 0.73 [190263/540/1]
190263/399/1.f:CDLIDF_16915 -            467 GH43_28.hmm          -            262   5.4e-16   63.3   8.0   1   1   2.6e-18   1.5e-15   61.8   7.8     1   204    46   263    46   317 0.82 [190263/399/1]
190263/388/1.f:FDDJJK_00175 -            527 GH43_28.hmm          -            262     6e-16   63.1   3.8   1   1   5.3e-17     3e-14   57.5   1.6     3   235    36   269    34   273 0.82 [190263/388/1]
190263/534/1.f:OHCFJE_02975 -            499 GH43_28.hmm          -            262   7.8e-16   62.7   0.4   1   1   4.7e-18   2.7e-15   61.0   0.4     2   236    42   275    41   300 0.82 [190263/534/1]
190263/545/1.f:NCJBIN_10675 -            499 GH43_28.hmm          -            262   7.8e-16   62.7   0.4   1   1   4.7e-18   2.7e-15   61.0   0.4     2   236    42   275    41   300 0.82 [190263/545/1]
190263/391/1.f:NONBJF_09835 -            499 GH43_28.hmm          -            262   7.8e-16   62.7   0.4   1   1   4.7e-18   2.7e-15   61.0   0.4     2   236    42   275    41   300 0.82 [190263/391/1]
190263/502/1.f:NONHGB_05230 -            533 GH43_28.hmm          -            262   1.2e-15   62.1   2.7   1   1   1.3e-16   7.6e-14   56.2   0.8     3   235    40   273    38   277 0.79 [190263/502/1]
190263/562/1.f:KJGNCK_02445 -            464 GH43_28.hmm          -            262   1.5e-15   61.8   6.5   1   1   7.7e-18   4.4e-15   60.3   5.8     3   204    35   262    33   316 0.76 [190263/562/1]
190263/391/1.f:NONBJF_00170 -            527 GH43_28.hmm          -            262   1.6e-15   61.7   3.4   1   1   1.5e-16   8.8e-14   56.0   1.4     3   235    36   269    34   273 0.82 [190263/391/1]
190263/534/1.f:OHCFJE_00170 -            527 GH43_28.hmm          -            262   1.6e-15   61.7   3.4   1   1   1.5e-16   8.8e-14   56.0   1.4     3   235    36   269    34   273 0.82 [190263/534/1]
190263/545/1.f:NCJBIN_00170 -            527 GH43_28.hmm          -            262   1.6e-15   61.7   3.4   1   1   1.5e-16   8.8e-14   56.0   1.4     3   235    36   269    34   273 0.82 [190263/545/1]
190263/461/1.f:DHPHOK_05300 -            880 GH43_28.hmm          -            262   2.2e-15   61.2   7.7   1   1   7.9e-18   4.6e-15   60.2   7.7     2   199    33   242    32   257 0.72 [190263/461/1]
190263/585/1.f:DLBDDB_05325 -            353 GH43_28.hmm          -            262   2.5e-15   61.1   7.9   1   1   1.8e-17     1e-14   59.1   7.9     3   261    51   330    49   331 0.73 [190263/585/1]
190263/520/1.f:GGDGDE_09245 -            630 GH43_28.hmm          -            262   2.6e-15   61.0   0.2   1   1   7.5e-16   4.3e-13   53.7   0.2     3   239   143   380   142   406 0.83 [190263/520/1]
190263/562/1.f:KJGNCK_02385 -            543 GH43_28.hmm          -            262   2.8e-15   60.9   3.6   1   1   1.9e-16   1.1e-13   55.7   1.8     3   235    54   284    52   288 0.82 [190263/562/1]
190263/399/1.f:CDLIDF_13570 -            659 GH43_28.hmm          -            262     3e-15   60.8   7.7   1   1   1.7e-17   9.8e-15   59.1   7.7    24   261   354   633   347   634 0.80 [190263/399/1]
190263/456/1.f:LKAJBD_15325 -            452 GH43_28.hmm          -            262   3.2e-15   60.7  10.4   1   1   3.9e-16   2.3e-13   54.7   9.8     1   203    30   248    30   256 0.77 [190263/456/1]
190263/534/1.f:OHCFJE_11920 -            877 GH43_28.hmm          -            262   3.9e-15   60.5   6.6   1   1   1.6e-17   9.3e-15   59.2   6.6     2   199    33   242    32   255 0.70 [190263/534/1]
190263/388/1.f:FDDJJK_11470 -            877 GH43_28.hmm          -            262   4.1e-15   60.4   6.5   1   1   1.7e-17   9.7e-15   59.2   6.5     2   199    33   242    32   255 0.70 [190263/388/1]
190263/545/1.f:NCJBIN_12790 -            877 GH43_28.hmm          -            262   4.1e-15   60.4   6.5   1   1   1.7e-17   9.7e-15   59.2   6.5     2   199    33   242    32   255 0.70 [190263/545/1]
190263/391/1.f:NONBJF_11650 -            877 GH43_28.hmm          -            262   4.1e-15   60.4   6.6   1   1   1.7e-17     1e-14   59.1   6.6     2   199    33   242    32   255 0.70 [190263/391/1]
190263/437/1.f:LBKKEJ_14810 -            501 GH43_28.hmm          -            262   5.5e-15   60.0   0.3   1   1   5.6e-17   3.2e-14   57.4   0.3     3   233    45   274    43   280 0.84 [190263/437/1]
190263/502/1.f:NONHGB_05225 -            461 GH43_28.hmm          -            262   6.4e-15   59.7   6.1   1   1   1.8e-17   1.1e-14   59.0   4.4     1   204    35   257    35   275 0.83 [190263/502/1]
190263/475/1.f:MCKEEP_04050 -            354 GH43_28.hmm          -            262     9e-15   59.3   8.3   1   1   9.1e-17   5.2e-14   56.8   8.3     3   262    52   332    50   332 0.73 [190263/475/1]
190263/573/1.f:LIDFCI_19560 -            354 GH43_28.hmm          -            262     9e-15   59.3   8.3   1   1   9.1e-17   5.2e-14   56.8   8.3     3   262    52   332    50   332 0.73 [190263/573/1]
190263/502/1.f:NONHGB_00190 -            517 GH43_28.hmm          -            262   1.3e-14   58.7   2.8   1   1   3.4e-17     2e-14   58.1   1.1     3   262    50   310    48   310 0.82 [190263/502/1]
190263/420/1.f:GMHOLO_01490 -            543 GH43_28.hmm          -            262   3.6e-14   57.3   2.7   1   1   2.2e-16   1.3e-13   55.5   2.7     2   238    13   266    12   277 0.77 [190263/420/1]
190263/527/1.f:HGADJN_01610 -            543 GH43_28.hmm          -            262   3.6e-14   57.3   2.7   1   1   2.2e-16   1.3e-13   55.5   2.7     2   238    13   266    12   277 0.77 [190263/527/1]
190263/527/1.f:HGADJN_02320 -            543 GH43_28.hmm          -            262   4.7e-14   56.9   2.0   1   1     3e-16   1.7e-13   55.1   2.0     2   239    13   266    12   276 0.76 [190263/527/1]
190263/460/1.f:IHFGKI_10855 -            336 GH43_28.hmm          -            262   1.3e-13   55.5   0.4   1   1   3.2e-16   1.9e-13   55.0   0.4     3   204    33   267    31   283 0.81 [190263/460/1]
190263/488/1.f:DNPFAC_07140 -            526 GH43_28.hmm          -            262   2.7e-13   54.4   0.9   1   1   9.9e-16   5.7e-13   53.4   0.9     3   236    45   285    44   290 0.79 [190263/488/1]
#
# Program:         hmmsearch
# Version:         3.3.2 (Nov 2020)
# Pipeline mode:   SEARCH
# Query file:      /kb/module/work/tmp/output.1725388484971/GH43_28/GH43_28.hmm
# Target file:     /kb/module/work/tmp/output.1725388484971/hCom2_RAST.fasta
# Option settings: /kb/module/hmmer/bin/hmmsearch --domtblout /kb/module/work/tmp/output.1725388484971/GH43_28/GH43_28-hCom2_RAST.hitout.txt --noali --notextw --domE 1e-15 /kb/module/work/tmp/output.1725388484971/GH43_28/GH43_28.hmm /kb/module/work/tmp/output.1725388484971/hCom2_RAST.fasta 
# Current dir:     /kb/module/work/tmp/output.1725388484971
# Date:            Tue Sep  3 18:52:52 2024
# [ok]
