#                                                                                   --- full sequence --- -------------- this domain -------------   hmm coord   ali coord   env coord
# target name               accession   tlen query name           accession   qlen   E-value  score  bias   #  of  c-Evalue  i-Evalue  score  bias  from    to  from    to  from    to  acc description of target
#       ------------------- ---------- ----- -------------------- ---------- ----- --------- ------ ----- --- --- --------- --------- ------ ----- ----- ----- ----- ----- ----- ----- ---- ---------------------
190263/409/1.f:AJJCMD_07020 -           2829 GH43_37.hmm          -            242   2.2e-68  235.0  22.5   1   2   9.8e-32   5.8e-29  105.9   5.6     1   241    84   370    84   371 0.85 [190263/409/1]
190263/409/1.f:AJJCMD_07020 -           2829 GH43_37.hmm          -            242   2.2e-68  235.0  22.5   2   2     2e-26   1.2e-23   88.5   4.0    15   239  1644  1894  1639  1897 0.82 [190263/409/1]
190263/461/1.f:DHPHOK_00425 -           1106 GH43_37.hmm          -            242     6e-48  168.1   7.7   1   1   1.4e-50   8.6e-48  167.6   7.7     1   241    58   294    58   295 0.91 [190263/461/1]
190263/369/1.f:JCDIFE_00110 -           1106 GH43_37.hmm          -            242   6.9e-48  167.9   7.3   1   1   1.7e-50   9.8e-48  167.4   7.3     1   241    58   294    58   295 0.91 [190263/369/1]
190263/502/1.f:NONHGB_00155 -           1106 GH43_37.hmm          -            242   1.1e-47  167.3   6.0   1   1   2.6e-50   1.6e-47  166.7   6.0     1   241    59   295    59   296 0.90 [190263/502/1]
190263/405/1.f:EHKDKA_00150 -           1106 GH43_37.hmm          -            242   2.9e-47  165.8   5.4   1   1   7.1e-50   4.2e-47  165.3   5.4     1   241    59   295    59   296 0.90 [190263/405/1]
190263/552/1.f:EMALNL_07850 -            346 GH43_37.hmm          -            242   3.8e-47  165.4   2.5   1   1   7.8e-50   4.6e-47  165.2   2.5     1   241    59   295    59   296 0.90 [190263/552/1]
190263/562/1.f:KJGNCK_02165 -            348 GH43_37.hmm          -            242   5.7e-47  164.9   2.9   1   1   1.2e-49   6.8e-47  164.6   2.9     1   241    61   297    61   298 0.90 [190263/562/1]
190263/404/1.f:BGJBIG_05365 -            340 GH43_37.hmm          -            242   1.7e-46  163.3   2.3   1   1   3.5e-49   2.1e-46  163.0   2.3     1   240    53   288    53   290 0.90 [190263/404/1]
190263/401/1.f:DMFJNH_26880 -            345 GH43_37.hmm          -            242   4.9e-46  161.8   1.8   1   1   1.1e-48   6.3e-46  161.4   1.8     3   242    58   294    56   294 0.92 [190263/401/1]
190263/504/1.f:DOAHDM_24865 -            345 GH43_37.hmm          -            242   4.9e-46  161.8   1.8   1   1   1.1e-48   6.3e-46  161.4   1.8     3   242    58   294    56   294 0.92 [190263/504/1]
190263/475/1.f:MCKEEP_08580 -            346 GH43_37.hmm          -            242   5.6e-46  161.6   2.3   1   1   1.1e-48   6.8e-46  161.3   2.3     1   240    59   294    59   296 0.90 [190263/475/1]
190263/585/1.f:DLBDDB_01460 -            348 GH43_37.hmm          -            242   7.5e-46  161.2   1.6   1   1   1.5e-48   9.1e-46  160.9   1.6     1   240    61   296    61   298 0.90 [190263/585/1]
190263/401/1.f:DMFJNH_07530 -            355 GH43_37.hmm          -            242   2.2e-45  159.6   1.3   1   1   4.7e-48   2.8e-45  159.3   1.3     1   240    53   288    53   290 0.90 [190263/401/1]
190263/504/1.f:DOAHDM_08035 -            355 GH43_37.hmm          -            242   2.2e-45  159.6   1.3   1   1   4.7e-48   2.8e-45  159.3   1.3     1   240    53   288    53   290 0.90 [190263/504/1]
190263/573/1.f:LIDFCI_15695 -            340 GH43_37.hmm          -            242   3.9e-44  155.6   0.9   1   1     8e-47   4.8e-44  155.3   0.9     1   240    53   288    53   290 0.90 [190263/573/1]
190263/506/1.f:IKGMED_03615 -            381 GH43_37.hmm          -            242     3e-42  149.4   0.1   1   2   5.2e-19   3.1e-16   64.2   0.2     1   114    58   164    58   188 0.85 [190263/506/1]
190263/506/1.f:IKGMED_03615 -            381 GH43_37.hmm          -            242     3e-42  149.4   0.1   2   2   6.9e-25   4.1e-22   83.5   0.0   119   242   210   333   168   333 0.86 [190263/506/1]
190263/405/1.f:EHKDKA_09680 -           1146 GH43_37.hmm          -            242   3.1e-42  149.4   3.4   1   1   9.7e-45   5.8e-42  148.5   2.9     1   241   856  1093   856  1094 0.93 [190263/405/1]
190263/506/1.f:IKGMED_03620 -            369 GH43_37.hmm          -            242   1.9e-40  143.5   0.1   1   1   2.2e-41   1.3e-38  137.5   0.1     1   242    57   321    57   321 0.89 [190263/506/1]
190263/595/1.f:HGDLEC_08265 -            378 GH43_37.hmm          -            242   6.3e-40  141.8   0.4   1   2   3.1e-16   1.8e-13   55.2   0.1     2   118    52   158    45   182 0.84 [190263/595/1]
190263/595/1.f:HGDLEC_08265 -            378 GH43_37.hmm          -            242   6.3e-40  141.8   0.4   2   2   2.4e-25   1.4e-22   85.0   0.0   123   241   207   325   192   326 0.92 [190263/595/1]
190263/405/1.f:EHKDKA_00265 -            375 GH43_37.hmm          -            242   2.2e-39  140.0   0.0   1   2   7.2e-18   4.3e-15   60.5   0.0     2   113    61   162    54   176 0.85 [190263/405/1]
190263/405/1.f:EHKDKA_00265 -            375 GH43_37.hmm          -            242   2.2e-39  140.0   0.0   2   2   5.1e-23   3.1e-20   77.3   0.0   124   240   215   331   196   333 0.90 [190263/405/1]
190263/404/1.f:BGJBIG_05355 -            635 GH43_37.hmm          -            242   1.5e-38  137.3   0.0   1   2   1.3e-17   7.6e-15   59.7   0.0     2   115   316   419   308   433 0.81 [190263/404/1]
190263/404/1.f:BGJBIG_05355 -            635 GH43_37.hmm          -            242   1.5e-38  137.3   0.0   2   2   2.2e-22   1.3e-19   75.3   0.0   123   240   469   586   453   588 0.90 [190263/404/1]
190263/399/1.f:CDLIDF_02235 -            383 GH43_37.hmm          -            242   3.8e-38  136.0   0.0   1   2     2e-18   1.2e-15   62.3   0.1     1   116    55   161    49   175 0.84 [190263/399/1]
190263/399/1.f:CDLIDF_02235 -            383 GH43_37.hmm          -            242   3.8e-38  136.0   0.0   2   2   3.2e-21   1.9e-18   71.5   0.0   123   241   212   331   199   332 0.91 [190263/399/1]
190263/369/1.f:JCDIFE_00115 -            380 GH43_37.hmm          -            242   1.4e-37  134.1   0.0   1   2   4.3e-18   2.6e-15   61.2   0.0     2   114    63   165    62   183 0.86 [190263/369/1]
190263/369/1.f:JCDIFE_00115 -            380 GH43_37.hmm          -            242   1.4e-37  134.1   0.0   2   2   4.7e-21   2.8e-18   70.9   0.0   123   240   216   333   199   335 0.90 [190263/369/1]
190263/401/1.f:DMFJNH_07525 -            631 GH43_37.hmm          -            242   1.5e-37  134.0   0.0   1   2     4e-17   2.4e-14   58.1   0.0     2   113   313   414   311   422 0.86 [190263/401/1]
190263/401/1.f:DMFJNH_07525 -            631 GH43_37.hmm          -            242   1.5e-37  134.0   0.0   2   2   7.7e-22   4.6e-19   73.5   0.0   124   239   467   582   452   585 0.90 [190263/401/1]
190263/504/1.f:DOAHDM_08030 -            631 GH43_37.hmm          -            242   1.5e-37  134.0   0.0   1   2     4e-17   2.4e-14   58.1   0.0     2   113   313   414   311   422 0.86 [190263/504/1]
190263/504/1.f:DOAHDM_08030 -            631 GH43_37.hmm          -            242   1.5e-37  134.0   0.0   2   2   7.7e-22   4.6e-19   73.5   0.0   124   239   467   582   452   585 0.90 [190263/504/1]
190263/573/1.f:LIDFCI_15705 -            646 GH43_37.hmm          -            242   2.4e-37  133.3   0.0   1   2   4.6e-17   2.7e-14   57.9   0.0     2   114   327   429   319   444 0.82 [190263/573/1]
190263/573/1.f:LIDFCI_15705 -            646 GH43_37.hmm          -            242   2.4e-37  133.3   0.0   2   2     1e-21     6e-19   73.1   0.0   122   238   479   595   469   599 0.90 [190263/573/1]
190263/391/1.f:NONBJF_02555 -            380 GH43_37.hmm          -            242   1.3e-36  131.0   0.8   1   1   1.3e-22   7.9e-20   76.0   0.0   123   241   212   330   194   331 0.91 [190263/391/1]
190263/534/1.f:OHCFJE_09660 -            380 GH43_37.hmm          -            242   1.3e-36  131.0   0.8   1   1   1.3e-22   7.9e-20   76.0   0.0   123   241   212   330   194   331 0.91 [190263/534/1]
190263/545/1.f:NCJBIN_02930 -            380 GH43_37.hmm          -            242   1.3e-36  131.0   0.8   1   1   1.3e-22   7.9e-20   76.0   0.0   123   241   212   330   194   331 0.91 [190263/545/1]
190263/461/1.f:DHPHOK_00440 -            383 GH43_37.hmm          -            242   1.3e-36  130.9   0.0   1   2   8.9e-18   5.3e-15   60.2   0.0     2   116    63   167    62   183 0.86 [190263/461/1]
190263/461/1.f:DHPHOK_00440 -            383 GH43_37.hmm          -            242   1.3e-36  130.9   0.0   2   2   2.8e-20   1.7e-17   68.4   0.0   123   241   216   334   199   335 0.91 [190263/461/1]
190263/388/1.f:FDDJJK_02670 -            380 GH43_37.hmm          -            242   1.6e-36  130.6   0.1   1   1   1.8e-22   1.1e-19   75.5   0.0   123   241   212   330   194   331 0.91 [190263/388/1]
190263/365/1.f:JJMMAK_15195 -            378 GH43_37.hmm          -            242   6.8e-36  128.6   0.1   1   2   6.5e-17   3.9e-14   57.4   0.0     1   113    57   161    57   173 0.90 [190263/365/1]
190263/365/1.f:JJMMAK_15195 -            378 GH43_37.hmm          -            242   6.8e-36  128.6   0.1   2   2   1.5e-20   8.7e-18   69.3   0.0   124   241   213   330   203   331 0.91 [190263/365/1]
190263/497/1.f:HENFFC_16315 -            378 GH43_37.hmm          -            242     7e-36  128.6   0.1   1   2   6.3e-17   3.8e-14   57.4   0.0     1   113    57   161    57   174 0.89 [190263/497/1]
190263/497/1.f:HENFFC_16315 -            378 GH43_37.hmm          -            242     7e-36  128.6   0.1   2   2   1.5e-20     9e-18   69.2   0.0   124   241   213   330   203   331 0.91 [190263/497/1]
190263/405/1.f:EHKDKA_00295 -            628 GH43_37.hmm          -            242   1.5e-35  127.4   0.0   1   1   1.5e-22     9e-20   75.8   0.0   122   241   201   320   185   321 0.92 [190263/405/1]
190263/369/1.f:JCDIFE_00165 -            709 GH43_37.hmm          -            242   3.2e-35  126.4   0.0   1   2   2.7e-16   1.6e-13   55.3   0.0     2   113   399   500   398   513 0.86 [190263/369/1]
190263/369/1.f:JCDIFE_00165 -            709 GH43_37.hmm          -            242   3.2e-35  126.4   0.0   2   2   2.7e-20   1.6e-17   68.4   0.0   122   241   551   670   536   671 0.91 [190263/369/1]
190263/379/1.f:LOJHAC_14920 -            371 GH43_37.hmm          -            242   8.4e-35  125.0   0.2   1   2   4.1e-16   2.5e-13   54.7   0.1     1   112    51   155    51   166 0.85 [190263/379/1]
190263/379/1.f:LOJHAC_14920 -            371 GH43_37.hmm          -            242   8.4e-35  125.0   0.2   2   2   3.2e-20   1.9e-17   68.2   0.0   122   241   206   325   185   326 0.91 [190263/379/1]
190263/488/1.f:DNPFAC_23490 -            375 GH43_37.hmm          -            242   1.3e-34  124.4   0.1   1   1   4.2e-21   2.5e-18   71.1   0.0   124   241   211   328   200   329 0.90 [190263/488/1]
190263/417/1.f:MHBJAE_21650 -            375 GH43_37.hmm          -            242   1.6e-34  124.1   0.0   1   1   5.3e-21   3.2e-18   70.7   0.0   123   242   210   329   198   329 0.91 [190263/417/1]
190263/368/1.f:HPMDBE_13470 -            371 GH43_37.hmm          -            242   2.4e-34  123.5   0.2   1   1   3.3e-20     2e-17   68.1   0.0   122   241   206   325   190   326 0.91 [190263/368/1]
190263/516/1.f:MGNFBC_12425 -            371 GH43_37.hmm          -            242   2.5e-34  123.5   0.2   1   1   3.3e-20     2e-17   68.1   0.0   122   241   206   325   191   326 0.91 [190263/516/1]
190263/583/1.f:BCCKNC_18100 -            374 GH43_37.hmm          -            242   2.6e-34  123.4   0.0   1   2   2.9e-16   1.7e-13   55.2   0.0     1   112    53   157    53   171 0.87 [190263/583/1]
190263/583/1.f:BCCKNC_18100 -            374 GH43_37.hmm          -            242   2.6e-34  123.4   0.0   2   2   1.3e-19   7.5e-17   66.2   0.0   123   241   208   326   192   327 0.87 [190263/583/1]
190263/502/1.f:NONHGB_00295 -            389 GH43_37.hmm          -            242   6.1e-34  122.2   0.0   1   1   7.6e-21   4.5e-18   70.2   0.0   123   241   228   346   212   347 0.91 [190263/502/1]
190263/562/1.f:KJGNCK_07530 -            359 GH43_37.hmm          -            242   8.1e-33  118.5   2.4   1   1   2.1e-35   1.2e-32  117.9   2.4     3   242    58   296    53   296 0.84 [190263/562/1]
190263/409/1.f:AJJCMD_06010 -           2298 GH43_37.hmm          -            242   3.9e-32  116.3   6.6   1   1   6.6e-35   3.9e-32  116.3   6.6     2   241   333   613   332   614 0.78 [190263/409/1]
190263/401/1.f:DMFJNH_06495 -            637 GH43_37.hmm          -            242   6.1e-32  115.6   0.4   1   1     2e-19   1.2e-16   65.6   0.0    30   222    65   256    46   274 0.73 [190263/401/1]
190263/504/1.f:DOAHDM_07165 -            637 GH43_37.hmm          -            242   6.1e-32  115.6   0.4   1   1     2e-19   1.2e-16   65.6   0.0    30   222    65   256    46   274 0.73 [190263/504/1]
190263/366/1.f:DBJPFP_08250 -            370 GH43_37.hmm          -            242   1.4e-31  114.5   0.0   1   1     7e-21   4.2e-18   70.4   0.0   122   241   204   323   175   324 0.91 [190263/366/1]
190263/541/1.f:IDEEIE_11705 -           1057 GH43_37.hmm          -            242   5.7e-31  112.5   2.1   1   1   9.5e-34   5.7e-31  112.5   2.1    23   241   163   432   152   433 0.84 [190263/541/1]
190263/375/1.f:CNGHJF_13260 -           2845 GH43_37.hmm          -            242   1.3e-30  111.3   2.9   1   1   5.9e-33   3.5e-30  109.9   2.9    21   241  1562  1832  1552  1833 0.85 [190263/375/1]
190263/580/1.f:JCPJNN_24385 -            307 GH43_37.hmm          -            242   2.3e-30  110.5   1.9   1   1     7e-33   4.1e-30  109.6   1.9    26   241    40   258    24   259 0.88 [190263/580/1]
190263/507/1.f:KPMKPI_02845 -            319 GH43_37.hmm          -            242   1.3e-29  108.0   0.3   1   1   3.8e-32   2.2e-29  107.2   0.3    26   239    36   257    24   259 0.87 [190263/507/1]
190263/399/1.f:CDLIDF_02555 -            456 GH43_37.hmm          -            242   1.7e-29  107.7   0.2   1   1   1.4e-31   8.6e-29  105.3   0.0    22   240    59   263    48   265 0.88 [190263/399/1]
190263/405/1.f:EHKDKA_00170 -            464 GH43_37.hmm          -            242   3.9e-29  106.5   0.3   1   1   6.8e-30     4e-27   99.9   0.1    22   240    70   274    58   276 0.85 [190263/405/1]
190263/534/1.f:OHCFJE_01210 -            439 GH43_37.hmm          -            242   4.1e-29  106.4   0.3   1   1   1.4e-30   8.5e-28  102.1   0.1    22   240    59   263    48   265 0.87 [190263/534/1]
190263/545/1.f:NCJBIN_10450 -            439 GH43_37.hmm          -            242   4.4e-29  106.3   0.4   1   1   1.9e-29   1.1e-26   98.4   0.0    24   240    61   263    55   265 0.87 [190263/545/1]
190263/391/1.f:NONBJF_09630 -            440 GH43_37.hmm          -            242   4.5e-29  106.3   0.4   1   1   1.3e-29   7.6e-27   99.0   0.0    22   240    60   264    49   266 0.87 [190263/391/1]
190263/534/1.f:OHCFJE_03250 -            440 GH43_37.hmm          -            242   4.5e-29  106.3   0.4   1   1   1.3e-29   7.6e-27   99.0   0.0    22   240    60   264    49   266 0.87 [190263/534/1]
190263/585/1.f:DLBDDB_16140 -            494 GH43_37.hmm          -            242     8e-29  105.4   6.1   1   1   5.9e-31   3.5e-28  103.3   0.4    30   240    64   274    62   276 0.89 [190263/585/1]
190263/552/1.f:EMALNL_02625 -            463 GH43_37.hmm          -            242     2e-28  104.1   0.1   1   1   2.2e-30   1.3e-27  101.5   0.1    22   240    68   272    57   274 0.85 [190263/552/1]
190263/401/1.f:DMFJNH_15525 -            493 GH43_37.hmm          -            242   5.5e-28  102.7   2.3   1   1   9.2e-31   5.5e-28  102.7   2.3    30   241    64   274    50   275 0.88 [190263/401/1]
190263/504/1.f:DOAHDM_15185 -            493 GH43_37.hmm          -            242   5.5e-28  102.7   2.3   1   1   9.2e-31   5.5e-28  102.7   2.3    30   241    64   274    50   275 0.88 [190263/504/1]
190263/401/1.f:DMFJNH_03855 -            460 GH43_37.hmm          -            242   1.2e-27  101.6   0.7   1   1   3.7e-29   2.2e-26   97.4   0.2    22   241    62   269    53   270 0.88 [190263/401/1]
190263/504/1.f:DOAHDM_04285 -            460 GH43_37.hmm          -            242   1.2e-27  101.6   0.7   1   1   3.7e-29   2.2e-26   97.4   0.2    22   241    62   269    53   270 0.88 [190263/504/1]
190263/502/1.f:NONHGB_00185 -            709 GH43_37.hmm          -            242   3.6e-27  100.0   0.0   1   1   1.2e-28   6.9e-26   95.8   0.0    22   240   315   519   296   521 0.85 [190263/502/1]
190263/562/1.f:KJGNCK_14860 -            493 GH43_37.hmm          -            242   1.1e-26   98.4   2.5   1   1   1.9e-29   1.1e-26   98.4   2.5    30   241    64   274    49   275 0.87 [190263/562/1]
190263/585/1.f:DLBDDB_16155 -            471 GH43_37.hmm          -            242     2e-26   97.6   0.1   1   1     9e-29   5.3e-26   96.2   0.1    22   239    75   279    63   282 0.86 [190263/585/1]
190263/562/1.f:KJGNCK_14845 -            471 GH43_37.hmm          -            242   1.4e-25   94.8   0.1   1   1   6.6e-28   3.9e-25   93.4   0.1    22   239    75   279    63   282 0.85 [190263/562/1]
190263/401/1.f:DMFJNH_03515 -            327 GH43_37.hmm          -            242   1.2e-24   91.8   1.3   1   1   3.3e-27   1.9e-24   91.1   1.3    29   227    68   264    52   277 0.83 [190263/401/1]
190263/504/1.f:DOAHDM_03950 -            327 GH43_37.hmm          -            242   1.2e-24   91.8   1.3   1   1   3.3e-27   1.9e-24   91.1   1.3    29   227    68   264    52   277 0.83 [190263/504/1]
190263/401/1.f:DMFJNH_03485 -            330 GH43_37.hmm          -            242   3.7e-24   90.2   2.2   1   1     1e-26   6.1e-24   89.5   2.2    26   221    68   258    51   277 0.83 [190263/401/1]
190263/504/1.f:DOAHDM_03935 -            330 GH43_37.hmm          -            242   3.7e-24   90.2   2.2   1   1     1e-26   6.1e-24   89.5   2.2    26   221    68   258    51   277 0.83 [190263/504/1]
190263/497/1.f:HENFFC_08175 -            313 GH43_37.hmm          -            242   4.1e-24   90.0   1.5   1   1   4.2e-23   2.5e-20   77.6   1.0    17   195    43   216    39   222 0.78 [190263/497/1]
190263/502/1.f:NONHGB_04390 -            315 GH43_37.hmm          -            242   3.9e-23   86.8   1.0   1   1   8.8e-26   5.3e-23   86.4   1.0    27   219    50   239    39   295 0.85 [190263/502/1]
190263/546/1.f:GEHMID_16115 -            357 GH43_37.hmm          -            242   7.7e-23   85.8   0.0   1   1   1.8e-25   1.1e-22   85.3   0.0     3   241    37   270    35   271 0.79 [190263/546/1]
190263/391/1.f:NONBJF_09745 -            849 GH43_37.hmm          -            242   2.2e-22   84.3   0.3   1   1   5.4e-25   3.2e-22   83.8   0.3     1   241   527   755   527   756 0.86 [190263/391/1]
190263/545/1.f:NCJBIN_10585 -            849 GH43_37.hmm          -            242   2.2e-22   84.3   0.3   1   1   5.4e-25   3.2e-22   83.8   0.3     1   241   527   755   527   756 0.86 [190263/545/1]
190263/534/1.f:OHCFJE_03095 -            849 GH43_37.hmm          -            242   2.2e-22   84.3   0.3   1   1   5.4e-25   3.2e-22   83.8   0.3     1   241   527   755   527   756 0.86 [190263/534/1]
190263/396/1.f:KAAOMA_13375 -            858 GH43_37.hmm          -            242   3.2e-22   83.8   4.5   1   1   1.4e-24   8.4e-22   82.5   4.5    36   241   179   377   152   378 0.86 [190263/396/1]
190263/369/1.f:JCDIFE_04825 -            316 GH43_37.hmm          -            242   6.7e-22   82.8   0.1   1   1   9.3e-24   5.5e-21   79.8   0.2    30   218    57   243    37   251 0.83 [190263/369/1]
190263/580/1.f:JCPJNN_21665 -            357 GH43_37.hmm          -            242   1.3e-21   81.8   0.3   1   1   2.9e-24   1.7e-21   81.4   0.3     3   242    33   263    25   263 0.82 [190263/580/1]
190263/365/1.f:JJMMAK_03125 -            313 GH43_37.hmm          -            242   3.9e-21   80.3   1.6   1   1   2.6e-23   1.6e-20   78.3   0.9    17   220    43   242    40   251 0.78 [190263/365/1]
190263/365/1.f:JJMMAK_06475 -            332 GH43_37.hmm          -            242   3.6e-20   77.1   0.6   1   1   4.4e-22   2.6e-19   74.3   0.2    16   222    54   258    47   277 0.76 [190263/365/1]
190263/497/1.f:HENFFC_05550 -            332 GH43_37.hmm          -            242   8.8e-20   75.8   0.3   1   1   8.7e-22   5.2e-19   73.3   0.1    15   224    53   260    47   278 0.75 [190263/497/1]
190263/365/1.f:JJMMAK_09110 -            331 GH43_37.hmm          -            242   1.9e-19   74.8   0.5   1   1     4e-21   2.4e-18   71.2   0.3    31   218    70   253    63   264 0.78 [190263/365/1]
190263/562/1.f:KJGNCK_14855 -            585 GH43_37.hmm          -            242   2.3e-19   74.5   0.5   1   1   1.1e-21   6.5e-19   73.0   0.4    75   224   216   362   204   377 0.87 [190263/562/1]
190263/461/1.f:DHPHOK_05305 -            315 GH43_37.hmm          -            242   2.7e-19   74.3   1.9   1   1     1e-20   6.2e-18   69.8   0.9    30   218    57   239    44   249 0.80 [190263/461/1]
190263/585/1.f:DLBDDB_16145 -            584 GH43_37.hmm          -            242     7e-19   72.9   0.5   1   1   3.2e-21   1.9e-18   71.5   0.4    74   222   214   359   196   380 0.86 [190263/585/1]
190263/552/1.f:EMALNL_09490 -           1085 GH43_37.hmm          -            242   7.1e-19   72.9   0.0   1   1   3.1e-21   1.8e-18   71.5   0.0    19   237   807  1022   797  1027 0.76 [190263/552/1]
190263/461/1.f:DHPHOK_05310 -            322 GH43_37.hmm          -            242   7.5e-19   72.8   0.4   1   1   3.5e-21   2.1e-18   71.3   0.4    30   218    57   243    41   262 0.84 [190263/461/1]
190263/437/1.f:LBKKEJ_07955 -            352 GH43_37.hmm          -            242   7.9e-19   72.7   0.0   1   1   5.5e-21   3.3e-18   70.7   0.0    27   221    87   277    60   298 0.77 [190263/437/1]
190263/488/1.f:DNPFAC_05530 -            322 GH43_37.hmm          -            242   1.1e-18   72.3   0.6   1   1   5.3e-20   3.2e-17   67.5   0.3    30   218    64   246    53   260 0.79 [190263/488/1]
190263/401/1.f:DMFJNH_15520 -            582 GH43_37.hmm          -            242   1.2e-18   72.1   0.1   1   1   4.5e-21   2.7e-18   71.0   0.1    73   224   211   359   192   377 0.85 [190263/401/1]
190263/504/1.f:DOAHDM_15180 -            582 GH43_37.hmm          -            242   1.2e-18   72.1   0.1   1   1   4.5e-21   2.7e-18   71.0   0.1    73   224   211   359   192   377 0.85 [190263/504/1]
190263/562/1.f:KJGNCK_25205 -            836 GH43_37.hmm          -            242   2.7e-18   71.0   0.2   1   1     1e-20     6e-18   69.8   0.2    33   218   309   492   282   509 0.83 [190263/562/1]
190263/405/1.f:EHKDKA_04830 -            320 GH43_37.hmm          -            242   4.9e-18   70.1   1.1   1   1   3.7e-19   2.2e-16   64.7   0.6    27   217    59   243    50   249 0.80 [190263/405/1]
190263/475/1.f:MCKEEP_07780 -            329 GH43_37.hmm          -            242   5.1e-18   70.0   0.0   1   1   2.2e-20   1.3e-17   68.7   0.0    19   235    54   267    44   274 0.74 [190263/475/1]
190263/379/1.f:LOJHAC_08255 -            334 GH43_37.hmm          -            242   8.3e-18   69.4   0.2   1   1   6.9e-18   4.1e-15   60.5   0.2    15   199    55   236    48   242 0.77 [190263/379/1]
190263/516/1.f:MGNFBC_06985 -            334 GH43_37.hmm          -            242   8.3e-18   69.4   0.2   1   1   6.9e-18   4.1e-15   60.5   0.2    15   199    55   236    48   242 0.77 [190263/516/1]
190263/390/1.f:OLPOLE_00765 -            455 GH43_37.hmm          -            242   8.9e-18   69.3   0.0   1   1   2.3e-20   1.4e-17   68.7   0.0     3   236   137   358   135   364 0.79 [190263/390/1]
190263/421/1.f:PBKEAC_07670 -            312 GH43_37.hmm          -            242   1.2e-17   68.9   0.0   1   1     2e-19   1.2e-16   65.6   0.0    30   218    48   236    39   241 0.80 [190263/421/1]
190263/552/1.f:EMALNL_07155 -            329 GH43_37.hmm          -            242   1.2e-17   68.8   0.0   1   1   5.4e-20   3.2e-17   67.5   0.0    19   235    54   267    46   274 0.74 [190263/552/1]
190263/368/1.f:HPMDBE_07740 -            334 GH43_37.hmm          -            242   1.2e-17   68.8   0.2   1   1   1.5e-18     9e-16   62.7   0.2    15   216    55   255    48   256 0.74 [190263/368/1]
190263/562/1.f:KJGNCK_03005 -            329 GH43_37.hmm          -            242   1.3e-17   68.7   0.0   1   1   3.9e-20   2.3e-17   67.9   0.0    19   236    54   268    46   274 0.74 [190263/562/1]
190263/417/1.f:MHBJAE_04970 -            322 GH43_37.hmm          -            242   2.1e-17   68.0   0.6   1   1   6.2e-19   3.7e-16   64.0   0.5    30   220    64   248    51   258 0.80 [190263/417/1]
190263/552/1.f:EMALNL_07535 -            443 GH43_37.hmm          -            242   2.4e-17   67.9   0.3   1   1   7.6e-20   4.5e-17   67.0   0.3    34   226    66   245    42   252 0.86 [190263/552/1]
190263/573/1.f:LIDFCI_16670 -            329 GH43_37.hmm          -            242     3e-17   67.5   0.0   1   1   1.3e-19   7.7e-17   66.2   0.0    19   235    54   267    44   274 0.74 [190263/573/1]
190263/488/1.f:DNPFAC_10005 -            330 GH43_37.hmm          -            242   3.9e-17   67.2   0.5   1   1   3.2e-19   1.9e-16   64.9   0.2    29   236    67   267    45   273 0.77 [190263/488/1]
190263/475/1.f:MCKEEP_08335 -            443 GH43_37.hmm          -            242   4.8e-17   66.9   0.3   1   1   1.5e-19   9.2e-17   66.0   0.3    34   226    66   245    42   252 0.85 [190263/475/1]
190263/466/1.f:PGJOII_06060 -            340 GH43_37.hmm          -            242   5.2e-17   66.8   0.0   1   1   3.1e-19   1.8e-16   65.0   0.0    26   230    72   273    53   283 0.75 [190263/466/1]
190263/556/1.f:EMIPPF_06030 -            332 GH43_37.hmm          -            242   5.5e-17   66.7   0.0   1   1   1.7e-19   9.9e-17   65.8   0.0    15   218    48   249    41   272 0.77 [190263/556/1]
190263/573/1.f:LIDFCI_16005 -            475 GH43_37.hmm          -            242   5.9e-17   66.6   0.3   1   1   1.8e-19   1.1e-16   65.7   0.3    34   227    65   245    42   253 0.86 [190263/573/1]
190263/369/1.f:JCDIFE_01260 -            334 GH43_37.hmm          -            242   8.2e-17   66.1   0.0   1   1   4.2e-19   2.5e-16   64.5   0.0    26   232    66   269    47   277 0.77 [190263/369/1]
190263/522/1.f:NPJBCH_14225 -            324 GH43_37.hmm          -            242   1.1e-16   65.7   1.9   1   1   4.2e-19   2.5e-16   64.5   1.9    30   220    70   253    59   262 0.79 [190263/522/1]
190263/502/1.f:NONHGB_02285 -            549 GH43_37.hmm          -            242   1.2e-16   65.5   0.4   1   1   2.1e-19   1.2e-16   65.5   0.4    33   233   303   500   297   517 0.88 [190263/502/1]
190263/461/1.f:DHPHOK_01440 -            334 GH43_37.hmm          -            242   1.3e-16   65.4   0.0   1   1   7.8e-19   4.6e-16   63.7   0.0    26   232    66   267    47   277 0.76 [190263/461/1]
190263/417/1.f:MHBJAE_08890 -            333 GH43_37.hmm          -            242   2.1e-16   64.8   0.3   1   1   9.2e-19   5.5e-16   63.4   0.2    29   235    67   266    45   271 0.76 [190263/417/1]
190263/456/1.f:LKAJBD_13615 -            322 GH43_37.hmm          -            242   4.1e-16   63.8   0.4   1   1   1.2e-18   7.1e-16   63.1   0.4    33   233    74   276    70   280 0.85 [190263/456/1]
190263/399/1.f:CDLIDF_16920 -            441 GH43_37.hmm          -            242   4.5e-16   63.7   0.3   1   1   2.4e-18   1.4e-15   62.0   0.1    34   226    66   245    45   251 0.86 [190263/399/1]
190263/502/1.f:NONHGB_09350 -            326 GH43_37.hmm          -            242   4.9e-16   63.6   0.2   1   1   3.9e-18   2.3e-15   61.4   0.1    32   218    64   249    46   266 0.77 [190263/502/1]
190263/401/1.f:DMFJNH_07430 -            453 GH43_37.hmm          -            242   6.1e-16   63.3   0.2   1   1   1.8e-18   1.1e-15   62.4   0.2    37   237     6   199     2   201 0.79 [190263/401/1]
190263/504/1.f:DOAHDM_07935 -            453 GH43_37.hmm          -            242   6.1e-16   63.3   0.2   1   1   1.8e-18   1.1e-15   62.4   0.2    37   237     6   199     2   201 0.79 [190263/504/1]
190263/585/1.f:DLBDDB_19440 -            836 GH43_37.hmm          -            242     8e-16   62.9   1.9   1   1   1.5e-18   9.1e-16   62.7   0.3    33   218   309   490   281   512 0.83 [190263/585/1]
190263/388/1.f:FDDJJK_11475 -            322 GH43_37.hmm          -            242     1e-15   62.5   3.5   1   1   2.7e-17   1.6e-14   58.6   2.4    28   218    62   246    50   256 0.80 [190263/388/1]
190263/391/1.f:NONBJF_11655 -            322 GH43_37.hmm          -            242     1e-15   62.5   3.5   1   1   2.7e-17   1.6e-14   58.6   2.4    28   218    62   246    50   256 0.80 [190263/391/1]
190263/534/1.f:OHCFJE_11925 -            322 GH43_37.hmm          -            242     1e-15   62.5   3.5   1   1   2.7e-17   1.6e-14   58.6   2.4    28   218    62   246    50   256 0.80 [190263/534/1]
190263/545/1.f:NCJBIN_12795 -            322 GH43_37.hmm          -            242     1e-15   62.5   3.5   1   1   2.7e-17   1.6e-14   58.6   2.4    28   218    62   246    50   256 0.80 [190263/545/1]
190263/405/1.f:EHKDKA_02525 -            320 GH43_37.hmm          -            242   1.6e-15   61.9   1.0   1   1   4.9e-18   2.9e-15   61.0   1.0    33   233    73   271    69   275 0.85 [190263/405/1]
190263/564/1.f:KIHMBJ_07125 -            369 GH43_37.hmm          -            242   2.5e-15   61.2   0.2   1   1   1.5e-17   8.9e-15   59.5   0.2    27   221    85   289    70   306 0.83 [190263/564/1]
190263/456/1.f:LKAJBD_17190 -            448 GH43_37.hmm          -            242   2.6e-15   61.2   0.3   1   1   8.1e-18   4.8e-15   60.3   0.3    33   222    67   242    46   283 0.87 [190263/456/1]
190263/456/1.f:LKAJBD_08130 -            577 GH43_37.hmm          -            242   2.8e-15   61.1   0.0   1   1   3.2e-16   1.9e-13   55.1   0.0    27   222    98   302    92   310 0.80 [190263/456/1]
190263/580/1.f:JCPJNN_28255 -            319 GH43_37.hmm          -            242   5.8e-15   60.1   0.6   1   1   3.8e-17   2.3e-14   58.1   0.7    11   221    36   242    32   255 0.81 [190263/580/1]
190263/580/1.f:JCPJNN_18320 -            465 GH43_37.hmm          -            242   7.2e-15   59.7   0.0   1   1   3.1e-17   1.8e-14   58.4   0.0    31   235    51   267    43   273 0.78 [190263/580/1]
190263/573/1.f:LIDFCI_16020 -            575 GH43_37.hmm          -            242   7.4e-15   59.7   0.0   1   1   1.4e-16   8.6e-14   56.2   0.0    27   217    92   289    80   302 0.74 [190263/573/1]
190263/552/1.f:EMALNL_07540 -            577 GH43_37.hmm          -            242   7.8e-15   59.6   0.0   1   1   1.2e-16   6.9e-14   56.5   0.0    27   217    98   297    89   310 0.80 [190263/552/1]
190263/502/1.f:NONHGB_02290 -            322 GH43_37.hmm          -            242   8.6e-15   59.5   1.0   1   1   2.7e-17   1.6e-14   58.6   1.0    33   233    74   276    70   281 0.84 [190263/502/1]
190263/552/1.f:EMALNL_07520 -            575 GH43_37.hmm          -            242   8.7e-15   59.5   0.0   1   1   1.8e-16     1e-13   55.9   0.0    27   217    92   289    80   302 0.74 [190263/552/1]
190263/475/1.f:MCKEEP_08320 -            575 GH43_37.hmm          -            242   8.9e-15   59.5   0.0   1   1   1.8e-16     1e-13   55.9   0.0    27   217    92   289    80   302 0.74 [190263/475/1]
190263/573/1.f:LIDFCI_15995 -            577 GH43_37.hmm          -            242   1.5e-14   58.7   0.0   1   1   1.8e-16   1.1e-13   55.9   0.0    27   217    98   297    87   311 0.80 [190263/573/1]
190263/475/1.f:MCKEEP_03215 -            330 GH43_37.hmm          -            242   1.6e-14   58.6   0.0   1   1   1.4e-16   8.1e-14   56.3   0.0    28   218    64   253    45   272 0.73 [190263/475/1]
190263/573/1.f:LIDFCI_20375 -            330 GH43_37.hmm          -            242   1.6e-14   58.6   0.0   1   1   1.6e-16   9.5e-14   56.1   0.0    28   218    64   253    45   267 0.73 [190263/573/1]
190263/366/1.f:DBJPFP_03100 -            318 GH43_37.hmm          -            242   2.7e-14   57.9   0.0   1   1     3e-16   1.8e-13   55.2   0.0    30   218    54   242    43   252 0.80 [190263/366/1]
190263/388/1.f:FDDJJK_00210 -            632 GH43_37.hmm          -            242   2.8e-14   57.8   0.0   1   1   1.6e-16   9.3e-14   56.1   0.0    27   222   153   357   146   365 0.78 [190263/388/1]
190263/391/1.f:NONBJF_00195 -            632 GH43_37.hmm          -            242   3.4e-14   57.5   0.0   1   1   1.5e-16   8.8e-14   56.2   0.0    27   222   153   357   143   366 0.79 [190263/391/1]
190263/545/1.f:NCJBIN_00195 -            632 GH43_37.hmm          -            242   3.4e-14   57.5   0.0   1   1   1.5e-16   8.8e-14   56.2   0.0    27   222   153   357   143   366 0.79 [190263/545/1]
190263/534/1.f:OHCFJE_00195 -            632 GH43_37.hmm          -            242   3.4e-14   57.5   0.0   1   1   1.5e-16   8.8e-14   56.2   0.0    27   222   153   357   143   366 0.79 [190263/534/1]
190263/546/1.f:GEHMID_15115 -            415 GH43_37.hmm          -            242   1.2e-13   55.7   0.1   1   1   7.2e-16   4.3e-13   53.9   0.0    33   222    44   222    22   232 0.80 [190263/546/1]
190263/404/1.f:BGJBIG_08440 -            479 GH43_37.hmm          -            242   1.3e-13   55.6   1.2   1   1   3.5e-16   2.1e-13   55.0   1.2    33   241    89   289    71   290 0.81 [190263/404/1]
190263/405/1.f:EHKDKA_05935 -            356 GH43_37.hmm          -            242   1.4e-13   55.6   0.1   1   1   3.8e-16   2.3e-13   54.8   0.1    33   231    72   265    52   300 0.82 [190263/405/1]
190263/562/1.f:KJGNCK_06070 -            318 GH43_37.hmm          -            242   1.4e-13   55.5   0.9   1   1   4.8e-16   2.8e-13   54.5   0.7    32   216    52   242    30   259 0.79 [190263/562/1]
190263/443/1.f:LNLACP_05715 -            520 GH43_37.hmm          -            242   1.5e-13   55.5   0.0   1   1   4.2e-16   2.5e-13   54.7   0.0    27   218    33   228    22   271 0.79 [190263/443/1]
190263/405/1.f:EHKDKA_02510 -            328 GH43_37.hmm          -            242   1.9e-13   55.1   1.6   1   1   7.4e-16   4.4e-13   53.9   1.6    33   231    83   280    79   286 0.74 [190263/405/1]
190263/502/1.f:NONHGB_02255 -            328 GH43_37.hmm          -            242   2.3e-13   54.8   1.7   1   1   7.8e-16   4.7e-13   53.8   1.7    33   231    83   280    79   286 0.75 [190263/502/1]
190263/562/1.f:KJGNCK_06460 -            335 GH43_37.hmm          -            242   2.9e-13   54.5   0.2   1   1     1e-15   5.9e-13   53.5   0.1    31   231    63   260    52   269 0.83 [190263/562/1]
190263/365/1.f:JJMMAK_09115 -            354 GH43_37.hmm          -            242   3.9e-13   54.1   0.4   1   1   9.5e-16   5.7e-13   53.5   0.4    31   220    75   270    59   286 0.82 [190263/365/1]
#
# Program:         hmmsearch
# Version:         3.3.2 (Nov 2020)
# Pipeline mode:   SEARCH
# Query file:      /kb/module/work/tmp/output.1725388484971/GH43_37/GH43_37.hmm
# Target file:     /kb/module/work/tmp/output.1725388484971/hCom2_RAST.fasta
# Option settings: /kb/module/hmmer/bin/hmmsearch --domtblout /kb/module/work/tmp/output.1725388484971/GH43_37/GH43_37-hCom2_RAST.hitout.txt --noali --notextw --domE 1e-15 /kb/module/work/tmp/output.1725388484971/GH43_37/GH43_37.hmm /kb/module/work/tmp/output.1725388484971/hCom2_RAST.fasta 
# Current dir:     /kb/module/work/tmp/output.1725388484971
# Date:            Tue Sep  3 18:53:22 2024
# [ok]
