#                                                                                   --- full sequence --- -------------- this domain -------------   hmm coord   ali coord   env coord
# target name               accession   tlen query name           accession   qlen   E-value  score  bias   #  of  c-Evalue  i-Evalue  score  bias  from    to  from    to  from    to  acc description of target
#       ------------------- ---------- ----- -------------------- ---------- ----- --------- ------ ----- --- --- --------- --------- ------ ----- ----- ----- ----- ----- ----- ----- ---- ---------------------
190263/522/1.f:NPJBCH_10320 -            621 GH43_30.hmm          -            265   5.2e-79  269.8   3.5   1   2   2.7e-39   1.3e-36  130.8   0.1     2   262    39   302    38   305 0.88 [190263/522/1]
190263/522/1.f:NPJBCH_10320 -            621 GH43_30.hmm          -            265   5.2e-79  269.8   3.5   2   2   4.5e-42   2.2e-39  139.9   0.7     2   258   335   588   334   598 0.83 [190263/522/1]
190263/401/1.f:DMFJNH_06495 -            637 GH43_30.hmm          -            265   5.6e-72  246.8   2.3   1   2   2.3e-34   1.2e-31  114.6   0.6     3   253    40   288    39   305 0.84 [190263/401/1]
190263/401/1.f:DMFJNH_06495 -            637 GH43_30.hmm          -            265   5.6e-72  246.8   2.3   2   2     2e-39   9.9e-37  131.2   0.0     2   263   346   609   345   611 0.86 [190263/401/1]
190263/504/1.f:DOAHDM_07165 -            637 GH43_30.hmm          -            265   5.6e-72  246.8   2.3   1   2   2.3e-34   1.2e-31  114.6   0.6     3   253    40   288    39   305 0.84 [190263/504/1]
190263/504/1.f:DOAHDM_07165 -            637 GH43_30.hmm          -            265   5.6e-72  246.8   2.3   2   2     2e-39   9.9e-37  131.2   0.0     2   263   346   609   345   611 0.86 [190263/504/1]
190263/545/1.f:NCJBIN_05140 -            514 GH43_30.hmm          -            265     4e-50  175.1   0.2   1   1   1.2e-52   5.9e-50  174.6   0.2     1   258    36   292    36   300 0.91 [190263/545/1]
190263/391/1.f:NONBJF_04475 -            514 GH43_30.hmm          -            265     4e-50  175.1   0.2   1   1   1.2e-52   5.9e-50  174.6   0.2     1   258    36   292    36   300 0.91 [190263/391/1]
190263/534/1.f:OHCFJE_07745 -            514 GH43_30.hmm          -            265     4e-50  175.1   0.2   1   1   1.2e-52   5.9e-50  174.6   0.2     1   258    36   292    36   300 0.91 [190263/534/1]
190263/580/1.f:JCPJNN_18320 -            465 GH43_30.hmm          -            265   1.1e-47  167.2   0.1   1   1   2.9e-50   1.4e-47  166.8   0.1     3   255    29   290    27   310 0.91 [190263/580/1]
190263/461/1.f:DHPHOK_05305 -            315 GH43_30.hmm          -            265   1.8e-47  166.4   0.7   1   1   4.6e-50   2.3e-47  166.1   0.7     3   264    37   288    36   289 0.93 [190263/461/1]
190263/421/1.f:PBKEAC_07670 -            312 GH43_30.hmm          -            265   4.8e-45  158.5   0.1   1   1   1.1e-47   5.7e-45  158.2   0.1     2   264    27   285    26   286 0.90 [190263/421/1]
190263/388/1.f:FDDJJK_11475 -            322 GH43_30.hmm          -            265   8.3e-45  157.7   0.2   1   1     2e-47   9.9e-45  157.4   0.2     3   264    44   295    42   296 0.92 [190263/388/1]
190263/391/1.f:NONBJF_11655 -            322 GH43_30.hmm          -            265   8.3e-45  157.7   0.2   1   1     2e-47   9.9e-45  157.4   0.2     3   264    44   295    42   296 0.92 [190263/391/1]
190263/534/1.f:OHCFJE_11925 -            322 GH43_30.hmm          -            265   8.3e-45  157.7   0.2   1   1     2e-47   9.9e-45  157.4   0.2     3   264    44   295    42   296 0.92 [190263/534/1]
190263/545/1.f:NCJBIN_12795 -            322 GH43_30.hmm          -            265   8.3e-45  157.7   0.2   1   1     2e-47   9.9e-45  157.4   0.2     3   264    44   295    42   296 0.92 [190263/545/1]
190263/405/1.f:EHKDKA_15525 -           1120 GH43_30.hmm          -            265   1.4e-44  156.9  17.8   1   1   7.4e-33   3.6e-30  109.7   2.3     3   254   830  1083   829  1098 0.87 [190263/405/1]
190263/417/1.f:MHBJAE_04970 -            322 GH43_30.hmm          -            265   1.6e-44  156.8   0.1   1   1   3.9e-47   1.9e-44  156.5   0.1     3   264    44   295    42   296 0.93 [190263/417/1]
190263/365/1.f:JJMMAK_03125 -            313 GH43_30.hmm          -            265   2.2e-44  156.3   0.5   1   1   5.5e-47   2.7e-44  156.0   0.5     2   261    35   286    34   290 0.89 [190263/365/1]
190263/405/1.f:EHKDKA_04830 -            320 GH43_30.hmm          -            265   6.3e-44  154.8   0.2   1   1   1.5e-46   7.5e-44  154.6   0.2     3   264    42   293    40   294 0.93 [190263/405/1]
190263/475/1.f:MCKEEP_06920 -            361 GH43_30.hmm          -            265   1.4e-43  153.7   0.4   1   1   3.5e-46   1.7e-43  153.4   0.4     2   262    55   325    54   328 0.88 [190263/475/1]
190263/552/1.f:EMALNL_06310 -            361 GH43_30.hmm          -            265   1.4e-43  153.7   0.4   1   1   3.5e-46   1.7e-43  153.4   0.4     2   262    55   325    54   328 0.88 [190263/552/1]
190263/562/1.f:KJGNCK_03885 -            361 GH43_30.hmm          -            265   1.4e-43  153.7   0.4   1   1   3.5e-46   1.7e-43  153.4   0.4     2   262    55   325    54   328 0.88 [190263/562/1]
190263/497/1.f:HENFFC_08175 -            313 GH43_30.hmm          -            265   1.4e-43  153.7   0.3   1   1   3.4e-46   1.7e-43  153.4   0.3     2   261    35   286    34   290 0.89 [190263/497/1]
190263/401/1.f:DMFJNH_03515 -            327 GH43_30.hmm          -            265   1.4e-43  153.6   2.0   1   1   3.5e-46   1.7e-43  153.4   2.0     2   257    46   294    45   304 0.88 [190263/401/1]
190263/504/1.f:DOAHDM_03950 -            327 GH43_30.hmm          -            265   1.4e-43  153.6   2.0   1   1   3.5e-46   1.7e-43  153.4   2.0     2   257    46   294    45   304 0.88 [190263/504/1]
190263/488/1.f:DNPFAC_05530 -            322 GH43_30.hmm          -            265   2.8e-43  152.7   0.2   1   1   6.8e-46   3.3e-43  152.4   0.2     3   264    44   295    42   296 0.92 [190263/488/1]
190263/366/1.f:DBJPFP_03110 -            311 GH43_30.hmm          -            265   7.4e-43  151.3   0.2   1   1   1.8e-45   8.7e-43  151.1   0.2     2   264    34   287    33   288 0.91 [190263/366/1]
190263/405/1.f:EHKDKA_00245 -            643 GH43_30.hmm          -            265     1e-42  150.9   5.0   1   1   2.8e-36   1.4e-33  120.9   0.7     3   256   347   611   346   625 0.86 [190263/405/1]
190263/502/1.f:NONHGB_04390 -            315 GH43_30.hmm          -            265     1e-42  150.9   1.0   1   1   2.5e-45   1.2e-42  150.6   1.0     2   258    33   283    32   292 0.88 [190263/502/1]
190263/401/1.f:DMFJNH_03485 -            330 GH43_30.hmm          -            265   1.2e-42  150.7   3.4   1   1     3e-45   1.5e-42  150.3   3.4     2   255    48   295    47   306 0.90 [190263/401/1]
190263/504/1.f:DOAHDM_03935 -            330 GH43_30.hmm          -            265   1.2e-42  150.7   3.4   1   1     3e-45   1.5e-42  150.3   3.4     2   255    48   295    47   306 0.90 [190263/504/1]
190263/366/1.f:DBJPFP_03100 -            318 GH43_30.hmm          -            265   1.7e-42  150.1   0.2   1   1   4.1e-45     2e-42  149.9   0.2     2   264    33   291    32   292 0.90 [190263/366/1]
190263/390/1.f:OLPOLE_16250 -            304 GH43_30.hmm          -            265     2e-42  149.9   0.1   1   1   5.1e-45   2.5e-42  149.6   0.1     3   258    12   281    10   288 0.92 [190263/390/1]
190263/399/1.f:CDLIDF_03200 -            640 GH43_30.hmm          -            265   2.3e-42  149.7   8.7   1   1   1.1e-35   5.5e-33  119.0   2.8     3   256   342   606   341   622 0.88 [190263/399/1]
190263/522/1.f:NPJBCH_14225 -            324 GH43_30.hmm          -            265   3.7e-42  149.0   0.9   1   1     9e-45   4.5e-42  148.8   0.9     2   264    49   300    48   301 0.93 [190263/522/1]
190263/502/1.f:NONHGB_00270 -            643 GH43_30.hmm          -            265   4.1e-42  148.9   5.1   1   1   1.1e-35   5.5e-33  119.0   0.7     3   256   347   611   346   625 0.86 [190263/502/1]
190263/365/1.f:JJMMAK_09110 -            331 GH43_30.hmm          -            265     3e-41  146.1   0.2   1   1   7.6e-44   3.8e-41  145.7   0.2     2   258    48   294    47   303 0.89 [190263/365/1]
190263/369/1.f:JCDIFE_04825 -            316 GH43_30.hmm          -            265   9.2e-41  144.4   1.7   1   1   2.2e-43   1.1e-40  144.2   1.7     2   257    33   283    32   293 0.88 [190263/369/1]
190263/461/1.f:DHPHOK_00505 -            646 GH43_30.hmm          -            265   9.2e-41  144.4   7.0   1   1   2.2e-35   1.1e-32  118.0   2.6     3   254   350   612   349   627 0.87 [190263/461/1]
190263/497/1.f:HENFFC_06515 -            370 GH43_30.hmm          -            265     1e-40  144.3   0.5   1   1   2.7e-43   1.3e-40  143.9   0.5     2   263    43   350    42   352 0.86 [190263/497/1]
190263/391/1.f:NONBJF_02505 -            647 GH43_30.hmm          -            265   1.1e-40  144.2   4.5   1   1   1.2e-33   5.8e-31  112.3   0.6     3   258   349   615   348   627 0.87 [190263/391/1]
190263/545/1.f:NCJBIN_02880 -            647 GH43_30.hmm          -            265   1.1e-40  144.2   4.5   1   1   1.2e-33   5.8e-31  112.3   0.6     3   258   349   615   348   627 0.87 [190263/545/1]
190263/461/1.f:DHPHOK_02850 -            367 GH43_30.hmm          -            265   1.3e-40  144.0   0.8   1   1   3.3e-43   1.6e-40  143.6   0.8     2   263    36   341    35   343 0.89 [190263/461/1]
190263/365/1.f:JJMMAK_05415 -            370 GH43_30.hmm          -            265   1.3e-40  144.0   0.3   1   1   3.4e-43   1.7e-40  143.6   0.3     2   263    43   350    42   352 0.86 [190263/365/1]
190263/369/1.f:JCDIFE_02295 -            366 GH43_30.hmm          -            265   2.1e-40  143.3   0.8   1   1   5.6e-43   2.8e-40  142.9   0.8     2   263    35   340    34   342 0.88 [190263/369/1]
190263/534/1.f:OHCFJE_09710 -            647 GH43_30.hmm          -            265   5.2e-40  142.0   4.6   1   1   1.3e-33   6.6e-31  112.1   0.7     3   258   349   615   348   627 0.87 [190263/534/1]
190263/388/1.f:FDDJJK_02615 -            647 GH43_30.hmm          -            265     1e-39  141.0   4.2   1   1   5.1e-33   2.5e-30  110.2   0.6     3   258   349   615   348   627 0.87 [190263/388/1]
190263/461/1.f:DHPHOK_05310 -            322 GH43_30.hmm          -            265     1e-39  141.0   1.9   1   1   2.5e-42   1.2e-39  140.8   1.9     2   256    33   282    32   293 0.85 [190263/461/1]
190263/379/1.f:LOJHAC_13970 -            513 GH43_30.hmm          -            265   1.2e-39  140.8   1.0   1   1   3.7e-42   1.8e-39  140.2   1.0     1   258    33   282    33   292 0.89 [190263/379/1]
190263/421/1.f:PBKEAC_07675 -            364 GH43_30.hmm          -            265     2e-39  140.1   0.4   1   1   5.4e-42   2.7e-39  139.6   0.4     2   263    29   333    28   335 0.86 [190263/421/1]
190263/379/1.f:LOJHAC_06040 -            373 GH43_30.hmm          -            265   2.1e-39  140.0   0.2   1   1   5.3e-42   2.6e-39  139.7   0.2     2   263    41   348    40   350 0.86 [190263/379/1]
190263/516/1.f:MGNFBC_09170 -            377 GH43_30.hmm          -            265   2.1e-39  140.0   0.2   1   1   5.5e-42   2.7e-39  139.6   0.2     2   263    45   352    44   354 0.86 [190263/516/1]
190263/516/1.f:MGNFBC_11300 -            513 GH43_30.hmm          -            265   2.2e-39  139.9   0.6   1   1   6.9e-42   3.4e-39  139.3   0.6     1   258    33   282    33   292 0.89 [190263/516/1]
190263/368/1.f:HPMDBE_12540 -            513 GH43_30.hmm          -            265   2.8e-39  139.6   0.5   1   1   8.7e-42   4.3e-39  139.0   0.5     1   258    33   282    33   292 0.89 [190263/368/1]
190263/368/1.f:HPMDBE_02595 -            373 GH43_30.hmm          -            265   3.7e-39  139.2   0.3   1   1   9.5e-42   4.7e-39  138.8   0.3     2   263    41   348    40   350 0.86 [190263/368/1]
190263/497/1.f:HENFFC_12345 -            513 GH43_30.hmm          -            265   1.6e-38  137.1   0.9   1   1   1.9e-40   9.4e-38  134.6   0.6     1   257    34   282    34   291 0.87 [190263/497/1]
190263/365/1.f:JJMMAK_00270 -            513 GH43_30.hmm          -            265   1.7e-38  137.0   0.8   1   1   2.4e-40   1.2e-37  134.2   0.5     1   257    34   282    34   292 0.87 [190263/365/1]
190263/366/1.f:DBJPFP_03145 -            351 GH43_30.hmm          -            265   2.1e-38  136.7   0.4   1   1   5.4e-41   2.7e-38  136.4   0.4     2   263    20   324    19   326 0.86 [190263/366/1]
190263/552/1.f:EMALNL_04005 -            335 GH43_30.hmm          -            265   7.5e-38  134.9   0.2   1   1   1.9e-40   9.4e-38  134.6   0.2     2   260    40   301    39   306 0.86 [190263/552/1]
190263/562/1.f:KJGNCK_06460 -            335 GH43_30.hmm          -            265   9.5e-38  134.6   0.1   1   1   2.5e-40   1.2e-37  134.2   0.1     2   260    40   301    39   306 0.86 [190263/562/1]
190263/488/1.f:DNPFAC_05475 -            325 GH43_30.hmm          -            265   1.5e-37  134.0   0.0   1   1   3.7e-40   1.8e-37  133.6   0.0     2   262    32   294    31   297 0.86 [190263/488/1]
190263/564/1.f:KIHMBJ_07125 -            369 GH43_30.hmm          -            265   8.9e-37  131.4   0.8   1   1   2.3e-39   1.2e-36  131.0   0.8     2   260    66   332    65   342 0.92 [190263/564/1]
190263/556/1.f:EMIPPF_01660 -            510 GH43_30.hmm          -            265   9.7e-37  131.3   0.1   1   1   2.8e-39   1.4e-36  130.8   0.1     1   256    31   278    31   289 0.87 [190263/556/1]
190263/366/1.f:DBJPFP_01325 -            327 GH43_30.hmm          -            265   1.2e-36  130.9   0.0   1   1   3.2e-39   1.6e-36  130.5   0.0     1   260    34   296    34   301 0.83 [190263/366/1]
190263/573/1.f:LIDFCI_13560 -            512 GH43_30.hmm          -            265   1.5e-36  130.7   0.9   1   1   4.5e-39   2.2e-36  130.1   0.9     1   256    33   281    33   291 0.90 [190263/573/1]
190263/401/1.f:DMFJNH_07485 -            333 GH43_30.hmm          -            265   1.5e-36  130.7   1.0   1   1   4.2e-39   2.1e-36  130.2   1.0     3   257    38   302    37   316 0.86 [190263/401/1]
190263/504/1.f:DOAHDM_07990 -            333 GH43_30.hmm          -            265   1.5e-36  130.7   1.0   1   1   4.2e-39   2.1e-36  130.2   1.0     3   257    38   302    37   316 0.86 [190263/504/1]
190263/417/1.f:MHBJAE_04920 -            325 GH43_30.hmm          -            265     2e-36  130.2   0.0   1   1   5.4e-39   2.7e-36  129.8   0.0     2   262    32   294    31   297 0.85 [190263/417/1]
190263/366/1.f:DBJPFP_11310 -            329 GH43_30.hmm          -            265   2.3e-36  130.0   0.0   1   1   7.4e-39   3.6e-36  129.4   0.0     2   263    41   302    40   304 0.85 [190263/366/1]
190263/562/1.f:KJGNCK_10720 -            513 GH43_30.hmm          -            265   3.3e-36  129.5   0.7   1   1   1.2e-38     6e-36  128.7   0.7     1   256    33   281    33   292 0.90 [190263/562/1]
190263/585/1.f:DLBDDB_05325 -            353 GH43_30.hmm          -            265   5.4e-36  128.8   0.6   1   1   1.5e-38   7.3e-36  128.4   0.6     1   257    48   313    48   323 0.84 [190263/585/1]
190263/404/1.f:BGJBIG_05315 -            334 GH43_30.hmm          -            265   1.6e-35  127.3   0.7   1   1   4.4e-38   2.2e-35  126.8   0.7     3   257    38   303    37   316 0.84 [190263/404/1]
190263/585/1.f:DLBDDB_04640 -            329 GH43_30.hmm          -            265     2e-35  126.9   1.4   1   1   5.9e-38   2.9e-35  126.4   1.4     3   257    39   292    38   302 0.86 [190263/585/1]
190263/580/1.f:JCPJNN_28255 -            319 GH43_30.hmm          -            265   4.1e-35  125.9   0.2   1   1     1e-37   5.1e-35  125.6   0.2     3   256    29   276    27   287 0.87 [190263/580/1]
190263/461/1.f:DHPHOK_05315 -            335 GH43_30.hmm          -            265   4.6e-35  125.8   0.0   1   1   1.2e-37   5.9e-35  125.4   0.0     2   263    45   308    44   310 0.86 [190263/461/1]
190263/502/1.f:NONHGB_04285 -            308 GH43_30.hmm          -            265   5.4e-35  125.5   0.0   1   1   1.5e-37   7.4e-35  125.1   0.0     2   262    18   280    17   283 0.85 [190263/502/1]
190263/401/1.f:DMFJNH_04555 -            329 GH43_30.hmm          -            265   6.1e-35  125.3   0.5   1   1   1.5e-37   7.6e-35  125.0   0.5     2   256    37   292    36   303 0.88 [190263/401/1]
190263/504/1.f:DOAHDM_05050 -            329 GH43_30.hmm          -            265   6.1e-35  125.3   0.5   1   1   1.5e-37   7.6e-35  125.0   0.5     2   256    37   292    36   303 0.88 [190263/504/1]
190263/475/1.f:MCKEEP_04050 -            354 GH43_30.hmm          -            265   6.5e-35  125.3   0.5   1   1   1.8e-37   8.8e-35  124.8   0.5     1   257    49   314    49   324 0.84 [190263/475/1]
190263/573/1.f:LIDFCI_19560 -            354 GH43_30.hmm          -            265   6.5e-35  125.3   0.5   1   1   1.8e-37   8.8e-35  124.8   0.5     1   257    49   314    49   324 0.84 [190263/573/1]
190263/556/1.f:EMIPPF_09145 -            341 GH43_30.hmm          -            265   7.7e-35  125.0   0.0   1   1   2.2e-37   1.1e-34  124.5   0.0     2   262    54   312    54   315 0.83 [190263/556/1]
190263/405/1.f:EHKDKA_04765 -            325 GH43_30.hmm          -            265   1.3e-34  124.3   0.0   1   1   3.6e-37   1.8e-34  123.8   0.0     2   263    35   298    34   300 0.86 [190263/405/1]
190263/399/1.f:CDLIDF_13450 -            857 GH43_30.hmm          -            265     2e-34  123.7   0.4   1   2   1.3e-19   6.2e-17   66.3   0.0     3   250    34   284    33   297 0.83 [190263/399/1]
190263/399/1.f:CDLIDF_13450 -            857 GH43_30.hmm          -            265     2e-34  123.7   0.4   2   2   2.8e-16   1.4e-13   55.3   0.1     4   237   554   812   551   839 0.82 [190263/399/1]
190263/437/1.f:LBKKEJ_07930 -            327 GH43_30.hmm          -            265   2.8e-34  123.2   0.0   1   1   7.1e-37   3.5e-34  122.9   0.0     2   262    33   295    32   298 0.85 [190263/437/1]
190263/504/1.f:DOAHDM_10190 -            512 GH43_30.hmm          -            265   3.1e-34  123.1   0.7   1   1   9.9e-37   4.9e-34  122.4   0.7     1   254    33   279    33   289 0.90 [190263/504/1]
190263/541/1.f:IDEEIE_02100 -           1952 GH43_30.hmm          -            265   3.2e-34  123.0  13.7   1   1   1.6e-25   8.1e-23   85.6   0.8     2   252  1551  1823  1550  1829 0.81 [190263/541/1]
190263/502/1.f:NONHGB_04290 -            343 GH43_30.hmm          -            265   5.7e-34  122.2   0.3   1   1   1.6e-36   7.7e-34  121.7   0.3     3   262    44   314    42   321 0.83 [190263/502/1]
190263/401/1.f:DMFJNH_03530 -            325 GH43_30.hmm          -            265   8.2e-34  121.7   0.0   1   1   2.2e-36   1.1e-33  121.2   0.0     2   261    35   296    34   300 0.86 [190263/401/1]
190263/504/1.f:DOAHDM_03970 -            325 GH43_30.hmm          -            265   8.2e-34  121.7   0.0   1   1   2.2e-36   1.1e-33  121.2   0.0     2   261    35   296    34   300 0.86 [190263/504/1]
190263/502/1.f:NONHGB_04370 -            334 GH43_30.hmm          -            265   9.2e-34  121.5   0.0   1   1   2.4e-36   1.2e-33  121.2   0.0     2   262    44   306    43   309 0.86 [190263/502/1]
190263/405/1.f:EHKDKA_05525 -            333 GH43_30.hmm          -            265   9.6e-34  121.4   0.0   1   1   2.6e-36   1.3e-33  121.0   0.0     2   263    39   300    38   302 0.84 [190263/405/1]
190263/405/1.f:EHKDKA_04770 -            343 GH43_30.hmm          -            265     1e-33  121.4   0.4   1   1   2.8e-36   1.4e-33  120.9   0.4     3   262    44   314    42   321 0.83 [190263/405/1]
190263/401/1.f:DMFJNH_09845 -            512 GH43_30.hmm          -            265   1.2e-33  121.2   0.6   1   1   3.8e-36   1.9e-33  120.5   0.6     1   254    33   279    33   289 0.90 [190263/401/1]
190263/562/1.f:KJGNCK_05400 -            318 GH43_30.hmm          -            265   1.6e-33  120.7   0.8   1   1   4.2e-36   2.1e-33  120.3   0.8     2   258    25   282    24   291 0.87 [190263/562/1]
190263/369/1.f:JCDIFE_10525 -            515 GH43_30.hmm          -            265   2.2e-33  120.3   0.9   1   1     7e-36   3.4e-33  119.6   0.9     1   254    33   279    33   289 0.89 [190263/369/1]
190263/461/1.f:DHPHOK_01440 -            334 GH43_30.hmm          -            265   2.6e-33  120.0   0.2   1   1   1.3e-35   6.5e-33  118.7   0.2     3   253    43   291    42   308 0.82 [190263/461/1]
190263/522/1.f:NPJBCH_14230 -            340 GH43_30.hmm          -            265   2.9e-33  119.8   0.1   1   1   8.4e-36   4.1e-33  119.4   0.1     2   260    48   309    47   314 0.85 [190263/522/1]
190263/369/1.f:JCDIFE_04830 -            333 GH43_30.hmm          -            265   3.2e-33  119.7   0.0   1   1   8.8e-36   4.4e-33  119.3   0.0     2   262    43   305    42   308 0.85 [190263/369/1]
190263/526/1.f:GBBCGM_01160 -            327 GH43_30.hmm          -            265   5.1e-33  119.0   0.2   1   1   1.5e-35   7.3e-33  118.5   0.2     3   262    37   299    35   302 0.85 [190263/526/1]
190263/437/1.f:LBKKEJ_07955 -            352 GH43_30.hmm          -            265   5.8e-33  118.9   0.2   1   1   2.2e-35   1.1e-32  118.0   0.2     3   254    40   311    39   325 0.80 [190263/437/1]
190263/475/1.f:MCKEEP_07780 -            329 GH43_30.hmm          -            265   5.9e-33  118.9   0.8   1   1   2.7e-35   1.3e-32  117.7   0.8     3   253    40   288    39   303 0.85 [190263/475/1]
190263/466/1.f:PGJOII_06060 -            340 GH43_30.hmm          -            265     7e-33  118.6   0.2   1   1   3.2e-35   1.6e-32  117.4   0.2     3   253    49   297    48   312 0.83 [190263/466/1]
190263/534/1.f:OHCFJE_06600 -            800 GH43_30.hmm          -            265   9.2e-33  118.2   2.8   1   1   3.1e-35   1.5e-32  117.5   2.8     2   262    38   288    37   295 0.89 [190263/534/1]
190263/388/1.f:FDDJJK_05830 -            800 GH43_30.hmm          -            265     1e-32  118.1   2.8   1   1   3.4e-35   1.7e-32  117.4   2.8     2   262    38   288    37   295 0.89 [190263/388/1]
190263/562/1.f:KJGNCK_06070 -            318 GH43_30.hmm          -            265   1.1e-32  117.9   1.4   1   1   3.3e-35   1.6e-32  117.4   1.4     3   256    22   286    21   300 0.87 [190263/562/1]
190263/573/1.f:LIDFCI_16670 -            329 GH43_30.hmm          -            265   1.1e-32  117.9   0.7   1   1   5.3e-35   2.6e-32  116.7   0.7     3   253    40   288    39   303 0.85 [190263/573/1]
190263/540/1.f:BCGFLB_08610 -            357 GH43_30.hmm          -            265   1.3e-32  117.7   0.0   1   1   3.4e-35   1.7e-32  117.3   0.0     2   258    46   311    45   323 0.90 [190263/540/1]
190263/437/1.f:LBKKEJ_07940 -            329 GH43_30.hmm          -            265   1.4e-32  117.6   0.1   1   1   3.7e-35   1.8e-32  117.2   0.1     2   257    39   292    38   302 0.88 [190263/437/1]
190263/573/1.f:LIDFCI_18730 -            329 GH43_30.hmm          -            265   1.5e-32  117.5   1.6   1   1   3.8e-35   1.9e-32  117.2   1.6     2   258    36   293    35   302 0.87 [190263/573/1]
190263/369/1.f:JCDIFE_01260 -            334 GH43_30.hmm          -            265   1.5e-32  117.5   0.2   1   1   9.3e-35   4.6e-32  115.9   0.2     3   253    43   291    42   306 0.82 [190263/369/1]
190263/552/1.f:EMALNL_07155 -            329 GH43_30.hmm          -            265   1.6e-32  117.5   0.7   1   1   7.2e-35   3.6e-32  116.3   0.7     3   253    40   288    39   303 0.85 [190263/552/1]
190263/552/1.f:EMALNL_04920 -            329 GH43_30.hmm          -            265   1.6e-32  117.4   1.9   1   1   4.2e-35   2.1e-32  117.0   1.9     2   258    36   293    35   302 0.85 [190263/552/1]
190263/475/1.f:MCKEEP_04910 -            329 GH43_30.hmm          -            265   1.7e-32  117.3   1.8   1   1   4.5e-35   2.2e-32  116.9   1.8     2   258    36   293    35   302 0.86 [190263/475/1]
190263/552/1.f:EMALNL_04325 -            332 GH43_30.hmm          -            265   2.8e-32  116.6   1.5   1   1   8.3e-35   4.1e-32  116.1   1.5     3   257    36   301    35   314 0.86 [190263/552/1]
190263/573/1.f:LIDFCI_20375 -            330 GH43_30.hmm          -            265   2.9e-32  116.6   0.3   1   1   1.5e-34   7.5e-32  115.2   0.3     3   253    41   289    40   307 0.83 [190263/573/1]
190263/475/1.f:MCKEEP_03215 -            330 GH43_30.hmm          -            265     3e-32  116.5   0.4   1   1   1.7e-34   8.2e-32  115.1   0.4     3   253    41   289    40   305 0.83 [190263/475/1]
190263/562/1.f:KJGNCK_03005 -            329 GH43_30.hmm          -            265   3.3e-32  116.4   0.6   1   1   1.7e-34   8.2e-32  115.1   0.6     3   253    40   288    39   303 0.85 [190263/562/1]
190263/405/1.f:EHKDKA_01815 -            800 GH43_30.hmm          -            265   3.5e-32  116.3   1.7   1   1   1.4e-34   7.1e-32  115.3   1.7     2   262    38   288    37   294 0.89 [190263/405/1]
190263/497/1.f:HENFFC_05550 -            332 GH43_30.hmm          -            265   4.2e-32  116.1   0.9   1   1   1.9e-34   9.4e-32  114.9   0.9     3   258    43   295    42   304 0.84 [190263/497/1]
190263/365/1.f:JJMMAK_00705 -            985 GH43_30.hmm          -            265   6.7e-32  115.4   0.1   1   1   5.2e-34   2.6e-31  113.5   0.0     2   263   693   956   692   958 0.86 [190263/365/1]
190263/488/1.f:DNPFAC_10005 -            330 GH43_30.hmm          -            265   6.9e-32  115.3   1.7   1   1   2.9e-34   1.4e-31  114.3   1.7     3   257    41   291    40   300 0.84 [190263/488/1]
190263/379/1.f:LOJHAC_08255 -            334 GH43_30.hmm          -            265   1.1e-31  114.6   0.4   1   1   4.2e-34   2.1e-31  113.8   0.4     3   258    45   298    44   305 0.84 [190263/379/1]
190263/516/1.f:MGNFBC_06985 -            334 GH43_30.hmm          -            265   1.1e-31  114.6   0.4   1   1   4.2e-34   2.1e-31  113.8   0.4     3   258    45   298    44   305 0.84 [190263/516/1]
190263/366/1.f:DBJPFP_04310 -            332 GH43_30.hmm          -            265   1.4e-31  114.4   0.0   1   1   3.6e-34   1.8e-31  114.0   0.0     2   262    40   303    39   306 0.83 [190263/366/1]
190263/391/1.f:NONBJF_06480 -            802 GH43_30.hmm          -            265   1.4e-31  114.4   0.9   1   1   4.9e-34   2.4e-31  113.5   0.9     2   262    38   288    37   295 0.88 [190263/391/1]
190263/545/1.f:NCJBIN_06345 -            802 GH43_30.hmm          -            265   1.4e-31  114.3   0.9   1   1   4.9e-34   2.4e-31  113.5   0.9     2   262    38   288    37   295 0.88 [190263/545/1]
190263/391/1.f:NONBJF_11660 -            333 GH43_30.hmm          -            265   1.4e-31  114.3   0.0   1   1     4e-34     2e-31  113.8   0.0     2   263    43   306    42   308 0.85 [190263/391/1]
190263/534/1.f:OHCFJE_11930 -            333 GH43_30.hmm          -            265   1.4e-31  114.3   0.0   1   1     4e-34     2e-31  113.8   0.0     2   263    43   306    42   308 0.85 [190263/534/1]
190263/545/1.f:NCJBIN_12800 -            333 GH43_30.hmm          -            265   1.4e-31  114.3   0.0   1   1     4e-34     2e-31  113.8   0.0     2   263    43   306    42   308 0.85 [190263/545/1]
190263/365/1.f:JJMMAK_06475 -            332 GH43_30.hmm          -            265   1.6e-31  114.1   1.5   1   1   7.4e-34   3.6e-31  113.0   1.5     3   258    43   295    42   304 0.84 [190263/365/1]
190263/497/1.f:HENFFC_10575 -            995 GH43_30.hmm          -            265   1.8e-31  114.0   0.0   1   1     9e-34   4.5e-31  112.7   0.0     2   263   703   966   702   968 0.86 [190263/497/1]
190263/388/1.f:FDDJJK_11480 -            333 GH43_30.hmm          -            265   1.9e-31  113.9   0.0   1   1   5.7e-34   2.8e-31  113.4   0.0     2   263    43   306    42   308 0.85 [190263/388/1]
190263/368/1.f:HPMDBE_07740 -            334 GH43_30.hmm          -            265   2.1e-31  113.8   0.3   1   1   7.7e-34   3.8e-31  112.9   0.3     3   258    45   298    44   305 0.84 [190263/368/1]
190263/417/1.f:MHBJAE_08890 -            333 GH43_30.hmm          -            265   3.9e-31  112.9   1.2   1   1   1.8e-33   8.7e-31  111.7   1.2     3   257    41   291    40   300 0.83 [190263/417/1]
190263/552/1.f:EMALNL_09490 -           1085 GH43_30.hmm          -            265   8.9e-31  111.7   0.4   1   1   4.2e-33   2.1e-30  110.5   0.4     3   253   793  1041   792  1056 0.83 [190263/552/1]
190263/460/1.f:IHFGKI_00025 -            986 GH43_30.hmm          -            265   9.9e-31  111.6   6.6   1   1   3.1e-20   1.5e-17   68.3   3.2     4   252    40   305    38   317 0.78 [190263/460/1]
190263/369/1.f:JCDIFE_12795 -            333 GH43_30.hmm          -            265   1.6e-30  110.8   2.4   1   1   5.3e-33   2.6e-30  110.2   2.4     3   257    43   299    42   315 0.84 [190263/369/1]
190263/580/1.f:JCPJNN_25895 -            306 GH43_30.hmm          -            265   2.1e-30  110.5   0.6   1   1   6.6e-32   3.3e-29  106.6   0.6     2   253    19   269    18   276 0.83 [190263/580/1]
190263/502/1.f:NONHGB_01690 -            800 GH43_30.hmm          -            265   2.2e-30  110.4   3.4   1   1   9.4e-33   4.6e-30  109.4   3.4     2   262    38   288    37   295 0.89 [190263/502/1]
190263/399/1.f:CDLIDF_06485 -            815 GH43_30.hmm          -            265   3.6e-30  109.7   2.1   1   1   1.5e-32   7.2e-30  108.7   2.1     2   262    50   301    49   307 0.90 [190263/399/1]
190263/595/1.f:HGDLEC_06255 -            812 GH43_30.hmm          -            265   6.8e-30  108.8   1.1   1   1   2.5e-32   1.2e-29  108.0   1.1     2   262    39   290    38   297 0.88 [190263/595/1]
190263/556/1.f:EMIPPF_06030 -            332 GH43_30.hmm          -            265   4.8e-29  106.0   0.7   1   1   2.2e-31   1.1e-28  104.9   0.7     3   254    38   286    37   304 0.86 [190263/556/1]
190263/365/1.f:JJMMAK_09115 -            354 GH43_30.hmm          -            265   1.4e-28  104.5   0.3   1   1   9.8e-31   4.9e-28  102.7   0.3     3   257    53   317    51   331 0.80 [190263/365/1]
190263/552/1.f:EMALNL_03945 -            633 GH43_30.hmm          -            265   1.2e-27  101.4   0.0   1   1   3.7e-30   1.8e-27  100.9   0.0     2   259   328   599   327   611 0.83 [190263/552/1]
190263/527/1.f:HGADJN_08265 -           2030 GH43_30.hmm          -            265   3.7e-27   99.9  21.7   1   1   1.2e-24   6.2e-22   82.7   2.4     2   252  1572  1840  1571  1846 0.77 [190263/527/1]
190263/502/1.f:NONHGB_09350 -            326 GH43_30.hmm          -            265   5.1e-27   99.4   0.8   1   1   4.5e-29   2.2e-26   97.3   0.8     3   254    37   286    36   299 0.83 [190263/502/1]
190263/595/1.f:HGDLEC_10085 -            339 GH43_30.hmm          -            265   7.4e-27   98.9   0.1   1   1   2.2e-29   1.1e-26   98.3   0.1     4   260    34   321    32   325 0.79 [190263/595/1]
190263/562/1.f:KJGNCK_02445 -            464 GH43_30.hmm          -            265   7.6e-27   98.8   0.9   1   1   2.7e-29   1.3e-26   98.0   0.9     3   252    34   292    33   305 0.80 [190263/562/1]
190263/399/1.f:CDLIDF_04455 -            335 GH43_30.hmm          -            265   1.2e-26   98.2   0.3   1   1   3.1e-29   1.5e-26   97.8   0.3     4   258    38   313    36   325 0.81 [190263/399/1]
190263/562/1.f:KJGNCK_06510 -            633 GH43_30.hmm          -            265   3.6e-26   96.6   0.0   1   1   1.1e-28   5.6e-26   96.0   0.0     3   259   329   599   327   611 0.82 [190263/562/1]
190263/580/1.f:JCPJNN_23245 -            495 GH43_30.hmm          -            265   8.6e-26   95.4   0.2   1   1   4.1e-27     2e-24   90.9   0.2     3   242    55   305    53   377 0.82 [190263/580/1]
190263/443/1.f:LNLACP_09205 -            595 GH43_30.hmm          -            265   1.2e-24   91.6   0.8   1   1   3.7e-27   1.8e-24   91.0   0.8     3   263    20   299    18   301 0.80 [190263/443/1]
190263/460/1.f:IHFGKI_10855 -            336 GH43_30.hmm          -            265   3.5e-24   90.1   0.4   1   1     1e-26   5.1e-24   89.6   0.4     4   256    33   313    31   322 0.77 [190263/460/1]
190263/456/1.f:LKAJBD_09335 -            322 GH43_30.hmm          -            265   8.6e-24   88.8   2.6   1   1   6.2e-26   3.1e-23   87.0   2.6     3   252    42   284    41   301 0.84 [190263/456/1]
190263/399/1.f:CDLIDF_16915 -            467 GH43_30.hmm          -            265   1.1e-23   88.5   1.5   1   1   3.6e-26   1.8e-23   87.8   1.5     3   254    47   295    46   309 0.83 [190263/399/1]
190263/475/1.f:MCKEEP_09850 -            785 GH43_30.hmm          -            265   3.1e-23   87.0   0.9   1   1   1.1e-20   5.4e-18   69.8   0.1     1   264   324   600   324   601 0.78 [190263/475/1]
190263/504/1.f:DOAHDM_15675 -            513 GH43_30.hmm          -            265   8.2e-23   85.6   0.2   1   1   2.5e-25   1.3e-22   85.0   0.2     2   253    61   349    60   366 0.81 [190263/504/1]
190263/573/1.f:LIDFCI_13350 -            785 GH43_30.hmm          -            265   8.7e-23   85.5   1.2   1   1   2.3e-20   1.1e-17   68.7   0.1     1   264   324   600   324   601 0.77 [190263/573/1]
190263/401/1.f:DMFJNH_16020 -            314 GH43_30.hmm          -            265   9.9e-23   85.3   1.8   1   1   4.2e-25   2.1e-22   84.3   1.8     3   253    34   277    33   293 0.84 [190263/401/1]
190263/580/1.f:JCPJNN_28315 -            311 GH43_30.hmm          -            265   1.4e-22   84.8   0.1   1   1   3.8e-25   1.9e-22   84.4   0.1     3   254    17   280    15   291 0.86 [190263/580/1]
190263/401/1.f:DMFJNH_16010 -            513 GH43_30.hmm          -            265   1.5e-22   84.7   0.2   1   1   4.6e-25   2.3e-22   84.1   0.2     2   253    61   349    60   366 0.81 [190263/401/1]
190263/472/1.f:NMGHJI_01030 -            524 GH43_30.hmm          -            265   1.6e-22   84.7   1.6   1   1   1.7e-24   8.4e-22   82.3   1.6     3   254    65   386    63   403 0.77 [190263/472/1]
190263/502/1.f:NONHGB_05240 -            453 GH43_30.hmm          -            265     2e-22   84.3   0.9   1   1   7.1e-25   3.5e-22   83.5   0.9     3   252    33   280    32   296 0.80 [190263/502/1]
190263/405/1.f:EHKDKA_05920 -            453 GH43_30.hmm          -            265   2.2e-22   84.2   2.3   1   1   8.7e-25   4.3e-22   83.2   2.3     3   254    33   282    32   296 0.80 [190263/405/1]
190263/475/1.f:MCKEEP_15310 -            506 GH43_30.hmm          -            265   2.5e-22   84.0   0.2   1   1   7.9e-25   3.9e-22   83.4   0.2     2   251    54   340    53   359 0.79 [190263/475/1]
190263/562/1.f:KJGNCK_11030 -            785 GH43_30.hmm          -            265   3.1e-22   83.7   2.5   1   1   2.3e-19   1.1e-16   65.5   0.2     1   264   324   601   324   602 0.77 [190263/562/1]
190263/475/1.f:MCKEEP_15320 -            322 GH43_30.hmm          -            265   4.1e-22   83.3   2.1   1   1   1.7e-24   8.6e-22   82.2   2.1     3   252    42   284    41   301 0.86 [190263/475/1]
190263/456/1.f:LKAJBD_09325 -            495 GH43_30.hmm          -            265   4.2e-22   83.3   0.3   1   1   1.3e-24   6.4e-22   82.7   0.3     1   243    53   331    53   358 0.78 [190263/456/1]
190263/405/1.f:EHKDKA_22060 -            326 GH43_30.hmm          -            265   4.2e-22   83.3   2.5   1   1   2.5e-24   1.2e-21   81.7   2.5     3   252    46   288    45   305 0.84 [190263/405/1]
190263/504/1.f:DOAHDM_15685 -            314 GH43_30.hmm          -            265   4.6e-22   83.1   1.6   1   1     2e-24   9.7e-22   82.1   1.6     3   253    34   277    33   293 0.84 [190263/504/1]
190263/552/1.f:EMALNL_10950 -            785 GH43_30.hmm          -            265   5.5e-22   82.9   2.2   1   1     5e-19   2.5e-16   64.4   0.2     1   264   324   601   324   602 0.77 [190263/552/1]
190263/504/1.f:DOAHDM_23615 -            327 GH43_30.hmm          -            265   5.8e-22   82.8   0.0   1   1   1.6e-24   8.1e-22   82.3   0.0     4   257    53   308    51   315 0.88 [190263/504/1]
190263/502/1.f:NONHGB_08195 -            785 GH43_30.hmm          -            265   6.3e-22   82.7   1.5   1   1   5.8e-19   2.9e-16   64.1   0.1     1   264   324   601   324   602 0.78 [190263/502/1]
190263/401/1.f:DMFJNH_24345 -            327 GH43_30.hmm          -            265   7.5e-22   82.5   0.0   1   1   2.1e-24     1e-21   82.0   0.0     4   257    53   308    51   315 0.88 [190263/401/1]
190263/388/1.f:FDDJJK_05195 -            511 GH43_30.hmm          -            265   7.9e-22   82.4   0.4   1   1   3.2e-24   1.6e-21   81.4   0.4     2   217    72   309    71   357 0.84 [190263/388/1]
190263/369/1.f:JCDIFE_18055 -            324 GH43_30.hmm          -            265     9e-22   82.2   1.8   1   1   9.8e-24   4.8e-21   79.8   1.8     3   253    44   287    43   303 0.86 [190263/369/1]
190263/534/1.f:OHCFJE_07285 -            511 GH43_30.hmm          -            265     1e-21   82.0   0.7   1   1   3.8e-24   1.9e-21   81.1   0.7     2   219    72   311    71   365 0.82 [190263/534/1]
190263/502/1.f:NONHGB_20355 -            326 GH43_30.hmm          -            265     1e-21   82.0   1.5   1   1   5.1e-24   2.5e-21   80.7   1.5     3   252    46   288    45   305 0.84 [190263/502/1]
190263/545/1.f:NCJBIN_05645 -            511 GH43_30.hmm          -            265   1.3e-21   81.7   0.6   1   1   4.8e-24   2.4e-21   80.8   0.6     2   219    72   311    71   365 0.82 [190263/545/1]
190263/562/1.f:KJGNCK_15460 -            506 GH43_30.hmm          -            265   1.3e-21   81.6   0.2   1   1   4.3e-24   2.1e-21   81.0   0.2     2   251    54   340    53   359 0.79 [190263/562/1]
190263/405/1.f:EHKDKA_22070 -            495 GH43_30.hmm          -            265   1.5e-21   81.5   0.1   1   1   4.6e-24   2.3e-21   80.9   0.1     1   220    53   303    53   358 0.78 [190263/405/1]
190263/490/1.f:OIBLLI_09735 -            542 GH43_30.hmm          -            265   1.5e-21   81.5   0.1   1   1   6.4e-24   3.2e-21   80.4   0.1     1   249    19   257    19   270 0.85 [190263/490/1]
190263/456/1.f:LKAJBD_15325 -            452 GH43_30.hmm          -            265   1.6e-21   81.3   0.6   1   1   5.8e-24   2.9e-21   80.5   0.6     3   254    31   281    30   295 0.82 [190263/456/1]
190263/502/1.f:NONHGB_20365 -            495 GH43_30.hmm          -            265   2.2e-21   80.9   0.2   1   1   6.9e-24   3.4e-21   80.3   0.2     1   220    53   303    53   360 0.79 [190263/502/1]
190263/552/1.f:EMALNL_07535 -            443 GH43_30.hmm          -            265   2.3e-21   80.9   1.6   1   1   7.2e-24   3.5e-21   80.2   1.6     3   235    34   253    33   306 0.88 [190263/552/1]
190263/405/1.f:EHKDKA_05935 -            356 GH43_30.hmm          -            265   2.5e-21   80.7   0.3   1   1   9.2e-24   4.5e-21   79.9   0.3     3   252    40   284    38   304 0.81 [190263/405/1]
190263/391/1.f:NONBJF_05450 -            511 GH43_30.hmm          -            265   3.2e-21   80.4   0.6   1   1   1.2e-23   5.8e-21   79.5   0.6     2   219    72   311    71   365 0.82 [190263/391/1]
190263/475/1.f:MCKEEP_08335 -            443 GH43_30.hmm          -            265   3.3e-21   80.3   1.6   1   1   1.1e-23   5.2e-21   79.7   1.6     3   235    34   253    33   306 0.88 [190263/475/1]
190263/391/1.f:NONBJF_09835 -            499 GH43_30.hmm          -            265   3.7e-21   80.2   0.0   1   1   1.6e-23     8e-21   79.1   0.0     1   258    40   284    40   296 0.86 [190263/391/1]
190263/534/1.f:OHCFJE_02975 -            499 GH43_30.hmm          -            265   3.8e-21   80.2   0.0   1   1   1.6e-23     8e-21   79.1   0.0     1   258    40   284    40   296 0.86 [190263/534/1]
190263/545/1.f:NCJBIN_10675 -            499 GH43_30.hmm          -            265   3.8e-21   80.2   0.0   1   1   1.6e-23     8e-21   79.1   0.0     1   258    40   284    40   296 0.86 [190263/545/1]
190263/573/1.f:LIDFCI_15940 -            462 GH43_30.hmm          -            265   6.6e-21   79.3   0.6   1   1   2.2e-23   1.1e-20   78.7   0.6     3   233    36   275    35   297 0.80 [190263/573/1]
190263/520/1.f:GGDGDE_16925 -            517 GH43_30.hmm          -            265   8.4e-21   79.0   0.4   1   1   5.1e-23   2.5e-20   77.4   0.4     3   256    55   383    53   394 0.82 [190263/520/1]
190263/399/1.f:CDLIDF_16920 -            441 GH43_30.hmm          -            265   9.4e-21   78.8   2.4   1   1   2.9e-23   1.5e-20   78.2   1.5     3   238    34   256    33   267 0.86 [190263/399/1]
190263/388/1.f:FDDJJK_00180 -            835 GH43_30.hmm          -            265   1.1e-20   78.6   1.2   1   1   4.4e-23   2.2e-20   77.6   1.2     3   233    39   278    38   305 0.78 [190263/388/1]
190263/552/1.f:EMALNL_07595 -            462 GH43_30.hmm          -            265   1.2e-20   78.5   0.6   1   1     4e-23     2e-20   77.8   0.6     3   233    36   275    35   297 0.80 [190263/552/1]
190263/369/1.f:JCDIFE_18065 -            500 GH43_30.hmm          -            265   1.8e-20   77.9   0.2   1   1   5.5e-23   2.7e-20   77.3   0.2     1   227    58   307    58   357 0.82 [190263/369/1]
190263/409/1.f:AJJCMD_29650 -            537 GH43_30.hmm          -            265   3.4e-20   77.0   0.0   1   1   1.1e-22   5.3e-20   76.4   0.0     1   249    45   281    45   295 0.82 [190263/409/1]
190263/437/1.f:LBKKEJ_14810 -            501 GH43_30.hmm          -            265   3.7e-20   76.9   0.1   1   1   1.5e-22   7.5e-20   75.9   0.1     1   257    42   285    42   297 0.87 [190263/437/1]
190263/585/1.f:DLBDDB_16965 -            548 GH43_30.hmm          -            265   4.3e-20   76.7   0.2   1   1   2.8e-22   1.4e-19   75.0   0.2     1   260    44   293    44   298 0.84 [190263/585/1]
190263/562/1.f:KJGNCK_14345 -            549 GH43_30.hmm          -            265   5.7e-20   76.3   0.2   1   1   3.8e-22   1.9e-19   74.6   0.2     1   261    44   294    44   298 0.83 [190263/562/1]
190263/502/1.f:NONHGB_14095 -            549 GH43_30.hmm          -            265     7e-20   76.0   0.1   1   1   2.8e-22   1.4e-19   75.0   0.1     1   261    44   294    44   298 0.84 [190263/502/1]
190263/405/1.f:EHKDKA_15365 -            549 GH43_30.hmm          -            265   7.3e-20   75.9   0.1   1   1   3.2e-22   1.6e-19   74.8   0.1     1   261    44   294    44   298 0.84 [190263/405/1]
190263/396/1.f:KAAOMA_17065 -           1003 GH43_30.hmm          -            265   7.6e-20   75.9   2.7   1   1   1.6e-22     8e-20   75.8   0.5     3   251    40   288    39   299 0.80 [190263/396/1]
190263/573/1.f:LIDFCI_16005 -            475 GH43_30.hmm          -            265     8e-20   75.8   2.1   1   1   3.2e-22   1.6e-19   74.8   1.9     3   222    33   240    32   260 0.84 [190263/573/1]
190263/552/1.f:EMALNL_01635 -            458 GH43_30.hmm          -            265     9e-20   75.6   3.2   1   1   3.6e-21   1.8e-18   71.4   2.3     3   235    46   264    45   274 0.87 [190263/552/1]
190263/475/1.f:MCKEEP_14510 -            549 GH43_30.hmm          -            265   9.4e-20   75.6   0.2   1   1   6.1e-22     3e-19   73.9   0.2     1   260    44   293    44   298 0.83 [190263/475/1]
190263/573/1.f:LIDFCI_04235 -            549 GH43_30.hmm          -            265   9.4e-20   75.6   0.1   1   1   6.2e-22     3e-19   73.9   0.1     1   254    44   288    44   298 0.83 [190263/573/1]
190263/409/1.f:AJJCMD_29510 -            293 GH43_30.hmm          -            265   9.5e-20   75.6   0.2   1   1   2.4e-22   1.2e-19   75.2   0.2     2   251     8   265     7   280 0.83 [190263/409/1]
190263/562/1.f:KJGNCK_03380 -            318 GH43_30.hmm          -            265     1e-19   75.5   0.0   1   1   3.8e-22   1.9e-19   74.6   0.0     4   260    44   301    41   306 0.86 [190263/562/1]
190263/456/1.f:LKAJBD_17190 -            448 GH43_30.hmm          -            265   1.2e-19   75.2   1.5   1   1   2.4e-22   1.2e-19   75.2   1.5     3   234    36   253    35   283 0.86 [190263/456/1]
190263/502/1.f:NONHGB_05255 -            361 GH43_30.hmm          -            265   1.4e-19   75.0   0.3   1   1   5.9e-22   2.9e-19   74.0   0.3     3   252    40   284    39   304 0.81 [190263/502/1]
190263/401/1.f:DMFJNH_06490 -            370 GH43_30.hmm          -            265   1.5e-19   74.9   3.8   1   1     4e-22     2e-19   74.5   3.8     5   254    47   318    44   331 0.80 [190263/401/1]
190263/504/1.f:DOAHDM_07160 -            370 GH43_30.hmm          -            265   1.5e-19   74.9   3.8   1   1     4e-22     2e-19   74.5   3.8     5   254    47   318    44   331 0.80 [190263/504/1]
190263/399/1.f:CDLIDF_13570 -            659 GH43_30.hmm          -            265   1.6e-19   74.8   5.0   1   1   1.1e-21   5.2e-19   73.1   5.0     4   227   318   571   316   618 0.77 [190263/399/1]
190263/552/1.f:EMALNL_14145 -            549 GH43_30.hmm          -            265   1.7e-19   74.7   0.1   1   1   1.1e-21   5.5e-19   73.1   0.1     1   255    44   288    44   298 0.81 [190263/552/1]
190263/456/1.f:LKAJBD_03940 -            442 GH43_30.hmm          -            265   1.8e-19   74.6   0.5   1   1   7.1e-22   3.5e-19   73.7   0.5     3   256    31   278    30   289 0.84 [190263/456/1]
190263/401/1.f:DMFJNH_14545 -            549 GH43_30.hmm          -            265   2.1e-19   74.4   0.1   1   1   1.7e-21   8.2e-19   72.5   0.1     1   261    44   294    44   298 0.83 [190263/401/1]
190263/457/1.f:IIKDLL_04080 -            553 GH43_30.hmm          -            265   2.1e-19   74.4   0.1   1   1   8.4e-22   4.2e-19   73.4   0.1     1   249    39   277    39   290 0.81 [190263/457/1]
190263/504/1.f:DOAHDM_14575 -            549 GH43_30.hmm          -            265   2.1e-19   74.4   0.1   1   1   1.7e-21   8.2e-19   72.5   0.1     1   261    44   294    44   298 0.83 [190263/504/1]
190263/475/1.f:MCKEEP_08390 -            461 GH43_30.hmm          -            265   2.8e-19   74.0   0.4   1   1   9.5e-22   4.7e-19   73.3   0.4     3   233    35   274    34   299 0.79 [190263/475/1]
190263/391/1.f:NONBJF_00960 -            784 GH43_30.hmm          -            265   2.8e-19   74.0   4.5   1   1   2.3e-18   1.1e-15   62.2   0.8     1   264   324   601   324   602 0.78 [190263/391/1]
190263/388/1.f:FDDJJK_00940 -            784 GH43_30.hmm          -            265   3.2e-19   73.8   5.1   1   1     2e-18     1e-15   62.4   1.1     1   264   324   601   324   602 0.79 [190263/388/1]
190263/534/1.f:OHCFJE_01725 -            784 GH43_30.hmm          -            265   3.5e-19   73.7   4.5   1   1   2.7e-18   1.4e-15   61.9   0.8     1   264   324   601   324   602 0.78 [190263/534/1]
190263/545/1.f:NCJBIN_01075 -            784 GH43_30.hmm          -            265   3.8e-19   73.6   4.6   1   1   2.7e-18   1.4e-15   61.9   0.8     1   264   324   601   324   602 0.78 [190263/545/1]
190263/412/1.f:OOIBGL_08970 -            536 GH43_30.hmm          -            265   8.9e-19   72.4   4.8   1   1   3.2e-21   1.6e-18   71.5   4.8     4   254    83   354    81   367 0.75 [190263/412/1]
190263/552/1.f:EMALNL_01775 -            364 GH43_30.hmm          -            265   1.1e-18   72.1   3.5   1   1   4.5e-21   2.2e-18   71.1   1.9     3   255    43   297    42   314 0.76 [190263/552/1]
190263/520/1.f:GGDGDE_09240 -            526 GH43_30.hmm          -            265   1.3e-18   71.9   0.6   1   1   6.1e-21     3e-18   70.6   0.1     1   261    22   270    22   274 0.85 [190263/520/1]
190263/417/1.f:MHBJAE_04965 -            997 GH43_30.hmm          -            265   1.3e-18   71.8   1.4   1   1   6.6e-21   3.2e-18   70.5   1.4     3   253   376   636   375   648 0.76 [190263/417/1]
190263/534/1.f:OHCFJE_01190 -            304 GH43_30.hmm          -            265   1.4e-18   71.8   4.8   1   1     7e-21   3.5e-18   70.4   4.8     3   251    34   271    32   287 0.80 [190263/534/1]
190263/502/1.f:NONHGB_05940 -            955 GH43_30.hmm          -            265   1.5e-18   71.7   2.8   1   1   6.2e-21     3e-18   70.6   2.8     3   256   634   909   633   920 0.76 [190263/502/1]
190263/443/1.f:LNLACP_05715 -            520 GH43_30.hmm          -            265   2.6e-18   70.9   0.0   1   1   7.7e-21   3.8e-18   70.3   0.0     2   255    13   268    12   281 0.80 [190263/443/1]
190263/552/1.f:EMALNL_01505 -            461 GH43_30.hmm          -            265   3.3e-18   70.5   0.4   1   1   1.1e-20   5.6e-18   69.7   0.4     3   240    34   274    33   304 0.77 [190263/552/1]
190263/534/1.f:OHCFJE_09655 -            818 GH43_30.hmm          -            265   3.8e-18   70.3  10.1   1   1   1.7e-16   8.4e-14   56.1   5.2     1   258    30   269    30   278 0.83 [190263/534/1]
190263/545/1.f:NCJBIN_02935 -            817 GH43_30.hmm          -            265     4e-18   70.2  10.2   1   1   1.7e-16   8.4e-14   56.1   5.2     1   258    29   268    29   277 0.83 [190263/545/1]
190263/472/1.f:NMGHJI_01025 -            318 GH43_30.hmm          -            265   4.1e-18   70.2   0.6   1   1   1.2e-20     6e-18   69.7   0.6     3   257    16   285    14   300 0.83 [190263/472/1]
190263/562/1.f:KJGNCK_03010 -            388 GH43_30.hmm          -            265   4.1e-18   70.2   1.1   1   1   1.1e-20   5.5e-18   69.8   1.1    22   254    82   338    65   351 0.77 [190263/562/1]
190263/391/1.f:NONBJF_02560 -            817 GH43_30.hmm          -            265   4.4e-18   70.1  10.4   1   1   1.7e-16   8.4e-14   56.1   5.2     1   258    29   268    29   277 0.83 [190263/391/1]
190263/460/1.f:IHFGKI_10860 -            556 GH43_30.hmm          -            265   4.5e-18   70.1   3.7   1   1   1.6e-20   7.9e-18   69.3   3.7     1   225    82   369    82   393 0.86 [190263/460/1]
190263/534/1.f:OHCFJE_08385 -            513 GH43_30.hmm          -            265   4.7e-18   70.0   0.1   1   1   1.5e-20   7.7e-18   69.3   0.1     1   262    42   282    42   285 0.87 [190263/534/1]
190263/391/1.f:NONBJF_03805 -            513 GH43_30.hmm          -            265   7.4e-18   69.3   0.1   1   1   2.5e-20   1.2e-17   68.6   0.1     1   262    42   282    42   285 0.86 [190263/391/1]
190263/545/1.f:NCJBIN_04485 -            513 GH43_30.hmm          -            265   7.4e-18   69.3   0.1   1   1   2.5e-20   1.2e-17   68.6   0.1     1   262    42   282    42   285 0.86 [190263/545/1]
190263/390/1.f:OLPOLE_13405 -            303 GH43_30.hmm          -            265   7.7e-18   69.3   0.0   1   1     2e-20     1e-17   68.9   0.0     4   235    10   252     8   280 0.87 [190263/390/1]
190263/595/1.f:HGDLEC_08325 -            561 GH43_30.hmm          -            265   8.3e-18   69.2   0.0   1   1   7.8e-19   3.8e-16   63.7   0.0     3   255    57   317    56   330 0.81 [190263/595/1]
190263/388/1.f:FDDJJK_02675 -            818 GH43_30.hmm          -            265     9e-18   69.1  12.3   1   1   7.5e-16   3.7e-13   53.9   5.3     1   257    30   268    30   277 0.83 [190263/388/1]
190263/457/1.f:IIKDLL_11780 -            646 GH43_30.hmm          -            265   9.6e-18   69.0   0.0   1   1     4e-20     2e-17   68.0   0.0     3   250   144   381   143   388 0.82 [190263/457/1]
190263/456/1.f:LKAJBD_03935 -            334 GH43_30.hmm          -            265   1.1e-17   68.8   4.3   1   1   6.4e-20   3.2e-17   67.3   4.3     3   254    41   294    40   311 0.79 [190263/456/1]
190263/502/1.f:NONHGB_05225 -            461 GH43_30.hmm          -            265   1.2e-17   68.6   0.2   1   1   3.9e-20   1.9e-17   68.0   0.2     3   235    36   273    35   307 0.78 [190263/502/1]
190263/384/1.f:CDKGIA_11810 -            549 GH43_30.hmm          -            265   1.3e-17   68.5   0.0   1   1   4.1e-20     2e-17   67.9   0.0     1   250    12   249    12   262 0.83 [190263/384/1]
190263/365/1.f:JJMMAK_14140 -            324 GH43_30.hmm          -            265   1.7e-17   68.2   0.1   1   1   7.5e-20   3.7e-17   67.1   0.1     4   257    39   304    37   312 0.81 [190263/365/1]
190263/502/1.f:NONHGB_05900 -            462 GH43_30.hmm          -            265   1.8e-17   68.1   3.0   1   1     1e-19   5.1e-17   66.6   3.0     3   261    39   291    37   295 0.83 [190263/502/1]
190263/412/1.f:OOIBGL_00545 -            660 GH43_30.hmm          -            265   1.8e-17   68.1   1.6   1   1   1.5e-19   7.4e-17   66.1   1.6     3   256   196   528   194   540 0.76 [190263/412/1]
190263/552/1.f:EMALNL_07150 -            369 GH43_30.hmm          -            265   2.1e-17   67.9   1.3   1   1   5.4e-20   2.7e-17   67.5   1.3    23   254    64   319    46   332 0.77 [190263/552/1]
190263/475/1.f:MCKEEP_07775 -            369 GH43_30.hmm          -            265   2.1e-17   67.8   1.3   1   1   5.7e-20   2.8e-17   67.4   1.3    23   254    64   319    46   332 0.77 [190263/475/1]
190263/502/1.f:NONHGB_00190 -            517 GH43_30.hmm          -            265   2.5e-17   67.6   0.2   1   1     1e-19   5.1e-17   66.6   0.2     1   256    47   291    47   300 0.81 [190263/502/1]
190263/369/1.f:JCDIFE_10740 -            544 GH43_30.hmm          -            265   3.3e-17   67.2   0.1   1   1     4e-19     2e-16   64.7   0.1     1   260    39   288    39   293 0.81 [190263/369/1]
190263/546/1.f:GEHMID_03135 -            526 GH43_30.hmm          -            265   3.8e-17   67.0   0.0   1   1   1.3e-19   6.4e-17   66.3   0.0     3   255    16   273    15   287 0.84 [190263/546/1]
190263/447/1.f:OLODHC_01285 -            525 GH43_30.hmm          -            265   3.9e-17   67.0   0.0   1   1   2.5e-19   1.3e-16   65.3   0.0     3   253    14   264    13   275 0.84 [190263/447/1]
190263/556/1.f:EMIPPF_02125 -            353 GH43_30.hmm          -            265   3.9e-17   67.0   0.2   1   1     1e-19     5e-17   66.6   0.2     2   257    42   311    41   322 0.80 [190263/556/1]
190263/573/1.f:LIDFCI_16675 -            369 GH43_30.hmm          -            265     4e-17   66.9   1.1   1   1   1.1e-19   5.3e-17   66.5   1.1    23   254    64   319    46   332 0.77 [190263/573/1]
190263/504/1.f:DOAHDM_03725 -            514 GH43_30.hmm          -            265   4.7e-17   66.7   0.5   1   1   1.9e-19   9.6e-17   65.7   0.1     1   262    43   283    43   286 0.87 [190263/504/1]
190263/401/1.f:DMFJNH_03265 -            514 GH43_30.hmm          -            265   4.7e-17   66.7   0.5   1   1   1.9e-19   9.6e-17   65.7   0.1     1   262    43   283    43   286 0.87 [190263/401/1]
190263/404/1.f:BGJBIG_08440 -            479 GH43_30.hmm          -            265   5.2e-17   66.6   1.1   1   1   1.6e-19   7.7e-17   66.0   1.1     2   261    57   309    56   313 0.79 [190263/404/1]
190263/417/1.f:MHBJAE_04875 -            368 GH43_30.hmm          -            265   6.8e-17   66.2   4.2   1   1   1.9e-19   9.2e-17   65.8   4.2     3   257    47   323    45   333 0.79 [190263/417/1]
190263/502/1.f:NONHGB_06010 -            829 GH43_30.hmm          -            265   8.1e-17   65.9   0.6   1   1     1e-17   5.2e-15   60.0   0.4     4   257   548   809   548   821 0.77 [190263/502/1]
190263/540/1.f:BCGFLB_03265 -            353 GH43_30.hmm          -            265   8.7e-17   65.8   0.0   1   1   2.2e-19   1.1e-16   65.5   0.0     4   227    68   304    65   328 0.83 [190263/540/1]
190263/580/1.f:JCPJNN_23080 -            316 GH43_30.hmm          -            265   9.7e-17   65.7   0.3   1   1   2.5e-19   1.2e-16   65.4   0.3     3   256    16   284    14   299 0.79 [190263/580/1]
190263/369/1.f:JCDIFE_12790 -            817 GH43_30.hmm          -            265     1e-16   65.6   8.9   1   1   4.2e-16   2.1e-13   54.8   2.1     1   257    33   271    33   280 0.82 [190263/369/1]
190263/490/1.f:OIBLLI_02545 -            512 GH43_30.hmm          -            265   1.3e-16   65.2   0.0   1   1   4.8e-19   2.4e-16   64.4   0.0     2   251    14   257    13   272 0.81 [190263/490/1]
190263/388/1.f:FDDJJK_00210 -            632 GH43_30.hmm          -            265   1.6e-16   64.9   0.0   1   1   8.3e-19   4.1e-16   63.6   0.0     3   255   133   395   132   409 0.83 [190263/388/1]
190263/391/1.f:NONBJF_05480 -            619 GH43_30.hmm          -            265   1.7e-16   64.9   0.8   1   1   1.3e-18   6.5e-16   63.0   0.8     1   217   151   428   151   474 0.85 [190263/391/1]
190263/580/1.f:JCPJNN_10115 -            541 GH43_30.hmm          -            265   1.7e-16   64.9   0.0   1   1   6.2e-19   3.1e-16   64.0   0.0     3   250    15   258    14   274 0.81 [190263/580/1]
190263/545/1.f:NCJBIN_05675 -            627 GH43_30.hmm          -            265   1.7e-16   64.9   0.8   1   1   1.4e-18   6.7e-16   62.9   0.8     1   217   159   436   159   482 0.85 [190263/545/1]
190263/412/1.f:OOIBGL_09030 -            320 GH43_30.hmm          -            265   1.8e-16   64.8   0.6   1   1   2.1e-18     1e-15   62.3   0.6     3   255    16   283    14   297 0.84 [190263/412/1]
190263/546/1.f:GEHMID_02780 -            535 GH43_30.hmm          -            265   1.9e-16   64.7   0.1   1   1   7.6e-19   3.8e-16   63.8   0.1     3   256    13   267    12   274 0.83 [190263/546/1]
190263/391/1.f:NONBJF_10790 -            554 GH43_30.hmm          -            265     2e-16   64.7   0.1   1   1   6.8e-19   3.4e-16   63.9   0.1     1   248    44   281    44   296 0.81 [190263/391/1]
190263/534/1.f:OHCFJE_02065 -            554 GH43_30.hmm          -            265     2e-16   64.7   0.1   1   1   6.8e-19   3.4e-16   63.9   0.1     1   248    44   281    44   296 0.81 [190263/534/1]
190263/545/1.f:NCJBIN_11650 -            554 GH43_30.hmm          -            265     2e-16   64.7   0.1   1   1   6.8e-19   3.4e-16   63.9   0.1     1   248    44   281    44   296 0.81 [190263/545/1]
190263/564/1.f:KIHMBJ_11625 -            334 GH43_30.hmm          -            265     2e-16   64.6   0.0   1   1   5.4e-19   2.7e-16   64.2   0.0     4   227    41   275    39   305 0.84 [190263/564/1]
190263/552/1.f:EMALNL_01805 -            472 GH43_30.hmm          -            265   2.1e-16   64.6   1.1   1   1   1.3e-18   6.5e-16   63.0   1.0     3   235    36   273    35   307 0.79 [190263/552/1]
190263/546/1.f:GEHMID_13755 -            317 GH43_30.hmm          -            265   2.2e-16   64.5   1.0   1   1   8.6e-19   4.2e-16   63.6   1.0     3   257    16   285    14   300 0.77 [190263/546/1]
190263/412/1.f:OOIBGL_08975 -            536 GH43_30.hmm          -            265   2.3e-16   64.5   1.3   1   1   3.4e-18   1.7e-15   61.6   1.3     3   256    71   402    69   412 0.71 [190263/412/1]
190263/456/1.f:LKAJBD_13210 -            507 GH43_30.hmm          -            265   2.3e-16   64.5   0.2   1   1   1.2e-18     6e-16   63.1   0.2     3   256    57   330    56   348 0.84 [190263/456/1]
190263/534/1.f:OHCFJE_00275 -            555 GH43_30.hmm          -            265   2.5e-16   64.3   0.2   1   1   8.6e-19   4.2e-16   63.6   0.2     1   262    45   295    45   298 0.84 [190263/534/1]
190263/388/1.f:FDDJJK_05225 -            627 GH43_30.hmm          -            265   2.9e-16   64.1   0.6   1   1   2.6e-18   1.3e-15   62.0   0.6     1   217   159   436   159   483 0.82 [190263/388/1]
190263/504/1.f:DOAHDM_07920 -            461 GH43_30.hmm          -            265   2.9e-16   64.1   2.9   1   1   2.2e-18   1.1e-15   62.2   2.9     3   261    37   289    35   293 0.81 [190263/504/1]
190263/399/1.f:CDLIDF_10095 -            833 GH43_30.hmm          -            265   3.5e-16   63.9  11.5   1   1   9.2e-17   4.6e-14   56.9   4.1     1   257    30   271    30   280 0.82 [190263/399/1]
190263/460/1.f:IHFGKI_14510 -            838 GH43_30.hmm          -            265   3.6e-16   63.8   0.5   1   1   1.6e-18     8e-16   62.7   0.5     3   257    29   278    28   288 0.81 [190263/460/1]
190263/460/1.f:IHFGKI_01825 -            596 GH43_30.hmm          -            265   4.2e-16   63.6   0.7   1   1   1.8e-18   8.8e-16   62.5   0.7     1   262    53   313    53   316 0.77 [190263/460/1]
190263/461/1.f:DHPHOK_17575 -            979 GH43_30.hmm          -            265   4.2e-16   63.6   1.5   1   1   2.1e-18     1e-15   62.3   1.5     1   256   512   756   512   760 0.83 [190263/461/1]
190263/456/1.f:LKAJBD_13615 -            322 GH43_30.hmm          -            265   4.4e-16   63.5   5.2   1   1   4.7e-18   2.3e-15   61.2   5.2     3   256    41   294    40   305 0.79 [190263/456/1]
190263/456/1.f:LKAJBD_09300 -            630 GH43_30.hmm          -            265   4.5e-16   63.5   1.5   1   1   2.4e-18   1.2e-15   62.1   1.5     1   216   161   442   161   490 0.88 [190263/456/1]
190263/552/1.f:EMALNL_11310 -            558 GH43_30.hmm          -            265   4.8e-16   63.4   0.1   1   1   1.8e-18   8.7e-16   62.6   0.1     1   263    46   298    46   300 0.81 [190263/552/1]
190263/502/1.f:NONHGB_06000 -            375 GH43_30.hmm          -            265   5.1e-16   63.3   2.6   1   1   1.6e-18   7.7e-16   62.7   2.6     3   256    51   326    50   340 0.75 [190263/502/1]
190263/488/1.f:DNPFAC_05425 -            368 GH43_30.hmm          -            265   5.3e-16   63.3   3.3   1   1   1.6e-18   7.7e-16   62.7   3.3     3   257    47   323    45   333 0.76 [190263/488/1]
190263/404/1.f:BGJBIG_07300 -            558 GH43_30.hmm          -            265   5.5e-16   63.2   0.1   1   1     2e-18     1e-15   62.4   0.1     1   263    46   298    46   300 0.80 [190263/404/1]
190263/405/1.f:EHKDKA_12800 -            530 GH43_30.hmm          -            265   6.1e-16   63.1   0.0   1   1   7.2e-18   3.6e-15   60.6   0.0     3   257    14   269    13   278 0.83 [190263/405/1]
190263/405/1.f:EHKDKA_02300 -            456 GH43_30.hmm          -            265   6.6e-16   63.0   1.8   1   1   2.5e-18   1.2e-15   62.0   1.8     3   251    31   278    30   294 0.83 [190263/405/1]
190263/456/1.f:LKAJBD_08130 -            577 GH43_30.hmm          -            265   6.8e-16   62.9   0.0   1   1   3.4e-18   1.7e-15   61.6   0.0     3   255    78   340    77   354 0.82 [190263/456/1]
190263/388/1.f:FDDJJK_10255 -            554 GH43_30.hmm          -            265   7.1e-16   62.8   0.1   1   1   2.8e-18   1.4e-15   61.9   0.1     1   248    44   281    44   296 0.80 [190263/388/1]
190263/475/1.f:MCKEEP_10240 -            558 GH43_30.hmm          -            265   7.8e-16   62.7   0.1   1   1   2.9e-18   1.4e-15   61.9   0.1     1   263    46   298    46   300 0.81 [190263/475/1]
190263/420/1.f:GMHOLO_03385 -            338 GH43_30.hmm          -            265   7.9e-16   62.7   0.3   1   1   3.2e-18   1.6e-15   61.7   0.3     3   255    13   278    11   292 0.83 [190263/420/1]
190263/562/1.f:KJGNCK_11340 -            558 GH43_30.hmm          -            265     8e-16   62.7   0.1   1   1   2.9e-18   1.4e-15   61.9   0.1     1   263    46   298    46   300 0.80 [190263/562/1]
190263/527/1.f:HGADJN_00795 -            338 GH43_30.hmm          -            265   8.4e-16   62.6   0.3   1   1   3.8e-18   1.9e-15   61.5   0.3     3   255    13   278    11   292 0.83 [190263/527/1]
190263/534/1.f:OHCFJE_00195 -            632 GH43_30.hmm          -            265   8.7e-16   62.6   0.0   1   1   5.1e-18   2.5e-15   61.0   0.0     3   255   133   395   132   409 0.82 [190263/534/1]
190263/391/1.f:NONBJF_00195 -            632 GH43_30.hmm          -            265   8.7e-16   62.6   0.0   1   1   5.1e-18   2.5e-15   61.0   0.0     3   255   133   395   132   409 0.82 [190263/391/1]
190263/545/1.f:NCJBIN_00195 -            632 GH43_30.hmm          -            265   8.7e-16   62.6   0.0   1   1   5.1e-18   2.5e-15   61.0   0.0     3   255   133   395   132   409 0.82 [190263/545/1]
190263/366/1.f:DBJPFP_01310 -            474 GH43_30.hmm          -            265   8.8e-16   62.6   0.4   1   1   3.1e-18   1.5e-15   61.8   0.4     2   256   134   432   133   445 0.79 [190263/366/1]
190263/437/1.f:LBKKEJ_08355 -            555 GH43_30.hmm          -            265   9.7e-16   62.4   0.1   1   1   2.9e-18   1.4e-15   61.8   0.1     1   252    45   285    45   298 0.81 [190263/437/1]
190263/585/1.f:DLBDDB_08645 -            558 GH43_30.hmm          -            265   9.8e-16   62.4   0.1   1   1   3.5e-18   1.7e-15   61.6   0.1     1   263    46   298    46   300 0.80 [190263/585/1]
190263/399/1.f:CDLIDF_10110 -            550 GH43_30.hmm          -            265   9.8e-16   62.4   0.1   1   1   1.3e-17   6.5e-15   59.7   0.1     1   263    45   297    45   299 0.82 [190263/399/1]
190263/520/1.f:GGDGDE_09245 -            630 GH43_30.hmm          -            265   1.1e-15   62.2   0.0   1   1   4.4e-18   2.2e-15   61.2   0.0     2   250   141   378   140   384 0.80 [190263/520/1]
190263/552/1.f:EMALNL_07540 -            577 GH43_30.hmm          -            265   1.3e-15   62.0   0.0   1   1     6e-18     3e-15   60.8   0.0     3   255    78   340    77   354 0.79 [190263/552/1]
190263/573/1.f:LIDFCI_00915 -            558 GH43_30.hmm          -            265   1.3e-15   62.0   0.1   1   1   4.5e-18   2.2e-15   61.2   0.1     1   263    46   298    46   300 0.81 [190263/573/1]
190263/456/1.f:LKAJBD_15320 -            449 GH43_30.hmm          -            265   1.4e-15   61.9   1.8   1   1   5.7e-18   2.8e-15   60.9   1.8     3   251    29   276    28   293 0.82 [190263/456/1]
190263/388/1.f:FDDJJK_00610 -            549 GH43_30.hmm          -            265   1.4e-15   61.9   0.0   1   1   1.5e-17   7.2e-15   59.5   0.0     1   241    44   274    44   297 0.79 [190263/388/1]
190263/391/1.f:NONBJF_09445 -            955 GH43_30.hmm          -            265   1.4e-15   61.9   0.1   1   1   5.5e-18   2.7e-15   60.9   0.1     1   263    43   284    43   286 0.85 [190263/391/1]
190263/534/1.f:OHCFJE_03435 -            955 GH43_30.hmm          -            265   1.4e-15   61.9   0.1   1   1   5.5e-18   2.7e-15   60.9   0.1     1   263    43   284    43   286 0.85 [190263/534/1]
190263/545/1.f:NCJBIN_10260 -            955 GH43_30.hmm          -            265   1.4e-15   61.9   0.1   1   1   5.5e-18   2.7e-15   60.9   0.1     1   263    43   284    43   286 0.85 [190263/545/1]
190263/583/1.f:BCCKNC_05030 -            348 GH43_30.hmm          -            265   1.5e-15   61.8   0.9   1   1     5e-18   2.5e-15   61.1   0.9     3   254    61   298    59   321 0.79 [190263/583/1]
190263/502/1.f:NONHGB_05445 -            443 GH43_30.hmm          -            265   1.8e-15   61.5   0.3   1   1   7.1e-18   3.5e-15   60.6   0.3     3   256    32   279    31   290 0.82 [190263/502/1]
190263/502/1.f:NONHGB_02290 -            322 GH43_30.hmm          -            265   1.8e-15   61.5   6.1   1   1   1.8e-17   8.8e-15   59.3   6.1     3   254    41   292    40   304 0.78 [190263/502/1]
190263/580/1.f:JCPJNN_30780 -            332 GH43_30.hmm          -            265   1.8e-15   61.5   0.0   1   1   5.4e-18   2.7e-15   61.0   0.0     3   223    13   249    12   264 0.86 [190263/580/1]
190263/466/1.f:PGJOII_00185 -            558 GH43_30.hmm          -            265     2e-15   61.4   0.1   1   1     7e-18   3.5e-15   60.6   0.1     1   251    47   287    47   301 0.80 [190263/466/1]
190263/429/1.f:OMPHBF_13095 -            519 GH43_30.hmm          -            265   2.1e-15   61.3   0.0   1   1   1.1e-16   5.6e-14   56.6   0.0     3   257    13   258    12   270 0.81 [190263/429/1]
190263/460/1.f:IHFGKI_00020 -            443 GH43_30.hmm          -            265   2.4e-15   61.1   4.2   1   1   1.1e-17   5.5e-15   59.9   3.2     3   234    30   246    29   258 0.86 [190263/460/1]
190263/366/1.f:DBJPFP_05345 -            466 GH43_30.hmm          -            265   2.4e-15   61.1   2.3   1   1   7.6e-18   3.8e-15   60.5   2.3     2   256   137   424   136   435 0.78 [190263/366/1]
190263/573/1.f:LIDFCI_15995 -            577 GH43_30.hmm          -            265   2.6e-15   61.0   0.0   1   1   1.2e-17   6.1e-15   59.8   0.0     3   255    78   340    77   354 0.79 [190263/573/1]
190263/545/1.f:NCJBIN_10445 -            549 GH43_30.hmm          -            265   2.7e-15   61.0   0.1   1   1   1.1e-17   5.6e-15   59.9   0.1     3   252    53   302    52   310 0.82 [190263/545/1]
190263/391/1.f:NONBJF_09625 -            549 GH43_30.hmm          -            265   2.7e-15   61.0   0.1   1   1   1.1e-17   5.6e-15   59.9   0.1     3   252    53   302    52   310 0.82 [190263/391/1]
190263/534/1.f:OHCFJE_03255 -            549 GH43_30.hmm          -            265   2.7e-15   61.0   0.1   1   1   1.1e-17   5.6e-15   59.9   0.1     3   252    53   302    52   310 0.82 [190263/534/1]
190263/502/1.f:NONHGB_11150 -            325 GH43_30.hmm          -            265   2.9e-15   60.8   0.1   1   1   9.4e-18   4.6e-15   60.2   0.1     3   252    15   291    13   304 0.73 [190263/502/1]
190263/405/1.f:EHKDKA_06255 -            443 GH43_30.hmm          -            265   3.2e-15   60.7   0.2   1   1   1.2e-17   6.2e-15   59.8   0.2     3   256    32   279    31   290 0.81 [190263/405/1]
190263/391/1.f:NONBJF_00200 -            323 GH43_30.hmm          -            265   3.4e-15   60.6   0.1   1   1   1.2e-17   6.1e-15   59.8   0.1     2   254    14   292    13   305 0.75 [190263/391/1]
190263/417/1.f:MHBJAE_04845 -            358 GH43_30.hmm          -            265   3.4e-15   60.6   2.0   1   1   8.8e-18   4.4e-15   60.3   2.0     4   254    46   318    44   331 0.81 [190263/417/1]
190263/497/1.f:HENFFC_15325 -            329 GH43_30.hmm          -            265   3.6e-15   60.5   0.1   1   1   1.5e-17   7.3e-15   59.5   0.1     4   257    42   307    40   315 0.80 [190263/497/1]
190263/369/1.f:JCDIFE_08905 -            570 GH43_30.hmm          -            265   3.6e-15   60.5   0.1   1   1   1.3e-17   6.4e-15   59.7   0.1     1   252    58   299    58   312 0.80 [190263/369/1]
190263/456/1.f:LKAJBD_08240 -            323 GH43_30.hmm          -            265   3.7e-15   60.5   0.1   1   1   1.1e-17   5.6e-15   59.9   0.1     2   255    14   293    13   306 0.76 [190263/456/1]
190263/460/1.f:IHFGKI_14400 -            556 GH43_30.hmm          -            265   3.8e-15   60.5   0.0   1   1   2.5e-16   1.3e-13   55.5   0.0     3   256    56   317    55   329 0.80 [190263/460/1]
190263/552/1.f:EMALNL_22610 -            325 GH43_30.hmm          -            265   3.8e-15   60.5   0.2   1   1   1.2e-17   5.9e-15   59.8   0.2     2   254    14   292    13   306 0.76 [190263/552/1]
190263/562/1.f:KJGNCK_24730 -            325 GH43_30.hmm          -            265   3.8e-15   60.5   0.2   1   1   1.2e-17   5.9e-15   59.8   0.2     2   254    14   292    13   306 0.76 [190263/562/1]
190263/488/1.f:DNPFAC_05395 -            358 GH43_30.hmm          -            265   4.2e-15   60.3   1.4   1   1   1.1e-17   5.3e-15   60.0   1.4     4   254    46   318    44   331 0.81 [190263/488/1]
190263/409/1.f:AJJCMD_00315 -            525 GH43_30.hmm          -            265   4.5e-15   60.2   0.0   1   1   1.6e-17   7.8e-15   59.4   0.0     3   260    14   280    13   285 0.86 [190263/409/1]
190263/552/1.f:EMALNL_01575 -            510 GH43_30.hmm          -            265     5e-15   60.1   0.4   1   1   4.8e-17   2.4e-14   57.8   0.4     1   257    43   285    43   294 0.82 [190263/552/1]
190263/391/1.f:NONBJF_00550 -            549 GH43_30.hmm          -            265   5.1e-15   60.0   0.0   1   1   5.5e-17   2.7e-14   57.7   0.0     1   241    44   274    44   297 0.79 [190263/391/1]
190263/534/1.f:OHCFJE_01315 -            549 GH43_30.hmm          -            265   5.2e-15   60.0   0.0   1   1   5.5e-17   2.7e-14   57.7   0.0     1   241    44   274    44   297 0.79 [190263/534/1]
190263/545/1.f:NCJBIN_00645 -            549 GH43_30.hmm          -            265   5.2e-15   60.0   0.0   1   1   5.5e-17   2.7e-14   57.7   0.0     1   241    44   274    44   297 0.79 [190263/545/1]
190263/534/1.f:OHCFJE_00200 -            323 GH43_30.hmm          -            265   5.4e-15   60.0   0.1   1   1     2e-17     1e-14   59.1   0.1     2   254    14   292    13   305 0.74 [190263/534/1]
190263/545/1.f:NCJBIN_00200 -            323 GH43_30.hmm          -            265   5.4e-15   60.0   0.1   1   1     2e-17     1e-14   59.1   0.1     2   254    14   292    13   305 0.74 [190263/545/1]
190263/396/1.f:KAAOMA_00715 -            981 GH43_30.hmm          -            265   5.5e-15   59.9   7.4   1   1   3.9e-16   1.9e-13   54.9   3.1     3   257    44   400    42   413 0.80 [190263/396/1]
190263/433/1.f:ADFNDI_03705 -            548 GH43_30.hmm          -            265   7.3e-15   59.5   0.1   1   1   9.4e-17   4.6e-14   56.9   0.1     3   225    12   237    11   250 0.79 [190263/433/1]
190263/475/1.f:MCKEEP_15285 -            634 GH43_30.hmm          -            265     1e-14   59.0   1.4   1   1     7e-17   3.4e-14   57.3   1.4     1   225   154   450   154   488 0.84 [190263/475/1]
190263/595/1.f:HGDLEC_03290 -            559 GH43_30.hmm          -            265   1.1e-14   59.0   0.0   1   1     8e-17     4e-14   57.1   0.0     1   261    45   294    45   298 0.80 [190263/595/1]
190263/520/1.f:GGDGDE_16915 -            320 GH43_30.hmm          -            265   1.1e-14   59.0   0.7   1   1   1.9e-16   9.3e-14   55.9   0.7     3   257    18   287    16   302 0.80 [190263/520/1]
190263/420/1.f:GMHOLO_06770 -            548 GH43_30.hmm          -            265   1.1e-14   58.9   0.1   1   1   5.8e-17   2.9e-14   57.6   0.1     3   227    12   239    11   246 0.82 [190263/420/1]
190263/527/1.f:HGADJN_07100 -            548 GH43_30.hmm          -            265   1.1e-14   58.9   0.1   1   1   5.8e-17   2.9e-14   57.6   0.1     3   227    12   239    11   246 0.82 [190263/527/1]
190263/502/1.f:NONHGB_00155 -           1106 GH43_30.hmm          -            265   1.3e-14   58.7   3.6   1   1   5.2e-17   2.6e-14   57.8   3.6     8   257    55   313    52   322 0.78 [190263/502/1]
190263/401/1.f:DMFJNH_10295 -            558 GH43_30.hmm          -            265   1.4e-14   58.6   0.1   1   1   4.7e-17   2.3e-14   57.9   0.1     1   261    46   296    46   300 0.82 [190263/401/1]
190263/401/1.f:DMFJNH_03595 -           1544 GH43_30.hmm          -            265   1.4e-14   58.6   1.0   1   1   5.1e-17   2.5e-14   57.8   1.0     3   257    36   306    35   316 0.81 [190263/401/1]
190263/504/1.f:DOAHDM_04030 -           1544 GH43_30.hmm          -            265   1.4e-14   58.6   1.0   1   1   5.1e-17   2.5e-14   57.8   1.0     3   257    36   306    35   316 0.81 [190263/504/1]
190263/520/1.f:GGDGDE_20565 -            540 GH43_30.hmm          -            265   1.5e-14   58.5   0.1   1   1   5.9e-17   2.9e-14   57.6   0.1     3   247    14   262    13   272 0.73 [190263/520/1]
190263/455/1.f:GDGJDA_02905 -            549 GH43_30.hmm          -            265   1.9e-14   58.2   0.2   1   1   9.8e-17   4.9e-14   56.8   0.2     3   225    12   237    11   248 0.79 [190263/455/1]
190263/405/1.f:EHKDKA_11580 -            560 GH43_30.hmm          -            265     2e-14   58.1   0.2   1   1   6.8e-17   3.4e-14   57.4   0.2     1   261    47   297    47   301 0.82 [190263/405/1]
190263/388/1.f:FDDJJK_00215 -            323 GH43_30.hmm          -            265   2.1e-14   58.0   0.1   1   1   8.1e-17     4e-14   57.1   0.1     2   254    14   292    13   305 0.75 [190263/388/1]
190263/437/1.f:LBKKEJ_07575 -            364 GH43_30.hmm          -            265   2.2e-14   58.0   1.6   1   1   5.8e-17   2.8e-14   57.6   1.6    52   252    90   314    43   328 0.76 [190263/437/1]
190263/504/1.f:DOAHDM_10665 -            558 GH43_30.hmm          -            265   2.5e-14   57.8   0.1   1   1   8.7e-17   4.3e-14   57.0   0.1     1   261    46   296    46   300 0.82 [190263/504/1]
190263/531/1.f:KJIPPC_12190 -            488 GH43_30.hmm          -            265   2.7e-14   57.7   1.0   1   1   2.1e-16     1e-13   55.8   0.3     3   256   152   435   150   449 0.78 [190263/531/1]
190263/405/1.f:EHKDKA_00150 -           1106 GH43_30.hmm          -            265   2.7e-14   57.7   3.3   1   1   1.1e-16   5.3e-14   56.7   3.3     8   257    55   313    52   322 0.77 [190263/405/1]
190263/552/1.f:EMALNL_01465 -            320 GH43_30.hmm          -            265   2.9e-14   57.6   0.1   1   1   9.3e-17   4.6e-14   56.9   0.1     2   219    10   259     9   301 0.75 [190263/552/1]
190263/580/1.f:JCPJNN_02360 -            556 GH43_30.hmm          -            265   3.2e-14   57.4   0.0   1   1   1.3e-16   6.6e-14   56.4   0.0     3   253    13   274    12   284 0.79 [190263/580/1]
190263/401/1.f:DMFJNH_15975 -            641 GH43_30.hmm          -            265   3.8e-14   57.2   1.9   1   1   2.6e-16   1.3e-13   55.5   1.9     1   219   161   450   161   467 0.82 [190263/401/1]
190263/456/1.f:LKAJBD_06230 -            558 GH43_30.hmm          -            265   3.8e-14   57.2   0.1   1   1   1.5e-16   7.3e-14   56.3   0.1     1   251    47   287    47   301 0.81 [190263/456/1]
190263/502/1.f:NONHGB_20405 -            637 GH43_30.hmm          -            265   4.2e-14   57.0   0.1   1   1   3.3e-16   1.6e-13   55.1   0.1     1   215   165   442   165   457 0.80 [190263/502/1]
190263/504/1.f:DOAHDM_15640 -            641 GH43_30.hmm          -            265   4.3e-14   57.0   1.7   1   1   2.9e-16   1.4e-13   55.3   1.7     1   219   161   450   161   467 0.82 [190263/504/1]
190263/399/1.f:CDLIDF_04460 -            633 GH43_30.hmm          -            265   4.3e-14   57.0   0.4   1   1   2.4e-16   1.2e-13   55.6   0.4     1   217   162   439   162   485 0.81 [190263/399/1]
190263/580/1.f:JCPJNN_30525 -            501 GH43_30.hmm          -            265   4.5e-14   56.9   0.0   1   1     2e-16     1e-13   55.8   0.0     3   262    13   260    12   263 0.84 [190263/580/1]
190263/562/1.f:KJGNCK_15435 -            642 GH43_30.hmm          -            265   4.6e-14   56.9   1.0   1   1   3.3e-16   1.6e-13   55.1   1.0     1   227   162   460   162   495 0.81 [190263/562/1]
190263/443/1.f:LNLACP_00190 -            487 GH43_30.hmm          -            265   4.7e-14   56.9   0.2   1   1   1.3e-16   6.4e-14   56.4   0.2    33   225    56   259    19   302 0.74 [190263/443/1]
190263/475/1.f:MCKEEP_22420 -            325 GH43_30.hmm          -            265   5.2e-14   56.7   0.2   1   1   1.8e-16   8.8e-14   56.0   0.2     2   254    14   292    13   305 0.75 [190263/475/1]
190263/534/1.f:OHCFJE_07255 -            636 GH43_30.hmm          -            265     7e-14   56.3   0.2   1   1   4.2e-16   2.1e-13   54.8   0.2     1   216   166   443   166   459 0.82 [190263/534/1]
190263/573/1.f:LIDFCI_11875 -            325 GH43_30.hmm          -            265   7.1e-14   56.3   0.2   1   1   2.4e-16   1.2e-13   55.6   0.2     2   254    14   292    13   305 0.75 [190263/573/1]
190263/405/1.f:EHKDKA_22105 -            631 GH43_30.hmm          -            265   7.6e-14   56.2   0.2   1   1   8.8e-16   4.3e-13   53.7   0.2     1   216   164   443   164   489 0.83 [190263/405/1]
190263/365/1.f:JJMMAK_14135 -            331 GH43_30.hmm          -            265   7.8e-14   56.2   0.1   1   1   3.4e-16   1.7e-13   55.1   0.1     4   257    44   309    42   317 0.80 [190263/365/1]
190263/546/1.f:GEHMID_10190 -            652 GH43_30.hmm          -            265   8.6e-14   56.0   0.1   1   1     4e-16     2e-13   54.8   0.1     3   250    37   297    36   307 0.80 [190263/546/1]
190263/401/1.f:DMFJNH_26880 -            345 GH43_30.hmm          -            265   8.6e-14   56.0   1.3   1   1   2.4e-16   1.2e-13   55.6   1.3    14   255    78   309    50   316 0.76 [190263/401/1]
190263/504/1.f:DOAHDM_24865 -            345 GH43_30.hmm          -            265   8.6e-14   56.0   1.3   1   1   2.4e-16   1.2e-13   55.6   1.3    14   255    78   309    50   316 0.76 [190263/504/1]
190263/404/1.f:BGJBIG_05365 -            340 GH43_30.hmm          -            265   1.1e-13   55.7   2.5   1   1   3.1e-16   1.5e-13   55.2   2.5     9   256    69   306    47   316 0.74 [190263/404/1]
190263/552/1.f:EMALNL_07850 -            346 GH43_30.hmm          -            265   1.1e-13   55.7   2.4   1   1   3.3e-16   1.6e-13   55.1   2.4    10   257    76   313    53   322 0.75 [190263/552/1]
190263/369/1.f:JCDIFE_18095 -            631 GH43_30.hmm          -            265   1.2e-13   55.5   0.4   1   1   7.6e-16   3.8e-13   53.9   0.4     1   216   159   437   159   483 0.81 [190263/369/1]
190263/405/1.f:EHKDKA_12835 -            325 GH43_30.hmm          -            265   1.2e-13   55.5   0.1   1   1   4.3e-16   2.1e-13   54.7   0.1     3   252    15   291    13   304 0.72 [190263/405/1]
190263/580/1.f:JCPJNN_13240 -            439 GH43_30.hmm          -            265   1.4e-13   55.4   0.0   1   1   4.5e-16   2.2e-13   54.7   0.0    12   257    22   267    12   276 0.76 [190263/580/1]
190263/506/1.f:IKGMED_03620 -            369 GH43_30.hmm          -            265   1.5e-13   55.3   0.3   1   1   6.5e-16   3.2e-13   54.1   0.3     7   233    52   310    50   347 0.81 [190263/506/1]
190263/562/1.f:KJGNCK_02165 -            348 GH43_30.hmm          -            265   1.5e-13   55.3   2.5   1   1   4.3e-16   2.1e-13   54.7   2.5    10   256    78   314    55   324 0.74 [190263/562/1]
190263/595/1.f:HGDLEC_08780 -            320 GH43_30.hmm          -            265   1.7e-13   55.1   0.3   1   1   5.9e-16   2.9e-13   54.3   0.3     3   251    13   286    12   304 0.71 [190263/595/1]
190263/401/1.f:DMFJNH_07530 -            355 GH43_30.hmm          -            265   2.1e-13   54.8   1.3   1   1   5.8e-16   2.9e-13   54.3   1.3     9   227    50   275    46   316 0.74 [190263/401/1]
190263/504/1.f:DOAHDM_08035 -            355 GH43_30.hmm          -            265   2.1e-13   54.8   1.3   1   1   5.8e-16   2.9e-13   54.3   1.3     9   227    50   275    46   316 0.74 [190263/504/1]
190263/404/1.f:BGJBIG_02685 -           1544 GH43_30.hmm          -            265   2.5e-13   54.5   0.8   1   1   9.9e-16   4.9e-13   53.6   0.8     3   257    36   306    35   315 0.81 [190263/404/1]
190263/585/1.f:DLBDDB_01460 -            348 GH43_30.hmm          -            265   2.7e-13   54.4   1.8   1   1   7.9e-16   3.9e-13   53.9   1.8    10   256    78   314    55   324 0.73 [190263/585/1]
190263/475/1.f:MCKEEP_03210 -            365 GH43_30.hmm          -            265     3e-13   54.2   1.2   1   1   7.9e-16   3.9e-13   53.9   1.2     4   255    45   318    43   329 0.78 [190263/475/1]
190263/573/1.f:LIDFCI_20380 -            365 GH43_30.hmm          -            265     3e-13   54.2   1.2   1   1   7.9e-16   3.9e-13   53.9   1.2     4   255    45   318    43   329 0.78 [190263/573/1]
190263/526/1.f:GBBCGM_00835 -            366 GH43_30.hmm          -            265   3.2e-13   54.2   1.6   1   1   8.7e-16   4.3e-13   53.7   1.6    14   256    58   323    50   334 0.78 [190263/526/1]
190263/437/1.f:LBKKEJ_07225 -            231 GH43_30.hmm          -            265   3.4e-13   54.0   0.0   1   1   9.4e-16   4.6e-13   53.6   0.0     1   190    48   221    48   229 0.85 [190263/437/1]
#
# Program:         hmmsearch
# Version:         3.3.2 (Nov 2020)
# Pipeline mode:   SEARCH
# Query file:      /kb/module/work/tmp/output.1725388484971/GH43_30/GH43_30.hmm
# Target file:     /kb/module/work/tmp/output.1725388484971/hCom2_RAST.fasta
# Option settings: /kb/module/hmmer/bin/hmmsearch --domtblout /kb/module/work/tmp/output.1725388484971/GH43_30/GH43_30-hCom2_RAST.hitout.txt --noali --notextw --domE 1e-15 /kb/module/work/tmp/output.1725388484971/GH43_30/GH43_30.hmm /kb/module/work/tmp/output.1725388484971/hCom2_RAST.fasta 
# Current dir:     /kb/module/work/tmp/output.1725388484971
# Date:            Tue Sep  3 18:52:59 2024
# [ok]
