#                                                                                   --- full sequence --- -------------- this domain -------------   hmm coord   ali coord   env coord
# target name               accession   tlen query name           accession   qlen   E-value  score  bias   #  of  c-Evalue  i-Evalue  score  bias  from    to  from    to  from    to  acc description of target
#       ------------------- ---------- ----- -------------------- ---------- ----- --------- ------ ----- --- --- --------- --------- ------ ----- ----- ----- ----- ----- ----- ----- ---- ---------------------
190263/490/1.f:OIBLLI_09290 -            540 GH43_13.hmm          -            304   2.1e-91  311.2   0.3   1   1   5.4e-94   4.3e-91  310.2   0.3     1   304     3   282     3   282 0.93 [190263/490/1]
190263/429/1.f:OMPHBF_13095 -            519 GH43_13.hmm          -            304   4.3e-85  290.5   0.5   1   1   1.3e-87   9.9e-85  289.3   0.5     1   304     3   281     3   281 0.92 [190263/429/1]
190263/461/1.f:DHPHOK_06210 -            523 GH43_13.hmm          -            304   1.5e-84  288.7   1.6   1   1   6.6e-87   5.2e-84  286.9   1.6     1   304    25   300    25   300 0.91 [190263/461/1]
190263/409/1.f:AJJCMD_00315 -            525 GH43_13.hmm          -            304   2.1e-83  284.9   0.7   1   1     2e-85   1.6e-82  282.0   0.1     2   304     5   298     4   298 0.90 [190263/409/1]
190263/520/1.f:GGDGDE_09840 -            508 GH43_13.hmm          -            304   1.5e-82  282.1   1.1   1   1   2.8e-85   2.2e-82  281.6   1.1     2   302     4   283     3   286 0.92 [190263/520/1]
190263/447/1.f:OLODHC_01285 -            525 GH43_13.hmm          -            304   3.3e-82  281.0   0.1   1   1   1.3e-84   9.9e-82  279.4   0.0     2   302     5   290     4   293 0.90 [190263/447/1]
190263/399/1.f:CDLIDF_13450 -            857 GH43_13.hmm          -            304   5.4e-82  280.3   1.3   1   1   3.3e-81   2.6e-78  268.2   0.1     1   304    24   312    24   312 0.91 [190263/399/1]
190263/405/1.f:EHKDKA_18135 -            520 GH43_13.hmm          -            304     9e-81  276.3   1.2   1   1   3.5e-83   2.7e-80  274.7   1.2     1   304    24   299    24   299 0.92 [190263/405/1]
190263/409/1.f:AJJCMD_17550 -            503 GH43_13.hmm          -            304   1.2e-80  275.9   2.9   1   1   4.2e-83   3.3e-80  274.4   2.9     1   304     3   279     3   279 0.92 [190263/409/1]
190263/520/1.f:GGDGDE_19885 -            513 GH43_13.hmm          -            304   1.2e-80  275.9   1.7   1   1   5.7e-83   4.5e-80  274.0   1.7     3   304     6   290     4   290 0.92 [190263/520/1]
190263/437/1.f:LBKKEJ_18205 -            520 GH43_13.hmm          -            304   2.9e-80  274.6   0.6   1   1   1.5e-82   1.2e-79  272.6   0.6     1   304    23   298    23   298 0.91 [190263/437/1]
190263/552/1.f:EMALNL_04305 -            529 GH43_13.hmm          -            304     3e-80  274.6   0.4   1   1   5.9e-83   4.7e-80  273.9   0.4     1   304    27   305    27   305 0.90 [190263/552/1]
190263/562/1.f:KJGNCK_06150 -            521 GH43_13.hmm          -            304     1e-79  272.9   1.5   1   1   5.2e-82   4.1e-79  270.8   1.5     1   304    23   298    23   298 0.91 [190263/562/1]
190263/552/1.f:EMALNL_04300 -            526 GH43_13.hmm          -            304   1.1e-79  272.8   1.5   1   1   5.5e-82   4.3e-79  270.8   1.5     1   304    23   298    23   298 0.91 [190263/552/1]
190263/507/1.f:KPMKPI_02035 -            512 GH43_13.hmm          -            304   1.6e-79  272.1   0.1   1   1   4.3e-82   3.4e-79  271.1   0.1     1   304     3   287     3   287 0.91 [190263/507/1]
190263/562/1.f:KJGNCK_06145 -            530 GH43_13.hmm          -            304   4.1e-79  270.9   0.1   1   1   7.8e-82   6.2e-79  270.2   0.1     1   304    28   306    28   306 0.90 [190263/562/1]
190263/580/1.f:JCPJNN_10115 -            541 GH43_13.hmm          -            304   2.2e-78  268.4   3.5   1   1   1.3e-80     1e-77  266.3   3.5     1   304     5   287     5   287 0.91 [190263/580/1]
190263/405/1.f:EHKDKA_12800 -            530 GH43_13.hmm          -            304   9.7e-78  266.3   0.6   1   1   1.2e-80   9.7e-78  266.3   0.6     2   302     5   291     4   294 0.92 [190263/405/1]
190263/580/1.f:JCPJNN_30525 -            501 GH43_13.hmm          -            304   5.6e-77  263.8   0.7   1   1     3e-79   2.4e-76  261.7   0.7     1   304     3   279     3   279 0.92 [190263/580/1]
190263/534/1.f:OHCFJE_03255 -            549 GH43_13.hmm          -            304   2.2e-76  261.8   1.3   1   1     7e-79   5.5e-76  260.6   0.5     2   303    44   328    43   329 0.92 [190263/534/1]
190263/545/1.f:NCJBIN_10445 -            549 GH43_13.hmm          -            304   2.3e-76  261.8   1.3   1   1     7e-79   5.5e-76  260.6   0.5     2   303    44   328    43   329 0.92 [190263/545/1]
190263/391/1.f:NONBJF_09625 -            549 GH43_13.hmm          -            304   2.3e-76  261.8   1.3   1   1     7e-79   5.5e-76  260.6   0.5     2   303    44   328    43   329 0.92 [190263/391/1]
190263/423/1.f:PDNKFB_07020 -            523 GH43_13.hmm          -            304   6.1e-76  260.4   0.5   1   1   3.2e-78   2.5e-75  258.4   0.5     2   304     5   291     4   291 0.91 [190263/423/1]
190263/456/1.f:LKAJBD_02480 -            512 GH43_13.hmm          -            304   6.2e-76  260.4   1.3   1   1     2e-78   1.6e-75  259.0   1.3     1   304    12   288    12   288 0.91 [190263/456/1]
190263/460/1.f:IHFGKI_14400 -            556 GH43_13.hmm          -            304   1.7e-75  258.9   0.2   1   1   5.2e-78   4.1e-75  257.7   0.2     1   304    46   340    46   340 0.89 [190263/460/1]
190263/546/1.f:GEHMID_03135 -            526 GH43_13.hmm          -            304   1.7e-75  258.9   1.5   1   1     3e-78   2.3e-75  258.5   1.5     1   302     6   295     6   298 0.94 [190263/546/1]
190263/595/1.f:HGDLEC_08325 -            561 GH43_13.hmm          -            304   2.7e-75  258.3   1.0   1   1     8e-78   6.4e-75  257.1   1.0     2   304    48   341    47   341 0.90 [190263/595/1]
190263/520/1.f:GGDGDE_05930 -            521 GH43_13.hmm          -            304   6.6e-75  257.0   0.8   1   1   2.9e-77   2.3e-74  255.2   0.2     2   304     5   291     4   291 0.90 [190263/520/1]
190263/456/1.f:LKAJBD_08130 -            577 GH43_13.hmm          -            304   7.3e-75  256.9   1.1   1   1   2.6e-77   2.1e-74  255.4   1.1     1   302    68   362    68   365 0.89 [190263/456/1]
190263/409/1.f:AJJCMD_07230 -            533 GH43_13.hmm          -            304   2.2e-74  255.3   0.0   1   1   3.9e-77   3.1e-74  254.8   0.0     2   302    10   295     9   298 0.88 [190263/409/1]
190263/573/1.f:LIDFCI_15995 -            577 GH43_13.hmm          -            304   8.8e-74  253.3   1.2   1   1   2.7e-76   2.1e-73  252.1   1.2     1   302    68   362    68   365 0.88 [190263/573/1]
190263/443/1.f:LNLACP_05715 -            520 GH43_13.hmm          -            304   1.3e-73  252.8   0.6   1   1   3.9e-76   3.1e-73  251.5   0.6     2   304     5   291     4   291 0.88 [190263/443/1]
190263/399/1.f:CDLIDF_13510 -            537 GH43_13.hmm          -            304     2e-73  252.2   2.3   1   1   5.8e-76   4.6e-73  251.0   2.3     1   300    25   307    25   310 0.92 [190263/399/1]
190263/552/1.f:EMALNL_07540 -            577 GH43_13.hmm          -            304     2e-73  252.1   1.2   1   1   6.2e-76   4.9e-73  250.9   1.2     1   302    68   362    68   365 0.89 [190263/552/1]
190263/391/1.f:NONBJF_00195 -            632 GH43_13.hmm          -            304   1.4e-72  249.4   0.8   1   1   4.3e-75   3.4e-72  248.1   0.8     1   302   123   417   123   420 0.89 [190263/391/1]
190263/545/1.f:NCJBIN_00195 -            632 GH43_13.hmm          -            304   1.4e-72  249.4   0.8   1   1   4.3e-75   3.4e-72  248.1   0.8     1   302   123   417   123   420 0.89 [190263/545/1]
190263/534/1.f:OHCFJE_00195 -            632 GH43_13.hmm          -            304   1.7e-72  249.1   1.7   1   1   4.3e-75   3.4e-72  248.1   0.8     1   302   123   417   123   420 0.89 [190263/534/1]
190263/388/1.f:FDDJJK_00210 -            632 GH43_13.hmm          -            304   1.7e-72  249.1   2.0   1   1   3.8e-75     3e-72  248.3   0.9     1   302   123   417   123   420 0.89 [190263/388/1]
190263/437/1.f:LBKKEJ_18100 -            570 GH43_13.hmm          -            304   6.5e-72  247.2   0.7   1   1   1.1e-73   8.5e-71  243.5   0.7     2   304    57   350    56   350 0.88 [190263/437/1]
190263/405/1.f:EHKDKA_12840 -            882 GH43_13.hmm          -            304   8.9e-72  246.7   0.1   1   1     3e-74   2.3e-71  245.4   0.1     3   304   385   679   383   679 0.90 [190263/405/1]
190263/502/1.f:NONHGB_11155 -            910 GH43_13.hmm          -            304   1.5e-71  246.0   0.1   1   1   4.8e-74   3.8e-71  244.7   0.1     2   304   410   705   409   705 0.90 [190263/502/1]
190263/552/1.f:EMALNL_07520 -            575 GH43_13.hmm          -            304     1e-70  243.2   0.4   1   1   3.8e-73     3e-70  241.7   0.4     1   304    63   359    63   359 0.89 [190263/552/1]
190263/475/1.f:MCKEEP_08320 -            575 GH43_13.hmm          -            304   1.4e-70  242.8   0.5   1   1   5.5e-73   4.4e-70  241.2   0.5     1   304    63   359    63   359 0.89 [190263/475/1]
190263/546/1.f:GEHMID_02780 -            535 GH43_13.hmm          -            304   1.4e-70  242.8   1.0   1   1   2.8e-73   2.2e-70  242.2   1.0     2   302     4   301     3   304 0.87 [190263/546/1]
190263/400/1.f:EIBLKL_09455 -            495 GH43_13.hmm          -            304   1.5e-70  242.7   1.5   1   1   3.2e-73   2.5e-70  242.0   1.5     1   301     3   279     3   281 0.92 [190263/400/1]
190263/573/1.f:LIDFCI_16020 -            575 GH43_13.hmm          -            304   1.5e-70  242.7   0.5   1   1   5.4e-73   4.3e-70  241.2   0.5     1   304    63   359    63   359 0.89 [190263/573/1]
190263/490/1.f:OIBLLI_02545 -            512 GH43_13.hmm          -            304   2.7e-69  238.6   1.1   1   1   4.1e-71   3.2e-68  235.1   1.1     1   303     5   285     5   286 0.95 [190263/490/1]
190263/420/1.f:GMHOLO_02150 -            543 GH43_13.hmm          -            304   3.7e-69  238.1   2.9   1   1   6.2e-72   4.9e-69  237.7   2.9     2   304     4   304     3   304 0.89 [190263/420/1]
190263/420/1.f:GMHOLO_01490 -            543 GH43_13.hmm          -            304   4.8e-69  237.8   2.8   1   1   8.4e-72   6.6e-69  237.3   2.8     2   304     4   304     3   304 0.88 [190263/420/1]
190263/527/1.f:HGADJN_01610 -            543 GH43_13.hmm          -            304   4.8e-69  237.8   2.8   1   1   8.4e-72   6.6e-69  237.3   2.8     2   304     4   304     3   304 0.88 [190263/527/1]
190263/399/1.f:CDLIDF_16950 -            570 GH43_13.hmm          -            304   1.8e-68  235.9   0.2   1   1   5.8e-71   4.6e-68  234.5   0.2     1   304    56   350    56   350 0.87 [190263/399/1]
190263/527/1.f:HGADJN_02425 -            543 GH43_13.hmm          -            304   1.8e-68  235.9   3.7   1   1     3e-71   2.4e-68  235.5   3.7     2   304     4   304     3   304 0.89 [190263/527/1]
190263/405/1.f:EHKDKA_02030 -            919 GH43_13.hmm          -            304   1.9e-68  235.8   0.4   1   1   7.8e-71   6.1e-68  234.1   0.4     1   304    66   362    66   362 0.88 [190263/405/1]
190263/520/1.f:GGDGDE_20565 -            540 GH43_13.hmm          -            304   7.2e-68  233.9   2.7   1   1   1.2e-70   9.2e-68  233.6   2.7     1   304     4   305     4   305 0.89 [190263/520/1]
190263/580/1.f:JCPJNN_02360 -            556 GH43_13.hmm          -            304     2e-67  232.4   0.9   1   1   3.5e-70   2.8e-67  232.0   0.9     1   303     3   313     3   314 0.86 [190263/580/1]
190263/502/1.f:NONHGB_01905 -            919 GH43_13.hmm          -            304   2.7e-67  232.0   0.4   1   1   3.4e-70   2.7e-67  232.0   0.4     1   304    66   362    66   362 0.88 [190263/502/1]
190263/546/1.f:GEHMID_10190 -            652 GH43_13.hmm          -            304   1.6e-66  229.5   0.8   1   1   3.3e-69   2.6e-66  228.8   0.8     2   302    28   336    27   339 0.86 [190263/546/1]
190263/457/1.f:IIKDLL_11780 -            646 GH43_13.hmm          -            304     4e-64  221.6   1.6   1   1   2.7e-66   2.1e-63  219.2   1.6     1   304   134   411   134   411 0.92 [190263/457/1]
190263/433/1.f:ADFNDI_03705 -            548 GH43_13.hmm          -            304   1.5e-63  219.7   0.1   1   1   6.7e-66   5.3e-63  217.9   0.1     1   303     2   312     2   313 0.92 [190263/433/1]
190263/527/1.f:HGADJN_02320 -            543 GH43_13.hmm          -            304   1.2e-62  216.8   3.7   1   1   2.3e-65   1.8e-62  216.2   3.7     2   304     4   303     3   303 0.89 [190263/527/1]
190263/541/1.f:IDEEIE_12865 -            548 GH43_13.hmm          -            304   4.3e-62  214.9   0.1   1   1   1.5e-64   1.2e-61  213.5   0.1     2   303     3   312     2   313 0.91 [190263/541/1]
190263/455/1.f:GDGJDA_02905 -            549 GH43_13.hmm          -            304   5.2e-62  214.7   0.4   1   1     2e-64   1.6e-61  213.1   0.4     2   302     3   310     2   313 0.92 [190263/455/1]
190263/382/1.f:JACGKO_03555 -            556 GH43_13.hmm          -            304   2.1e-60  209.4   0.3   1   1   7.9e-63   6.2e-60  207.8   0.3     2   302     5   311     4   314 0.89 [190263/382/1]
190263/420/1.f:GMHOLO_06770 -            548 GH43_13.hmm          -            304   2.6e-60  209.1   0.6   1   1   1.1e-62   8.7e-60  207.4   0.6     2   302     3   310     2   313 0.91 [190263/420/1]
190263/527/1.f:HGADJN_07100 -            548 GH43_13.hmm          -            304   2.6e-60  209.1   0.6   1   1   1.1e-62   8.7e-60  207.4   0.6     2   302     3   310     2   313 0.91 [190263/527/1]
190263/520/1.f:GGDGDE_09245 -            630 GH43_13.hmm          -            304   3.8e-59  205.3   0.1   1   1   1.3e-60     1e-57  200.6   0.1     1   304   132   408   132   408 0.92 [190263/520/1]
190263/502/1.f:NONHGB_00355 -            164 GH43_13.hmm          -            304   1.2e-45  160.9   5.6   1   1   3.5e-48   2.8e-45  159.7   5.6     1   145    23   156    23   163 0.92 [190263/502/1]
190263/527/1.f:HGADJN_02400 -            564 GH43_13.hmm          -            304   2.7e-43  153.2   0.0   1   1   2.6e-34     2e-31  114.2   0.1     2   233     8   255     7   265 0.77 [190263/527/1]
190263/420/1.f:GMHOLO_02125 -            564 GH43_13.hmm          -            304   6.8e-43  151.9   0.0   1   1   3.4e-34   2.7e-31  113.8   0.1     2   233     8   255     7   265 0.76 [190263/420/1]
190263/475/1.f:MCKEEP_08340 -            476 GH43_13.hmm          -            304   5.4e-39  139.1   0.0   1   1     1e-41   7.9e-39  138.5   0.0   102   302    61   261    46   264 0.85 [190263/475/1]
190263/595/1.f:HGDLEC_03290 -            559 GH43_13.hmm          -            304   2.4e-37  133.7   1.5   1   1     1e-39   7.9e-37  132.0   1.5     1   304    37   307    37   307 0.82 [190263/595/1]
190263/405/1.f:EHKDKA_15525 -           1120 GH43_13.hmm          -            304   1.9e-36  130.8  25.2   1   1   3.3e-25   2.6e-22   84.3  11.2     4   302    25   285    22   288 0.80 [190263/405/1]
190263/405/1.f:EHKDKA_15365 -            549 GH43_13.hmm          -            304   2.4e-36  130.4   2.1   1   1   7.5e-39   5.9e-36  129.1   2.1     1   304    36   307    36   307 0.83 [190263/405/1]
190263/391/1.f:NONBJF_10790 -            554 GH43_13.hmm          -            304   4.4e-36  129.5   2.0   1   1   1.7e-38   1.3e-35  128.0   2.0     1   304    36   306    36   306 0.81 [190263/391/1]
190263/534/1.f:OHCFJE_02065 -            554 GH43_13.hmm          -            304   4.4e-36  129.5   2.0   1   1   1.7e-38   1.3e-35  128.0   2.0     1   304    36   306    36   306 0.81 [190263/534/1]
190263/545/1.f:NCJBIN_11650 -            554 GH43_13.hmm          -            304   4.4e-36  129.5   2.0   1   1   1.7e-38   1.3e-35  128.0   2.0     1   304    36   306    36   306 0.81 [190263/545/1]
190263/388/1.f:FDDJJK_00610 -            549 GH43_13.hmm          -            304     5e-36  129.3   2.4   1   1   2.3e-38   1.8e-35  127.5   2.4     1   304    36   307    36   307 0.85 [190263/388/1]
190263/562/1.f:KJGNCK_11340 -            558 GH43_13.hmm          -            304   5.4e-36  129.2   1.1   1   1   2.2e-38   1.8e-35  127.6   1.1     1   304    38   309    38   309 0.81 [190263/562/1]
190263/585/1.f:DLBDDB_08645 -            558 GH43_13.hmm          -            304   5.5e-36  129.2   0.9   1   1   2.3e-38   1.8e-35  127.5   0.9     1   304    38   309    38   309 0.81 [190263/585/1]
190263/552/1.f:EMALNL_11310 -            558 GH43_13.hmm          -            304     7e-36  128.9   1.2   1   1   2.9e-38   2.3e-35  127.2   1.2     1   304    38   309    38   309 0.81 [190263/552/1]
190263/502/1.f:NONHGB_14095 -            549 GH43_13.hmm          -            304   7.8e-36  128.7   1.9   1   1   2.4e-38   1.9e-35  127.4   1.9     1   304    36   307    36   307 0.83 [190263/502/1]
190263/552/1.f:EMALNL_14145 -            549 GH43_13.hmm          -            304   1.1e-35  128.3   3.0   1   1   6.6e-38   5.2e-35  126.0   3.0     1   304    36   307    36   307 0.80 [190263/552/1]
190263/502/1.f:NONHGB_00190 -            517 GH43_13.hmm          -            304   1.3e-35  128.0   4.6   1   1   1.7e-36   1.4e-33  121.3   4.6     1   302    39   309    39   312 0.82 [190263/502/1]
190263/399/1.f:CDLIDF_10110 -            550 GH43_13.hmm          -            304   1.8e-35  127.5   1.3   1   1   1.2e-37   9.4e-35  125.2   1.3     1   304    37   308    37   308 0.83 [190263/399/1]
190263/475/1.f:MCKEEP_10240 -            558 GH43_13.hmm          -            304   1.9e-35  127.4   1.4   1   1     8e-38   6.4e-35  125.7   1.4     1   304    38   309    38   309 0.81 [190263/475/1]
190263/404/1.f:BGJBIG_07300 -            558 GH43_13.hmm          -            304   2.4e-35  127.1   1.3   1   1   1.1e-37   8.6e-35  125.3   1.3     1   304    38   309    38   309 0.80 [190263/404/1]
190263/388/1.f:FDDJJK_10255 -            554 GH43_13.hmm          -            304   2.7e-35  126.9   1.8   1   1   1.1e-37   9.1e-35  125.2   1.8     1   304    36   306    36   306 0.81 [190263/388/1]
190263/562/1.f:KJGNCK_14345 -            549 GH43_13.hmm          -            304     3e-35  126.8   2.7   1   1     2e-37   1.6e-34  124.4   2.7     1   304    36   307    36   307 0.80 [190263/562/1]
190263/401/1.f:DMFJNH_14545 -            549 GH43_13.hmm          -            304   9.7e-35  125.1   1.8   1   1   5.8e-37   4.6e-34  122.9   1.8     1   304    36   307    36   307 0.80 [190263/401/1]
190263/504/1.f:DOAHDM_14575 -            549 GH43_13.hmm          -            304   9.7e-35  125.1   1.8   1   1   5.8e-37   4.6e-34  122.9   1.8     1   304    36   307    36   307 0.80 [190263/504/1]
190263/534/1.f:OHCFJE_00275 -            555 GH43_13.hmm          -            304     1e-34  125.0   4.0   1   1     2e-37   1.6e-34  124.4   2.8     1   304    37   307    37   307 0.84 [190263/534/1]
190263/461/1.f:DHPHOK_17575 -            979 GH43_13.hmm          -            304   1.1e-34  125.0   7.2   1   2   4.6e-19   3.6e-16   64.1   1.4     1   122   504   606   504   643 0.77 [190263/461/1]
190263/461/1.f:DHPHOK_17575 -            979 GH43_13.hmm          -            304   1.1e-34  125.0   7.2   2   2   1.3e-18   1.1e-15   62.6   0.4   195   275   670   754   650   776 0.84 [190263/461/1]
190263/391/1.f:NONBJF_00550 -            549 GH43_13.hmm          -            304   1.5e-34  124.5   2.0   1   1   6.8e-37   5.4e-34  122.7   2.0     1   304    36   307    36   307 0.85 [190263/391/1]
190263/534/1.f:OHCFJE_01315 -            549 GH43_13.hmm          -            304   1.5e-34  124.5   2.0   1   1   6.8e-37   5.4e-34  122.7   2.0     1   304    36   307    36   307 0.85 [190263/534/1]
190263/545/1.f:NCJBIN_00645 -            549 GH43_13.hmm          -            304   1.5e-34  124.5   2.0   1   1   6.8e-37   5.4e-34  122.7   2.0     1   304    36   307    36   307 0.85 [190263/545/1]
190263/573/1.f:LIDFCI_04235 -            549 GH43_13.hmm          -            304   1.6e-34  124.4   2.6   1   1   9.5e-37   7.5e-34  122.2   2.6     1   304    36   307    36   307 0.80 [190263/573/1]
190263/573/1.f:LIDFCI_00915 -            558 GH43_13.hmm          -            304   1.9e-34  124.2   1.1   1   1   7.7e-37   6.1e-34  122.5   1.1     1   304    38   309    38   309 0.80 [190263/573/1]
190263/585/1.f:DLBDDB_16965 -            548 GH43_13.hmm          -            304     2e-34  124.1   2.4   1   1   1.2e-36   9.2e-34  121.9   2.4     1   304    36   307    36   307 0.80 [190263/585/1]
190263/369/1.f:JCDIFE_10740 -            544 GH43_13.hmm          -            304   2.5e-34  123.8   2.4   1   1   1.1e-36   8.5e-34  122.0   2.4     1   304    31   302    31   302 0.81 [190263/369/1]
190263/384/1.f:CDKGIA_11810 -            549 GH43_13.hmm          -            304   2.6e-34  123.7   0.1   1   1   2.3e-36   1.8e-33  120.9   0.1     1   245     4   224     4   272 0.79 [190263/384/1]
190263/475/1.f:MCKEEP_14510 -            549 GH43_13.hmm          -            304   4.7e-34  122.9   2.8   1   1   2.7e-36   2.2e-33  120.7   2.8     1   304    36   307    36   307 0.80 [190263/475/1]
190263/369/1.f:JCDIFE_08905 -            570 GH43_13.hmm          -            304     7e-34  122.3   0.8   1   1     3e-36   2.4e-33  120.6   0.8     1   304    50   321    50   321 0.79 [190263/369/1]
190263/391/1.f:NONBJF_09700 -            544 GH43_13.hmm          -            304   8.6e-34  122.0   2.4   1   1   3.1e-36   2.5e-33  120.5   2.4     1   304    34   303    34   303 0.84 [190263/391/1]
190263/545/1.f:NCJBIN_10530 -            544 GH43_13.hmm          -            304   8.8e-34  122.0   2.5   1   1   3.2e-36   2.6e-33  120.5   2.5     1   304    34   303    34   303 0.84 [190263/545/1]
190263/490/1.f:OIBLLI_09735 -            542 GH43_13.hmm          -            304     1e-33  121.7   4.1   1   1   5.6e-36   4.4e-33  119.7   4.1     1   304    11   281    11   281 0.82 [190263/490/1]
190263/456/1.f:LKAJBD_06230 -            558 GH43_13.hmm          -            304   1.2e-33  121.6   2.0   1   1   5.1e-36     4e-33  119.8   2.0     1   304    39   310    39   310 0.80 [190263/456/1]
190263/534/1.f:OHCFJE_03150 -            544 GH43_13.hmm          -            304   1.4e-33  121.3   2.5   1   1   5.4e-36   4.3e-33  119.7   2.5     1   304    34   303    34   303 0.83 [190263/534/1]
190263/466/1.f:PGJOII_00185 -            558 GH43_13.hmm          -            304   1.9e-33  120.9   1.1   1   1   9.4e-36   7.4e-33  118.9   1.1     1   304    39   310    39   310 0.80 [190263/466/1]
190263/520/1.f:GGDGDE_09240 -            526 GH43_13.hmm          -            304   2.8e-33  120.3   3.5   1   1   1.1e-35   8.8e-33  118.7   3.5     1   304    14   283    14   283 0.84 [190263/520/1]
190263/504/1.f:DOAHDM_10665 -            558 GH43_13.hmm          -            304     9e-33  118.7   1.3   1   1     4e-35   3.2e-32  116.9   1.3     1   304    38   309    38   309 0.80 [190263/504/1]
190263/401/1.f:DMFJNH_10295 -            558 GH43_13.hmm          -            304   9.4e-33  118.6   1.4   1   1   4.2e-35   3.3e-32  116.8   1.4     1   304    38   309    38   309 0.80 [190263/401/1]
190263/391/1.f:NONBJF_09835 -            499 GH43_13.hmm          -            304   1.5e-32  117.9   4.0   1   1   1.7e-34   1.4e-31  114.8   4.0     5   303    36   302    33   303 0.82 [190263/391/1]
190263/534/1.f:OHCFJE_02975 -            499 GH43_13.hmm          -            304   1.5e-32  117.9   4.0   1   1   1.7e-34   1.4e-31  114.8   4.0     5   303    36   302    33   303 0.82 [190263/534/1]
190263/545/1.f:NCJBIN_10675 -            499 GH43_13.hmm          -            304   1.5e-32  117.9   4.0   1   1   1.7e-34   1.4e-31  114.8   4.0     5   303    36   302    33   303 0.82 [190263/545/1]
190263/405/1.f:EHKDKA_11580 -            560 GH43_13.hmm          -            304   1.5e-32  117.9   1.5   1   1   6.7e-35   5.3e-32  116.1   1.5     1   304    39   310    39   310 0.80 [190263/405/1]
190263/409/1.f:AJJCMD_29650 -            537 GH43_13.hmm          -            304   2.9e-32  117.0   0.1   1   1   3.1e-21   2.5e-18   71.3   0.2     1    85    37   121    37   127 0.95 [190263/409/1]
190263/502/1.f:NONHGB_10035 -            559 GH43_13.hmm          -            304   3.5e-32  116.7   1.1   1   1   1.5e-34   1.2e-31  115.0   1.1     1   304    39   310    39   310 0.81 [190263/502/1]
190263/399/1.f:CDLIDF_10095 -            833 GH43_13.hmm          -            304   3.3e-31  113.5  13.8   1   1   5.2e-33   4.1e-30  109.9  10.9     4   302    25   288    22   291 0.81 [190263/399/1]
190263/437/1.f:LBKKEJ_14810 -            501 GH43_13.hmm          -            304   3.6e-31  113.4   2.9   1   1   1.4e-32   1.1e-29  108.6   2.9     6   274    39   281    36   305 0.79 [190263/437/1]
190263/460/1.f:IHFGKI_00025 -            986 GH43_13.hmm          -            304   1.3e-30  111.6   9.9   1   1   4.7e-24   3.7e-21   80.5   2.7     1   304   478   744   478   744 0.81 [190263/460/1]
190263/437/1.f:LBKKEJ_08355 -            555 GH43_13.hmm          -            304   1.5e-30  111.4   0.8   1   1   8.2e-33   6.5e-30  109.3   0.8     1   304    37   307    37   307 0.79 [190263/437/1]
190263/552/1.f:EMALNL_01575 -            510 GH43_13.hmm          -            304   2.4e-30  110.7   4.8   1   2   2.4e-16   1.9e-13   55.2   0.5     4   143    38   157    36   173 0.78 [190263/552/1]
190263/552/1.f:EMALNL_01575 -            510 GH43_13.hmm          -            304   2.4e-30  110.7   4.8   2   2     4e-16   3.1e-13   54.5   0.3   196   298   199   298   186   304 0.84 [190263/552/1]
190263/488/1.f:DNPFAC_07140 -            526 GH43_13.hmm          -            304   5.3e-30  109.6   2.8   1   1   3.7e-32     3e-29  107.1   2.8     1   304    34   309    34   309 0.76 [190263/488/1]
190263/457/1.f:IIKDLL_04080 -            553 GH43_13.hmm          -            304   1.4e-29  108.2   3.5   1   1     7e-32   5.5e-29  106.2   3.5     1   304    31   301    31   301 0.82 [190263/457/1]
190263/369/1.f:JCDIFE_12790 -            817 GH43_13.hmm          -            304   2.8e-29  107.2  13.9   1   1   2.2e-30   1.7e-27  101.3  10.0     4   302    28   288    25   291 0.86 [190263/369/1]
190263/404/1.f:BGJBIG_07265 -            528 GH43_13.hmm          -            304   3.1e-29  107.0   3.5   1   1   2.2e-31   1.8e-28  104.6   3.5     1   304    36   311    36   311 0.74 [190263/404/1]
190263/417/1.f:MHBJAE_06245 -            526 GH43_13.hmm          -            304   3.4e-29  106.9   3.1   1   1   3.7e-31     3e-28  103.8   3.1     1   304    34   309    34   309 0.75 [190263/417/1]
190263/460/1.f:IHFGKI_01825 -            596 GH43_13.hmm          -            304   1.3e-28  105.0   1.4   1   1   1.4e-30   1.1e-27  102.0   1.4     1   303    45   324    45   325 0.76 [190263/460/1]
190263/405/1.f:EHKDKA_03295 -            725 GH43_13.hmm          -            304   3.5e-28  103.6   6.3   1   1   1.4e-28   1.1e-25   95.4   6.3     1   304   102   369   102   369 0.78 [190263/405/1]
190263/401/1.f:DMFJNH_07380 -            811 GH43_13.hmm          -            304   9.7e-28  102.1  12.5   1   1   2.5e-18     2e-15   61.7   4.5   116   302   113   285    96   288 0.77 [190263/401/1]
190263/504/1.f:DOAHDM_07895 -            811 GH43_13.hmm          -            304   9.7e-28  102.1  12.5   1   1   2.5e-18     2e-15   61.7   4.5   116   302   113   285    96   288 0.77 [190263/504/1]
190263/391/1.f:NONBJF_00170 -            527 GH43_13.hmm          -            304   1.4e-27  101.6   2.4   1   1   5.4e-29   4.3e-26   96.7   2.4     1   304    25   294    25   294 0.79 [190263/391/1]
190263/534/1.f:OHCFJE_00170 -            527 GH43_13.hmm          -            304   1.4e-27  101.6   2.4   1   1   5.4e-29   4.3e-26   96.7   2.4     1   304    25   294    25   294 0.79 [190263/534/1]
190263/545/1.f:NCJBIN_00170 -            527 GH43_13.hmm          -            304   1.4e-27  101.6   2.4   1   1   5.4e-29   4.3e-26   96.7   2.4     1   304    25   294    25   294 0.79 [190263/545/1]
190263/562/1.f:KJGNCK_10930 -            668 GH43_13.hmm          -            304   1.5e-27  101.5   5.4   1   1   5.6e-28   4.5e-25   93.4   5.4     1   304    46   313    46   313 0.77 [190263/562/1]
190263/400/1.f:EIBLKL_09335 -            592 GH43_13.hmm          -            304   1.5e-27  101.5   3.7   1   1   6.4e-30   5.1e-27   99.8   3.7     1   304    71   341    71   341 0.85 [190263/400/1]
190263/552/1.f:EMALNL_10855 -            668 GH43_13.hmm          -            304   1.5e-27  101.5   5.4   1   1   5.6e-28   4.5e-25   93.4   5.4     1   304    46   313    46   313 0.77 [190263/552/1]
190263/388/1.f:FDDJJK_00175 -            527 GH43_13.hmm          -            304   3.4e-27  100.3   2.5   1   1   8.8e-29     7e-26   96.0   2.5     1   304    25   294    25   294 0.80 [190263/388/1]
190263/534/1.f:OHCFJE_09655 -            818 GH43_13.hmm          -            304   5.4e-27   99.7  15.6   1   1   6.1e-27   4.9e-24   90.0  11.7     4   302    25   285    22   288 0.80 [190263/534/1]
190263/545/1.f:NCJBIN_02935 -            817 GH43_13.hmm          -            304   5.4e-27   99.7  15.6   1   1   6.2e-27   4.9e-24   90.0  11.8     4   302    24   284    21   287 0.80 [190263/545/1]
190263/391/1.f:NONBJF_02560 -            817 GH43_13.hmm          -            304   5.4e-27   99.7  15.6   1   1   6.2e-27   4.9e-24   90.0  11.8     4   302    24   284    21   287 0.80 [190263/391/1]
190263/388/1.f:FDDJJK_02675 -            818 GH43_13.hmm          -            304   2.6e-26   97.5  16.0   1   1   7.8e-26   6.2e-23   86.4  11.7     4   302    25   285    22   288 0.79 [190263/388/1]
190263/552/1.f:EMALNL_01625 -            532 GH43_13.hmm          -            304   3.7e-26   96.9   2.0   1   1   1.1e-27     9e-25   92.4   2.0     1   304    27   296    27   296 0.80 [190263/552/1]
190263/405/1.f:EHKDKA_02035 -            519 GH43_13.hmm          -            304   4.9e-26   96.5   3.2   1   1   3.4e-28   2.7e-25   94.1   3.2     2   304    27   294    26   294 0.81 [190263/405/1]
190263/534/1.f:OHCFJE_08385 -            513 GH43_13.hmm          -            304   8.2e-26   95.8   5.1   1   1   3.5e-27   2.8e-24   90.8   5.1     1   304    34   294    34   294 0.86 [190263/534/1]
190263/391/1.f:NONBJF_03805 -            513 GH43_13.hmm          -            304   9.4e-26   95.6   5.0   1   1   5.4e-27   4.2e-24   90.2   5.0     1   304    34   294    34   294 0.86 [190263/391/1]
190263/545/1.f:NCJBIN_04485 -            513 GH43_13.hmm          -            304   9.4e-26   95.6   5.0   1   1   5.4e-27   4.2e-24   90.2   5.0     1   304    34   294    34   294 0.86 [190263/545/1]
190263/504/1.f:DOAHDM_03725 -            514 GH43_13.hmm          -            304   1.3e-25   95.2   3.8   1   1   5.3e-17   4.2e-14   57.3   0.4     1    87    35   121    35   170 0.87 [190263/504/1]
190263/401/1.f:DMFJNH_03265 -            514 GH43_13.hmm          -            304   1.3e-25   95.2   3.8   1   1   5.3e-17   4.2e-14   57.3   0.4     1    87    35   121    35   170 0.87 [190263/401/1]
190263/391/1.f:NONBJF_09445 -            955 GH43_13.hmm          -            304   1.2e-24   91.9   6.0   1   1   4.4e-26   3.5e-23   87.2   5.6     1   304    35   295    35   295 0.84 [190263/391/1]
190263/534/1.f:OHCFJE_03435 -            955 GH43_13.hmm          -            304   1.2e-24   91.9   6.0   1   1   4.4e-26   3.5e-23   87.2   5.6     1   304    35   295    35   295 0.84 [190263/534/1]
190263/545/1.f:NCJBIN_10260 -            955 GH43_13.hmm          -            304   1.2e-24   91.9   6.0   1   1   4.4e-26   3.5e-23   87.2   5.6     1   304    35   295    35   295 0.84 [190263/545/1]
190263/399/1.f:CDLIDF_16935 -            535 GH43_13.hmm          -            304   1.7e-24   91.5   5.9   1   1     1e-25     8e-23   86.0   5.9     1   302    34   298    34   300 0.77 [190263/399/1]
190263/562/1.f:KJGNCK_02385 -            543 GH43_13.hmm          -            304   1.7e-24   91.5   3.4   1   1   6.9e-26   5.4e-23   86.5   3.4     1   304    43   309    43   309 0.80 [190263/562/1]
190263/502/1.f:NONHGB_01910 -            519 GH43_13.hmm          -            304   2.2e-24   91.1   3.6   1   1   1.6e-26   1.2e-23   88.7   3.6     3   304    28   294    26   294 0.80 [190263/502/1]
190263/456/1.f:LKAJBD_08190 -            797 GH43_13.hmm          -            304   2.3e-24   91.1   1.6   1   1   1.4e-26   1.1e-23   88.8   1.6     2   304    28   295    27   295 0.79 [190263/456/1]
190263/420/1.f:GMHOLO_01510 -            529 GH43_13.hmm          -            304   9.8e-24   89.0   0.8   1   1     1e-19   7.9e-17   66.3   1.1     3    91     7   101     5   157 0.86 [190263/420/1]
190263/527/1.f:HGADJN_01625 -            529 GH43_13.hmm          -            304   1.1e-23   88.8   3.2   1   1   2.6e-20   2.1e-17   68.2   1.2     3    91     7   101     5   157 0.86 [190263/527/1]
190263/405/1.f:EHKDKA_05820 -           1205 GH43_13.hmm          -            304   9.2e-23   85.8   4.4   1   1   5.4e-18   4.2e-15   60.6   0.2     1    89   423   516   423   520 0.94 [190263/405/1]
190263/502/1.f:NONHGB_05935 -            517 GH43_13.hmm          -            304   1.3e-22   85.3   2.4   1   1   3.9e-23   3.1e-20   77.5   2.4     1   304    33   298    33   298 0.77 [190263/502/1]
190263/580/1.f:JCPJNN_19935 -            504 GH43_13.hmm          -            304   1.5e-22   85.1   0.0   1   1   5.7e-16   4.5e-13   54.0   0.1     2    85     4    92     3   104 0.91 [190263/580/1]
190263/502/1.f:NONHGB_05050 -           1205 GH43_13.hmm          -            304   1.6e-22   85.0   5.6   1   1   5.8e-18   4.6e-15   60.5   0.1     1    89   423   516   423   520 0.94 [190263/502/1]
190263/502/1.f:NONHGB_05895 -            526 GH43_13.hmm          -            304   3.4e-22   83.9   1.7   1   1   2.1e-23   1.7e-20   78.3   1.7     1   304    39   308    39   308 0.74 [190263/502/1]
190263/405/1.f:EHKDKA_05910 -            541 GH43_13.hmm          -            304   5.6e-22   83.2   2.5   1   1   1.6e-23   1.3e-20   78.8   2.5     1   304    29   298    29   298 0.80 [190263/405/1]
190263/502/1.f:NONHGB_05230 -            533 GH43_13.hmm          -            304   6.2e-22   83.1   3.1   1   1   1.6e-23   1.2e-20   78.8   3.1     1   304    29   298    29   298 0.79 [190263/502/1]
190263/573/1.f:LIDFCI_13560 -            512 GH43_13.hmm          -            304     1e-21   82.4   5.6   1   1   2.9e-23   2.3e-20   77.9   5.5     1   269    25   273    25   289 0.80 [190263/573/1]
190263/460/1.f:IHFGKI_00035 -            712 GH43_13.hmm          -            304   1.8e-21   81.6   4.1   1   1   1.1e-19   8.8e-17   66.2   1.0     1   237    50   258    50   267 0.79 [190263/460/1]
190263/520/1.f:GGDGDE_19865 -            524 GH43_13.hmm          -            304     2e-21   81.4   2.0   1   1     2e-22   1.6e-19   75.2   2.0     2   302     4   276     3   278 0.74 [190263/520/1]
190263/504/1.f:DOAHDM_10190 -            512 GH43_13.hmm          -            304   4.8e-21   80.1   5.2   1   1   3.1e-22   2.4e-19   74.6   5.2     1   270    25   274    25   302 0.78 [190263/504/1]
190263/423/1.f:PDNKFB_00445 -            498 GH43_13.hmm          -            304   7.5e-21   79.5   0.7   1   1   2.9e-22   2.3e-19   74.6   0.7     3   304     4   272     2   272 0.78 [190263/423/1]
190263/401/1.f:DMFJNH_09845 -            512 GH43_13.hmm          -            304     1e-20   79.0   5.0   1   1   6.6e-22   5.3e-19   73.5   5.0     1   270    25   274    25   302 0.78 [190263/401/1]
190263/562/1.f:KJGNCK_10720 -            513 GH43_13.hmm          -            304   1.4e-20   78.6   5.1   1   1     1e-21   8.1e-19   72.8   5.1     1   269    25   273    25   293 0.79 [190263/562/1]
190263/573/1.f:LIDFCI_16030 -            532 GH43_13.hmm          -            304   2.3e-20   77.9   1.5   1   1   2.2e-20   1.7e-17   68.5   1.5     1   276    27   278    27   297 0.74 [190263/573/1]
190263/552/1.f:EMALNL_07510 -            532 GH43_13.hmm          -            304   2.3e-20   77.9   1.5   1   1   2.2e-20   1.7e-17   68.5   1.5     1   276    27   278    27   297 0.74 [190263/552/1]
190263/369/1.f:JCDIFE_10525 -            515 GH43_13.hmm          -            304   2.6e-20   77.8   3.1   1   1   2.8e-22   2.2e-19   74.7   3.2     1   270    25   274    25   301 0.81 [190263/369/1]
190263/475/1.f:MCKEEP_08310 -            532 GH43_13.hmm          -            304   3.9e-20   77.2   1.5   1   1   3.6e-16   2.9e-13   54.6   0.2     1    85    27   115    27   123 0.90 [190263/475/1]
190263/534/1.f:OHCFJE_07745 -            514 GH43_13.hmm          -            304   1.4e-19   75.4   2.7   1   1   1.1e-21     9e-19   72.7   2.7     2   304    29   312    28   312 0.76 [190263/534/1]
190263/545/1.f:NCJBIN_05140 -            514 GH43_13.hmm          -            304   1.4e-19   75.4   2.7   1   1   1.1e-21     9e-19   72.7   2.7     2   304    29   312    28   312 0.76 [190263/545/1]
190263/391/1.f:NONBJF_04475 -            514 GH43_13.hmm          -            304   1.4e-19   75.4   2.7   1   1   1.1e-21     9e-19   72.7   2.7     2   304    29   312    28   312 0.76 [190263/391/1]
190263/396/1.f:KAAOMA_19120 -           1075 GH43_13.hmm          -            304   2.3e-19   74.6   4.7   1   1   2.9e-22   2.3e-19   74.6   4.7     2   304    44   313    43   313 0.82 [190263/396/1]
190263/520/1.f:GGDGDE_04270 -            498 GH43_13.hmm          -            304   2.5e-19   74.5   0.5   1   1   9.4e-21   7.5e-18   69.7   0.5     3   304     4   272     2   272 0.78 [190263/520/1]
190263/562/1.f:KJGNCK_02440 -           1354 GH43_13.hmm          -            304   7.3e-19   73.0   6.8   1   1   1.8e-16   1.5e-13   55.6   0.9     1    87    33   124    33   257 0.81 [190263/562/1]
190263/437/1.f:LBKKEJ_07225 -            231 GH43_13.hmm          -            304   1.5e-18   72.0   2.8   1   1     2e-20   1.6e-17   68.6   2.8     1   218    40   229    40   231 0.89 [190263/437/1]
190263/456/1.f:LKAJBD_08635 -            554 GH43_13.hmm          -            304   6.1e-18   70.0   2.8   1   1   2.1e-18   1.7e-15   61.9   2.8     1   304    27   308    27   308 0.76 [190263/456/1]
190263/400/1.f:EIBLKL_09445 -            122 GH43_13.hmm          -            304   1.1e-17   69.2   0.0   1   1   1.4e-20   1.1e-17   69.1   0.0     1    73     3    73     3   103 0.87 [190263/400/1]
190263/365/1.f:JJMMAK_09115 -            354 GH43_13.hmm          -            304   1.2e-17   69.0   0.3   1   1   3.7e-19   2.9e-16   64.5   0.3     1   276    43   315    43   337 0.78 [190263/365/1]
190263/388/1.f:FDDJJK_11150 -            343 GH43_13.hmm          -            304   2.8e-17   67.8   1.7   1   1   3.6e-20   2.8e-17   67.8   0.4   195   302    34   138    19   141 0.84 [190263/388/1]
190263/388/1.f:FDDJJK_11145 -            625 GH43_13.hmm          -            304   4.2e-17   67.2   0.9   1   1   4.1e-19   3.3e-16   64.3   0.9     1    85   504   578   504   607 0.81 [190263/388/1]
190263/520/1.f:GGDGDE_19895 -            538 GH43_13.hmm          -            304   4.6e-17   67.1   0.4   1   1     2e-17   1.5e-14   58.8   0.6     3   304    12   280    11   280 0.76 [190263/520/1]
190263/401/1.f:DMFJNH_04555 -            329 GH43_13.hmm          -            304   5.4e-17   66.9   1.8   1   1   4.1e-19   3.3e-16   64.3   1.8    12   272    39   287    35   312 0.78 [190263/401/1]
190263/504/1.f:DOAHDM_05050 -            329 GH43_13.hmm          -            304   5.4e-17   66.9   1.8   1   1   4.1e-19   3.3e-16   64.3   1.8    12   272    39   287    35   312 0.78 [190263/504/1]
190263/497/1.f:HENFFC_08175 -            313 GH43_13.hmm          -            304   1.1e-16   65.9   3.2   1   1   3.9e-19     3e-16   64.4   3.2    12   280    37   282    34   299 0.74 [190263/497/1]
190263/437/1.f:LBKKEJ_07940 -            329 GH43_13.hmm          -            304   2.1e-16   64.9   2.9   1   1   5.8e-19   4.6e-16   63.8   2.9    12   272    41   286    38   309 0.78 [190263/437/1]
190263/401/1.f:DMFJNH_03485 -            330 GH43_13.hmm          -            304   2.8e-16   64.5   4.9   1   1   8.4e-19   6.6e-16   63.3   4.8    12   274    50   293    47   310 0.79 [190263/401/1]
190263/504/1.f:DOAHDM_03935 -            330 GH43_13.hmm          -            304   2.8e-16   64.5   4.9   1   1   8.4e-19   6.6e-16   63.3   4.8    12   274    50   293    47   310 0.79 [190263/504/1]
190263/502/1.f:NONHGB_04390 -            315 GH43_13.hmm          -            304   3.9e-16   64.0   1.4   1   1   1.5e-18   1.2e-15   62.4   1.4    33   274    53   278    33   290 0.76 [190263/502/1]
190263/585/1.f:DLBDDB_04640 -            329 GH43_13.hmm          -            304   5.5e-16   63.5   2.9   1   1   2.1e-18   1.6e-15   62.0   2.9    11   272    39   286    35   306 0.78 [190263/585/1]
190263/401/1.f:DMFJNH_03515 -            327 GH43_13.hmm          -            304   9.8e-16   62.7   4.6   1   1   5.1e-18     4e-15   60.7   4.6    12   277    48   293    45   310 0.80 [190263/401/1]
190263/504/1.f:DOAHDM_03950 -            327 GH43_13.hmm          -            304   9.8e-16   62.7   4.6   1   1   5.1e-18     4e-15   60.7   4.6    12   277    48   293    45   310 0.80 [190263/504/1]
190263/552/1.f:EMALNL_04920 -            329 GH43_13.hmm          -            304   1.1e-15   62.6   3.7   1   1     4e-18   3.2e-15   61.0   3.7    11   276    37   290    35   305 0.79 [190263/552/1]
190263/475/1.f:MCKEEP_04910 -            329 GH43_13.hmm          -            304   1.8e-15   61.9   3.8   1   1   6.8e-18   5.4e-15   60.3   3.8    11   276    37   290    35   304 0.78 [190263/475/1]
190263/564/1.f:KIHMBJ_07125 -            369 GH43_13.hmm          -            304   2.1e-15   61.7   3.2   1   1     5e-18   3.9e-15   60.7   3.2    12   268    68   318    65   337 0.75 [190263/564/1]
190263/573/1.f:LIDFCI_18730 -            329 GH43_13.hmm          -            304   2.4e-15   61.4   3.3   1   1   9.4e-18   7.4e-15   59.8   3.3    11   276    37   290    35   304 0.79 [190263/573/1]
190263/562/1.f:KJGNCK_05400 -            318 GH43_13.hmm          -            304   4.6e-15   60.5   2.7   1   1   2.2e-17   1.8e-14   58.6   2.7    12   276    27   279    24   294 0.79 [190263/562/1]
190263/369/1.f:JCDIFE_04825 -            316 GH43_13.hmm          -            304   6.6e-14   56.7   2.6   1   1   2.2e-16   1.7e-13   55.3   2.6    32   278    56   283    32   298 0.71 [190263/369/1]
190263/461/1.f:DHPHOK_05310 -            322 GH43_13.hmm          -            304   1.2e-13   55.8   3.9   1   1   7.3e-16   5.8e-13   53.6   3.8    33   275    57   280    33   294 0.75 [190263/461/1]
190263/388/1.f:FDDJJK_11475 -            322 GH43_13.hmm          -            304   1.7e-13   55.3   1.3   1   1   6.3e-16   4.9e-13   53.8   1.3    12   277    45   285    40   302 0.83 [190263/388/1]
190263/391/1.f:NONBJF_11655 -            322 GH43_13.hmm          -            304   1.7e-13   55.3   1.3   1   1   6.3e-16   4.9e-13   53.8   1.3    12   277    45   285    40   302 0.83 [190263/391/1]
190263/534/1.f:OHCFJE_11925 -            322 GH43_13.hmm          -            304   1.7e-13   55.3   1.3   1   1   6.3e-16   4.9e-13   53.8   1.3    12   277    45   285    40   302 0.83 [190263/534/1]
190263/545/1.f:NCJBIN_12795 -            322 GH43_13.hmm          -            304   1.7e-13   55.3   1.3   1   1   6.3e-16   4.9e-13   53.8   1.3    12   277    45   285    40   302 0.83 [190263/545/1]
190263/365/1.f:JJMMAK_03125 -            313 GH43_13.hmm          -            304   2.1e-13   55.0   4.1   1   1   8.1e-16   6.4e-13   53.5   4.1    12   280    37   282    32   299 0.73 [190263/365/1]
#
# Program:         hmmsearch
# Version:         3.3.2 (Nov 2020)
# Pipeline mode:   SEARCH
# Query file:      /kb/module/work/tmp/output.1725388484971/GH43_13/GH43_13.hmm
# Target file:     /kb/module/work/tmp/output.1725388484971/hCom2_RAST.fasta
# Option settings: /kb/module/hmmer/bin/hmmsearch --domtblout /kb/module/work/tmp/output.1725388484971/GH43_13/GH43_13-hCom2_RAST.hitout.txt --noali --notextw --domE 1e-15 /kb/module/work/tmp/output.1725388484971/GH43_13/GH43_13.hmm /kb/module/work/tmp/output.1725388484971/hCom2_RAST.fasta 
# Current dir:     /kb/module/work/tmp/output.1725388484971
# Date:            Tue Sep  3 18:52:10 2024
# [ok]
