#                                                                                   --- full sequence --- -------------- this domain -------------   hmm coord   ali coord   env coord
# target name               accession   tlen query name           accession   qlen   E-value  score  bias   #  of  c-Evalue  i-Evalue  score  bias  from    to  from    to  from    to  acc description of target
#       ------------------- ---------- ----- -------------------- ---------- ----- --------- ------ ----- --- --- --------- --------- ------ ----- ----- ----- ----- ----- ----- ----- ---- ---------------------
190263/405/1.f:EHKDKA_15525 -           1120 GH43_9.hmm           -            272  3.2e-243  808.3  28.7   1   4  7.3e-122  3.5e-119  401.6  12.4     2   272    24   288    23   288 0.99 [190263/405/1]
190263/405/1.f:EHKDKA_15525 -           1120 GH43_9.hmm           -            272  3.2e-243  808.3  28.7   2   4   6.8e-20   3.3e-17   67.2   0.0    10    84   541   646   526   648 0.90 [190263/405/1]
190263/405/1.f:EHKDKA_15525 -           1120 GH43_9.hmm           -            272  3.2e-243  808.3  28.7   3   4   5.6e-30   2.7e-27  100.3   0.3   117   272   644   773   642   773 0.97 [190263/405/1]
190263/405/1.f:EHKDKA_15525 -           1120 GH43_9.hmm           -            272  3.2e-243  808.3  28.7   4   4   4.1e-75   1.9e-72  248.3   3.8     1   272   821  1113   821  1113 0.98 [190263/405/1]
190263/369/1.f:JCDIFE_12790 -            817 GH43_9.hmm           -            272  8.1e-169  564.4  17.9   1   3  2.4e-123  1.1e-120  406.5  11.0     2   272    27   291    26   291 0.99 [190263/369/1]
190263/369/1.f:JCDIFE_12790 -            817 GH43_9.hmm           -            272  8.1e-169  564.4  17.9   2   3   4.3e-20     2e-17   67.9   0.0     2    90   529   656   528   661 0.86 [190263/369/1]
190263/369/1.f:JCDIFE_12790 -            817 GH43_9.hmm           -            272  8.1e-169  564.4  17.9   3   3   1.1e-28   5.3e-26   96.0   0.5   118   272   649   777   647   777 0.95 [190263/369/1]
190263/545/1.f:NCJBIN_02935 -            817 GH43_9.hmm           -            272  8.6e-169  564.3  21.5   1   3  7.3e-121  3.5e-118  398.3  12.3     3   272    24   287    22   287 0.99 [190263/545/1]
190263/545/1.f:NCJBIN_02935 -            817 GH43_9.hmm           -            272  8.6e-169  564.3  21.5   2   3   1.1e-20   5.1e-18   69.8   0.0    10    85   540   647   525   649 0.85 [190263/545/1]
190263/545/1.f:NCJBIN_02935 -            817 GH43_9.hmm           -            272  8.6e-169  564.3  21.5   3   3   6.5e-31   3.1e-28  103.3   0.5   118   272   645   773   643   773 0.96 [190263/545/1]
190263/534/1.f:OHCFJE_09655 -            818 GH43_9.hmm           -            272  1.2e-168  563.8  20.9   1   3  7.3e-121  3.5e-118  398.3  12.3     3   272    25   288    23   288 0.99 [190263/534/1]
190263/534/1.f:OHCFJE_09655 -            818 GH43_9.hmm           -            272  1.2e-168  563.8  20.9   2   3   1.1e-20   5.1e-18   69.8   0.0    10    85   541   648   526   650 0.85 [190263/534/1]
190263/534/1.f:OHCFJE_09655 -            818 GH43_9.hmm           -            272  1.2e-168  563.8  20.9   3   3   1.3e-30     6e-28  102.4   0.4   118   272   646   774   644   774 0.96 [190263/534/1]
190263/391/1.f:NONBJF_02560 -            817 GH43_9.hmm           -            272  1.4e-168  563.6  21.1   1   3  7.3e-121  3.5e-118  398.3  12.3     3   272    24   287    22   287 0.99 [190263/391/1]
190263/391/1.f:NONBJF_02560 -            817 GH43_9.hmm           -            272  1.4e-168  563.6  21.1   2   3   1.1e-20   5.1e-18   69.8   0.0    10    85   540   647   525   649 0.85 [190263/391/1]
190263/391/1.f:NONBJF_02560 -            817 GH43_9.hmm           -            272  1.4e-168  563.6  21.1   3   3   1.3e-30     6e-28  102.4   0.4   118   272   645   773   643   773 0.96 [190263/391/1]
190263/401/1.f:DMFJNH_07380 -            811 GH43_9.hmm           -            272  5.7e-168  561.6  18.5   1   3  6.8e-122  3.2e-119  401.7  12.8     3   272    25   288    23   288 0.99 [190263/401/1]
190263/401/1.f:DMFJNH_07380 -            811 GH43_9.hmm           -            272  5.7e-168  561.6  18.5   2   3   7.5e-21   3.6e-18   70.3   0.0    10    85   541   648   526   650 0.89 [190263/401/1]
190263/401/1.f:DMFJNH_07380 -            811 GH43_9.hmm           -            272  5.7e-168  561.6  18.5   3   3   5.9e-28   2.8e-25   93.6   0.2   118   272   646   774   643   774 0.96 [190263/401/1]
190263/504/1.f:DOAHDM_07895 -            811 GH43_9.hmm           -            272  5.7e-168  561.6  18.5   1   3  6.8e-122  3.2e-119  401.7  12.8     3   272    25   288    23   288 0.99 [190263/504/1]
190263/504/1.f:DOAHDM_07895 -            811 GH43_9.hmm           -            272  5.7e-168  561.6  18.5   2   3   7.5e-21   3.6e-18   70.3   0.0    10    85   541   648   526   650 0.89 [190263/504/1]
190263/504/1.f:DOAHDM_07895 -            811 GH43_9.hmm           -            272  5.7e-168  561.6  18.5   3   3   5.9e-28   2.8e-25   93.6   0.2   118   272   646   774   643   774 0.96 [190263/504/1]
190263/388/1.f:FDDJJK_02675 -            818 GH43_9.hmm           -            272    3e-167  559.2  24.0   1   3  8.3e-121    4e-118  398.1  11.7     3   272    25   288    23   288 0.99 [190263/388/1]
190263/388/1.f:FDDJJK_02675 -            818 GH43_9.hmm           -            272    3e-167  559.2  24.0   2   3   1.3e-20     6e-18   69.6   0.1    10    87   541   650   526   653 0.85 [190263/388/1]
190263/388/1.f:FDDJJK_02675 -            818 GH43_9.hmm           -            272    3e-167  559.2  24.0   3   3   1.3e-30   6.2e-28  102.4   0.5   118   272   646   774   644   774 0.96 [190263/388/1]
190263/399/1.f:CDLIDF_10095 -            833 GH43_9.hmm           -            272  4.9e-154  515.9  18.6   1   3  2.3e-117  1.1e-114  386.8  10.4     2   271    24   290    23   291 0.97 [190263/399/1]
190263/399/1.f:CDLIDF_10095 -            833 GH43_9.hmm           -            272  4.9e-154  515.9  18.6   2   3   3.1e-17   1.5e-14   58.5   0.1    10    90   544   655   529   659 0.85 [190263/399/1]
190263/399/1.f:CDLIDF_10095 -            833 GH43_9.hmm           -            272  4.9e-154  515.9  18.6   3   3     7e-23   3.3e-20   77.0   0.3   119   272   649   776   646   776 0.92 [190263/399/1]
190263/461/1.f:DHPHOK_17575 -            979 GH43_9.hmm           -            272  1.6e-120  405.9   5.0   1   1  4.8e-123  2.3e-120  405.5   5.0     1   272   505   777   505   777 0.99 [190263/461/1]
190263/502/1.f:NONHGB_00190 -            517 GH43_9.hmm           -            272  1.8e-120  405.8   2.8   1   1  5.1e-123  2.4e-120  405.4   2.8     2   272    41   312    40   312 0.99 [190263/502/1]
190263/552/1.f:EMALNL_01575 -            510 GH43_9.hmm           -            272  1.3e-118  399.7   4.6   1   1  4.8e-121  2.3e-118  398.9   4.6     3   272    38   305    36   305 0.99 [190263/552/1]
190263/391/1.f:NONBJF_09835 -            499 GH43_9.hmm           -            272  3.6e-114  385.2   0.3   1   1  9.6e-117  4.6e-114  384.8   0.3     3   272    35   303    33   303 0.99 [190263/391/1]
190263/534/1.f:OHCFJE_02975 -            499 GH43_9.hmm           -            272  3.6e-114  385.2   0.3   1   1  9.6e-117  4.6e-114  384.8   0.3     3   272    35   303    33   303 0.99 [190263/534/1]
190263/545/1.f:NCJBIN_10675 -            499 GH43_9.hmm           -            272  3.6e-114  385.2   0.3   1   1  9.6e-117  4.6e-114  384.8   0.3     3   272    35   303    33   303 0.99 [190263/545/1]
190263/437/1.f:LBKKEJ_14810 -            501 GH43_9.hmm           -            272  9.4e-109  367.4   0.3   1   1  2.5e-111  1.2e-108  367.0   0.3     4   272    38   305    35   305 0.99 [190263/437/1]
190263/401/1.f:DMFJNH_06495 -            637 GH43_9.hmm           -            272   3.5e-75  257.3  10.4   1   2   1.1e-39   5.4e-37  132.1   2.7     2   272    32   313    31   313 0.84 [190263/401/1]
190263/401/1.f:DMFJNH_06495 -            637 GH43_9.hmm           -            272   3.5e-75  257.3  10.4   2   2   4.2e-39     2e-36  130.2   1.0     2   267   339   616   338   620 0.88 [190263/401/1]
190263/504/1.f:DOAHDM_07165 -            637 GH43_9.hmm           -            272   3.5e-75  257.3  10.4   1   2   1.1e-39   5.4e-37  132.1   2.7     2   272    32   313    31   313 0.84 [190263/504/1]
190263/504/1.f:DOAHDM_07165 -            637 GH43_9.hmm           -            272   3.5e-75  257.3  10.4   2   2   4.2e-39     2e-36  130.2   1.0     2   267   339   616   338   620 0.88 [190263/504/1]
190263/522/1.f:NPJBCH_10320 -            621 GH43_9.hmm           -            272   3.2e-65  224.6   5.5   1   2   4.6e-39   2.2e-36  130.1   0.8     1   271    31   313    31   314 0.88 [190263/522/1]
190263/522/1.f:NPJBCH_10320 -            621 GH43_9.hmm           -            272   3.2e-65  224.6   5.5   2   2   5.4e-29   2.6e-26   97.0   0.3     9   270   335   605   327   607 0.83 [190263/522/1]
190263/457/1.f:IIKDLL_11780 -            646 GH43_9.hmm           -            272   4.9e-65  224.0   0.2   1   1   1.5e-67     7e-65  223.5   0.2     1   272   135   411   135   411 0.94 [190263/457/1]
190263/405/1.f:EHKDKA_00245 -            643 GH43_9.hmm           -            272     4e-64  221.0  12.9   1   1   2.4e-47   1.2e-44  157.2   2.6     2   271   339   635   338   636 0.88 [190263/405/1]
190263/502/1.f:NONHGB_00270 -            643 GH43_9.hmm           -            272   2.7e-63  218.3  12.9   1   1   5.1e-47   2.4e-44  156.2   2.7     2   271   339   635   338   636 0.88 [190263/502/1]
190263/490/1.f:OIBLLI_02545 -            512 GH43_9.hmm           -            272   3.6e-63  217.9   0.1   1   1   9.7e-66   4.6e-63  217.5   0.1     2   272     7   286     6   286 0.93 [190263/490/1]
190263/534/1.f:OHCFJE_09710 -            647 GH43_9.hmm           -            272   1.1e-62  216.3  11.3   1   1   2.1e-44     1e-41  147.6   2.4     2   271   341   639   340   640 0.88 [190263/534/1]
190263/399/1.f:CDLIDF_03200 -            640 GH43_9.hmm           -            272   4.9e-62  214.2  16.4   1   1   1.9e-43   8.9e-41  144.5   5.3     2   271   334   632   333   633 0.88 [190263/399/1]
190263/391/1.f:NONBJF_02505 -            647 GH43_9.hmm           -            272   6.6e-62  213.8  12.9   1   1   2.4e-44   1.1e-41  147.4   2.3     2   271   341   639   340   640 0.88 [190263/391/1]
190263/545/1.f:NCJBIN_02880 -            647 GH43_9.hmm           -            272   6.6e-62  213.8  12.9   1   1   2.4e-44   1.1e-41  147.4   2.3     2   271   341   639   340   640 0.88 [190263/545/1]
190263/399/1.f:CDLIDF_13450 -            857 GH43_9.hmm           -            272   5.9e-61  210.6   1.9   1   1   1.2e-49   5.6e-47  164.8   0.0     1   270    25   310    25   312 0.88 [190263/399/1]
190263/520/1.f:GGDGDE_09245 -            630 GH43_9.hmm           -            272     1e-59  206.5   0.0   1   1   2.9e-62   1.4e-59  206.1   0.0     2   272   134   408   133   408 0.93 [190263/520/1]
190263/461/1.f:DHPHOK_00505 -            646 GH43_9.hmm           -            272   1.2e-59  206.3  13.5   1   1   7.9e-45   3.8e-42  149.0   3.4     2   271   342   638   341   639 0.89 [190263/461/1]
190263/388/1.f:FDDJJK_02615 -            647 GH43_9.hmm           -            272   4.5e-59  204.5  13.3   1   1   5.4e-43   2.6e-40  143.0   2.6     2   271   341   639   340   640 0.88 [190263/388/1]
190263/388/1.f:FDDJJK_11150 -            343 GH43_9.hmm           -            272   8.5e-59  203.6   1.1   1   1   2.7e-61   1.3e-58  203.0   1.1   132   272     1   141     1   141 0.99 [190263/388/1]
190263/546/1.f:GEHMID_03135 -            526 GH43_9.hmm           -            272   1.6e-57  199.4   0.7   1   1   6.6e-60   3.2e-57  198.4   0.7     2   272     8   298     7   298 0.89 [190263/546/1]
190263/429/1.f:OMPHBF_13095 -            519 GH43_9.hmm           -            272   6.2e-56  194.2   0.1   1   1   2.2e-58     1e-55  193.5   0.1     2   272     5   281     4   281 0.86 [190263/429/1]
190263/461/1.f:DHPHOK_06210 -            523 GH43_9.hmm           -            272   1.7e-55  192.7   0.0   1   1   5.9e-58   2.8e-55  192.0   0.0     1   271    26   299    26   300 0.88 [190263/461/1]
190263/369/1.f:JCDIFE_12795 -            333 GH43_9.hmm           -            272   1.9e-55  192.6   5.4   1   1   4.5e-58   2.2e-55  192.4   5.4     2   271    35   325    34   326 0.94 [190263/369/1]
190263/437/1.f:LBKKEJ_18205 -            520 GH43_9.hmm           -            272   2.5e-55  192.2   0.1   1   1   7.7e-58   3.7e-55  191.6   0.1     1   272    24   298    24   298 0.87 [190263/437/1]
190263/490/1.f:OIBLLI_09290 -            540 GH43_9.hmm           -            272   4.8e-54  188.0   0.3   1   1   2.6e-56   1.2e-53  186.6   0.1     1   272     4   282     4   282 0.87 [190263/490/1]
190263/456/1.f:LKAJBD_02480 -            512 GH43_9.hmm           -            272     1e-53  186.9   0.1   1   1     3e-56   1.4e-53  186.4   0.1     1   271    13   287    13   288 0.89 [190263/456/1]
190263/405/1.f:EHKDKA_18135 -            520 GH43_9.hmm           -            272   3.1e-53  185.3   0.1   1   1   9.6e-56   4.6e-53  184.8   0.1     1   271    25   298    25   299 0.89 [190263/405/1]
190263/552/1.f:EMALNL_04300 -            526 GH43_9.hmm           -            272     1e-52  183.6   0.0   1   1   5.1e-55   2.4e-52  182.4   0.0     2   272    25   298    24   298 0.87 [190263/552/1]
190263/562/1.f:KJGNCK_06150 -            521 GH43_9.hmm           -            272   1.4e-52  183.2   0.0   1   1   4.9e-55   2.4e-52  182.4   0.0     2   272    25   298    24   298 0.87 [190263/562/1]
190263/460/1.f:IHFGKI_00025 -            986 GH43_9.hmm           -            272   1.4e-52  183.2  15.3   1   2   1.3e-22   6.1e-20   76.1   7.8     1   272    29   329    29   329 0.81 [190263/460/1]
190263/460/1.f:IHFGKI_00025 -            986 GH43_9.hmm           -            272   1.4e-52  183.2  15.3   2   2   1.7e-32   8.1e-30  108.5   0.8     2   271   480   743   479   744 0.85 [190263/460/1]
190263/447/1.f:OLODHC_01285 -            525 GH43_9.hmm           -            272   1.9e-52  182.8   0.2   1   1   1.2e-54   5.7e-52  181.2   0.0     2   272     6   293     5   293 0.85 [190263/447/1]
190263/405/1.f:EHKDKA_12800 -            530 GH43_9.hmm           -            272   2.2e-52  182.5   1.6   1   1   5.3e-55   2.5e-52  182.3   0.1     2   272     6   294     5   294 0.85 [190263/405/1]
190263/580/1.f:JCPJNN_30525 -            501 GH43_9.hmm           -            272   9.7e-52  180.4   0.0   1   1     3e-54   1.4e-51  179.9   0.0     1   269     4   277     4   279 0.87 [190263/580/1]
190263/409/1.f:AJJCMD_17550 -            503 GH43_9.hmm           -            272   1.3e-51  180.0   1.8   1   1   3.9e-54   1.9e-51  179.5   1.8     1   271     4   278     4   279 0.84 [190263/409/1]
190263/443/1.f:LNLACP_05715 -            520 GH43_9.hmm           -            272   2.4e-51  179.1   0.1   1   1   1.1e-53   5.2e-51  178.0   0.1     1   271     5   290     5   291 0.87 [190263/443/1]
190263/409/1.f:AJJCMD_07230 -            533 GH43_9.hmm           -            272   5.1e-51  178.1   0.0   1   1   1.4e-53   6.8e-51  177.6   0.0     2   272    11   298    10   298 0.88 [190263/409/1]
190263/546/1.f:GEHMID_02780 -            535 GH43_9.hmm           -            272   6.7e-51  177.7   4.5   1   1   4.3e-53     2e-50  176.1   3.4     2   272     5   304     4   304 0.84 [190263/546/1]
190263/388/1.f:FDDJJK_11145 -            625 GH43_9.hmm           -            272   9.4e-51  177.2   0.3   1   1   2.7e-53   1.3e-50  176.7   0.3     1   119   505   623   505   625 0.99 [190263/388/1]
190263/520/1.f:GGDGDE_19885 -            513 GH43_9.hmm           -            272   1.5e-50  176.6   0.3   1   1   4.3e-53   2.1e-50  176.1   0.3     2   271     6   289     5   290 0.88 [190263/520/1]
190263/580/1.f:JCPJNN_10115 -            541 GH43_9.hmm           -            272     2e-50  176.1   0.9   1   1   6.8e-53   3.2e-50  175.4   0.9     1   271     6   286     6   287 0.86 [190263/580/1]
190263/460/1.f:IHFGKI_14400 -            556 GH43_9.hmm           -            272   9.7e-50  173.9   0.2   1   1   8.5e-52   4.1e-49  171.8   0.0     2   270    48   338    47   340 0.86 [190263/460/1]
190263/552/1.f:EMALNL_04305 -            529 GH43_9.hmm           -            272   4.9e-49  171.6   0.0   1   1     2e-51   9.6e-49  170.6   0.0     1   272    28   305    28   305 0.86 [190263/552/1]
190263/520/1.f:GGDGDE_05930 -            521 GH43_9.hmm           -            272   6.8e-49  171.1   0.0   1   1   6.2e-51   2.9e-48  169.0   0.0     1   271     5   290     5   291 0.83 [190263/520/1]
190263/455/1.f:GDGJDA_02905 -            549 GH43_9.hmm           -            272   2.4e-48  169.3   0.8   1   1   4.1e-49   1.9e-46  163.0   0.8     2   272     4   313     3   313 0.80 [190263/455/1]
190263/420/1.f:GMHOLO_06770 -            548 GH43_9.hmm           -            272   2.7e-48  169.1   0.3   1   1   3.6e-49   1.7e-46  163.2   0.3     2   272     4   313     3   313 0.80 [190263/420/1]
190263/527/1.f:HGADJN_07100 -            548 GH43_9.hmm           -            272   2.7e-48  169.1   0.3   1   1   3.6e-49   1.7e-46  163.2   0.3     2   272     4   313     3   313 0.80 [190263/527/1]
190263/595/1.f:HGDLEC_08325 -            561 GH43_9.hmm           -            272   4.4e-48  168.4   0.1   1   1   1.7e-50   8.1e-48  167.6   0.1     2   270    49   339    48   341 0.88 [190263/595/1]
190263/541/1.f:IDEEIE_02100 -           1952 GH43_9.hmm           -            272   4.6e-48  168.4  20.5   1   1   4.5e-32   2.1e-29  107.1   1.0     2   271  1544  1855  1543  1856 0.85 [190263/541/1]
190263/409/1.f:AJJCMD_00315 -            525 GH43_9.hmm           -            272   1.4e-47  166.8   0.2   1   1   3.5e-49   1.7e-46  163.2   0.0     1   269     5   296     5   298 0.84 [190263/409/1]
190263/562/1.f:KJGNCK_06145 -            530 GH43_9.hmm           -            272   1.7e-47  166.5   0.0   1   1   8.2e-50   3.9e-47  165.3   0.0     1   272    29   306    29   306 0.87 [190263/562/1]
190263/507/1.f:KPMKPI_02035 -            512 GH43_9.hmm           -            272   7.7e-47  164.3   0.2   1   1   1.1e-47   5.4e-45  158.3   0.0     1   272     4   287     4   287 0.89 [190263/507/1]
190263/433/1.f:ADFNDI_03705 -            548 GH43_9.hmm           -            272   1.6e-46  163.3   0.1   1   1   2.8e-47   1.3e-44  157.0   0.1     1   272     3   313     3   313 0.79 [190263/433/1]
190263/541/1.f:IDEEIE_12865 -            548 GH43_9.hmm           -            272   2.1e-46  162.9   0.2   1   1   3.6e-47   1.7e-44  156.7   0.2     2   272     4   313     3   313 0.80 [190263/541/1]
190263/365/1.f:JJMMAK_00270 -            513 GH43_9.hmm           -            272   2.3e-46  162.8   1.1   1   1   8.7e-49   4.1e-46  162.0   1.1     2   271    28   302    27   303 0.89 [190263/365/1]
190263/497/1.f:HENFFC_12345 -            513 GH43_9.hmm           -            272   3.1e-46  162.3   0.9   1   1     1e-48     5e-46  161.7   0.9     2   271    28   302    27   303 0.89 [190263/497/1]
190263/546/1.f:GEHMID_10190 -            652 GH43_9.hmm           -            272   3.2e-46  162.3   2.3   1   1     3e-48   1.4e-45  160.2   2.3     1   272    28   339    28   339 0.78 [190263/546/1]
190263/520/1.f:GGDGDE_09840 -            508 GH43_9.hmm           -            272   4.1e-46  162.0   0.3   1   1   1.7e-48   8.2e-46  161.0   0.3     1   272     4   286     4   286 0.84 [190263/520/1]
190263/401/1.f:DMFJNH_07485 -            333 GH43_9.hmm           -            272   4.2e-46  161.9   2.8   1   1     1e-48   4.9e-46  161.7   2.8     2   271    30   325    29   326 0.90 [190263/401/1]
190263/504/1.f:DOAHDM_07990 -            333 GH43_9.hmm           -            272   4.2e-46  161.9   2.8   1   1     1e-48   4.9e-46  161.7   2.8     2   271    30   325    29   326 0.90 [190263/504/1]
190263/379/1.f:LOJHAC_13970 -            513 GH43_9.hmm           -            272   5.5e-46  161.5   1.8   1   1   2.1e-48   9.8e-46  160.7   1.8     2   271    27   301    26   302 0.90 [190263/379/1]
190263/368/1.f:HPMDBE_12540 -            513 GH43_9.hmm           -            272   2.1e-45  159.7   1.3   1   1   4.4e-48   2.1e-45  159.7   1.3     2   271    27   301    26   302 0.90 [190263/368/1]
190263/516/1.f:MGNFBC_11300 -            513 GH43_9.hmm           -            272   2.4e-45  159.5   1.4   1   1     5e-48   2.4e-45  159.5   1.4     2   271    27   301    26   302 0.90 [190263/516/1]
190263/405/1.f:EHKDKA_12840 -            882 GH43_9.hmm           -            272   2.6e-45  159.4   0.0   1   1   1.3e-47   6.1e-45  158.1   0.0     2   268   385   676   384   679 0.89 [190263/405/1]
190263/399/1.f:CDLIDF_13510 -            537 GH43_9.hmm           -            272   4.2e-45  158.6   2.2   1   1   1.5e-47   7.3e-45  157.9   2.2     1   269    26   309    26   312 0.86 [190263/399/1]
190263/580/1.f:JCPJNN_02360 -            556 GH43_9.hmm           -            272     6e-45  158.1   3.9   1   1   2.7e-46   1.3e-43  153.8   3.7     1   272     4   314     4   314 0.79 [190263/580/1]
190263/475/1.f:MCKEEP_08320 -            575 GH43_9.hmm           -            272   1.2e-44  157.2   0.3   1   1   3.4e-46   1.6e-43  153.5   0.1     2   267    65   355    64   357 0.80 [190263/475/1]
190263/573/1.f:LIDFCI_16020 -            575 GH43_9.hmm           -            272   1.5e-44  156.9   0.2   1   1   4.8e-46   2.3e-43  153.0   0.1     2   267    65   355    64   357 0.80 [190263/573/1]
190263/552/1.f:EMALNL_07520 -            575 GH43_9.hmm           -            272   1.6e-44  156.7   0.2   1   1   4.8e-46   2.3e-43  153.0   0.1     2   267    65   355    64   357 0.80 [190263/552/1]
190263/423/1.f:PDNKFB_07020 -            523 GH43_9.hmm           -            272   1.8e-44  156.6   0.0   1   1   1.4e-46   6.4e-44  154.8   0.0     1   268     5   288     5   290 0.83 [190263/423/1]
190263/420/1.f:GMHOLO_01490 -            543 GH43_9.hmm           -            272     2e-44  156.4   1.0   1   1   7.6e-47   3.6e-44  155.6   1.0     2   272     5   304     4   304 0.83 [190263/420/1]
190263/527/1.f:HGADJN_01610 -            543 GH43_9.hmm           -            272     2e-44  156.4   1.0   1   1   7.6e-47   3.6e-44  155.6   1.0     2   272     5   304     4   304 0.83 [190263/527/1]
190263/388/1.f:FDDJJK_00210 -            632 GH43_9.hmm           -            272   2.2e-44  156.3   0.1   1   1   8.9e-47   4.2e-44  155.4   0.1     2   270   125   418   124   420 0.84 [190263/388/1]
190263/404/1.f:BGJBIG_05315 -            334 GH43_9.hmm           -            272   2.5e-44  156.1   1.5   1   1     6e-47   2.9e-44  155.9   1.5     2   271    30   326    29   327 0.90 [190263/404/1]
190263/420/1.f:GMHOLO_02150 -            543 GH43_9.hmm           -            272   2.8e-44  156.0   1.1   1   1   1.7e-46   8.1e-44  154.4   1.1     2   272     5   304     4   304 0.82 [190263/420/1]
190263/391/1.f:NONBJF_00195 -            632 GH43_9.hmm           -            272   3.8e-44  155.5   0.1   1   1   1.6e-46   7.5e-44  154.6   0.1     2   270   125   418   124   420 0.84 [190263/391/1]
190263/545/1.f:NCJBIN_00195 -            632 GH43_9.hmm           -            272   3.8e-44  155.5   0.1   1   1   1.6e-46   7.5e-44  154.6   0.1     2   270   125   418   124   420 0.84 [190263/545/1]
190263/534/1.f:OHCFJE_00195 -            632 GH43_9.hmm           -            272   3.8e-44  155.5   0.1   1   1   1.6e-46   7.5e-44  154.6   0.1     2   270   125   418   124   420 0.84 [190263/534/1]
190263/504/1.f:DOAHDM_10190 -            512 GH43_9.hmm           -            272   3.9e-44  155.5   1.6   1   1   1.3e-46     6e-44  154.9   1.6     2   271    27   302    26   303 0.91 [190263/504/1]
190263/456/1.f:LKAJBD_08130 -            577 GH43_9.hmm           -            272   4.2e-44  155.4   0.1   1   1   1.8e-46   8.4e-44  154.4   0.1     2   270    70   363    69   365 0.84 [190263/456/1]
190263/552/1.f:EMALNL_04325 -            332 GH43_9.hmm           -            272   5.2e-44  155.1   4.0   1   1   1.3e-46     6e-44  154.9   4.0     2   271    28   324    27   325 0.87 [190263/552/1]
190263/382/1.f:JACGKO_03555 -            556 GH43_9.hmm           -            272   5.9e-44  154.9   0.4   1   1   1.3e-44   6.3e-42  148.2   0.4     2   272     6   314     5   314 0.79 [190263/382/1]
190263/556/1.f:EMIPPF_01660 -            510 GH43_9.hmm           -            272   7.2e-44  154.6   0.0   1   1   2.4e-46   1.1e-43  154.0   0.0     1   271    24   299    24   300 0.90 [190263/556/1]
190263/502/1.f:NONHGB_11155 -            910 GH43_9.hmm           -            272   8.1e-44  154.4   0.0   1   1   4.4e-46   2.1e-43  153.1   0.0     1   268   410   702   410   705 0.89 [190263/502/1]
190263/573/1.f:LIDFCI_13560 -            512 GH43_9.hmm           -            272   9.8e-44  154.2   1.9   1   1   3.2e-46   1.5e-43  153.5   1.9     2   271    27   302    26   303 0.91 [190263/573/1]
190263/401/1.f:DMFJNH_09845 -            512 GH43_9.hmm           -            272   1.1e-43  154.0   1.6   1   1   3.7e-46   1.8e-43  153.3   1.6     2   271    27   302    26   303 0.91 [190263/401/1]
190263/527/1.f:HGADJN_08265 -           2030 GH43_9.hmm           -            272   1.8e-43  153.3  13.7   1   1   4.2e-33     2e-30  110.5   1.6     2   270  1565  1869  1564  1871 0.86 [190263/527/1]
190263/400/1.f:EIBLKL_09455 -            495 GH43_9.hmm           -            272   2.5e-43  152.8   0.5   1   1   9.2e-46   4.4e-43  152.0   0.5     1   271     4   282     4   283 0.86 [190263/400/1]
190263/399/1.f:CDLIDF_16950 -            570 GH43_9.hmm           -            272   2.8e-43  152.7   0.1   1   1   2.3e-45   1.1e-42  150.7   0.0     2   267    58   346    57   348 0.81 [190263/399/1]
190263/527/1.f:HGADJN_02425 -            543 GH43_9.hmm           -            272   3.4e-43  152.4   2.4   1   1     2e-45   9.8e-43  150.9   2.4     2   272     5   304     4   304 0.82 [190263/527/1]
190263/391/1.f:NONBJF_09625 -            549 GH43_9.hmm           -            272   3.6e-43  152.3   0.0   1   1   1.6e-45   7.5e-43  151.3   0.0     2   268    45   326    44   329 0.85 [190263/391/1]
190263/545/1.f:NCJBIN_10445 -            549 GH43_9.hmm           -            272   3.6e-43  152.3   0.0   1   1   1.6e-45   7.5e-43  151.3   0.0     2   268    45   326    44   329 0.85 [190263/545/1]
190263/534/1.f:OHCFJE_03255 -            549 GH43_9.hmm           -            272   3.6e-43  152.3   0.0   1   1   1.6e-45   7.5e-43  151.3   0.0     2   268    45   326    44   329 0.85 [190263/534/1]
190263/562/1.f:KJGNCK_06070 -            318 GH43_9.hmm           -            272   7.4e-43  151.3   3.3   1   1   1.8e-45   8.4e-43  151.1   3.3     2   271    14   310    13   311 0.87 [190263/562/1]
190263/552/1.f:EMALNL_04005 -            335 GH43_9.hmm           -            272   1.8e-42  150.0   1.1   1   1   5.1e-45   2.4e-42  149.6   1.1     1   272    32   316    32   316 0.88 [190263/552/1]
190263/562/1.f:KJGNCK_06460 -            335 GH43_9.hmm           -            272   1.9e-42  149.9   1.0   1   1   5.5e-45   2.6e-42  149.5   1.0     1   272    32   316    32   316 0.88 [190263/562/1]
190263/520/1.f:GGDGDE_20565 -            540 GH43_9.hmm           -            272     2e-42  149.9   1.0   1   1   9.5e-45   4.5e-42  148.7   1.0     1   272     5   305     5   305 0.81 [190263/520/1]
190263/552/1.f:EMALNL_07540 -            577 GH43_9.hmm           -            272   4.2e-42  148.8   0.1   1   1   1.6e-44   7.4e-42  148.0   0.1     2   270    70   363    69   365 0.85 [190263/552/1]
190263/369/1.f:JCDIFE_10525 -            515 GH43_9.hmm           -            272   5.5e-42  148.4   1.3   1   1   1.2e-44   5.5e-42  148.4   1.3     2   272    27   303    26   303 0.91 [190263/369/1]
190263/502/1.f:NONHGB_01905 -            919 GH43_9.hmm           -            272   6.9e-42  148.1   1.4   1   1   1.1e-43   5.3e-41  145.2   0.0     2   267    68   358    67   360 0.80 [190263/502/1]
190263/562/1.f:KJGNCK_10720 -            513 GH43_9.hmm           -            272   1.3e-41  147.2   1.4   1   1     5e-44   2.4e-41  146.4   1.4     2   271    27   302    10   303 0.90 [190263/562/1]
190263/573/1.f:LIDFCI_15995 -            577 GH43_9.hmm           -            272   2.3e-41  146.4   0.1   1   1   9.1e-44   4.3e-41  145.5   0.1     2   270    70   363    69   365 0.84 [190263/573/1]
190263/437/1.f:LBKKEJ_18100 -            570 GH43_9.hmm           -            272   3.9e-41  145.6   0.0   1   1     2e-43   9.4e-41  144.4   0.0     3   268    59   347    57   349 0.83 [190263/437/1]
190263/585/1.f:DLBDDB_05325 -            353 GH43_9.hmm           -            272   4.4e-41  145.5   5.1   1   1   1.1e-43   5.3e-41  145.2   5.1     2   272    42   333    41   333 0.87 [190263/585/1]
190263/527/1.f:HGADJN_02320 -            543 GH43_9.hmm           -            272   4.8e-41  145.3   2.0   1   1   1.7e-43   8.3e-41  144.6   2.0     2   272     5   303     4   303 0.82 [190263/527/1]
190263/545/1.f:NCJBIN_05140 -            514 GH43_9.hmm           -            272   7.4e-41  144.7   0.1   1   1   2.2e-43     1e-40  144.3   0.1     2   272    30   312    29   312 0.91 [190263/545/1]
190263/391/1.f:NONBJF_04475 -            514 GH43_9.hmm           -            272   7.5e-41  144.7   0.1   1   1   2.2e-43     1e-40  144.3   0.1     2   272    30   312    29   312 0.91 [190263/391/1]
190263/534/1.f:OHCFJE_07745 -            514 GH43_9.hmm           -            272   7.5e-41  144.7   0.1   1   1   2.2e-43     1e-40  144.3   0.1     2   272    30   312    29   312 0.91 [190263/534/1]
190263/405/1.f:EHKDKA_02030 -            919 GH43_9.hmm           -            272   9.9e-41  144.3   1.4   1   1   1.2e-42   5.6e-40  141.9   0.0     2   267    68   358    67   360 0.80 [190263/405/1]
190263/475/1.f:MCKEEP_04050 -            354 GH43_9.hmm           -            272   7.4e-40  141.4   4.9   1   1   1.8e-42   8.8e-40  141.2   4.9     2   272    43   334    42   334 0.86 [190263/475/1]
190263/573/1.f:LIDFCI_19560 -            354 GH43_9.hmm           -            272   7.4e-40  141.4   4.9   1   1   1.8e-42   8.8e-40  141.2   4.9     2   272    43   334    42   334 0.86 [190263/573/1]
190263/405/1.f:EHKDKA_00240 -            975 GH43_9.hmm           -            272     9e-40  141.2   0.1   1   2   6.6e-17   3.1e-14   57.4   0.0    10    86   706   814   691   821 0.88 [190263/405/1]
190263/405/1.f:EHKDKA_00240 -            975 GH43_9.hmm           -            272     9e-40  141.2   0.1   2   2     3e-24   1.4e-21   81.5   0.4   120   272   813   939   809   939 0.94 [190263/405/1]
190263/502/1.f:NONHGB_00265 -            975 GH43_9.hmm           -            272   1.7e-39  140.3   0.1   1   2   6.6e-17   3.1e-14   57.4   0.0    10    86   706   814   691   821 0.88 [190263/502/1]
190263/502/1.f:NONHGB_00265 -            975 GH43_9.hmm           -            272   1.7e-39  140.3   0.1   2   2   5.9e-24   2.8e-21   80.5   0.5   120   272   813   939   809   939 0.94 [190263/502/1]
190263/490/1.f:OIBLLI_09735 -            542 GH43_9.hmm           -            272   2.7e-39  139.6   2.2   1   1     9e-42   4.3e-39  139.0   2.2     1   269    12   279    12   281 0.86 [190263/490/1]
190263/475/1.f:MCKEEP_07780 -            329 GH43_9.hmm           -            272   2.9e-39  139.5   2.6   1   1   7.1e-42   3.4e-39  139.3   2.6     2   272    32   313    31   313 0.86 [190263/475/1]
190263/552/1.f:EMALNL_07155 -            329 GH43_9.hmm           -            272   6.6e-39  138.3   2.4   1   1   1.6e-41   7.7e-39  138.1   2.4     2   272    32   313    31   313 0.85 [190263/552/1]
190263/573/1.f:LIDFCI_16670 -            329 GH43_9.hmm           -            272   7.7e-39  138.1   2.5   1   1   1.9e-41   9.1e-39  137.9   2.5     2   272    32   313    31   313 0.86 [190263/573/1]
190263/562/1.f:KJGNCK_03005 -            329 GH43_9.hmm           -            272   8.8e-39  137.9   2.0   1   1   2.2e-41     1e-38  137.7   2.0     2   272    32   313    31   313 0.85 [190263/562/1]
190263/388/1.f:FDDJJK_10255 -            554 GH43_9.hmm           -            272   1.7e-38  137.0   0.8   1   1   5.1e-41   2.4e-38  136.5   0.8     1   269    37   304    37   306 0.87 [190263/388/1]
190263/391/1.f:NONBJF_10790 -            554 GH43_9.hmm           -            272   1.8e-38  136.9   0.8   1   1   5.3e-41   2.5e-38  136.4   0.8     1   269    37   304    37   306 0.87 [190263/391/1]
190263/534/1.f:OHCFJE_02065 -            554 GH43_9.hmm           -            272   1.8e-38  136.9   0.8   1   1   5.3e-41   2.5e-38  136.4   0.8     1   269    37   304    37   306 0.87 [190263/534/1]
190263/545/1.f:NCJBIN_11650 -            554 GH43_9.hmm           -            272   1.8e-38  136.9   0.8   1   1   5.3e-41   2.5e-38  136.4   0.8     1   269    37   304    37   306 0.87 [190263/545/1]
190263/552/1.f:EMALNL_14145 -            549 GH43_9.hmm           -            272   8.6e-38  134.7   1.8   1   1   2.8e-40   1.4e-37  134.0   1.8     1   269    37   305    37   307 0.84 [190263/552/1]
190263/366/1.f:DBJPFP_11310 -            329 GH43_9.hmm           -            272   1.2e-37  134.3   0.1   1   1   3.3e-40   1.6e-37  133.8   0.1     1   271    33   312    33   313 0.86 [190263/366/1]
190263/401/1.f:DMFJNH_14545 -            549 GH43_9.hmm           -            272   1.2e-37  134.2   1.4   1   1     4e-40   1.9e-37  133.6   1.4     1   267    37   303    37   306 0.84 [190263/401/1]
190263/504/1.f:DOAHDM_14575 -            549 GH43_9.hmm           -            272   1.2e-37  134.2   1.4   1   1     4e-40   1.9e-37  133.6   1.4     1   267    37   303    37   306 0.84 [190263/504/1]
190263/502/1.f:NONHGB_04285 -            308 GH43_9.hmm           -            272   1.5e-37  133.8   1.5   1   1   4.1e-40   1.9e-37  133.5   1.5     1   271    10   291    10   292 0.87 [190263/502/1]
190263/573/1.f:LIDFCI_00915 -            558 GH43_9.hmm           -            272   1.9e-37  133.5   0.7   1   1   6.2e-40     3e-37  132.9   0.7     1   269    39   307    39   309 0.86 [190263/573/1]
190263/457/1.f:IIKDLL_04080 -            553 GH43_9.hmm           -            272   2.2e-37  133.3   2.3   1   1   9.2e-40   4.4e-37  132.4   2.3     2   269    33   299    32   301 0.87 [190263/457/1]
190263/552/1.f:EMALNL_11310 -            558 GH43_9.hmm           -            272   2.6e-37  133.1   0.7   1   1   8.4e-40     4e-37  132.5   0.7     1   269    39   307    39   309 0.82 [190263/552/1]
190263/488/1.f:DNPFAC_05475 -            325 GH43_9.hmm           -            272   2.7e-37  133.1   0.6   1   1     7e-40   3.3e-37  132.8   0.6     2   270    25   304    24   306 0.87 [190263/488/1]
190263/562/1.f:KJGNCK_14345 -            549 GH43_9.hmm           -            272     3e-37  132.9   1.8   1   1     1e-39   4.8e-37  132.2   1.8     1   269    37   305    37   307 0.84 [190263/562/1]
190263/404/1.f:BGJBIG_07300 -            558 GH43_9.hmm           -            272   4.8e-37  132.2   0.7   1   1   1.5e-39   7.2e-37  131.6   0.7     1   269    39   307    39   309 0.83 [190263/404/1]
190263/417/1.f:MHBJAE_04920 -            325 GH43_9.hmm           -            272   5.3e-37  132.1   0.8   1   1   1.4e-39   6.5e-37  131.8   0.8     2   270    25   304    24   306 0.87 [190263/417/1]
190263/437/1.f:LBKKEJ_08355 -            555 GH43_9.hmm           -            272   5.6e-37  132.0   0.2   1   1   1.7e-39   8.2e-37  131.5   0.2     1   269    38   305    38   307 0.88 [190263/437/1]
190263/562/1.f:KJGNCK_11340 -            558 GH43_9.hmm           -            272   5.9e-37  131.9   0.7   1   1   1.9e-39   8.9e-37  131.4   0.7     1   269    39   307    39   309 0.82 [190263/562/1]
190263/405/1.f:EHKDKA_15365 -            549 GH43_9.hmm           -            272   6.3e-37  131.8   1.7   1   1     2e-39   9.3e-37  131.3   1.7     2   269    38   305    37   307 0.86 [190263/405/1]
190263/585/1.f:DLBDDB_08645 -            558 GH43_9.hmm           -            272   7.2e-37  131.6   0.7   1   1   2.3e-39   1.1e-36  131.1   0.7     1   269    39   307    39   309 0.82 [190263/585/1]
190263/475/1.f:MCKEEP_10240 -            558 GH43_9.hmm           -            272   7.8e-37  131.5   0.9   1   1   2.5e-39   1.2e-36  130.9   0.9     1   269    39   307    39   309 0.82 [190263/475/1]
190263/401/1.f:DMFJNH_03530 -            325 GH43_9.hmm           -            272   1.1e-36  131.1   0.7   1   1     3e-39   1.4e-36  130.7   0.7     1   270    27   307    27   309 0.88 [190263/401/1]
190263/504/1.f:DOAHDM_03970 -            325 GH43_9.hmm           -            272   1.1e-36  131.1   0.7   1   1     3e-39   1.4e-36  130.7   0.7     1   270    27   307    27   309 0.88 [190263/504/1]
190263/526/1.f:GBBCGM_01160 -            327 GH43_9.hmm           -            272   1.1e-36  131.0   0.8   1   1   3.1e-39   1.5e-36  130.6   0.8     2   270    29   309    28   311 0.85 [190263/526/1]
190263/417/1.f:MHBJAE_08890 -            333 GH43_9.hmm           -            272   1.5e-36  130.6   4.7   1   1   3.6e-39   1.7e-36  130.4   4.7     2   270    33   310    32   312 0.84 [190263/417/1]
190263/405/1.f:EHKDKA_11580 -            560 GH43_9.hmm           -            272   1.5e-36  130.6   1.0   1   1   4.8e-39   2.3e-36  130.0   1.0     1   269    40   308    40   310 0.84 [190263/405/1]
190263/405/1.f:EHKDKA_04765 -            325 GH43_9.hmm           -            272   1.9e-36  130.3   1.1   1   1   5.3e-39   2.5e-36  129.9   1.1     1   271    27   308    27   309 0.86 [190263/405/1]
190263/502/1.f:NONHGB_14095 -            549 GH43_9.hmm           -            272   2.3e-36  130.0   1.6   1   1     7e-39   3.4e-36  129.5   1.6     2   269    38   305    37   307 0.86 [190263/502/1]
190263/456/1.f:LKAJBD_06230 -            558 GH43_9.hmm           -            272   2.3e-36  130.0   0.5   1   1   7.2e-39   3.4e-36  129.4   0.5     1   269    40   308    40   310 0.85 [190263/456/1]
190263/369/1.f:JCDIFE_08905 -            570 GH43_9.hmm           -            272     4e-36  129.2   0.3   1   1   1.2e-38   5.8e-36  128.7   0.3     1   271    51   320    51   321 0.85 [190263/369/1]
190263/573/1.f:LIDFCI_04235 -            549 GH43_9.hmm           -            272     5e-36  128.9   1.6   1   1   1.6e-38   7.7e-36  128.3   1.6     1   269    37   305    37   307 0.84 [190263/573/1]
190263/466/1.f:PGJOII_00185 -            558 GH43_9.hmm           -            272   7.5e-36  128.3   0.4   1   1   2.4e-38   1.1e-35  127.7   0.4     1   269    40   308    40   310 0.85 [190263/466/1]
190263/585/1.f:DLBDDB_16965 -            548 GH43_9.hmm           -            272   8.2e-36  128.2   1.8   1   1   2.6e-38   1.3e-35  127.6   1.8     1   269    37   305    37   307 0.84 [190263/585/1]
190263/502/1.f:NONHGB_10035 -            559 GH43_9.hmm           -            272   8.3e-36  128.2   1.3   1   1   2.1e-38   9.8e-36  127.9   0.6     1   269    40   308    40   310 0.84 [190263/502/1]
190263/365/1.f:JJMMAK_06475 -            332 GH43_9.hmm           -            272     9e-36  128.1   4.0   1   1   2.2e-38   1.1e-35  127.8   4.0     2   270    35   313    34   315 0.84 [190263/365/1]
190263/369/1.f:JCDIFE_10740 -            544 GH43_9.hmm           -            272   9.1e-36  128.0   1.3   1   1     3e-38   1.4e-35  127.4   1.3     2   269    33   300    32   302 0.84 [190263/369/1]
190263/401/1.f:DMFJNH_10295 -            558 GH43_9.hmm           -            272     1e-35  127.9   0.4   1   1   3.1e-38   1.5e-35  127.3   0.4     1   269    39   307    39   309 0.82 [190263/401/1]
190263/475/1.f:MCKEEP_14510 -            549 GH43_9.hmm           -            272   1.1e-35  127.7   1.9   1   1   3.6e-38   1.7e-35  127.2   1.9     1   269    37   305    37   307 0.84 [190263/475/1]
190263/497/1.f:HENFFC_05550 -            332 GH43_9.hmm           -            272   1.3e-35  127.6   3.3   1   1   3.1e-38   1.5e-35  127.3   3.3     2   270    35   313    34   315 0.84 [190263/497/1]
190263/488/1.f:DNPFAC_10005 -            330 GH43_9.hmm           -            272   1.4e-35  127.5   4.8   1   1   3.4e-38   1.6e-35  127.2   4.8     2   270    33   310    32   312 0.83 [190263/488/1]
190263/522/1.f:NPJBCH_14230 -            340 GH43_9.hmm           -            272   1.5e-35  127.4   0.7   1   1     4e-38   1.9e-35  127.0   0.7     2   271    41   322    40   323 0.87 [190263/522/1]
190263/504/1.f:DOAHDM_10665 -            558 GH43_9.hmm           -            272   2.3e-35  126.7   0.4   1   1   6.9e-38   3.3e-35  126.2   0.4     1   269    39   307    39   309 0.82 [190263/504/1]
190263/502/1.f:NONHGB_04290 -            343 GH43_9.hmm           -            272   2.9e-35  126.4   1.2   1   1   7.6e-38   3.6e-35  126.1   1.2     3   269    37   324    35   326 0.86 [190263/502/1]
190263/405/1.f:EHKDKA_04770 -            343 GH43_9.hmm           -            272   3.3e-35  126.2   1.5   1   1     9e-38   4.3e-35  125.8   1.5     6   269    40   324    35   326 0.86 [190263/405/1]
190263/520/1.f:GGDGDE_09240 -            526 GH43_9.hmm           -            272   3.5e-35  126.1   2.5   1   1   1.3e-37     6e-35  125.3   2.5     1   269    15   281    15   283 0.82 [190263/520/1]
190263/466/1.f:PGJOII_06060 -            340 GH43_9.hmm           -            272     4e-35  125.9   1.4   1   1     1e-37   4.7e-35  125.7   1.4     2   272    41   322    40   322 0.84 [190263/466/1]
190263/475/1.f:MCKEEP_03215 -            330 GH43_9.hmm           -            272   4.1e-35  125.9   3.8   1   1     1e-37   4.8e-35  125.7   3.8     2   271    33   313    32   314 0.82 [190263/475/1]
190263/573/1.f:LIDFCI_20375 -            330 GH43_9.hmm           -            272   4.1e-35  125.9   3.8   1   1     1e-37   4.8e-35  125.7   3.8     2   271    33   313    32   314 0.82 [190263/573/1]
190263/502/1.f:NONHGB_04370 -            334 GH43_9.hmm           -            272   5.1e-35  125.6   1.1   1   1   1.3e-37   6.2e-35  125.3   1.1     2   271    37   317    36   318 0.87 [190263/502/1]
190263/369/1.f:JCDIFE_01260 -            334 GH43_9.hmm           -            272   5.6e-35  125.4   0.9   1   1   1.4e-37   6.6e-35  125.2   0.9     2   272    35   316    34   316 0.84 [190263/369/1]
190263/534/1.f:OHCFJE_00275 -            555 GH43_9.hmm           -            272   5.9e-35  125.4   1.3   1   1   1.8e-37   8.7e-35  124.8   1.3     1   269    38   305    38   307 0.82 [190263/534/1]
190263/585/1.f:DLBDDB_04640 -            329 GH43_9.hmm           -            272   7.9e-35  125.0   3.6   1   1   2.4e-37   1.1e-34  124.4   3.6    10   268    39   308    35   311 0.84 [190263/585/1]
190263/556/1.f:EMIPPF_06030 -            332 GH43_9.hmm           -            272   8.9e-35  124.8   2.0   1   1   2.2e-37   1.1e-34  124.5   2.0     2   271    30   309    29   310 0.85 [190263/556/1]
190263/365/1.f:JJMMAK_09115 -            354 GH43_9.hmm           -            272   9.6e-35  124.7   1.9   1   1   2.6e-37   1.2e-34  124.3   1.9     2   272    45   337    44   337 0.85 [190263/365/1]
190263/388/1.f:FDDJJK_00610 -            549 GH43_9.hmm           -            272   1.5e-34  124.1   0.9   1   1   4.8e-37   2.3e-34  123.4   0.9     2   269    38   305    37   307 0.83 [190263/388/1]
190263/366/1.f:DBJPFP_01325 -            327 GH43_9.hmm           -            272   1.8e-34  123.8   0.0   1   1   4.8e-37   2.3e-34  123.4   0.0     2   271    28   309    27   310 0.86 [190263/366/1]
190263/461/1.f:DHPHOK_01440 -            334 GH43_9.hmm           -            272   1.9e-34  123.7   1.0   1   1   4.8e-37   2.3e-34  123.5   1.0     2   272    35   316    34   316 0.84 [190263/461/1]
190263/399/1.f:CDLIDF_10110 -            550 GH43_9.hmm           -            272   6.1e-34  122.0   1.1   1   1     2e-36   9.3e-34  121.4   1.1     1   269    38   306    38   308 0.84 [190263/399/1]
190263/391/1.f:NONBJF_11660 -            333 GH43_9.hmm           -            272   9.2e-34  121.5   0.8   1   1   2.4e-36   1.1e-33  121.2   0.8     1   271    35   316    35   317 0.88 [190263/391/1]
190263/534/1.f:OHCFJE_11930 -            333 GH43_9.hmm           -            272   9.2e-34  121.5   0.8   1   1   2.4e-36   1.1e-33  121.2   0.8     1   271    35   316    35   317 0.88 [190263/534/1]
190263/545/1.f:NCJBIN_12800 -            333 GH43_9.hmm           -            272   9.2e-34  121.5   0.8   1   1   2.4e-36   1.1e-33  121.2   0.8     1   271    35   316    35   317 0.88 [190263/545/1]
190263/391/1.f:NONBJF_00550 -            549 GH43_9.hmm           -            272   9.2e-34  121.5   0.7   1   1   3.2e-36   1.5e-33  120.8   0.7     2   269    38   305    37   307 0.83 [190263/391/1]
190263/534/1.f:OHCFJE_01315 -            549 GH43_9.hmm           -            272   9.3e-34  121.5   0.7   1   1   3.2e-36   1.5e-33  120.8   0.7     2   269    38   305    37   307 0.83 [190263/534/1]
190263/545/1.f:NCJBIN_00645 -            549 GH43_9.hmm           -            272   9.3e-34  121.5   0.7   1   1   3.2e-36   1.5e-33  120.8   0.7     2   269    38   305    37   307 0.83 [190263/545/1]
190263/580/1.f:JCPJNN_18320 -            465 GH43_9.hmm           -            272     1e-33  121.3   0.1   1   1   1.1e-35   5.1e-33  119.0   0.1    10   271    29   312    24   313 0.85 [190263/580/1]
190263/502/1.f:NONHGB_09350 -            326 GH43_9.hmm           -            272   1.3e-33  121.0   5.4   1   1   3.2e-36   1.5e-33  120.8   5.4     2   271    29   309    28   310 0.85 [190263/502/1]
190263/437/1.f:LBKKEJ_07955 -            352 GH43_9.hmm           -            272   1.3e-33  121.0   2.0   1   1   3.5e-36   1.7e-33  120.6   2.0     2   271    32   334    31   335 0.86 [190263/437/1]
190263/461/1.f:DHPHOK_05315 -            335 GH43_9.hmm           -            272   1.5e-33  120.7   0.6   1   1   3.9e-36   1.9e-33  120.5   0.6     1   271    37   318    37   319 0.88 [190263/461/1]
190263/369/1.f:JCDIFE_04830 -            333 GH43_9.hmm           -            272   2.7e-33  120.0   0.5   1   1   6.6e-36   3.1e-33  119.7   0.5     2   271    36   316    35   317 0.88 [190263/369/1]
190263/488/1.f:DNPFAC_07140 -            526 GH43_9.hmm           -            272   3.4e-33  119.6   1.9   1   1   9.4e-36   4.5e-33  119.2   1.9     2   271    36   308    35   309 0.86 [190263/488/1]
190263/388/1.f:FDDJJK_11480 -            333 GH43_9.hmm           -            272   3.4e-33  119.6   1.3   1   1   8.7e-36   4.1e-33  119.3   1.3     2   271    36   316    35   317 0.88 [190263/388/1]
190263/379/1.f:LOJHAC_08255 -            334 GH43_9.hmm           -            272   3.5e-33  119.6   4.2   1   1   8.8e-36   4.2e-33  119.3   4.2     2   270    37   316    36   318 0.84 [190263/379/1]
190263/516/1.f:MGNFBC_06985 -            334 GH43_9.hmm           -            272   3.5e-33  119.6   4.2   1   1   8.8e-36   4.2e-33  119.3   4.2     2   270    37   316    36   318 0.84 [190263/516/1]
190263/437/1.f:LBKKEJ_07930 -            327 GH43_9.hmm           -            272   4.4e-33  119.3   0.1   1   1   1.1e-35   5.4e-33  118.9   0.1     2   271    26   306    25   307 0.87 [190263/437/1]
190263/368/1.f:HPMDBE_07740 -            334 GH43_9.hmm           -            272   4.6e-33  119.2   4.1   1   1   1.2e-35   5.6e-33  118.9   4.1     2   270    37   316    36   318 0.83 [190263/368/1]
190263/534/1.f:OHCFJE_03150 -            544 GH43_9.hmm           -            272   5.6e-33  118.9   0.7   1   1   1.9e-35   9.1e-33  118.2   0.7     2   267    36   299    35   303 0.81 [190263/534/1]
190263/391/1.f:NONBJF_09700 -            544 GH43_9.hmm           -            272   5.9e-33  118.8   0.6   1   1     2e-35   9.7e-33  118.1   0.6     2   267    36   299    35   303 0.80 [190263/391/1]
190263/417/1.f:MHBJAE_06245 -            526 GH43_9.hmm           -            272   6.9e-33  118.6   2.2   1   1     2e-35   9.6e-33  118.1   2.2     2   266    36   304    35   309 0.84 [190263/417/1]
190263/545/1.f:NCJBIN_10530 -            544 GH43_9.hmm           -            272   7.6e-33  118.5   0.6   1   1   2.6e-35   1.2e-32  117.8   0.6     2   267    36   299    35   303 0.80 [190263/545/1]
190263/595/1.f:HGDLEC_03290 -            559 GH43_9.hmm           -            272   8.9e-33  118.2   0.3   1   1   2.7e-35   1.3e-32  117.7   0.3     1   268    38   304    38   307 0.82 [190263/595/1]
190263/384/1.f:CDKGIA_11810 -            549 GH43_9.hmm           -            272   8.9e-33  118.2   0.1   1   1   2.5e-35   1.2e-32  117.8   0.1     1   269     5   270     5   273 0.86 [190263/384/1]
190263/460/1.f:IHFGKI_01825 -            596 GH43_9.hmm           -            272   1.3e-32  117.7   2.6   1   1   5.2e-35   2.5e-32  116.8   2.6     1   269    46   323    46   325 0.84 [190263/460/1]
190263/365/1.f:JJMMAK_00705 -            985 GH43_9.hmm           -            272   2.8e-32  116.6   0.3   1   1   1.1e-34   5.1e-32  115.7   0.3     1   271   685   966   685   967 0.86 [190263/365/1]
190263/405/1.f:EHKDKA_03295 -            725 GH43_9.hmm           -            272   3.2e-32  116.4   3.5   1   1   1.2e-34   5.7e-32  115.6   3.5     2   269   104   367   103   369 0.85 [190263/405/1]
190263/404/1.f:BGJBIG_07265 -            528 GH43_9.hmm           -            272   3.6e-32  116.2   2.1   1   1   1.2e-34   5.8e-32  115.6   2.1     2   267    38   307    37   311 0.87 [190263/404/1]
190263/504/1.f:DOAHDM_03725 -            514 GH43_9.hmm           -            272   4.2e-32  116.0   2.7   1   1   3.1e-34   1.5e-31  114.2   1.7     2   271    37   294    36   295 0.84 [190263/504/1]
190263/401/1.f:DMFJNH_03265 -            514 GH43_9.hmm           -            272   4.2e-32  116.0   2.7   1   1   3.1e-34   1.5e-31  114.2   1.7     2   271    37   294    36   295 0.84 [190263/401/1]
190263/552/1.f:EMALNL_09490 -           1085 GH43_9.hmm           -            272     5e-32  115.8   2.7   1   1   1.1e-34     5e-32  115.8   2.7     2   271   785  1065   784  1066 0.83 [190263/552/1]
190263/497/1.f:HENFFC_10575 -            995 GH43_9.hmm           -            272   7.1e-32  115.3   0.4   1   1   3.1e-34   1.5e-31  114.2   0.4     1   271   695   976   695   977 0.85 [190263/497/1]
190263/409/1.f:AJJCMD_29650 -            537 GH43_9.hmm           -            272   9.7e-32  114.8   0.1   1   1   2.9e-34   1.4e-31  114.4   0.1     1   271    38   304    38   305 0.82 [190263/409/1]
190263/369/1.f:JCDIFE_04825 -            316 GH43_9.hmm           -            272   1.4e-31  114.3   1.9   1   1   3.6e-34   1.7e-31  114.0   1.9    10   270    34   301    29   303 0.85 [190263/369/1]
190263/573/1.f:LIDFCI_13350 -            785 GH43_9.hmm           -            272   1.5e-31  114.2   9.4   1   1   1.7e-28     8e-26   95.4   1.3     2   271   318   610   317   611 0.83 [190263/573/1]
190263/502/1.f:NONHGB_08195 -            785 GH43_9.hmm           -            272   2.2e-31  113.7   7.7   1   1   2.5e-27   1.2e-24   91.6   0.8     2   271   318   611   317   612 0.84 [190263/502/1]
190263/405/1.f:EHKDKA_05525 -            333 GH43_9.hmm           -            272   2.7e-31  113.4   0.6   1   1   7.3e-34   3.5e-31  113.0   0.6     2   271    32   310    31   311 0.86 [190263/405/1]
190263/475/1.f:MCKEEP_09850 -            785 GH43_9.hmm           -            272   2.9e-31  113.3   8.9   1   1   4.5e-28   2.1e-25   94.0   1.0     2   271   318   610   317   611 0.82 [190263/475/1]
190263/562/1.f:KJGNCK_11030 -            785 GH43_9.hmm           -            272   3.4e-31  113.1   7.9   1   1   2.4e-27   1.1e-24   91.6   0.8     2   271   318   611   317   612 0.84 [190263/562/1]
190263/475/1.f:MCKEEP_06920 -            361 GH43_9.hmm           -            272   3.6e-31  113.0   3.7   1   1   1.2e-33   5.9e-31  112.3   3.7     2   272    48   338    47   338 0.81 [190263/475/1]
190263/552/1.f:EMALNL_06310 -            361 GH43_9.hmm           -            272   3.6e-31  113.0   3.7   1   1   1.2e-33   5.9e-31  112.3   3.7     2   272    48   338    47   338 0.81 [190263/552/1]
190263/562/1.f:KJGNCK_03885 -            361 GH43_9.hmm           -            272   3.6e-31  113.0   3.7   1   1   1.2e-33   5.9e-31  112.3   3.7     2   272    48   338    47   338 0.81 [190263/562/1]
190263/541/1.f:IDEEIE_12540 -           1769 GH43_9.hmm           -            272   4.2e-31  112.7  11.3   1   1   1.2e-19     6e-17   66.3   4.2     2   271    44   325    43   326 0.82 [190263/541/1]
190263/417/1.f:MHBJAE_04970 -            322 GH43_9.hmm           -            272   5.4e-31  112.4   2.9   1   1   1.5e-33   6.9e-31  112.0   2.9    10   268    44   302    40   306 0.85 [190263/417/1]
190263/399/1.f:CDLIDF_16915 -            467 GH43_9.hmm           -            272   1.1e-30  111.4   2.2   1   1   3.2e-33   1.5e-30  110.9   2.2     1   272    37   319    37   319 0.81 [190263/399/1]
190263/391/1.f:NONBJF_00960 -            784 GH43_9.hmm           -            272   1.4e-30  111.1   7.2   1   1     1e-26   4.9e-24   89.6   2.5     2   271   318   611   317   612 0.84 [190263/391/1]
190263/391/1.f:NONBJF_09445 -            955 GH43_9.hmm           -            272   1.6e-30  110.8   1.6   1   1   3.3e-33   1.6e-30  110.8   1.6     2   269    37   293    36   295 0.87 [190263/391/1]
190263/534/1.f:OHCFJE_03435 -            955 GH43_9.hmm           -            272   1.6e-30  110.8   1.6   1   1   3.3e-33   1.6e-30  110.8   1.6     2   269    37   293    36   295 0.87 [190263/534/1]
190263/545/1.f:NCJBIN_10260 -            955 GH43_9.hmm           -            272   1.6e-30  110.8   1.6   1   1   3.3e-33   1.6e-30  110.8   1.6     2   269    37   293    36   295 0.87 [190263/545/1]
190263/556/1.f:EMIPPF_09145 -            341 GH43_9.hmm           -            272   1.8e-30  110.7   0.2   1   1   6.1e-33   2.9e-30  110.0   0.2     2   271    46   323    45   324 0.82 [190263/556/1]
190263/552/1.f:EMALNL_10950 -            785 GH43_9.hmm           -            272   1.9e-30  110.6   8.7   1   1   6.2e-27     3e-24   90.3   0.7     2   271   318   611   317   612 0.84 [190263/552/1]
190263/502/1.f:NONHGB_04390 -            315 GH43_9.hmm           -            272   2.1e-30  110.5   0.8   1   1   5.7e-33   2.7e-30  110.1   0.8    10   265    34   295    30   301 0.83 [190263/502/1]
190263/534/1.f:OHCFJE_01725 -            784 GH43_9.hmm           -            272   2.3e-30  110.3   7.2   1   1   1.7e-26   8.1e-24   88.9   2.5     2   271   318   611   317   612 0.83 [190263/534/1]
190263/545/1.f:NCJBIN_01075 -            784 GH43_9.hmm           -            272   2.4e-30  110.3   7.2   1   1   1.7e-26   8.1e-24   88.9   2.5     2   271   318   611   317   612 0.83 [190263/545/1]
190263/388/1.f:FDDJJK_00940 -            784 GH43_9.hmm           -            272   2.6e-30  110.2   7.4   1   1   1.6e-26   7.8e-24   88.9   2.6     2   271   318   611   317   612 0.83 [190263/388/1]
190263/388/1.f:FDDJJK_05830 -            800 GH43_9.hmm           -            272     3e-30  109.9   3.9   1   1   1.3e-32   6.1e-30  108.9   3.9     2   271    31   304    30   305 0.85 [190263/388/1]
190263/552/1.f:EMALNL_03945 -            633 GH43_9.hmm           -            272   4.3e-30  109.4   0.5   1   1   1.2e-32   5.8e-30  109.0   0.5     7   272   326   615   319   615 0.82 [190263/552/1]
190263/366/1.f:DBJPFP_03145 -            351 GH43_9.hmm           -            272   4.7e-30  109.3   3.6   1   1   7.7e-21   3.7e-18   70.3   0.5    10   141    21   167    13   198 0.79 [190263/366/1]
190263/534/1.f:OHCFJE_06600 -            800 GH43_9.hmm           -            272   6.7e-30  108.8   3.9   1   1   2.8e-32   1.3e-29  107.8   3.9     2   271    31   304    30   305 0.85 [190263/534/1]
190263/368/1.f:HPMDBE_02595 -            373 GH43_9.hmm           -            272   7.2e-30  108.7   3.2   1   1   1.3e-21   6.2e-19   72.8   0.1     9   159    41   212    34   224 0.79 [190263/368/1]
190263/379/1.f:LOJHAC_06040 -            373 GH43_9.hmm           -            272     8e-30  108.5   3.3   1   1   9.7e-22   4.6e-19   73.2   0.1     9   155    41   208    34   222 0.78 [190263/379/1]
190263/391/1.f:NONBJF_06480 -            802 GH43_9.hmm           -            272   8.3e-30  108.5   2.6   1   1   3.1e-32   1.5e-29  107.7   2.6     2   271    31   304    30   305 0.84 [190263/391/1]
190263/580/1.f:JCPJNN_25895 -            306 GH43_9.hmm           -            272   8.3e-30  108.5   0.0   1   1   2.3e-32   1.1e-29  108.1   0.0     2   270    12   297    11   299 0.87 [190263/580/1]
190263/545/1.f:NCJBIN_06345 -            802 GH43_9.hmm           -            272   8.3e-30  108.5   2.6   1   1   3.1e-32   1.5e-29  107.7   2.6     2   271    31   304    30   305 0.84 [190263/545/1]
190263/516/1.f:MGNFBC_09170 -            377 GH43_9.hmm           -            272   8.5e-30  108.5   3.3   1   1     1e-21   4.8e-19   73.2   0.1     9   155    45   212    38   226 0.78 [190263/516/1]
190263/562/1.f:KJGNCK_06510 -            633 GH43_9.hmm           -            272   9.9e-30  108.2   0.5   1   1     3e-32   1.4e-29  107.7   0.5     7   272   326   615   319   615 0.81 [190263/562/1]
190263/401/1.f:DMFJNH_03515 -            327 GH43_9.hmm           -            272   1.2e-29  108.0   4.3   1   1   3.2e-32   1.5e-29  107.6   4.3    10   252    47   294    44   313 0.83 [190263/401/1]
190263/504/1.f:DOAHDM_03950 -            327 GH43_9.hmm           -            272   1.2e-29  108.0   4.3   1   1   3.2e-32   1.5e-29  107.6   4.3    10   252    47   294    44   313 0.83 [190263/504/1]
190263/497/1.f:HENFFC_08175 -            313 GH43_9.hmm           -            272   1.7e-29  107.5   1.0   1   1   4.8e-32   2.3e-29  107.0   1.0    10   253    36   281    33   297 0.81 [190263/497/1]
190263/562/1.f:KJGNCK_10930 -            668 GH43_9.hmm           -            272     2e-29  107.2   3.0   1   1   6.7e-32   3.2e-29  106.6   3.0     2   268    48   310    47   313 0.84 [190263/562/1]
190263/552/1.f:EMALNL_10855 -            668 GH43_9.hmm           -            272   2.1e-29  107.2   3.0   1   1   6.7e-32   3.2e-29  106.6   3.0     2   268    48   310    47   313 0.84 [190263/552/1]
190263/366/1.f:DBJPFP_04310 -            332 GH43_9.hmm           -            272   2.6e-29  106.9   0.0   1   1   6.8e-32   3.2e-29  106.6   0.0     2   268    33   312    32   315 0.85 [190263/366/1]
190263/540/1.f:BCGFLB_08615 -            439 GH43_9.hmm           -            272   3.6e-29  106.4   0.1   1   1   1.2e-31   5.9e-29  105.7   0.1    37   271    59   292    20   293 0.82 [190263/540/1]
190263/534/1.f:OHCFJE_08385 -            513 GH43_9.hmm           -            272   4.8e-29  106.0   2.6   1   1   1.1e-31   5.4e-29  105.8   1.1     2   268    36   291    35   293 0.84 [190263/534/1]
190263/502/1.f:NONHGB_00355 -            164 GH43_9.hmm           -            272   5.2e-29  105.9   2.5   1   1   1.3e-31   6.2e-29  105.6   2.5     2   124    25   154    24   161 0.94 [190263/502/1]
190263/391/1.f:NONBJF_03805 -            513 GH43_9.hmm           -            272     6e-29  105.7   2.5   1   1   1.5e-31     7e-29  105.5   1.1     2   268    36   291    35   293 0.83 [190263/391/1]
190263/545/1.f:NCJBIN_04485 -            513 GH43_9.hmm           -            272     6e-29  105.7   2.5   1   1   1.5e-31     7e-29  105.5   1.1     2   268    36   291    35   293 0.83 [190263/545/1]
190263/488/1.f:DNPFAC_05530 -            322 GH43_9.hmm           -            272   6.2e-29  105.6   3.3   1   1   1.7e-31   8.3e-29  105.2   3.3    10   268    44   302    40   305 0.85 [190263/488/1]
190263/401/1.f:DMFJNH_04555 -            329 GH43_9.hmm           -            272   6.6e-29  105.5   1.5   1   1   1.9e-31   9.2e-29  105.1   1.5    10   263    38   304    33   312 0.81 [190263/401/1]
190263/504/1.f:DOAHDM_05050 -            329 GH43_9.hmm           -            272   6.6e-29  105.5   1.5   1   1   1.9e-31   9.2e-29  105.1   1.5    10   263    38   304    33   312 0.81 [190263/504/1]
190263/595/1.f:HGDLEC_05000 -            699 GH43_9.hmm           -            272     1e-28  104.9   3.0   1   1   5.1e-29   2.4e-26   97.1   0.3     2   210    44   251    43   283 0.88 [190263/595/1]
190263/461/1.f:DHPHOK_05305 -            315 GH43_9.hmm           -            272   1.1e-28  104.9   3.9   1   1   2.8e-31   1.3e-28  104.5   3.9    10   268    37   295    31   299 0.86 [190263/461/1]
190263/522/1.f:NPJBCH_14225 -            324 GH43_9.hmm           -            272   1.3e-28  104.6   5.2   1   1   3.2e-31   1.5e-28  104.4   5.2    10   271    50   310    43   311 0.84 [190263/522/1]
190263/564/1.f:KIHMBJ_07125 -            369 GH43_9.hmm           -            272   1.3e-28  104.5   0.4   1   1     4e-31   1.9e-28  104.0   0.4    10   271    67   351    60   352 0.82 [190263/564/1]
190263/365/1.f:JJMMAK_03125 -            313 GH43_9.hmm           -            272   1.5e-28  104.3   1.5   1   1   4.4e-31   2.1e-28  103.9   1.5    10   258    36   286    33   299 0.82 [190263/365/1]
190263/497/1.f:HENFFC_06515 -            370 GH43_9.hmm           -            272   1.6e-28  104.3   5.1   1   1   2.8e-20   1.3e-17   68.5   0.1     8   157    42   212    36   225 0.79 [190263/497/1]
190263/421/1.f:PBKEAC_07675 -            364 GH43_9.hmm           -            272   1.7e-28  104.2   1.8   1   1   8.1e-20   3.9e-17   66.9   0.2     9   150    29   185    22   209 0.80 [190263/421/1]
190263/365/1.f:JJMMAK_05415 -            370 GH43_9.hmm           -            272   1.8e-28  104.1   3.9   1   1   1.1e-19   5.3e-17   66.5   0.1     9   157    43   212    36   225 0.78 [190263/365/1]
190263/461/1.f:DHPHOK_02850 -            367 GH43_9.hmm           -            272   2.2e-28  103.8   3.1   1   1   2.3e-20   1.1e-17   68.8   0.6     9   154    36   202    29   216 0.77 [190263/461/1]
190263/421/1.f:PBKEAC_07670 -            312 GH43_9.hmm           -            272   2.3e-28  103.7   0.2   1   1   6.5e-31   3.1e-28  103.3   0.2    10   266    28   290    24   294 0.87 [190263/421/1]
190263/573/1.f:LIDFCI_16030 -            532 GH43_9.hmm           -            272     3e-28  103.4   0.0   1   1   8.4e-31     4e-28  103.0   0.0     1   272    28   297    28   297 0.85 [190263/573/1]
190263/552/1.f:EMALNL_07510 -            532 GH43_9.hmm           -            272     3e-28  103.4   0.0   1   1   8.4e-31     4e-28  103.0   0.0     1   272    28   297    28   297 0.85 [190263/552/1]
190263/405/1.f:EHKDKA_04830 -            320 GH43_9.hmm           -            272   4.8e-28  102.7   3.5   1   1   1.2e-30   5.9e-28  102.4   3.5    10   270    42   302    37   304 0.86 [190263/405/1]
190263/475/1.f:MCKEEP_08310 -            532 GH43_9.hmm           -            272     6e-28  102.4   0.0   1   1   1.7e-30     8e-28  102.0   0.0     1   272    28   297    28   297 0.84 [190263/475/1]
190263/540/1.f:BCGFLB_08610 -            357 GH43_9.hmm           -            272     6e-28  102.4   0.0   1   1   1.9e-30   8.8e-28  101.8   0.0    10   271    47   332    40   333 0.83 [190263/540/1]
190263/456/1.f:LKAJBD_15325 -            452 GH43_9.hmm           -            272   6.7e-28  102.2   2.3   1   1   2.2e-30     1e-27  101.6   2.3     2   271    22   304    21   305 0.76 [190263/456/1]
190263/502/1.f:NONHGB_05895 -            526 GH43_9.hmm           -            272   6.8e-28  102.2   0.1   1   1   2.1e-30     1e-27  101.7   0.1     2   271    41   307    40   308 0.81 [190263/502/1]
190263/502/1.f:NONHGB_01690 -            800 GH43_9.hmm           -            272   8.1e-28  102.0   2.7   1   1   1.7e-30   8.1e-28  102.0   2.7     2   271    31   304    30   305 0.85 [190263/502/1]
190263/404/1.f:BGJBIG_08440 -            479 GH43_9.hmm           -            272   1.3e-27  101.3   0.5   1   1   4.7e-30   2.2e-27  100.5   0.5    36   271    90   322    57   323 0.85 [190263/404/1]
190263/401/1.f:DMFJNH_03485 -            330 GH43_9.hmm           -            272   1.4e-27  101.2   3.3   1   1   3.7e-30   1.8e-27  100.8   3.3    10   251    49   296    46   316 0.83 [190263/401/1]
190263/504/1.f:DOAHDM_03935 -            330 GH43_9.hmm           -            272   1.4e-27  101.2   3.3   1   1   3.7e-30   1.8e-27  100.8   3.3    10   251    49   296    46   316 0.83 [190263/504/1]
190263/562/1.f:KJGNCK_05400 -            318 GH43_9.hmm           -            272   1.5e-27  101.1   1.6   1   1   4.5e-30   2.1e-27  100.6   1.6    10   261    26   290    22   301 0.82 [190263/562/1]
190263/405/1.f:EHKDKA_01815 -            800 GH43_9.hmm           -            272   1.6e-27  101.0   3.2   1   1   7.5e-30   3.6e-27   99.9   3.2     2   271    31   304    30   305 0.85 [190263/405/1]
190263/366/1.f:DBJPFP_03100 -            318 GH43_9.hmm           -            272   1.7e-27  100.9   0.7   1   1   4.8e-30   2.3e-27  100.5   0.7    10   267    34   297    29   302 0.86 [190263/366/1]
190263/460/1.f:IHFGKI_00035 -            712 GH43_9.hmm           -            272   1.8e-27  100.8   2.6   1   1   1.6e-27   7.8e-25   92.2   0.7     2   210    52   258    51   267 0.88 [190263/460/1]
190263/405/1.f:EHKDKA_05920 -            453 GH43_9.hmm           -            272     2e-27  100.7   5.3   1   1   9.2e-30   4.4e-27   99.6   5.3     1   271    23   305    23   306 0.79 [190263/405/1]
190263/369/1.f:JCDIFE_02295 -            366 GH43_9.hmm           -            272   2.7e-27  100.2   3.1   1   1   1.8e-19   8.6e-17   65.8   0.6     9   141    35   184    28   216 0.78 [190263/369/1]
190263/388/1.f:FDDJJK_00175 -            527 GH43_9.hmm           -            272     3e-27  100.1   0.2   1   1   6.3e-30     3e-27  100.1   0.2     2   271    27   293    26   294 0.84 [190263/388/1]
190263/573/1.f:LIDFCI_18730 -            329 GH43_9.hmm           -            272     3e-27  100.1   3.2   1   1     9e-30   4.3e-27   99.6   3.2     8   262    35   302    32   312 0.81 [190263/573/1]
190263/475/1.f:MCKEEP_04910 -            329 GH43_9.hmm           -            272   3.2e-27  100.0   3.5   1   1   9.6e-30   4.6e-27   99.5   3.5     8   262    35   302    32   312 0.81 [190263/475/1]
190263/391/1.f:NONBJF_00170 -            527 GH43_9.hmm           -            272   4.3e-27   99.6   0.1   1   1     9e-30   4.3e-27   99.6   0.1     2   271    27   293    26   294 0.83 [190263/391/1]
190263/534/1.f:OHCFJE_00170 -            527 GH43_9.hmm           -            272   4.3e-27   99.6   0.1   1   1     9e-30   4.3e-27   99.6   0.1     2   271    27   293    26   294 0.83 [190263/534/1]
190263/545/1.f:NCJBIN_00170 -            527 GH43_9.hmm           -            272   4.3e-27   99.6   0.1   1   1     9e-30   4.3e-27   99.6   0.1     2   271    27   293    26   294 0.83 [190263/545/1]
190263/365/1.f:JJMMAK_09110 -            331 GH43_9.hmm           -            272   4.4e-27   99.6   2.1   1   1   1.2e-29   5.9e-27   99.1   2.1    10   252    49   293    44   308 0.82 [190263/365/1]
190263/399/1.f:CDLIDF_16935 -            535 GH43_9.hmm           -            272   5.2e-27   99.3   1.5   1   1   1.9e-29   9.2e-27   98.5   1.5     2   271    36   299    35   300 0.86 [190263/399/1]
190263/399/1.f:CDLIDF_04455 -            335 GH43_9.hmm           -            272   5.3e-27   99.3   3.9   1   1   1.5e-29     7e-27   98.9   3.9     8   272    35   331    29   331 0.81 [190263/399/1]
190263/461/1.f:DHPHOK_05310 -            322 GH43_9.hmm           -            272   5.4e-27   99.3   3.6   1   1   1.2e-29   5.8e-27   99.2   3.6    10   254    34   285    22   303 0.82 [190263/461/1]
190263/552/1.f:EMALNL_04920 -            329 GH43_9.hmm           -            272   7.3e-27   98.8   3.4   1   1   2.2e-29   1.1e-26   98.3   3.4     8   262    35   302    32   312 0.81 [190263/552/1]
190263/504/1.f:DOAHDM_07920 -            461 GH43_9.hmm           -            272     1e-26   98.4   1.8   1   1   6.6e-28   3.2e-25   93.5   0.7    35   271    68   302    28   303 0.78 [190263/504/1]
190263/502/1.f:NONHGB_05240 -            453 GH43_9.hmm           -            272   1.3e-26   98.0   4.9   1   1   5.8e-29   2.8e-26   96.9   4.9     1   271    23   305    23   306 0.79 [190263/502/1]
190263/552/1.f:EMALNL_01625 -            532 GH43_9.hmm           -            272   3.4e-26   96.6   0.3   1   1   1.2e-28   5.9e-26   95.9   0.3     2   271    29   295    28   296 0.82 [190263/552/1]
190263/580/1.f:JCPJNN_28255 -            319 GH43_9.hmm           -            272   3.4e-26   96.6   2.4   1   1   9.6e-29   4.6e-26   96.2   2.4     2   268    22   293    21   296 0.83 [190263/580/1]
190263/390/1.f:OLPOLE_16250 -            304 GH43_9.hmm           -            272   3.5e-26   96.6   0.0   1   1   2.4e-28   1.2e-25   94.9   0.0    10   271    12   298     7   299 0.82 [190263/390/1]
190263/562/1.f:KJGNCK_02440 -           1354 GH43_9.hmm           -            272   6.1e-26   95.8   4.9   1   1   1.9e-26   8.9e-24   88.7   0.9     2   213    35   244    34   259 0.86 [190263/562/1]
190263/388/1.f:FDDJJK_11475 -            322 GH43_9.hmm           -            272   6.7e-26   95.7   3.4   1   1   1.8e-28   8.7e-26   95.3   3.4    10   268    44   302    39   305 0.85 [190263/388/1]
190263/391/1.f:NONBJF_11655 -            322 GH43_9.hmm           -            272   6.7e-26   95.7   3.4   1   1   1.8e-28   8.7e-26   95.3   3.4    10   268    44   302    39   305 0.85 [190263/391/1]
190263/534/1.f:OHCFJE_11925 -            322 GH43_9.hmm           -            272   6.7e-26   95.7   3.4   1   1   1.8e-28   8.7e-26   95.3   3.4    10   268    44   302    39   305 0.85 [190263/534/1]
190263/545/1.f:NCJBIN_12795 -            322 GH43_9.hmm           -            272   6.7e-26   95.7   3.4   1   1   1.8e-28   8.7e-26   95.3   3.4    10   268    44   302    39   305 0.85 [190263/545/1]
190263/562/1.f:KJGNCK_02445 -            464 GH43_9.hmm           -            272   7.9e-26   95.4   5.0   1   1   3.2e-28   1.5e-25   94.5   5.0     2   272    25   318    24   318 0.73 [190263/562/1]
190263/456/1.f:LKAJBD_08635 -            554 GH43_9.hmm           -            272   8.9e-26   95.3   0.1   1   1   2.9e-28   1.4e-25   94.7   0.1     1   271    28   307    28   308 0.88 [190263/456/1]
190263/401/1.f:DMFJNH_16020 -            314 GH43_9.hmm           -            272   9.9e-26   95.1   5.5   1   1   7.2e-28   3.4e-25   93.4   5.5    32   271    64   302    24   303 0.80 [190263/401/1]
190263/502/1.f:NONHGB_05445 -            443 GH43_9.hmm           -            272   9.9e-26   95.1   0.6   1   1     3e-28   1.4e-25   94.6   0.6    34   271    67   300    29   301 0.85 [190263/502/1]
190263/595/1.f:HGDLEC_06255 -            812 GH43_9.hmm           -            272   2.1e-25   94.1   1.3   1   1   7.5e-28   3.6e-25   93.3   1.3     2   271    32   306    31   307 0.80 [190263/595/1]
190263/405/1.f:EHKDKA_06255 -            443 GH43_9.hmm           -            272   2.5e-25   93.8   0.5   1   1   7.5e-28   3.6e-25   93.3   0.5    34   270    67   299    29   301 0.85 [190263/405/1]
190263/456/1.f:LKAJBD_09335 -            322 GH43_9.hmm           -            272   3.4e-25   93.4   3.5   1   1   1.5e-27   6.9e-25   92.4   3.5    34   271    74   310    33   311 0.79 [190263/456/1]
190263/504/1.f:DOAHDM_15685 -            314 GH43_9.hmm           -            272   3.4e-25   93.4   4.9   1   1   2.5e-27   1.2e-24   91.6   4.9    32   271    64   302    24   303 0.80 [190263/504/1]
190263/573/1.f:LIDFCI_15940 -            462 GH43_9.hmm           -            272   3.9e-25   93.2   3.9   1   1   1.1e-27   5.1e-25   92.8   3.9     2   272    27   315    26   315 0.78 [190263/573/1]
190263/552/1.f:EMALNL_07595 -            462 GH43_9.hmm           -            272   5.5e-25   92.7   4.0   1   1   1.5e-27   7.2e-25   92.3   4.0     2   272    27   315    26   315 0.78 [190263/552/1]
190263/405/1.f:EHKDKA_22060 -            326 GH43_9.hmm           -            272     6e-25   92.6   5.7   1   1   4.5e-27   2.1e-24   90.8   5.7    34   271    78   314    36   315 0.79 [190263/405/1]
190263/437/1.f:LBKKEJ_07225 -            231 GH43_9.hmm           -            272   6.1e-25   92.5   0.1   1   1   1.7e-27   8.1e-25   92.1   0.1     2   186    42   227    41   230 0.90 [190263/437/1]
190263/405/1.f:EHKDKA_02305 -            697 GH43_9.hmm           -            272   6.6e-25   92.4   2.9   1   1   1.1e-26     5e-24   89.5   0.5     2   233    35   263    34   285 0.87 [190263/405/1]
190263/562/1.f:KJGNCK_02385 -            543 GH43_9.hmm           -            272   6.6e-25   92.4   1.8   1   1   1.4e-27   6.7e-25   92.4   0.8     2   271    45   308    44   309 0.82 [190263/562/1]
190263/405/1.f:EHKDKA_05910 -            541 GH43_9.hmm           -            272   8.5e-25   92.1   0.6   1   1   3.1e-27   1.5e-24   91.3   0.6     1   266    30   293    30   298 0.83 [190263/405/1]
190263/502/1.f:NONHGB_05230 -            533 GH43_9.hmm           -            272   1.1e-24   91.7   0.8   1   1   3.5e-27   1.7e-24   91.1   0.6     1   266    30   293    30   298 0.83 [190263/502/1]
190263/502/1.f:NONHGB_05900 -            462 GH43_9.hmm           -            272   1.5e-24   91.3   2.0   1   1     5e-27   2.4e-24   90.6   0.9    10   271    39   304    30   305 0.79 [190263/502/1]
190263/502/1.f:NONHGB_20355 -            326 GH43_9.hmm           -            272   1.6e-24   91.2   4.7   1   1   6.4e-27   3.1e-24   90.2   4.7    35   271    79   314    36   315 0.85 [190263/502/1]
190263/475/1.f:MCKEEP_15320 -            322 GH43_9.hmm           -            272   1.6e-24   91.1   5.2   1   1     9e-27   4.3e-24   89.8   5.2    33   271    73   310    32   311 0.77 [190263/475/1]
190263/396/1.f:KAAOMA_17065 -           1003 GH43_9.hmm           -            272   1.7e-24   91.0   2.7   1   1   1.1e-25   5.2e-23   86.2   0.7     3   270    32   313    30   315 0.74 [190263/396/1]
190263/552/1.f:EMALNL_01635 -            458 GH43_9.hmm           -            272   2.4e-24   90.6   5.0   1   1   7.8e-27   3.7e-24   90.0   5.0    10   212    46   250    36   308 0.72 [190263/552/1]
190263/405/1.f:EHKDKA_02035 -            519 GH43_9.hmm           -            272   2.9e-24   90.3   1.9   1   1   9.5e-27   4.5e-24   89.7   1.9     1   271    27   293    27   294 0.78 [190263/405/1]
190263/456/1.f:LKAJBD_15330 -            693 GH43_9.hmm           -            272   3.1e-24   90.2   0.8   1   1   5.6e-25   2.6e-22   83.9   0.1     2   228    33   256    32   272 0.87 [190263/456/1]
190263/460/1.f:IHFGKI_14510 -            838 GH43_9.hmm           -            272   3.2e-24   90.2   1.2   1   1   1.4e-26   6.7e-24   89.1   1.2     2   271    20   298    19   299 0.75 [190263/460/1]
190263/399/1.f:CDLIDF_06485 -            815 GH43_9.hmm           -            272   4.3e-24   89.8   4.1   1   1   2.2e-26   1.1e-23   88.5   4.1     2   271    43   317    42   318 0.82 [190263/399/1]
190263/437/1.f:LBKKEJ_07940 -            329 GH43_9.hmm           -            272   4.9e-24   89.6   2.1   1   1   1.4e-26   6.9e-24   89.1   2.1    10   268    40   308    36   311 0.84 [190263/437/1]
190263/475/1.f:MCKEEP_08390 -            461 GH43_9.hmm           -            272   9.6e-24   88.6   4.1   1   1   2.6e-26   1.3e-23   88.2   4.1    10   272    35   314    25   314 0.77 [190263/475/1]
190263/475/1.f:MCKEEP_08335 -            443 GH43_9.hmm           -            272     1e-23   88.5   6.6   1   1   3.9e-26   1.8e-23   87.7   6.6     1   212    24   239    24   297 0.81 [190263/475/1]
190263/369/1.f:JCDIFE_18055 -            324 GH43_9.hmm           -            272   1.1e-23   88.5   1.7   1   1   4.4e-26   2.1e-23   87.5   1.7    35   271    77   312    35   313 0.80 [190263/369/1]
190263/502/1.f:NONHGB_05050 -           1205 GH43_9.hmm           -            272   1.1e-23   88.4   4.7   1   1   3.7e-26   1.8e-23   87.8   4.7     2   271   425   677   424   678 0.89 [190263/502/1]
190263/405/1.f:EHKDKA_05820 -           1205 GH43_9.hmm           -            272   1.3e-23   88.2   4.5   1   1   4.4e-26   2.1e-23   87.5   4.5     2   271   425   677   424   678 0.89 [190263/405/1]
190263/552/1.f:EMALNL_07535 -            443 GH43_9.hmm           -            272   1.4e-23   88.1   6.6   1   1   5.2e-26   2.5e-23   87.2   6.6     1   212    24   239    24   297 0.81 [190263/552/1]
190263/399/1.f:CDLIDF_16920 -            441 GH43_9.hmm           -            272   1.4e-23   88.1   6.1   1   1   5.4e-26   2.6e-23   87.2   6.1     3   220    26   245    24   297 0.72 [190263/399/1]
190263/388/1.f:FDDJJK_00180 -            835 GH43_9.hmm           -            272   2.2e-23   87.4   4.8   1   1   7.4e-26   3.5e-23   86.8   4.8     2   272    30   318    29   318 0.76 [190263/388/1]
190263/502/1.f:NONHGB_01910 -            519 GH43_9.hmm           -            272   2.3e-23   87.4   2.2   1   1   7.4e-26   3.5e-23   86.8   2.2     2   271    28   293    27   294 0.78 [190263/502/1]
190263/502/1.f:NONHGB_05225 -            461 GH43_9.hmm           -            272   2.6e-23   87.2   1.2   1   1   9.5e-26   4.5e-23   86.4   1.2    34   213    70   260    26   317 0.74 [190263/502/1]
190263/456/1.f:LKAJBD_03940 -            442 GH43_9.hmm           -            272   5.6e-23   86.1   0.5   1   1   1.8e-25   8.8e-23   85.5   0.5    34   271    66   299    55   300 0.84 [190263/456/1]
190263/573/1.f:LIDFCI_16005 -            475 GH43_9.hmm           -            272   9.3e-23   85.4   6.9   1   1   3.6e-25   1.7e-22   84.5   6.9     1   212    23   238    23   296 0.82 [190263/573/1]
190263/423/1.f:PDNKFB_00445 -            498 GH43_9.hmm           -            272   1.1e-22   85.2   1.9   1   1   1.9e-24   9.1e-22   82.1   1.7     2   268     4   269     3   270 0.80 [190263/423/1]
190263/366/1.f:DBJPFP_03110 -            311 GH43_9.hmm           -            272   1.2e-22   85.0   1.0   1   1   3.2e-25   1.5e-22   84.7   1.0    10   269    35   295    31   298 0.85 [190263/366/1]
190263/456/1.f:LKAJBD_08190 -            797 GH43_9.hmm           -            272   1.4e-22   84.8   0.6   1   1   5.4e-25   2.6e-22   83.9   0.6     2   271    29   294    28   295 0.82 [190263/456/1]
190263/552/1.f:EMALNL_01505 -            461 GH43_9.hmm           -            272   1.7e-22   84.6   0.6   1   1   5.9e-25   2.8e-22   83.8   0.6    25   212    60   255    24   313 0.75 [190263/552/1]
190263/456/1.f:LKAJBD_17190 -            448 GH43_9.hmm           -            272     2e-22   84.3   4.3   1   1   7.7e-25   3.6e-22   83.4   4.3    10   219    36   249    26   283 0.78 [190263/456/1]
190263/460/1.f:IHFGKI_00020 -            443 GH43_9.hmm           -            272   2.4e-22   84.0   4.0   1   1     1e-24   4.8e-22   83.0   4.0    22   220    44   243    21   287 0.80 [190263/460/1]
190263/552/1.f:EMALNL_01805 -            472 GH43_9.hmm           -            272   4.3e-22   83.2   1.9   1   1   1.6e-24   7.5e-22   82.4   1.9    27   212    64   259    28   317 0.75 [190263/552/1]
190263/475/1.f:MCKEEP_08340 -            476 GH43_9.hmm           -            272   5.8e-22   82.8   0.1   1   1   2.6e-24   1.2e-21   81.7   0.1    71   270    47   262    34   264 0.82 [190263/475/1]
190263/580/1.f:JCPJNN_23245 -            495 GH43_9.hmm           -            272   7.7e-22   82.4   0.1   1   1   4.1e-22   1.9e-19   74.5   0.0    10   218    55   294    50   304 0.83 [190263/580/1]
190263/405/1.f:EHKDKA_05940 -            894 GH43_9.hmm           -            272   9.9e-22   82.0   3.0   1   1   2.1e-24   9.9e-22   82.0   3.0     2   270   466   748   465   750 0.68 [190263/405/1]
190263/520/1.f:GGDGDE_04270 -            498 GH43_9.hmm           -            272   4.8e-21   79.7   2.1   1   1   5.2e-23   2.5e-20   77.4   2.0     2   268     4   269     3   271 0.80 [190263/520/1]
190263/534/1.f:OHCFJE_01190 -            304 GH43_9.hmm           -            272     1e-20   78.7   3.7   1   1   2.6e-23   1.2e-20   78.4   3.7    22   271    48   297    24   298 0.79 [190263/534/1]
190263/502/1.f:NONHGB_05935 -            517 GH43_9.hmm           -            272   1.7e-20   78.0   2.4   1   1   7.6e-23   3.6e-20   76.9   1.0     2   268    35   295    34   298 0.85 [190263/502/1]
190263/527/1.f:HGADJN_01625 -            529 GH43_9.hmm           -            272   1.8e-20   77.9   0.0   1   1     8e-23   3.8e-20   76.8   0.0     2   270     7   274     6   276 0.82 [190263/527/1]
190263/405/1.f:EHKDKA_02300 -            456 GH43_9.hmm           -            272   2.1e-20   77.7   0.7   1   1   7.5e-23   3.6e-20   76.9   0.7    35   271    64   304    21   305 0.84 [190263/405/1]
190263/400/1.f:EIBLKL_09335 -            592 GH43_9.hmm           -            272   2.9e-20   77.2   2.0   1   1   1.1e-22   5.1e-20   76.4   2.0     2   271    73   340    72   341 0.86 [190263/400/1]
190263/546/1.f:GEHMID_15115 -            415 GH43_9.hmm           -            272   3.2e-20   77.0   0.2   1   1   9.3e-23   4.4e-20   76.6   0.2    34   270    43   274     2   276 0.82 [190263/546/1]
190263/552/1.f:EMALNL_01775 -            364 GH43_9.hmm           -            272   4.5e-20   76.6   3.7   1   1   1.5e-22   7.2e-20   75.9   3.7    35   271    82   323    34   324 0.81 [190263/552/1]
190263/420/1.f:GMHOLO_01510 -            529 GH43_9.hmm           -            272   5.2e-20   76.4   0.0   1   1   2.3e-22   1.1e-19   75.3   0.0     2   270     7   274     6   276 0.82 [190263/420/1]
190263/401/1.f:DMFJNH_23900 -            697 GH43_9.hmm           -            272   6.7e-20   76.0   4.2   1   1   4.9e-22   2.3e-19   74.2   4.2    14   271   430   689   415   690 0.81 [190263/401/1]
190263/527/1.f:HGADJN_00780 -            528 GH43_9.hmm           -            272     7e-20   75.9  10.2   1   1   3.3e-22   1.6e-19   74.8   4.5     4   228    48   330    45   342 0.84 [190263/527/1]
190263/504/1.f:DOAHDM_23140 -            697 GH43_9.hmm           -            272   7.1e-20   75.9   4.1   1   1   5.2e-22   2.5e-19   74.1   4.1    14   271   430   689   415   690 0.81 [190263/504/1]
190263/583/1.f:BCCKNC_05030 -            348 GH43_9.hmm           -            272   7.3e-20   75.9   2.8   1   1   2.1e-22     1e-19   75.4   2.8    27   271    84   332    51   333 0.77 [190263/583/1]
190263/456/1.f:LKAJBD_03935 -            334 GH43_9.hmm           -            272   8.3e-20   75.7   1.9   1   1   2.1e-22     1e-19   75.4   1.1    36   271    81   321    67   322 0.84 [190263/456/1]
190263/420/1.f:GMHOLO_02125 -            564 GH43_9.hmm           -            272   9.5e-20   75.5   0.0   1   1   1.6e-20   7.5e-18   69.3   0.0     2   188     9   240     8   264 0.81 [190263/420/1]
190263/460/1.f:IHFGKI_10855 -            336 GH43_9.hmm           -            272   1.4e-19   75.0   2.4   1   1   4.6e-22   2.2e-19   74.3   2.4    10   272    32   333    24   333 0.75 [190263/460/1]
190263/527/1.f:HGADJN_02400 -            564 GH43_9.hmm           -            272   1.6e-19   74.8   0.0   1   1   2.6e-20   1.2e-17   68.6   0.0     2   188     9   240     8   258 0.80 [190263/527/1]
190263/502/1.f:NONHGB_02255 -            328 GH43_9.hmm           -            272   1.6e-19   74.8   6.6   1   1   9.4e-22   4.5e-19   73.3   6.6    33   271    75   320    44   321 0.79 [190263/502/1]
190263/405/1.f:EHKDKA_02510 -            328 GH43_9.hmm           -            272   2.1e-19   74.4   6.9   1   1   1.2e-21   5.7e-19   72.9   6.9    33   271    75   320    44   321 0.79 [190263/405/1]
190263/405/1.f:EHKDKA_02525 -            320 GH43_9.hmm           -            272   2.1e-19   74.4   4.4   1   1   2.1e-21     1e-18   72.1   4.3    14   271    46   309    37   310 0.77 [190263/405/1]
190263/456/1.f:LKAJBD_13615 -            322 GH43_9.hmm           -            272   3.8e-19   73.6   4.1   1   1   3.5e-21   1.7e-18   71.4   4.0    13   271    46   314    38   315 0.76 [190263/456/1]
190263/456/1.f:LKAJBD_15320 -            449 GH43_9.hmm           -            272   4.6e-19   73.3   1.4   1   1   1.5e-21   7.1e-19   72.6   1.4    35   271    62   302    19   303 0.83 [190263/456/1]
190263/417/1.f:MHBJAE_04965 -            997 GH43_9.hmm           -            272   5.1e-19   73.1   3.5   1   1   2.3e-21   1.1e-18   72.0   3.5    35   271   407   659   368   660 0.83 [190263/417/1]
190263/534/1.f:OHCFJE_01185 -            444 GH43_9.hmm           -            272   8.6e-19   72.4   0.0   1   1   2.4e-21   1.2e-18   71.9   0.0    36   270    68   299    44   301 0.84 [190263/534/1]
190263/405/1.f:EHKDKA_05935 -            356 GH43_9.hmm           -            272   2.9e-18   70.6   1.6   1   1   1.9e-20   9.2e-18   69.0   1.5    35   216    72   256    30   314 0.73 [190263/405/1]
190263/502/1.f:NONHGB_05255 -            361 GH43_9.hmm           -            272     3e-18   70.6   2.2   1   1   1.2e-20   5.8e-18   69.7   1.4    35   246    72   283    31   314 0.72 [190263/502/1]
190263/502/1.f:NONHGB_11150 -            325 GH43_9.hmm           -            272   4.8e-18   69.9   1.6   1   1   4.3e-16     2e-13   54.7   0.1    53   134    78   160     5   181 0.80 [190263/502/1]
190263/502/1.f:NONHGB_02290 -            322 GH43_9.hmm           -            272   9.3e-18   69.0   3.5   1   1   8.5e-20     4e-17   66.9   3.5    13   271    46   314    32   315 0.76 [190263/502/1]
190263/520/1.f:GGDGDE_19865 -            524 GH43_9.hmm           -            272   1.1e-17   68.7   2.6   1   1   3.3e-20   1.6e-17   68.2   1.3     2   269     5   276     4   278 0.77 [190263/520/1]
190263/399/1.f:CDLIDF_13570 -            659 GH43_9.hmm           -            272   1.9e-17   68.0   7.0   1   1   3.2e-18   1.5e-15   61.7   7.0     9   271   316   635   304   636 0.77 [190263/399/1]
190263/401/1.f:DMFJNH_07415 -            360 GH43_9.hmm           -            272   2.7e-17   67.4   0.7   1   1   3.9e-18   1.9e-15   61.4   0.3    72   271     6   201     2   202 0.80 [190263/401/1]
190263/562/1.f:KJGNCK_25285 -            703 GH43_9.hmm           -            272   3.1e-17   67.2   5.5   1   1   1.9e-19   8.8e-17   65.8   5.5    33   271   450   695   416   696 0.78 [190263/562/1]
190263/580/1.f:JCPJNN_28315 -            311 GH43_9.hmm           -            272   5.2e-17   66.5   0.1   1   1   3.9e-19   1.8e-16   64.7   0.1     9   264    16   298    13   304 0.74 [190263/580/1]
190263/585/1.f:DLBDDB_19510 -           1425 GH43_9.hmm           -            272   5.8e-17   66.4   6.6   1   1   2.2e-19     1e-16   65.5   6.6    11   271   427   694   417   695 0.79 [190263/585/1]
190263/504/1.f:DOAHDM_23615 -            327 GH43_9.hmm           -            272     6e-17   66.3   0.1   1   1     2e-19   9.6e-17   65.6   0.1     9   248    51   304    44   314 0.81 [190263/504/1]
190263/401/1.f:DMFJNH_24345 -            327 GH43_9.hmm           -            272   7.5e-17   66.0   0.1   1   1   2.6e-19   1.2e-16   65.3   0.1     9   248    51   304    44   314 0.81 [190263/401/1]
190263/580/1.f:JCPJNN_19935 -            504 GH43_9.hmm           -            272   1.2e-16   65.3   0.0   1   1   3.8e-19   1.8e-16   64.8   0.0     1   245     4   250     4   273 0.80 [190263/580/1]
190263/460/1.f:IHFGKI_10860 -            556 GH43_9.hmm           -            272     2e-16   64.6   5.3   1   1   6.4e-17   3.1e-14   57.4   5.3     9   271    83   444    80   445 0.69 [190263/460/1]
190263/488/1.f:DNPFAC_02720 -            573 GH43_9.hmm           -            272   2.6e-16   64.2   3.4   1   1   9.5e-19   4.5e-16   63.4   3.4    10   270    52   313    45   315 0.78 [190263/488/1]
190263/399/1.f:CDLIDF_13470 -            471 GH43_9.hmm           -            272   2.7e-16   64.2   4.2   1   1     2e-18   9.4e-16   62.4   2.1    10   179    39   227    28   236 0.76 [190263/399/1]
190263/368/1.f:HPMDBE_17840 -            597 GH43_9.hmm           -            272   2.7e-16   64.2   3.6   1   1     1e-18   4.9e-16   63.3   3.6    10   270    56   318    52   320 0.79 [190263/368/1]
190263/379/1.f:LOJHAC_19880 -            597 GH43_9.hmm           -            272   2.8e-16   64.2   3.6   1   1     1e-18   4.9e-16   63.3   3.6    10   270    56   318    52   320 0.79 [190263/379/1]
190263/516/1.f:MGNFBC_15810 -            597 GH43_9.hmm           -            272   2.8e-16   64.2   3.6   1   1     1e-18   4.9e-16   63.3   3.6    10   270    56   318    52   320 0.79 [190263/516/1]
190263/396/1.f:KAAOMA_19120 -           1075 GH43_9.hmm           -            272   3.9e-16   63.7   2.5   1   1   1.5e-18   7.1e-16   62.8   2.5     2   266    45   308    44   313 0.79 [190263/396/1]
190263/520/1.f:GGDGDE_19895 -            538 GH43_9.hmm           -            272   4.7e-16   63.4   1.4   1   1   1.9e-18   9.3e-16   62.4   0.4     2   269    12   278    11   279 0.81 [190263/520/1]
190263/401/1.f:DMFJNH_16010 -            513 GH43_9.hmm           -            272   5.1e-16   63.3   0.6   1   1   2.2e-18     1e-15   62.2   0.6    10   271    62   371    57   372 0.72 [190263/401/1]
190263/405/1.f:EHKDKA_07790 -            574 GH43_9.hmm           -            272   5.9e-16   63.1   3.9   1   1   2.4e-18   1.1e-15   62.1   3.9    10   270    52   314    45   316 0.80 [190263/405/1]
190263/369/1.f:JCDIFE_18065 -            500 GH43_9.hmm           -            272   6.4e-16   63.0   1.0   1   1   4.2e-18     2e-15   61.3   0.9    11   272    61   370    55   370 0.74 [190263/369/1]
190263/504/1.f:DOAHDM_15675 -            513 GH43_9.hmm           -            272   6.7e-16   62.9   1.0   1   1   2.9e-18   1.4e-15   61.8   1.0    10   271    62   371    57   372 0.72 [190263/504/1]
190263/502/1.f:NONHGB_20365 -            495 GH43_9.hmm           -            272   7.2e-16   62.8   1.7   1   1   4.1e-18   1.9e-15   61.4   1.7    10   272    55   365    48   365 0.75 [190263/502/1]
190263/417/1.f:MHBJAE_02445 -            573 GH43_9.hmm           -            272   1.2e-15   62.0   4.2   1   1   4.9e-18   2.3e-15   61.1   4.2    10   270    52   313    45   315 0.79 [190263/417/1]
190263/475/1.f:MCKEEP_15310 -            506 GH43_9.hmm           -            272   2.1e-15   61.2   1.3   1   1   9.4e-18   4.5e-15   60.2   1.3    10   271    55   364    49   365 0.74 [190263/475/1]
190263/562/1.f:KJGNCK_15460 -            506 GH43_9.hmm           -            272   2.2e-15   61.2   1.0   1   1   9.3e-18   4.4e-15   60.2   1.0    10   271    55   364    50   365 0.73 [190263/562/1]
190263/562/1.f:KJGNCK_06175 -            497 GH43_9.hmm           -            272   3.4e-15   60.6   2.6   1   1   3.7e-17   1.8e-14   58.2   2.6    26   268    96   356    63   358 0.76 [190263/562/1]
190263/472/1.f:NMGHJI_01030 -            524 GH43_9.hmm           -            272   3.7e-15   60.4   6.8   1   1   2.1e-16   9.8e-14   55.8   6.8     9   255    64   392    58   408 0.73 [190263/472/1]
190263/534/1.f:OHCFJE_07285 -            511 GH43_9.hmm           -            272   4.2e-15   60.3   1.4   1   1   1.6e-17   7.8e-15   59.4   1.4    10   271    73   382    68   383 0.71 [190263/534/1]
190263/545/1.f:NCJBIN_05645 -            511 GH43_9.hmm           -            272   5.3e-15   59.9   1.4   1   1   2.1e-17   9.9e-15   59.0   1.4    10   271    73   382    68   383 0.71 [190263/545/1]
190263/520/1.f:GGDGDE_19915 -            549 GH43_9.hmm           -            272   5.5e-15   59.9   0.2   1   1   3.5e-17   1.7e-14   58.3   0.2    26   271   127   401    86   402 0.73 [190263/520/1]
190263/502/1.f:NONHGB_07050 -            574 GH43_9.hmm           -            272     6e-15   59.8   3.7   1   1   2.4e-17   1.2e-14   58.8   3.7    10   270    52   314    45   316 0.78 [190263/502/1]
190263/405/1.f:EHKDKA_22070 -            495 GH43_9.hmm           -            272   6.4e-15   59.7   1.5   1   1   3.2e-17   1.5e-14   58.5   1.5    10   272    55   365    50   365 0.74 [190263/405/1]
190263/562/1.f:KJGNCK_08870 -            361 GH43_9.hmm           -            272   6.8e-15   59.6   0.2   1   1   2.2e-16   1.1e-13   55.7   0.2     7   211    42   271    38   298 0.80 [190263/562/1]
190263/456/1.f:LKAJBD_09325 -            495 GH43_9.hmm           -            272   7.9e-15   59.4   1.5   1   1   4.6e-17   2.2e-14   57.9   1.5    10   272    55   365    50   365 0.76 [190263/456/1]
190263/562/1.f:KJGNCK_25205 -            836 GH43_9.hmm           -            272   8.5e-15   59.3   6.0   1   1   5.7e-17   2.7e-14   57.6   3.6    33   270   307   543   271   545 0.78 [190263/562/1]
190263/388/1.f:FDDJJK_05195 -            511 GH43_9.hmm           -            272   8.6e-15   59.2   1.6   1   1   3.6e-17   1.7e-14   58.3   1.6    10   271    73   382    67   383 0.72 [190263/388/1]
190263/556/1.f:EMIPPF_02125 -            353 GH43_9.hmm           -            272   1.1e-14   58.9   0.6   1   1   7.5e-17   3.6e-14   57.2   0.6     8   271    41   330    36   331 0.80 [190263/556/1]
190263/562/1.f:KJGNCK_03380 -            318 GH43_9.hmm           -            272   3.1e-14   57.4   0.3   1   1   1.1e-16   5.2e-14   56.7   0.3    10   246    43   292    38   311 0.77 [190263/562/1]
190263/391/1.f:NONBJF_05450 -            511 GH43_9.hmm           -            272   3.5e-14   57.2   1.3   1   1   1.4e-16   6.7e-14   56.3   1.3    10   271    73   382    68   383 0.71 [190263/391/1]
190263/585/1.f:DLBDDB_19440 -            836 GH43_9.hmm           -            272   4.3e-14   57.0   5.9   1   1   1.5e-16   6.9e-14   56.3   3.6    34   271   308   544   272   545 0.78 [190263/585/1]
190263/472/1.f:NMGHJI_01025 -            318 GH43_9.hmm           -            272     6e-14   56.5   4.1   1   1   1.8e-16   8.4e-14   56.0   4.1     9   268    15   307    12   310 0.74 [190263/472/1]
190263/437/1.f:LBKKEJ_05985 -            577 GH43_9.hmm           -            272   6.4e-14   56.4   1.6   1   1   3.1e-16   1.5e-13   55.2   1.6    10   270    54   317    47   319 0.80 [190263/437/1]
190263/401/1.f:DMFJNH_07430 -            453 GH43_9.hmm           -            272   7.4e-14   56.2   1.6   1   1   2.2e-16     1e-13   55.7   1.6    34   266     1   230     1   235 0.76 [190263/401/1]
190263/504/1.f:DOAHDM_07935 -            453 GH43_9.hmm           -            272   7.4e-14   56.2   1.6   1   1   2.2e-16     1e-13   55.7   1.6    34   266     1   230     1   235 0.76 [190263/504/1]
190263/388/1.f:FDDJJK_11470 -            877 GH43_9.hmm           -            272   8.4e-14   56.0   6.1   1   1   5.1e-16   2.5e-13   54.5   5.2     1   202    25   239    25   258 0.75 [190263/388/1]
190263/545/1.f:NCJBIN_12790 -            877 GH43_9.hmm           -            272   8.5e-14   56.0   6.1   1   1   5.1e-16   2.5e-13   54.5   5.2     1   202    25   239    25   258 0.75 [190263/545/1]
190263/534/1.f:OHCFJE_11920 -            877 GH43_9.hmm           -            272   1.2e-13   55.5   6.7   1   1     6e-16   2.9e-13   54.3   5.5     1   202    25   239    25   258 0.75 [190263/534/1]
190263/595/1.f:HGDLEC_10085 -            339 GH43_9.hmm           -            272   1.2e-13   55.5   0.3   1   1   4.3e-16     2e-13   54.8   0.3    10   266    33   325    26   331 0.70 [190263/595/1]
190263/391/1.f:NONBJF_11650 -            877 GH43_9.hmm           -            272   1.3e-13   55.4   6.5   1   1   6.6e-16   3.2e-13   54.1   5.2     1   202    25   239    25   258 0.75 [190263/391/1]
#
# Program:         hmmsearch
# Version:         3.3.2 (Nov 2020)
# Pipeline mode:   SEARCH
# Query file:      /kb/module/work/tmp/output.1725388484971/GH43_9/GH43_9.hmm
# Target file:     /kb/module/work/tmp/output.1725388484971/hCom2_RAST.fasta
# Option settings: /kb/module/hmmer/bin/hmmsearch --domtblout /kb/module/work/tmp/output.1725388484971/GH43_9/GH43_9-hCom2_RAST.hitout.txt --noali --notextw --domE 1e-15 /kb/module/work/tmp/output.1725388484971/GH43_9/GH43_9.hmm /kb/module/work/tmp/output.1725388484971/hCom2_RAST.fasta 
# Current dir:     /kb/module/work/tmp/output.1725388484971
# Date:            Tue Sep  3 18:51:56 2024
# [ok]
