#                                                                                   --- full sequence --- -------------- this domain -------------   hmm coord   ali coord   env coord
# target name               accession   tlen query name           accession   qlen   E-value  score  bias   #  of  c-Evalue  i-Evalue  score  bias  from    to  from    to  from    to  acc description of target
#       ------------------- ---------- ----- -------------------- ---------- ----- --------- ------ ----- --- --- --------- --------- ------ ----- ----- ----- ----- ----- ----- ----- ---- ---------------------
190263/504/1.f:DOAHDM_10190 -            512 GH43_8.hmm           -            281  7.4e-125  420.3   2.7   1   1  1.4e-127  7.6e-125  420.3   1.9     1   281    27   303    27   303 0.99 [190263/504/1]
190263/401/1.f:DMFJNH_09845 -            512 GH43_8.hmm           -            281  3.1e-124  418.3   2.7   1   1  5.9e-127  3.2e-124  418.2   1.9     1   281    27   303    27   303 0.99 [190263/401/1]
190263/391/1.f:NONBJF_04475 -            514 GH43_8.hmm           -            281    4e-124  417.9   0.7   1   1    1e-126  5.3e-124  417.5   0.7     1   281    30   312    30   312 0.99 [190263/391/1]
190263/534/1.f:OHCFJE_07745 -            514 GH43_8.hmm           -            281    4e-124  417.9   0.7   1   1    1e-126  5.3e-124  417.5   0.7     1   281    30   312    30   312 0.99 [190263/534/1]
190263/545/1.f:NCJBIN_05140 -            514 GH43_8.hmm           -            281  4.1e-124  417.9   0.7   1   1    1e-126  5.3e-124  417.5   0.7     1   281    30   312    30   312 0.99 [190263/545/1]
190263/497/1.f:HENFFC_12345 -            513 GH43_8.hmm           -            281  6.4e-123  414.0   0.7   1   1  1.6e-125  8.5e-123  413.6   0.7     1   281    28   303    28   303 0.99 [190263/497/1]
190263/573/1.f:LIDFCI_13560 -            512 GH43_8.hmm           -            281  4.4e-122  411.2   4.4   1   1  7.9e-124  4.2e-121  408.0   2.6     1   281    27   303    27   303 0.99 [190263/573/1]
190263/562/1.f:KJGNCK_10720 -            513 GH43_8.hmm           -            281  4.7e-122  411.1   4.7   1   1  4.1e-124  2.2e-121  408.9   2.4     1   281    27   303    27   303 0.99 [190263/562/1]
190263/365/1.f:JJMMAK_00270 -            513 GH43_8.hmm           -            281  5.6e-122  410.9   0.8   1   1  1.4e-124  7.5e-122  410.4   0.8     1   281    28   303    28   303 0.99 [190263/365/1]
190263/369/1.f:JCDIFE_10525 -            515 GH43_8.hmm           -            281  5.2e-119  401.1   2.3   1   1  9.7e-122  5.2e-119  401.1   2.3     1   281    27   303    27   303 0.99 [190263/369/1]
190263/368/1.f:HPMDBE_12540 -            513 GH43_8.hmm           -            281  6.4e-119  400.8   1.1   1   1  1.7e-121  9.2e-119  400.3   1.1     1   281    27   302    27   302 0.99 [190263/368/1]
190263/556/1.f:EMIPPF_01660 -            510 GH43_8.hmm           -            281  7.5e-119  400.6   0.0   1   1  2.2e-121  1.2e-118  400.0   0.0     1   280    25   299    25   300 0.99 [190263/556/1]
190263/516/1.f:MGNFBC_11300 -            513 GH43_8.hmm           -            281  1.1e-118  400.1   1.3   1   1  2.9e-121  1.5e-118  399.6   1.3     1   281    27   302    27   302 0.99 [190263/516/1]
190263/379/1.f:LOJHAC_13970 -            513 GH43_8.hmm           -            281    4e-118  398.2   1.9   1   1    1e-120  5.5e-118  397.8   1.9     1   281    27   302    27   302 0.99 [190263/379/1]
190263/522/1.f:NPJBCH_10320 -            621 GH43_8.hmm           -            281     7e-76  259.6   5.2   1   2   1.5e-49   7.7e-47  164.4   0.6     1   281    32   314    32   314 0.84 [190263/522/1]
190263/522/1.f:NPJBCH_10320 -            621 GH43_8.hmm           -            281     7e-76  259.6   5.2   2   2   3.2e-29   1.7e-26   97.6   0.4     8   277   335   603   332   607 0.83 [190263/522/1]
190263/401/1.f:DMFJNH_06495 -            637 GH43_8.hmm           -            281     2e-72  248.3  10.3   1   2   2.3e-31   1.3e-28  104.6   2.7     1   278    32   310    32   313 0.83 [190263/401/1]
190263/401/1.f:DMFJNH_06495 -            637 GH43_8.hmm           -            281     2e-72  248.3  10.3   2   2   1.2e-44   6.6e-42  148.2   0.9     1   280   339   619   339   620 0.84 [190263/401/1]
190263/504/1.f:DOAHDM_07165 -            637 GH43_8.hmm           -            281     2e-72  248.3  10.3   1   2   2.3e-31   1.3e-28  104.6   2.7     1   278    32   310    32   313 0.83 [190263/504/1]
190263/504/1.f:DOAHDM_07165 -            637 GH43_8.hmm           -            281     2e-72  248.3  10.3   2   2   1.2e-44   6.6e-42  148.2   0.9     1   280   339   619   339   620 0.84 [190263/504/1]
190263/405/1.f:EHKDKA_15525 -           1120 GH43_8.hmm           -            281   1.6e-71  245.4  24.2   1   2   3.1e-40   1.6e-37  133.8   8.2     2   280    25   287    24   288 0.87 [190263/405/1]
190263/405/1.f:EHKDKA_15525 -           1120 GH43_8.hmm           -            281   1.6e-71  245.4  24.2   2   2   1.5e-29   8.1e-27   98.7   3.8     1   268   822  1094   822  1108 0.82 [190263/405/1]
190263/585/1.f:DLBDDB_05325 -            353 GH43_8.hmm           -            281   9.1e-52  180.5   5.2   1   1   2.1e-54   1.1e-51  180.2   5.2     1   281    42   333    42   333 0.84 [190263/585/1]
190263/475/1.f:MCKEEP_04050 -            354 GH43_8.hmm           -            281   2.5e-51  179.1   4.6   1   1     6e-54   3.2e-51  178.8   4.6     1   281    43   334    43   334 0.83 [190263/475/1]
190263/573/1.f:LIDFCI_19560 -            354 GH43_8.hmm           -            281   2.5e-51  179.1   4.6   1   1     6e-54   3.2e-51  178.8   4.6     1   281    43   334    43   334 0.83 [190263/573/1]
190263/475/1.f:MCKEEP_06920 -            361 GH43_8.hmm           -            281   2.6e-50  175.7   3.2   1   1   7.1e-53   3.8e-50  175.2   3.2     2   281    49   338    48   338 0.84 [190263/475/1]
190263/552/1.f:EMALNL_06310 -            361 GH43_8.hmm           -            281   2.6e-50  175.7   3.2   1   1   7.1e-53   3.8e-50  175.2   3.2     2   281    49   338    48   338 0.84 [190263/552/1]
190263/562/1.f:KJGNCK_03885 -            361 GH43_8.hmm           -            281   2.6e-50  175.7   3.2   1   1   7.1e-53   3.8e-50  175.2   3.2     2   281    49   338    48   338 0.84 [190263/562/1]
190263/562/1.f:KJGNCK_06460 -            335 GH43_8.hmm           -            281   5.6e-47  164.8   0.8   1   1   1.5e-49   7.8e-47  164.4   0.8     1   281    33   316    33   316 0.86 [190263/562/1]
190263/552/1.f:EMALNL_04005 -            335 GH43_8.hmm           -            281     1e-46  164.0   1.2   1   1   2.6e-49   1.4e-46  163.5   1.2     1   281    33   316    33   316 0.85 [190263/552/1]
190263/365/1.f:JJMMAK_00705 -            985 GH43_8.hmm           -            281   4.8e-45  158.5   0.9   1   1   2.2e-46   1.2e-43  154.0   0.1     1   281   686   967   686   967 0.84 [190263/365/1]
190263/399/1.f:CDLIDF_10095 -            833 GH43_8.hmm           -            281   5.1e-45  158.4  17.0   1   1   1.2e-42   6.5e-40  141.6   7.2     2   280    25   290    24   291 0.87 [190263/399/1]
190263/369/1.f:JCDIFE_12790 -            817 GH43_8.hmm           -            281   1.3e-44  157.1  10.1   1   1   1.8e-41   9.6e-39  137.8   4.9     2   280    28   290    27   291 0.87 [190263/369/1]
190263/488/1.f:DNPFAC_05475 -            325 GH43_8.hmm           -            281   1.7e-44  156.6   0.9   1   1   4.2e-47   2.3e-44  156.3   0.9     1   281    25   306    25   306 0.85 [190263/488/1]
190263/417/1.f:MHBJAE_04920 -            325 GH43_8.hmm           -            281   2.1e-44  156.4   0.9   1   1   5.1e-47   2.7e-44  156.0   0.9     1   281    25   306    25   306 0.84 [190263/417/1]
190263/502/1.f:NONHGB_04285 -            308 GH43_8.hmm           -            281   2.3e-44  156.2   1.6   1   1   5.7e-47     3e-44  155.9   1.6     1   281    11   292    11   292 0.84 [190263/502/1]
190263/391/1.f:NONBJF_02560 -            817 GH43_8.hmm           -            281   4.6e-44  155.3  12.2   1   1   1.8e-40   9.4e-38  134.6   7.9     2   280    24   286    23   287 0.88 [190263/391/1]
190263/545/1.f:NCJBIN_02935 -            817 GH43_8.hmm           -            281   4.6e-44  155.3  12.2   1   1   1.8e-40   9.4e-38  134.6   7.9     2   280    24   286    23   287 0.88 [190263/545/1]
190263/534/1.f:OHCFJE_09655 -            818 GH43_8.hmm           -            281   4.7e-44  155.2  12.2   1   1   1.8e-40   9.4e-38  134.6   7.9     2   280    25   287    24   288 0.88 [190263/534/1]
190263/366/1.f:DBJPFP_11310 -            329 GH43_8.hmm           -            281   4.9e-44  155.2   0.1   1   1   1.2e-46   6.4e-44  154.8   0.1     1   281    34   313    34   313 0.85 [190263/366/1]
190263/391/1.f:NONBJF_09835 -            499 GH43_8.hmm           -            281   1.1e-43  154.0   0.0   1   1   3.8e-46     2e-43  153.1   0.0     3   280    36   302    34   303 0.89 [190263/391/1]
190263/401/1.f:DMFJNH_03530 -            325 GH43_8.hmm           -            281   1.2e-43  154.0   0.8   1   1   2.8e-46   1.5e-43  153.6   0.8     1   281    28   309    28   309 0.84 [190263/401/1]
190263/504/1.f:DOAHDM_03970 -            325 GH43_8.hmm           -            281   1.2e-43  154.0   0.8   1   1   2.8e-46   1.5e-43  153.6   0.8     1   281    28   309    28   309 0.84 [190263/504/1]
190263/534/1.f:OHCFJE_02975 -            499 GH43_8.hmm           -            281   1.2e-43  153.9   0.0   1   1   3.8e-46     2e-43  153.1   0.0     3   280    36   302    34   303 0.89 [190263/534/1]
190263/545/1.f:NCJBIN_10675 -            499 GH43_8.hmm           -            281   1.2e-43  153.9   0.0   1   1   3.8e-46     2e-43  153.1   0.0     3   280    36   302    34   303 0.89 [190263/545/1]
190263/460/1.f:IHFGKI_00025 -            986 GH43_8.hmm           -            281   1.2e-43  153.9  15.2   1   2   1.6e-18   8.4e-16   62.5  10.0    10   278    40   326    30   329 0.71 [190263/460/1]
190263/460/1.f:IHFGKI_00025 -            986 GH43_8.hmm           -            281   1.2e-43  153.9  15.2   2   2   7.4e-27     4e-24   89.9   0.2     1   280   480   743   480   744 0.80 [190263/460/1]
190263/401/1.f:DMFJNH_07380 -            811 GH43_8.hmm           -            281   1.2e-43  153.9  15.8   1   1   4.9e-41   2.6e-38  136.4   8.7     2   280    25   287    24   288 0.88 [190263/401/1]
190263/504/1.f:DOAHDM_07895 -            811 GH43_8.hmm           -            281   1.2e-43  153.9  15.8   1   1   4.9e-41   2.6e-38  136.4   8.7     2   280    25   287    24   288 0.88 [190263/504/1]
190263/405/1.f:EHKDKA_04765 -            325 GH43_8.hmm           -            281   1.2e-43  153.9   1.2   1   1   2.9e-46   1.6e-43  153.5   1.2     1   281    28   309    28   309 0.84 [190263/405/1]
190263/388/1.f:FDDJJK_02675 -            818 GH43_8.hmm           -            281   4.2e-43  152.1  16.5   1   1   3.8e-40     2e-37  133.5   7.9     2   280    25   287    24   288 0.88 [190263/388/1]
190263/437/1.f:LBKKEJ_07930 -            327 GH43_8.hmm           -            281   7.5e-43  151.3   0.0   1   1   1.8e-45   9.7e-43  150.9   0.0     1   281    26   307    26   307 0.84 [190263/437/1]
190263/502/1.f:NONHGB_04370 -            334 GH43_8.hmm           -            281   9.2e-43  151.0   1.1   1   1   2.3e-45   1.3e-42  150.6   1.1     1   281    37   318    37   318 0.84 [190263/502/1]
190263/437/1.f:LBKKEJ_14810 -            501 GH43_8.hmm           -            281   1.2e-42  150.6   0.0   1   1   3.8e-45     2e-42  149.9   0.0     3   280    38   304    36   305 0.90 [190263/437/1]
190263/369/1.f:JCDIFE_04830 -            333 GH43_8.hmm           -            281   2.7e-42  149.5   0.5   1   1   6.7e-45   3.6e-42  149.1   0.5     1   281    36   317    36   317 0.84 [190263/369/1]
190263/552/1.f:EMALNL_03945 -            633 GH43_8.hmm           -            281   2.7e-42  149.4   0.6   1   1   7.4e-45     4e-42  148.9   0.6     6   281   326   615   320   615 0.80 [190263/552/1]
190263/461/1.f:DHPHOK_05315 -            335 GH43_8.hmm           -            281   3.1e-42  149.3   0.4   1   1   7.5e-45     4e-42  148.9   0.4     1   281    38   319    38   319 0.85 [190263/461/1]
190263/497/1.f:HENFFC_10575 -            995 GH43_8.hmm           -            281   5.4e-42  148.5   0.2   1   1   1.9e-44   9.9e-42  147.6   0.2     1   281   696   977   696   977 0.85 [190263/497/1]
190263/562/1.f:KJGNCK_06510 -            633 GH43_8.hmm           -            281   5.7e-42  148.4   0.6   1   1   1.5e-44     8e-42  147.9   0.6     7   281   327   615   320   615 0.80 [190263/562/1]
190263/526/1.f:GBBCGM_01160 -            327 GH43_8.hmm           -            281   8.7e-42  147.8   0.7   1   1   2.5e-44   1.3e-41  147.2   0.7     1   281    29   311    29   311 0.83 [190263/526/1]
190263/391/1.f:NONBJF_11660 -            333 GH43_8.hmm           -            281   1.2e-41  147.3   0.7   1   1   2.9e-44   1.6e-41  147.0   0.7     1   281    36   317    36   317 0.84 [190263/391/1]
190263/534/1.f:OHCFJE_11930 -            333 GH43_8.hmm           -            281   1.2e-41  147.3   0.7   1   1   2.9e-44   1.6e-41  147.0   0.7     1   281    36   317    36   317 0.84 [190263/534/1]
190263/545/1.f:NCJBIN_12800 -            333 GH43_8.hmm           -            281   1.2e-41  147.3   0.7   1   1   2.9e-44   1.6e-41  147.0   0.7     1   281    36   317    36   317 0.84 [190263/545/1]
190263/388/1.f:FDDJJK_11480 -            333 GH43_8.hmm           -            281   1.5e-41  147.0   0.8   1   1   3.6e-44   1.9e-41  146.6   0.8     1   281    36   317    36   317 0.84 [190263/388/1]
190263/502/1.f:NONHGB_00190 -            517 GH43_8.hmm           -            281   2.3e-41  146.4   0.5   1   1   9.1e-44   4.8e-41  145.3   0.5     1   280    41   311    41   312 0.84 [190263/502/1]
190263/405/1.f:EHKDKA_04830 -            320 GH43_8.hmm           -            281   2.7e-41  146.2   2.4   1   1   6.7e-44   3.6e-41  145.8   2.4     9   262    42   286    37   301 0.89 [190263/405/1]
190263/405/1.f:EHKDKA_05525 -            333 GH43_8.hmm           -            281   2.7e-41  146.2   0.2   1   1   6.7e-44   3.6e-41  145.8   0.2     1   281    32   311    32   311 0.83 [190263/405/1]
190263/417/1.f:MHBJAE_04970 -            322 GH43_8.hmm           -            281   3.4e-41  145.8   1.6   1   1   8.8e-44   4.7e-41  145.4   1.6     9   262    44   288    40   303 0.88 [190263/417/1]
190263/522/1.f:NPJBCH_14230 -            340 GH43_8.hmm           -            281   5.5e-41  145.2   0.7   1   1   1.4e-43   7.6e-41  144.7   0.7     1   281    41   323    41   323 0.82 [190263/522/1]
190263/366/1.f:DBJPFP_01325 -            327 GH43_8.hmm           -            281   6.8e-41  144.9   0.0   1   1   1.8e-43   9.7e-41  144.4   0.0     1   281    28   310    28   310 0.84 [190263/366/1]
190263/580/1.f:JCPJNN_18320 -            465 GH43_8.hmm           -            281   7.3e-41  144.8   0.2   1   1   1.9e-43     1e-40  144.3   0.2     9   256    29   288    25   310 0.85 [190263/580/1]
190263/457/1.f:IIKDLL_11780 -            646 GH43_8.hmm           -            281   9.3e-41  144.4   0.0   1   1   2.7e-43   1.4e-40  143.8   0.0     2   281   137   411   136   411 0.85 [190263/457/1]
190263/461/1.f:DHPHOK_05305 -            315 GH43_8.hmm           -            281   9.9e-41  144.3   2.3   1   1   2.5e-43   1.3e-40  143.9   2.3     9   263    37   282     8   298 0.89 [190263/461/1]
190263/488/1.f:DNPFAC_05530 -            322 GH43_8.hmm           -            281   1.5e-40  143.8   1.9   1   1   3.7e-43     2e-40  143.4   1.9     9   261    44   287    40   302 0.88 [190263/488/1]
190263/365/1.f:JJMMAK_03125 -            313 GH43_8.hmm           -            281   1.7e-40  143.5   2.1   1   1   4.3e-43   2.3e-40  143.1   2.1     8   271    35   290    31   299 0.88 [190263/365/1]
190263/497/1.f:HENFFC_08175 -            313 GH43_8.hmm           -            281   4.2e-40  142.3   1.6   1   1     1e-42   5.4e-40  141.9   1.6     8   268    35   287    31   299 0.88 [190263/497/1]
190263/520/1.f:GGDGDE_09245 -            630 GH43_8.hmm           -            281   6.9e-40  141.6   0.0   1   1   2.2e-42   1.1e-39  140.8   0.0     2   281   135   408   134   408 0.85 [190263/520/1]
190263/366/1.f:DBJPFP_04310 -            332 GH43_8.hmm           -            281   9.9e-40  141.0   0.0   1   1   2.4e-42   1.3e-39  140.7   0.0     2   280    34   314    33   315 0.85 [190263/366/1]
190263/461/1.f:DHPHOK_17575 -            979 GH43_8.hmm           -            281   2.2e-39  139.9   2.8   1   1   1.4e-41   7.6e-39  138.1   2.8     1   280   506   776   506   777 0.86 [190263/461/1]
190263/552/1.f:EMALNL_01575 -            510 GH43_8.hmm           -            281   2.8e-39  139.6   1.6   1   1     3e-41   1.6e-38  137.1   1.6     2   280    38   304    37   305 0.87 [190263/552/1]
190263/401/1.f:DMFJNH_03515 -            327 GH43_8.hmm           -            281   2.9e-39  139.5   5.7   1   1   6.9e-42   3.7e-39  139.2   5.7     9   277    47   310    42   314 0.88 [190263/401/1]
190263/504/1.f:DOAHDM_03950 -            327 GH43_8.hmm           -            281   2.9e-39  139.5   5.7   1   1   6.9e-42   3.7e-39  139.2   5.7     9   277    47   310    42   314 0.88 [190263/504/1]
190263/365/1.f:JJMMAK_09110 -            331 GH43_8.hmm           -            281   4.6e-39  138.9   2.2   1   1   1.1e-41   5.9e-39  138.5   2.2     8   272    48   304    41   311 0.87 [190263/365/1]
190263/365/1.f:JJMMAK_09115 -            354 GH43_8.hmm           -            281   4.9e-39  138.8   3.9   1   1   2.8e-41   1.5e-38  137.2   3.9     1   281    45   337    45   337 0.80 [190263/365/1]
190263/388/1.f:FDDJJK_11475 -            322 GH43_8.hmm           -            281   5.2e-39  138.7   2.1   1   1   1.3e-41   6.7e-39  138.3   2.1     8   262    43   288    37   302 0.87 [190263/388/1]
190263/391/1.f:NONBJF_11655 -            322 GH43_8.hmm           -            281   5.3e-39  138.7   2.1   1   1   1.3e-41   6.7e-39  138.3   2.1     8   262    43   288    37   302 0.87 [190263/391/1]
190263/534/1.f:OHCFJE_11925 -            322 GH43_8.hmm           -            281   5.3e-39  138.7   2.1   1   1   1.3e-41   6.7e-39  138.3   2.1     8   262    43   288    37   302 0.87 [190263/534/1]
190263/545/1.f:NCJBIN_12795 -            322 GH43_8.hmm           -            281   5.3e-39  138.7   2.1   1   1   1.3e-41   6.7e-39  138.3   2.1     8   262    43   288    37   302 0.87 [190263/545/1]
190263/369/1.f:JCDIFE_04825 -            316 GH43_8.hmm           -            281   9.4e-39  137.8   3.1   1   1   2.4e-41   1.3e-38  137.4   3.1     8   276    33   298    27   302 0.89 [190263/369/1]
190263/390/1.f:OLPOLE_16250 -            304 GH43_8.hmm           -            281   2.2e-38  136.6   0.1   1   1   5.7e-41     3e-38  136.2   0.1     9   258    12   278     6   288 0.85 [190263/390/1]
190263/401/1.f:DMFJNH_03485 -            330 GH43_8.hmm           -            281   3.1e-38  136.1   5.7   1   1   8.8e-41   4.7e-38  135.5   5.7     9   276    49   312    45   317 0.87 [190263/401/1]
190263/504/1.f:DOAHDM_03935 -            330 GH43_8.hmm           -            281   3.1e-38  136.1   5.7   1   1   8.8e-41   4.7e-38  135.5   5.7     9   276    49   312    45   317 0.87 [190263/504/1]
190263/522/1.f:NPJBCH_14225 -            324 GH43_8.hmm           -            281   6.8e-38  135.0   3.5   1   1   1.7e-40   9.1e-38  134.6   3.5     8   261    49   292    46   307 0.90 [190263/522/1]
190263/585/1.f:DLBDDB_04640 -            329 GH43_8.hmm           -            281   1.3e-37  134.1   3.4   1   1   3.2e-40   1.7e-37  133.7   3.4     9   264    39   296    37   311 0.86 [190263/585/1]
190263/443/1.f:LNLACP_05715 -            520 GH43_8.hmm           -            281   1.8e-37  133.6   0.1   1   1   4.5e-40   2.4e-37  133.2   0.1     1   281     6   291     6   291 0.85 [190263/443/1]
190263/399/1.f:CDLIDF_04455 -            335 GH43_8.hmm           -            281   2.2e-37  133.4   0.8   1   1   5.2e-40   2.8e-37  133.0   0.8     9   281    37   331    30   331 0.84 [190263/399/1]
190263/461/1.f:DHPHOK_05310 -            322 GH43_8.hmm           -            281   2.3e-37  133.3   4.1   1   1     5e-40   2.7e-37  133.1   4.1     5   277    27   299    23   303 0.87 [190263/461/1]
190263/502/1.f:NONHGB_04390 -            315 GH43_8.hmm           -            281     3e-37  132.9   1.7   1   1   7.3e-40   3.9e-37  132.5   1.7     9   278    34   299    30   302 0.84 [190263/502/1]
190263/540/1.f:BCGFLB_08610 -            357 GH43_8.hmm           -            281   1.1e-36  131.0   0.0   1   1   2.6e-39   1.4e-36  130.7   0.0     8   257    46   307    40   331 0.86 [190263/540/1]
190263/556/1.f:EMIPPF_09145 -            341 GH43_8.hmm           -            281   2.2e-36  130.1   0.0   1   1   5.7e-39     3e-36  129.6   0.0     8   280    54   323    48   324 0.80 [190263/556/1]
190263/502/1.f:NONHGB_04290 -            343 GH43_8.hmm           -            281   2.9e-36  129.7   0.8   1   1   7.2e-39   3.9e-36  129.3   0.8     8   281    43   326    36   326 0.82 [190263/502/1]
190263/368/1.f:HPMDBE_02595 -            373 GH43_8.hmm           -            281   9.9e-36  127.9   3.9   1   1   7.7e-37   4.1e-34  122.6   3.9     6   260    39   341    35   358 0.76 [190263/368/1]
190263/447/1.f:OLODHC_01285 -            525 GH43_8.hmm           -            281   1.1e-35  127.8   0.1   1   1   7.2e-38   3.8e-35  126.0   0.0     1   280     6   292     6   293 0.85 [190263/447/1]
190263/399/1.f:CDLIDF_13450 -            857 GH43_8.hmm           -            281   1.3e-35  127.5   2.7   1   1   4.4e-30   2.4e-27  100.4   0.0     1   280    26   311    26   312 0.83 [190263/399/1]
190263/379/1.f:LOJHAC_06040 -            373 GH43_8.hmm           -            281   1.8e-35  127.1   3.9   1   1     2e-36   1.1e-33  121.3   3.9     6   260    39   341    35   359 0.75 [190263/379/1]
190263/516/1.f:MGNFBC_09170 -            377 GH43_8.hmm           -            281   1.8e-35  127.0   3.9   1   1     2e-36   1.1e-33  121.2   3.9     6   260    43   345    39   363 0.75 [190263/516/1]
190263/366/1.f:DBJPFP_03110 -            311 GH43_8.hmm           -            281   2.6e-35  126.6   0.4   1   1     6e-38   3.2e-35  126.3   0.4     8   266    34   283    31   298 0.87 [190263/366/1]
190263/437/1.f:LBKKEJ_07940 -            329 GH43_8.hmm           -            281   3.8e-35  126.0   2.3   1   1   9.5e-38   5.1e-35  125.6   2.3     8   263    39   295    36   311 0.85 [190263/437/1]
190263/405/1.f:EHKDKA_04770 -            343 GH43_8.hmm           -            281   3.9e-35  126.0   0.9   1   1   9.6e-38   5.1e-35  125.6   0.9     8   281    43   326    36   326 0.82 [190263/405/1]
190263/401/1.f:DMFJNH_04555 -            329 GH43_8.hmm           -            281   5.4e-35  125.5   2.0   1   1   1.4e-37   7.4e-35  125.0   2.0     8   263    37   296    33   312 0.82 [190263/401/1]
190263/504/1.f:DOAHDM_05050 -            329 GH43_8.hmm           -            281   5.4e-35  125.5   2.0   1   1   1.4e-37   7.4e-35  125.0   2.0     8   263    37   296    33   312 0.82 [190263/504/1]
190263/580/1.f:JCPJNN_28255 -            319 GH43_8.hmm           -            281   5.5e-35  125.5   1.7   1   1   1.2e-37   6.5e-35  125.2   1.7     2   259    23   276    22   296 0.85 [190263/580/1]
190263/365/1.f:JJMMAK_05415 -            370 GH43_8.hmm           -            281   8.5e-35  124.9   4.6   1   1   1.3e-35   6.7e-33  118.6   4.6     5   261    40   344    37   360 0.77 [190263/365/1]
190263/490/1.f:OIBLLI_02545 -            512 GH43_8.hmm           -            281   9.6e-35  124.7   0.0   1   1   3.2e-37   1.7e-34  123.9   0.0     1   280     7   285     7   286 0.84 [190263/490/1]
190263/497/1.f:HENFFC_06515 -            370 GH43_8.hmm           -            281   9.6e-35  124.7   5.1   1   1   1.5e-35   8.1e-33  118.4   5.1     5   261    40   344    37   360 0.77 [190263/497/1]
190263/405/1.f:EHKDKA_12800 -            530 GH43_8.hmm           -            281   1.3e-34  124.3   0.0   1   1   3.6e-37   1.9e-34  123.7   0.0     1   280     6   293     6   294 0.83 [190263/405/1]
190263/421/1.f:PBKEAC_07670 -            312 GH43_8.hmm           -            281   2.2e-34  123.5   0.3   1   1   5.5e-37   2.9e-34  123.1   0.3     8   261    27   277    24   291 0.87 [190263/421/1]
190263/580/1.f:JCPJNN_10115 -            541 GH43_8.hmm           -            281     3e-34  123.1   0.2   1   1     1e-36   5.6e-34  122.2   0.1     1   281     7   287     7   287 0.87 [190263/580/1]
190263/564/1.f:KIHMBJ_07125 -            369 GH43_8.hmm           -            281   9.2e-34  121.5   0.5   1   1   2.2e-36   1.2e-33  121.1   0.5     8   257    66   326    60   349 0.87 [190263/564/1]
190263/409/1.f:AJJCMD_17550 -            503 GH43_8.hmm           -            281   1.4e-33  120.9   0.4   1   1   4.2e-36   2.3e-33  120.2   0.4     1   281     5   279     5   279 0.83 [190263/409/1]
190263/520/1.f:GGDGDE_09240 -            526 GH43_8.hmm           -            281   1.6e-33  120.7   1.0   1   1   5.3e-36   2.8e-33  119.9   1.0     1   280    16   282    16   283 0.85 [190263/520/1]
190263/366/1.f:DBJPFP_03100 -            318 GH43_8.hmm           -            281     2e-33  120.4   0.6   1   1   4.9e-36   2.6e-33  120.0   0.6     8   263    33   285    29   300 0.87 [190263/366/1]
190263/405/1.f:EHKDKA_15365 -            549 GH43_8.hmm           -            281   2.5e-33  120.1   0.7   1   1   6.8e-36   3.6e-33  119.5   0.7     1   281    38   307    38   307 0.85 [190263/405/1]
190263/429/1.f:OMPHBF_13095 -            519 GH43_8.hmm           -            281   3.3e-33  119.6   0.0   1   1   1.1e-35   5.6e-33  118.9   0.0     1   281     5   281     5   281 0.85 [190263/429/1]
190263/502/1.f:NONHGB_14095 -            549 GH43_8.hmm           -            281   3.8e-33  119.5   0.7   1   1     1e-35   5.4e-33  118.9   0.7     1   281    38   307    38   307 0.85 [190263/502/1]
190263/520/1.f:GGDGDE_05930 -            521 GH43_8.hmm           -            281   3.9e-33  119.4   0.0   1   1     1e-35   5.6e-33  118.9   0.0     1   281     6   291     6   291 0.86 [190263/520/1]
190263/562/1.f:KJGNCK_05400 -            318 GH43_8.hmm           -            281   7.1e-33  118.5   1.7   1   1   1.8e-35   9.6e-33  118.1   1.7     8   263    25   284    22   299 0.82 [190263/562/1]
190263/573/1.f:LIDFCI_04235 -            549 GH43_8.hmm           -            281   7.5e-33  118.5   0.6   1   1   2.5e-35   1.3e-32  117.7   0.6     1   280    38   306    38   307 0.85 [190263/573/1]
190263/585/1.f:DLBDDB_16965 -            548 GH43_8.hmm           -            281     1e-32  118.0   0.9   1   1   3.6e-35   1.9e-32  117.1   0.9     1   280    38   306    38   307 0.85 [190263/585/1]
190263/423/1.f:PDNKFB_07020 -            523 GH43_8.hmm           -            281   1.7e-32  117.3   0.0   1   1   5.2e-35   2.8e-32  116.6   0.0     1   281     6   291     6   291 0.84 [190263/423/1]
190263/552/1.f:EMALNL_14145 -            549 GH43_8.hmm           -            281   2.5e-32  116.8   0.8   1   1   8.4e-35   4.5e-32  115.9   0.8     1   280    38   306    38   307 0.85 [190263/552/1]
190263/520/1.f:GGDGDE_19885 -            513 GH43_8.hmm           -            281   2.6e-32  116.7   0.1   1   1   6.7e-35   3.6e-32  116.2   0.1     1   281     6   290     6   290 0.84 [190263/520/1]
190263/475/1.f:MCKEEP_14510 -            549 GH43_8.hmm           -            281   4.2e-32  116.0   0.8   1   1   1.4e-34   7.7e-32  115.2   0.8     1   280    38   306    38   307 0.85 [190263/475/1]
190263/552/1.f:EMALNL_04920 -            329 GH43_8.hmm           -            281   5.4e-32  115.7   3.4   1   1   1.3e-34     7e-32  115.3   3.4     8   264    36   296    33   311 0.82 [190263/552/1]
190263/365/1.f:JJMMAK_06475 -            332 GH43_8.hmm           -            281   6.5e-32  115.4   3.3   1   1   1.6e-34   8.6e-32  115.0   3.3     1   279    35   313    35   315 0.86 [190263/365/1]
190263/475/1.f:MCKEEP_04910 -            329 GH43_8.hmm           -            281   6.6e-32  115.4   3.5   1   1   1.6e-34   8.5e-32  115.0   3.5     8   264    36   296    33   311 0.82 [190263/475/1]
190263/573/1.f:LIDFCI_18730 -            329 GH43_8.hmm           -            281   6.8e-32  115.3   3.0   1   1   1.7e-34   8.9e-32  115.0   3.0     8   264    36   296    33   311 0.80 [190263/573/1]
190263/497/1.f:HENFFC_05550 -            332 GH43_8.hmm           -            281   8.6e-32  115.0   3.9   1   1   2.5e-34   1.3e-31  114.4   3.9     1   279    35   313    35   315 0.85 [190263/497/1]
190263/490/1.f:OIBLLI_09735 -            542 GH43_8.hmm           -            281   1.4e-31  114.3   0.7   1   1   4.1e-34   2.2e-31  113.7   0.7     1   281    13   281    13   281 0.88 [190263/490/1]
190263/562/1.f:KJGNCK_14345 -            549 GH43_8.hmm           -            281   1.5e-31  114.2   0.8   1   1     5e-34   2.7e-31  113.4   0.8     1   280    38   306    38   307 0.85 [190263/562/1]
190263/460/1.f:IHFGKI_14400 -            556 GH43_8.hmm           -            281   1.9e-31  113.9   0.0   1   1   5.8e-34   3.1e-31  113.2   0.0     1   281    48   340    48   340 0.81 [190263/460/1]
190263/461/1.f:DHPHOK_06210 -            523 GH43_8.hmm           -            281   2.1e-31  113.7   0.0   1   1   1.1e-33   5.6e-31  112.3   0.0     1   281    27   300    27   300 0.85 [190263/461/1]
190263/401/1.f:DMFJNH_14545 -            549 GH43_8.hmm           -            281   2.7e-31  113.4   0.6   1   1   8.1e-34   4.3e-31  112.7   0.6     1   277    38   304    38   307 0.84 [190263/401/1]
190263/504/1.f:DOAHDM_14575 -            549 GH43_8.hmm           -            281   2.7e-31  113.3   0.6   1   1   8.1e-34   4.3e-31  112.7   0.6     1   277    38   304    38   307 0.84 [190263/504/1]
190263/488/1.f:DNPFAC_10005 -            330 GH43_8.hmm           -            281     3e-31  113.2   3.7   1   1   7.3e-34   3.9e-31  112.8   3.7     1   280    33   311    33   312 0.85 [190263/488/1]
190263/409/1.f:AJJCMD_29650 -            537 GH43_8.hmm           -            281     3e-31  113.2   0.0   1   1   8.5e-34   4.5e-31  112.6   0.0     1   254    39   283    39   302 0.88 [190263/409/1]
190263/369/1.f:JCDIFE_10740 -            544 GH43_8.hmm           -            281   3.7e-31  112.9   0.6   1   1   1.1e-33   5.8e-31  112.3   0.6     1   280    33   301    33   302 0.84 [190263/369/1]
190263/461/1.f:DHPHOK_02850 -            367 GH43_8.hmm           -            281   5.5e-31  112.3   4.8   1   1   4.2e-19   2.3e-16   64.4   1.6     5   137    33   175    29   192 0.79 [190263/461/1]
190263/417/1.f:MHBJAE_08890 -            333 GH43_8.hmm           -            281   6.3e-31  112.2   3.3   1   1   1.6e-33   8.4e-31  111.8   3.3     1   280    33   311    33   312 0.85 [190263/417/1]
190263/405/1.f:EHKDKA_00245 -            643 GH43_8.hmm           -            281   8.5e-31  111.7   7.4   1   1   2.1e-25   1.1e-22   85.1   1.0     1   276   339   631   339   635 0.78 [190263/405/1]
190263/461/1.f:DHPHOK_00505 -            646 GH43_8.hmm           -            281     1e-30  111.5   8.4   1   1   7.9e-26   4.2e-23   86.5   1.6     1   277   342   635   342   639 0.79 [190263/461/1]
190263/546/1.f:GEHMID_03135 -            526 GH43_8.hmm           -            281   1.1e-30  111.4   0.3   1   1   3.4e-33   1.8e-30  110.7   0.3     1   280     8   297     8   298 0.80 [190263/546/1]
190263/399/1.f:CDLIDF_10110 -            550 GH43_8.hmm           -            281   1.3e-30  111.1   0.7   1   1   3.5e-33   1.8e-30  110.6   0.7     1   277    39   305    39   308 0.84 [190263/399/1]
190263/456/1.f:LKAJBD_02480 -            512 GH43_8.hmm           -            281   1.6e-30  110.8   0.3   1   1   1.3e-32   6.7e-30  108.8   0.3     1   281    14   288    14   288 0.81 [190263/456/1]
190263/490/1.f:OIBLLI_09290 -            540 GH43_8.hmm           -            281   2.2e-30  110.4   0.2   1   1   2.1e-32   1.1e-29  108.1   0.0     1   281     5   282     5   282 0.85 [190263/490/1]
190263/388/1.f:FDDJJK_10255 -            554 GH43_8.hmm           -            281   2.4e-30  110.3   0.1   1   1   6.3e-33   3.4e-30  109.8   0.1     1   280    38   305    38   306 0.87 [190263/388/1]
190263/391/1.f:NONBJF_10790 -            554 GH43_8.hmm           -            281     3e-30  109.9   0.1   1   1     8e-33   4.3e-30  109.4   0.1     1   280    38   305    38   306 0.87 [190263/391/1]
190263/534/1.f:OHCFJE_02065 -            554 GH43_8.hmm           -            281     3e-30  109.9   0.1   1   1     8e-33   4.3e-30  109.4   0.1     1   280    38   305    38   306 0.87 [190263/534/1]
190263/545/1.f:NCJBIN_11650 -            554 GH43_8.hmm           -            281     3e-30  109.9   0.1   1   1     8e-33   4.3e-30  109.4   0.1     1   280    38   305    38   306 0.87 [190263/545/1]
190263/502/1.f:NONHGB_00270 -            643 GH43_8.hmm           -            281   3.1e-30  109.9   7.6   1   1   4.1e-25   2.2e-22   84.1   0.9     1   278   339   633   339   636 0.78 [190263/502/1]
190263/580/1.f:JCPJNN_30525 -            501 GH43_8.hmm           -            281   4.8e-30  109.3   0.0   1   1   1.3e-32   6.8e-30  108.8   0.0     1   281     5   279     5   279 0.84 [190263/580/1]
190263/379/1.f:LOJHAC_08255 -            334 GH43_8.hmm           -            281   5.8e-30  109.0   2.8   1   1   1.5e-32   7.7e-30  108.6   2.8     1   279    37   316    37   318 0.84 [190263/379/1]
190263/516/1.f:MGNFBC_06985 -            334 GH43_8.hmm           -            281   5.8e-30  109.0   2.8   1   1   1.5e-32   7.7e-30  108.6   2.8     1   279    37   316    37   318 0.84 [190263/516/1]
190263/534/1.f:OHCFJE_00275 -            555 GH43_8.hmm           -            281   5.8e-30  109.0   0.5   1   1   1.5e-32   8.1e-30  108.5   0.5     1   277    39   304    39   307 0.84 [190263/534/1]
190263/368/1.f:HPMDBE_07740 -            334 GH43_8.hmm           -            281   7.4e-30  108.7   2.6   1   1   1.8e-32   9.8e-30  108.3   2.6     1   279    37   316    37   318 0.84 [190263/368/1]
190263/388/1.f:FDDJJK_00610 -            549 GH43_8.hmm           -            281   9.1e-30  108.4   0.5   1   1   2.5e-32   1.3e-29  107.8   0.5     1   281    38   307    38   307 0.84 [190263/388/1]
190263/562/1.f:KJGNCK_06150 -            521 GH43_8.hmm           -            281     1e-29  108.2   0.1   1   1   1.7e-31   9.2e-29  105.1   0.1     1   281    25   298    25   298 0.82 [190263/562/1]
190263/552/1.f:EMALNL_04300 -            526 GH43_8.hmm           -            281     1e-29  108.2   0.1   1   1   1.8e-31   9.4e-29  105.0   0.1     1   281    25   298    25   298 0.82 [190263/552/1]
190263/405/1.f:EHKDKA_18135 -            520 GH43_8.hmm           -            281   1.3e-29  107.9   0.2   1   1   8.1e-32   4.3e-29  106.1   0.1     1   281    26   299    26   299 0.85 [190263/405/1]
190263/552/1.f:EMALNL_11310 -            558 GH43_8.hmm           -            281   1.6e-29  107.6   0.1   1   1   4.4e-32   2.4e-29  107.0   0.1     1   280    40   308    40   309 0.86 [190263/552/1]
190263/366/1.f:DBJPFP_03145 -            351 GH43_8.hmm           -            281   1.8e-29  107.4   1.5   1   1   4.1e-20   2.2e-17   67.8   0.7     8   135    20   155    15   174 0.84 [190263/366/1]
190263/437/1.f:LBKKEJ_18205 -            520 GH43_8.hmm           -            281   1.9e-29  107.3   0.0   1   1   2.8e-31   1.5e-28  104.4   0.0     1   281    25   298    25   298 0.81 [190263/437/1]
190263/534/1.f:OHCFJE_03255 -            549 GH43_8.hmm           -            281     2e-29  107.2   0.0   1   1   5.8e-32   3.1e-29  106.6   0.0     2   277    46   326    45   329 0.83 [190263/534/1]
190263/545/1.f:NCJBIN_10445 -            549 GH43_8.hmm           -            281   2.1e-29  107.2   0.0   1   1   5.8e-32   3.1e-29  106.6   0.0     2   277    46   326    45   329 0.83 [190263/545/1]
190263/391/1.f:NONBJF_09625 -            549 GH43_8.hmm           -            281   2.1e-29  107.2   0.0   1   1   5.8e-32   3.1e-29  106.6   0.0     2   277    46   326    45   329 0.83 [190263/391/1]
190263/520/1.f:GGDGDE_20565 -            540 GH43_8.hmm           -            281   2.5e-29  106.9   0.2   1   1   7.2e-32   3.9e-29  106.3   0.2     1   281     6   305     6   305 0.79 [190263/520/1]
190263/369/1.f:JCDIFE_02295 -            366 GH43_8.hmm           -            281   2.5e-29  106.9   8.3   1   1   1.9e-18     1e-15   62.3   2.4     5   138    32   175    28   190 0.80 [190263/369/1]
190263/404/1.f:BGJBIG_07300 -            558 GH43_8.hmm           -            281   2.8e-29  106.8   0.1   1   1   7.4e-32     4e-29  106.3   0.1     1   280    40   308    40   309 0.86 [190263/404/1]
190263/585/1.f:DLBDDB_08645 -            558 GH43_8.hmm           -            281   3.2e-29  106.5   0.1   1   1   9.4e-32     5e-29  105.9   0.1     1   280    40   308    40   309 0.86 [190263/585/1]
190263/409/1.f:AJJCMD_00315 -            525 GH43_8.hmm           -            281   3.3e-29  106.5   0.0   1   1   1.6e-31   8.7e-29  105.2   0.0     1   281     6   298     6   298 0.83 [190263/409/1]
190263/562/1.f:KJGNCK_11340 -            558 GH43_8.hmm           -            281   3.4e-29  106.5   0.1   1   1   9.7e-32   5.2e-29  105.9   0.1     1   280    40   308    40   309 0.86 [190263/562/1]
190263/456/1.f:LKAJBD_06230 -            558 GH43_8.hmm           -            281   3.5e-29  106.4   0.2   1   1   1.1e-31   5.8e-29  105.7   0.2     1   280    41   309    41   310 0.85 [190263/456/1]
190263/405/1.f:EHKDKA_11580 -            560 GH43_8.hmm           -            281   3.6e-29  106.4   0.2   1   1   9.5e-32   5.1e-29  105.9   0.2     1   280    41   309    41   310 0.85 [190263/405/1]
190263/595/1.f:HGDLEC_03290 -            559 GH43_8.hmm           -            281   3.6e-29  106.4   0.1   1   1   9.7e-32   5.2e-29  105.9   0.1     1   281    39   307    39   307 0.82 [190263/595/1]
190263/391/1.f:NONBJF_00550 -            549 GH43_8.hmm           -            281   4.9e-29  106.0   0.4   1   1   1.4e-31   7.2e-29  105.4   0.4     1   281    38   307    38   307 0.85 [190263/391/1]
190263/475/1.f:MCKEEP_07780 -            329 GH43_8.hmm           -            281     5e-29  105.9   3.4   1   1   1.5e-31   8.1e-29  105.3   3.4     1   278    32   310    32   313 0.82 [190263/475/1]
190263/534/1.f:OHCFJE_01315 -            549 GH43_8.hmm           -            281   5.1e-29  105.9   0.4   1   1   1.4e-31   7.2e-29  105.4   0.4     1   281    38   307    38   307 0.85 [190263/534/1]
190263/545/1.f:NCJBIN_00645 -            549 GH43_8.hmm           -            281   5.1e-29  105.9   0.4   1   1   1.4e-31   7.2e-29  105.4   0.4     1   281    38   307    38   307 0.85 [190263/545/1]
190263/399/1.f:CDLIDF_03200 -            640 GH43_8.hmm           -            281   6.8e-29  105.5  11.3   1   1   9.4e-24     5e-21   79.7   2.6     1   260   334   607   334   632 0.77 [190263/399/1]
190263/534/1.f:OHCFJE_09710 -            647 GH43_8.hmm           -            281   6.9e-29  105.5   7.1   1   1   4.3e-23   2.3e-20   77.5   1.0     1   259   341   613   341   637 0.79 [190263/534/1]
190263/420/1.f:GMHOLO_06770 -            548 GH43_8.hmm           -            281   7.2e-29  105.4   0.5   1   1   4.6e-27   2.4e-24   90.5   0.3     1   230     4   238     4   244 0.84 [190263/420/1]
190263/527/1.f:HGADJN_07100 -            548 GH43_8.hmm           -            281   7.2e-29  105.4   0.5   1   1   4.6e-27   2.4e-24   90.5   0.3     1   230     4   238     4   244 0.84 [190263/527/1]
190263/475/1.f:MCKEEP_10240 -            558 GH43_8.hmm           -            281   7.5e-29  105.3   0.2   1   1   2.1e-31   1.1e-28  104.8   0.2     1   280    40   308    40   309 0.86 [190263/475/1]
190263/552/1.f:EMALNL_07155 -            329 GH43_8.hmm           -            281     8e-29  105.3   3.0   1   1   2.4e-31   1.3e-28  104.6   3.0     1   278    32   310    32   313 0.82 [190263/552/1]
190263/466/1.f:PGJOII_00185 -            558 GH43_8.hmm           -            281   9.4e-29  105.0   0.1   1   1   2.6e-31   1.4e-28  104.5   0.1     1   280    41   309    41   310 0.86 [190263/466/1]
190263/573/1.f:LIDFCI_16670 -            329 GH43_8.hmm           -            281   1.2e-28  104.7   3.0   1   1   3.7e-31     2e-28  104.0   3.0     1   278    32   310    32   313 0.82 [190263/573/1]
190263/502/1.f:NONHGB_10035 -            559 GH43_8.hmm           -            281   1.2e-28  104.6   0.1   1   1   3.4e-31   1.8e-28  104.1   0.1     1   280    41   309    41   310 0.85 [190263/502/1]
190263/562/1.f:KJGNCK_03005 -            329 GH43_8.hmm           -            281   1.3e-28  104.6   2.4   1   1   4.2e-31   2.3e-28  103.8   2.4     1   278    32   310    32   313 0.82 [190263/562/1]
190263/433/1.f:ADFNDI_03705 -            548 GH43_8.hmm           -            281   1.4e-28  104.5   0.5   1   1   5.4e-27   2.9e-24   90.3   0.4     1   229     4   237     4   246 0.81 [190263/433/1]
190263/421/1.f:PBKEAC_07675 -            364 GH43_8.hmm           -            281   1.5e-28  104.4   3.2   1   1   1.5e-19   7.8e-17   65.9   0.3     8   136    29   165    24   182 0.84 [190263/421/1]
190263/595/1.f:HGDLEC_08325 -            561 GH43_8.hmm           -            281   1.6e-28  104.3   0.0   1   1   4.1e-31   2.2e-28  103.8   0.0     1   281    49   341    49   341 0.81 [190263/595/1]
190263/573/1.f:LIDFCI_00915 -            558 GH43_8.hmm           -            281   1.8e-28  104.1   0.1   1   1   5.4e-31   2.9e-28  103.4   0.1     1   280    40   308    40   309 0.84 [190263/573/1]
190263/369/1.f:JCDIFE_08905 -            570 GH43_8.hmm           -            281   1.8e-28  104.1   0.1   1   1   4.9e-31   2.6e-28  103.6   0.1     1   280    52   320    52   321 0.85 [190263/369/1]
190263/457/1.f:IIKDLL_04080 -            553 GH43_8.hmm           -            281   2.4e-28  103.7   0.7   1   1   6.3e-31   3.4e-28  103.2   0.7     1   281    33   301    33   301 0.87 [190263/457/1]
190263/437/1.f:LBKKEJ_08355 -            555 GH43_8.hmm           -            281   2.7e-28  103.5   0.1   1   1   6.9e-31   3.7e-28  103.1   0.1     1   278    39   305    39   307 0.87 [190263/437/1]
190263/401/1.f:DMFJNH_10295 -            558 GH43_8.hmm           -            281     3e-28  103.4   0.1   1   1   8.1e-31   4.3e-28  102.9   0.1     1   280    40   308    40   309 0.85 [190263/401/1]
190263/541/1.f:IDEEIE_12865 -            548 GH43_8.hmm           -            281   3.4e-28  103.2   0.2   1   1   1.4e-26   7.5e-24   89.0   0.2     1   229     4   237     4   245 0.81 [190263/541/1]
190263/546/1.f:GEHMID_02780 -            535 GH43_8.hmm           -            281   6.2e-28  102.3   2.5   1   1   3.2e-30   1.7e-27  100.9   2.5     1   280     5   303     5   304 0.76 [190263/546/1]
190263/545/1.f:NCJBIN_10530 -            544 GH43_8.hmm           -            281   6.6e-28  102.3   0.3   1   1   1.7e-30   8.8e-28  101.8   0.3     1   275    36   298    36   303 0.83 [190263/545/1]
190263/504/1.f:DOAHDM_10665 -            558 GH43_8.hmm           -            281   6.9e-28  102.2   0.1   1   1   1.9e-30   9.9e-28  101.7   0.1     1   280    40   308    40   309 0.85 [190263/504/1]
190263/391/1.f:NONBJF_02505 -            647 GH43_8.hmm           -            281   6.9e-28  102.2   9.6   1   1   4.1e-23   2.2e-20   77.6   1.0     1   259   341   613   341   637 0.79 [190263/391/1]
190263/545/1.f:NCJBIN_02880 -            647 GH43_8.hmm           -            281   6.9e-28  102.2   9.6   1   1   4.1e-23   2.2e-20   77.6   1.0     1   259   341   613   341   637 0.79 [190263/545/1]
190263/391/1.f:NONBJF_09700 -            544 GH43_8.hmm           -            281   6.9e-28  102.2   0.3   1   1   1.7e-30   9.3e-28  101.8   0.3     1   275    36   298    36   303 0.83 [190263/391/1]
190263/556/1.f:EMIPPF_06030 -            332 GH43_8.hmm           -            281   1.3e-27  101.3   2.1   1   1   4.5e-30   2.4e-27  100.4   2.1     1   279    30   308    30   310 0.85 [190263/556/1]
190263/388/1.f:FDDJJK_02615 -            647 GH43_8.hmm           -            281     2e-27  100.6   9.5   1   1   3.2e-22   1.7e-19   74.6   1.1     1   259   341   613   341   637 0.79 [190263/388/1]
190263/534/1.f:OHCFJE_03150 -            544 GH43_8.hmm           -            281   2.2e-27  100.6   0.3   1   1   5.4e-30   2.9e-27  100.2   0.3     1   275    36   298    36   303 0.83 [190263/534/1]
190263/420/1.f:GMHOLO_02150 -            543 GH43_8.hmm           -            281     5e-27   99.4   0.4   1   1   1.6e-29   8.4e-27   98.6   0.4     1   281     5   304     5   304 0.78 [190263/420/1]
190263/437/1.f:LBKKEJ_07955 -            352 GH43_8.hmm           -            281   5.9e-27   99.1   2.2   1   1   5.4e-29   2.9e-26   96.9   0.5    28   280    84   334    76   335 0.79 [190263/437/1]
190263/552/1.f:EMALNL_09490 -           1085 GH43_8.hmm           -            281     7e-27   98.9   1.5   1   1   2.9e-29   1.6e-26   97.7   1.5     1   280   785  1065   785  1066 0.82 [190263/552/1]
190263/369/1.f:JCDIFE_12795 -            333 GH43_8.hmm           -            281   8.1e-27   98.7   5.0   1   1     2e-29     1e-26   98.3   5.0     1   268    35   307    35   321 0.82 [190263/369/1]
190263/460/1.f:IHFGKI_01825 -            596 GH43_8.hmm           -            281   8.8e-27   98.6   3.3   1   1   4.5e-29   2.4e-26   97.1   3.3     1   268    47   313    47   325 0.82 [190263/460/1]
190263/420/1.f:GMHOLO_01490 -            543 GH43_8.hmm           -            281   1.2e-26   98.1   0.3   1   1   3.1e-29   1.6e-26   97.7   0.3     1   281     5   304     5   304 0.75 [190263/420/1]
190263/527/1.f:HGADJN_01610 -            543 GH43_8.hmm           -            281   1.2e-26   98.1   0.3   1   1   3.1e-29   1.6e-26   97.7   0.3     1   281     5   304     5   304 0.75 [190263/527/1]
190263/527/1.f:HGADJN_02320 -            543 GH43_8.hmm           -            281   2.4e-26   97.1   0.5   1   1   6.3e-29   3.4e-26   96.6   0.5     1   281     5   303     5   303 0.75 [190263/527/1]
190263/527/1.f:HGADJN_02425 -            543 GH43_8.hmm           -            281   2.4e-26   97.1   0.6   1   1   7.7e-29   4.1e-26   96.4   0.6     1   281     5   304     5   304 0.78 [190263/527/1]
190263/455/1.f:GDGJDA_02905 -            549 GH43_8.hmm           -            281   3.5e-26   96.6   1.2   1   1   1.9e-25     1e-22   85.2   0.8     1   229     4   237     4   241 0.82 [190263/455/1]
190263/409/1.f:AJJCMD_07230 -            533 GH43_8.hmm           -            281   3.9e-26   96.5   0.0   1   1   1.1e-28   5.9e-26   95.8   0.0     1   280    11   297    11   298 0.84 [190263/409/1]
190263/541/1.f:IDEEIE_02100 -           1952 GH43_8.hmm           -            281   4.6e-26   96.2  23.3   1   1     5e-18   2.6e-15   60.9   3.1     1   265  1544  1833  1544  1856 0.70 [190263/541/1]
190263/384/1.f:CDKGIA_11810 -            549 GH43_8.hmm           -            281   6.4e-26   95.7   0.0   1   1   1.6e-28   8.5e-26   95.3   0.0     1   254     6   250     6   272 0.84 [190263/384/1]
190263/475/1.f:MCKEEP_03215 -            330 GH43_8.hmm           -            281   9.6e-26   95.2   4.2   1   1   4.1e-28   2.2e-25   94.0   4.2     1   261    33   294    33   313 0.78 [190263/475/1]
190263/573/1.f:LIDFCI_20375 -            330 GH43_8.hmm           -            281   9.6e-26   95.2   4.2   1   1   4.1e-28   2.2e-25   94.0   4.2     1   261    33   294    33   313 0.78 [190263/573/1]
190263/405/1.f:EHKDKA_12840 -            882 GH43_8.hmm           -            281   1.1e-25   95.0   0.0   1   1     3e-28   1.6e-25   94.4   0.0     1   278   385   677   385   680 0.80 [190263/405/1]
190263/552/1.f:EMALNL_04305 -            529 GH43_8.hmm           -            281   1.6e-25   94.4   0.1   1   1   4.2e-16   2.2e-13   54.6   0.1     1   105    29   139    29   171 0.82 [190263/552/1]
190263/382/1.f:JACGKO_03555 -            556 GH43_8.hmm           -            281   1.8e-25   94.3   0.1   1   1   2.7e-23   1.4e-20   78.2   0.0     1   230     6   239     6   247 0.76 [190263/382/1]
190263/580/1.f:JCPJNN_02360 -            556 GH43_8.hmm           -            281     2e-25   94.1   4.0   1   1   9.8e-28   5.2e-25   92.8   2.7     1   280     5   313     5   314 0.74 [190263/580/1]
190263/520/1.f:GGDGDE_09840 -            508 GH43_8.hmm           -            281     2e-25   94.1   0.4   1   1   6.8e-28   3.6e-25   93.3   0.4     1   280     5   285     5   286 0.80 [190263/520/1]
190263/399/1.f:CDLIDF_13510 -            537 GH43_8.hmm           -            281     3e-25   93.5   0.9   1   1   7.9e-28   4.2e-25   93.1   0.9     1   277    27   308    27   314 0.82 [190263/399/1]
190263/466/1.f:PGJOII_06060 -            340 GH43_8.hmm           -            281   3.8e-25   93.2   1.0   1   1   1.3e-27     7e-25   92.3   1.0     1   278    41   319    41   322 0.81 [190263/466/1]
190263/502/1.f:NONHGB_08195 -            785 GH43_8.hmm           -            281   5.1e-25   92.8   9.0   1   1     1e-20   5.5e-18   69.7   1.0     1   269   318   600   318   612 0.72 [190263/502/1]
190263/369/1.f:JCDIFE_01260 -            334 GH43_8.hmm           -            281   5.8e-25   92.6   1.0   1   1   2.5e-27   1.3e-24   91.4   1.0     1   278    35   313    35   316 0.80 [190263/369/1]
190263/562/1.f:KJGNCK_06145 -            530 GH43_8.hmm           -            281   5.8e-25   92.6   0.0   1   1   6.1e-16   3.2e-13   54.1   0.1     1   104    30   139    30   172 0.83 [190263/562/1]
190263/507/1.f:KPMKPI_02035 -            512 GH43_8.hmm           -            281   7.6e-25   92.2   0.3   1   1   1.8e-26   9.5e-24   88.6   0.0     1   281     5   287     5   287 0.83 [190263/507/1]
190263/562/1.f:KJGNCK_06070 -            318 GH43_8.hmm           -            281   1.3e-24   91.5   1.5   1   1   2.9e-27   1.5e-24   91.2   1.5     1   278    14   308    14   311 0.78 [190263/562/1]
190263/461/1.f:DHPHOK_01440 -            334 GH43_8.hmm           -            281   1.4e-24   91.3   1.1   1   1     6e-27   3.2e-24   90.2   1.1     1   278    35   313    35   316 0.80 [190263/461/1]
190263/401/1.f:DMFJNH_07485 -            333 GH43_8.hmm           -            281   1.6e-24   91.2   1.4   1   1   3.8e-27     2e-24   90.8   1.4     1   260    30   302    30   324 0.80 [190263/401/1]
190263/504/1.f:DOAHDM_07990 -            333 GH43_8.hmm           -            281   1.6e-24   91.2   1.4   1   1   3.8e-27     2e-24   90.8   1.4     1   260    30   302    30   324 0.80 [190263/504/1]
190263/502/1.f:NONHGB_11155 -            910 GH43_8.hmm           -            281     2e-24   90.8   0.0   1   1   5.6e-27     3e-24   90.3   0.0     1   278   411   703   411   706 0.80 [190263/502/1]
190263/475/1.f:MCKEEP_08320 -            575 GH43_8.hmm           -            281   2.1e-24   90.8   0.0   1   1   7.7e-27   4.1e-24   89.8   0.0     1   276    65   355    65   358 0.78 [190263/475/1]
190263/573/1.f:LIDFCI_16020 -            575 GH43_8.hmm           -            281   2.1e-24   90.8   0.4   1   1     6e-27   3.2e-24   90.2   0.0     1   276    65   355    65   358 0.78 [190263/573/1]
190263/552/1.f:EMALNL_07520 -            575 GH43_8.hmm           -            281   2.4e-24   90.6   0.4   1   1     7e-27   3.7e-24   89.9   0.0     1   276    65   355    65   358 0.79 [190263/552/1]
190263/460/1.f:IHFGKI_10855 -            336 GH43_8.hmm           -            281   2.8e-24   90.3   4.9   1   1     4e-26   2.1e-23   87.5   4.9    35   280    54   332    31   333 0.73 [190263/460/1]
190263/502/1.f:NONHGB_09350 -            326 GH43_8.hmm           -            281     3e-24   90.3   5.0   1   1   9.8e-27   5.2e-24   89.5   5.0     1   280    29   309    29   310 0.83 [190263/502/1]
190263/388/1.f:FDDJJK_00175 -            527 GH43_8.hmm           -            281   3.2e-24   90.2   0.0   1   1   1.1e-26   5.8e-24   89.3   0.0     1   253    27   271    27   294 0.78 [190263/388/1]
190263/391/1.f:NONBJF_09445 -            955 GH43_8.hmm           -            281   7.6e-24   88.9   0.5   1   1   2.2e-26   1.2e-23   88.3   0.5     1   281    37   295    37   295 0.83 [190263/391/1]
190263/534/1.f:OHCFJE_03435 -            955 GH43_8.hmm           -            281   7.6e-24   88.9   0.5   1   1   2.2e-26   1.2e-23   88.3   0.5     1   281    37   295    37   295 0.83 [190263/534/1]
190263/545/1.f:NCJBIN_10260 -            955 GH43_8.hmm           -            281   7.6e-24   88.9   0.5   1   1   2.2e-26   1.2e-23   88.3   0.5     1   281    37   295    37   295 0.83 [190263/545/1]
190263/391/1.f:NONBJF_00170 -            527 GH43_8.hmm           -            281   8.5e-24   88.8   0.0   1   1     3e-26   1.6e-23   87.9   0.0     1   253    27   271    27   294 0.78 [190263/391/1]
190263/534/1.f:OHCFJE_00170 -            527 GH43_8.hmm           -            281   8.5e-24   88.8   0.0   1   1     3e-26   1.6e-23   87.9   0.0     1   253    27   271    27   294 0.78 [190263/534/1]
190263/545/1.f:NCJBIN_00170 -            527 GH43_8.hmm           -            281   8.5e-24   88.8   0.0   1   1     3e-26   1.6e-23   87.9   0.0     1   253    27   271    27   294 0.78 [190263/545/1]
190263/404/1.f:BGJBIG_05315 -            334 GH43_8.hmm           -            281   1.7e-23   87.8   1.1   1   1     4e-26   2.1e-23   87.5   1.1     1   261    30   304    30   326 0.79 [190263/404/1]
190263/504/1.f:DOAHDM_03725 -            514 GH43_8.hmm           -            281   1.7e-23   87.8   1.0   1   1   4.8e-26   2.5e-23   87.2   0.2     1   276    37   291    37   295 0.81 [190263/504/1]
190263/401/1.f:DMFJNH_03265 -            514 GH43_8.hmm           -            281   1.7e-23   87.8   1.0   1   1   4.8e-26   2.5e-23   87.2   0.2     1   276    37   291    37   295 0.81 [190263/401/1]
190263/456/1.f:LKAJBD_08130 -            577 GH43_8.hmm           -            281   1.8e-23   87.7   0.0   1   1   5.6e-26     3e-23   87.0   0.0     1   281    70   365    70   365 0.78 [190263/456/1]
190263/399/1.f:CDLIDF_16950 -            570 GH43_8.hmm           -            281   1.9e-23   87.6   0.0   1   1   5.6e-26     3e-23   87.0   0.0     1   276    58   346    58   349 0.79 [190263/399/1]
190263/552/1.f:EMALNL_04325 -            332 GH43_8.hmm           -            281   2.9e-23   87.0   1.5   1   1   6.6e-26   3.5e-23   86.8   1.5     1   278    28   322    28   325 0.78 [190263/552/1]
190263/534/1.f:OHCFJE_08385 -            513 GH43_8.hmm           -            281   3.9e-23   86.6   0.4   1   1   1.1e-25     6e-23   86.0   0.4     1   276    36   290    36   294 0.81 [190263/534/1]
190263/391/1.f:NONBJF_03805 -            513 GH43_8.hmm           -            281   4.4e-23   86.4   0.4   1   1   1.3e-25   7.1e-23   85.8   0.4     1   276    36   290    36   294 0.81 [190263/391/1]
190263/545/1.f:NCJBIN_04485 -            513 GH43_8.hmm           -            281   4.4e-23   86.4   0.4   1   1   1.3e-25   7.1e-23   85.8   0.4     1   276    36   290    36   294 0.81 [190263/545/1]
190263/405/1.f:EHKDKA_02030 -            919 GH43_8.hmm           -            281   4.7e-23   86.3   0.0   1   1   1.5e-25     8e-23   85.6   0.0     1   276    68   358    68   361 0.77 [190263/405/1]
190263/502/1.f:NONHGB_01905 -            919 GH43_8.hmm           -            281   4.8e-23   86.3   0.0   1   1   1.4e-25   7.5e-23   85.7   0.0     1   276    68   358    68   361 0.78 [190263/502/1]
190263/552/1.f:EMALNL_01625 -            532 GH43_8.hmm           -            281   4.9e-23   86.3   0.0   1   1   1.5e-25     8e-23   85.6   0.0     1   253    29   273    29   296 0.78 [190263/552/1]
190263/552/1.f:EMALNL_10855 -            668 GH43_8.hmm           -            281   7.6e-23   85.7   1.0   1   1   1.1e-24     6e-22   82.7   1.0     1   281    48   313    48   313 0.81 [190263/552/1]
190263/562/1.f:KJGNCK_10930 -            668 GH43_8.hmm           -            281   7.7e-23   85.6   1.0   1   1   1.1e-24     6e-22   82.7   1.0     1   281    48   313    48   313 0.81 [190263/562/1]
190263/573/1.f:LIDFCI_13350 -            785 GH43_8.hmm           -            281   1.9e-22   84.4   9.1   1   1   6.7e-19   3.6e-16   63.8   0.7     1   259   318   592   318   609 0.68 [190263/573/1]
190263/437/1.f:LBKKEJ_18100 -            570 GH43_8.hmm           -            281   2.1e-22   84.2   0.0   1   1   6.4e-25   3.4e-22   83.5   0.0     2   277    59   347    58   350 0.79 [190263/437/1]
190263/388/1.f:FDDJJK_00210 -            632 GH43_8.hmm           -            281   2.3e-22   84.1   0.0   1   1   6.7e-25   3.5e-22   83.5   0.0     1   281   125   420   125   420 0.79 [190263/388/1]
190263/546/1.f:GEHMID_10190 -            652 GH43_8.hmm           -            281   2.3e-22   84.1   1.6   1   1   4.4e-25   2.3e-22   84.1   1.6     1   280    29   338    29   339 0.72 [190263/546/1]
190263/388/1.f:FDDJJK_11150 -            343 GH43_8.hmm           -            281   2.4e-22   84.0   0.1   1   1   6.1e-25   3.3e-22   83.6   0.1   149   280     2   140     1   141 0.88 [190263/388/1]
190263/562/1.f:KJGNCK_11030 -            785 GH43_8.hmm           -            281   3.3e-22   83.5   7.9   1   1   2.4e-18   1.3e-15   61.9   0.5     1   273   318   604   318   612 0.68 [190263/562/1]
190263/391/1.f:NONBJF_00195 -            632 GH43_8.hmm           -            281   3.3e-22   83.5   0.0   1   1   9.9e-25   5.3e-22   82.9   0.0     1   281   125   420   125   420 0.80 [190263/391/1]
190263/545/1.f:NCJBIN_00195 -            632 GH43_8.hmm           -            281   3.3e-22   83.5   0.0   1   1   9.9e-25   5.3e-22   82.9   0.0     1   281   125   420   125   420 0.80 [190263/545/1]
190263/475/1.f:MCKEEP_09850 -            785 GH43_8.hmm           -            281   3.3e-22   83.5   8.7   1   1     2e-19   1.1e-16   65.5   0.8     1   273   318   603   318   611 0.68 [190263/475/1]
190263/534/1.f:OHCFJE_00195 -            632 GH43_8.hmm           -            281   3.4e-22   83.5   0.0   1   1   9.9e-25   5.3e-22   82.9   0.0     1   281   125   420   125   420 0.80 [190263/534/1]
190263/552/1.f:EMALNL_10950 -            785 GH43_8.hmm           -            281   3.9e-22   83.3   7.5   1   1   3.5e-18   1.9e-15   61.4   0.4     1   272   318   603   318   612 0.68 [190263/552/1]
190263/405/1.f:EHKDKA_03295 -            725 GH43_8.hmm           -            281   6.6e-22   82.6   2.0   1   1   1.2e-24   6.6e-22   82.6   2.0     1   281   104   369   104   369 0.81 [190263/405/1]
190263/556/1.f:EMIPPF_02125 -            353 GH43_8.hmm           -            281     9e-22   82.1   0.0   1   1   2.1e-24   1.1e-21   81.8   0.0     7   278    41   328    39   331 0.79 [190263/556/1]
190263/573/1.f:LIDFCI_15995 -            577 GH43_8.hmm           -            281   2.2e-21   80.8   0.0   1   1   6.4e-24   3.4e-21   80.2   0.0     1   281    70   365    70   365 0.77 [190263/573/1]
190263/552/1.f:EMALNL_07540 -            577 GH43_8.hmm           -            281   2.9e-21   80.5   0.0   1   1   8.3e-24   4.4e-21   79.9   0.0     1   281    70   365    70   365 0.77 [190263/552/1]
190263/404/1.f:BGJBIG_08440 -            479 GH43_8.hmm           -            281   5.2e-21   79.6   2.0   1   1   1.9e-23     1e-20   78.7   2.0    31   261    86   305    64   321 0.82 [190263/404/1]
190263/400/1.f:EIBLKL_09335 -            592 GH43_8.hmm           -            281   6.5e-21   79.3   1.8   1   1   1.2e-23   6.5e-21   79.3   1.8     1   281    73   341    73   341 0.85 [190263/400/1]
190263/534/1.f:OHCFJE_06600 -            800 GH43_8.hmm           -            281   6.9e-21   79.2   3.0   1   1   2.5e-23   1.3e-20   78.3   3.0     1   277    31   301    31   304 0.75 [190263/534/1]
190263/388/1.f:FDDJJK_05830 -            800 GH43_8.hmm           -            281   7.5e-21   79.1   3.1   1   1   2.7e-23   1.4e-20   78.2   3.1     1   277    31   301    31   304 0.75 [190263/388/1]
190263/456/1.f:LKAJBD_15325 -            452 GH43_8.hmm           -            281   8.2e-21   79.0   0.6   1   1   2.5e-23   1.4e-20   78.3   0.6    27   277    53   301    23   305 0.80 [190263/456/1]
190263/405/1.f:EHKDKA_05910 -            541 GH43_8.hmm           -            281   8.2e-21   79.0   0.3   1   1   2.8e-23   1.5e-20   78.2   0.1     1   252    31   274    31   298 0.82 [190263/405/1]
190263/573/1.f:LIDFCI_16030 -            532 GH43_8.hmm           -            281     1e-20   78.7   0.0   1   1   4.7e-23   2.5e-20   77.4   0.0     1   281    29   297    29   297 0.81 [190263/573/1]
190263/552/1.f:EMALNL_07510 -            532 GH43_8.hmm           -            281     1e-20   78.7   0.0   1   1   4.7e-23   2.5e-20   77.4   0.0     1   281    29   297    29   297 0.81 [190263/552/1]
190263/502/1.f:NONHGB_05895 -            526 GH43_8.hmm           -            281   1.4e-20   78.3   0.1   1   1   4.5e-23   2.4e-20   77.4   0.1     1   276    41   304    41   308 0.80 [190263/502/1]
190263/391/1.f:NONBJF_06480 -            802 GH43_8.hmm           -            281   3.2e-20   77.0   5.5   1   1   1.1e-22   5.8e-20   76.2   5.5     1   278    31   302    31   305 0.75 [190263/391/1]
190263/545/1.f:NCJBIN_06345 -            802 GH43_8.hmm           -            281   3.2e-20   77.0   5.5   1   1   1.1e-22   5.8e-20   76.2   5.5     1   278    31   302    31   305 0.75 [190263/545/1]
190263/595/1.f:HGDLEC_10085 -            339 GH43_8.hmm           -            281   5.6e-20   76.2   1.1   1   1   3.9e-22   2.1e-19   74.4   1.1    38   261    58   313    32   335 0.69 [190263/595/1]
190263/399/1.f:CDLIDF_16935 -            535 GH43_8.hmm           -            281   9.3e-20   75.5   1.5   1   1   5.7e-22   3.1e-19   73.8   1.5     1   252    36   276    36   289 0.81 [190263/399/1]
190263/475/1.f:MCKEEP_08310 -            532 GH43_8.hmm           -            281   9.6e-20   75.5   0.0   1   1   4.6e-22   2.4e-19   74.2   0.0     1   281    29   297    29   297 0.81 [190263/475/1]
190263/396/1.f:KAAOMA_17065 -           1003 GH43_8.hmm           -            281   9.8e-20   75.4   3.6   1   1   3.3e-22   1.7e-19   74.6   1.8    33   278    71   312    31   315 0.78 [190263/396/1]
190263/595/1.f:HGDLEC_06255 -            812 GH43_8.hmm           -            281   1.1e-19   75.3   0.8   1   1   3.5e-22   1.9e-19   74.5   0.8     1   277    32   303    32   306 0.77 [190263/595/1]
190263/502/1.f:NONHGB_05230 -            533 GH43_8.hmm           -            281   1.1e-19   75.3   0.1   1   1   4.3e-22   2.3e-19   74.2   0.1     1   252    31   274    31   298 0.82 [190263/502/1]
190263/562/1.f:KJGNCK_02445 -            464 GH43_8.hmm           -            281   1.4e-19   74.9   4.8   1   1   4.9e-22   2.6e-19   74.0   4.8    33   276    64   313    26   318 0.76 [190263/562/1]
190263/502/1.f:NONHGB_05240 -            453 GH43_8.hmm           -            281   1.7e-19   74.7   1.2   1   1   6.4e-22   3.4e-19   73.7   1.2     2   278    25   303    24   306 0.81 [190263/502/1]
190263/405/1.f:EHKDKA_01815 -            800 GH43_8.hmm           -            281   1.7e-19   74.7   6.1   1   1   6.4e-22   3.4e-19   73.7   6.1     1   278    31   302    31   305 0.76 [190263/405/1]
190263/423/1.f:PDNKFB_00445 -            498 GH43_8.hmm           -            281     2e-19   74.5   1.3   1   1   8.9e-22   4.8e-19   73.2   1.3     2   277     5   269     4   272 0.77 [190263/423/1]
190263/405/1.f:EHKDKA_05920 -            453 GH43_8.hmm           -            281     2e-19   74.4   2.2   1   1   4.7e-22   2.5e-19   74.1   1.5     2   278    25   303    24   306 0.82 [190263/405/1]
190263/580/1.f:JCPJNN_25895 -            306 GH43_8.hmm           -            281   2.4e-19   74.2   1.4   1   1   9.6e-22   5.1e-19   73.1   1.4     1   260    12   273    12   293 0.71 [190263/580/1]
190263/562/1.f:KJGNCK_02385 -            543 GH43_8.hmm           -            281   3.9e-19   73.5   0.5   1   1   1.8e-21   9.7e-19   72.2   0.5     1   254    45   287    45   309 0.80 [190263/562/1]
190263/502/1.f:NONHGB_05445 -            443 GH43_8.hmm           -            281     4e-19   73.5   0.5   1   1   1.5e-21   7.8e-19   72.5   0.5    31   277    65   297    57   301 0.80 [190263/502/1]
190263/573/1.f:LIDFCI_15940 -            462 GH43_8.hmm           -            281   4.3e-19   73.3   3.7   1   1     2e-21     1e-18   72.1   3.7    29   278    62   312    34   315 0.79 [190263/573/1]
190263/552/1.f:EMALNL_07595 -            462 GH43_8.hmm           -            281   4.9e-19   73.2   3.8   1   1   2.2e-21   1.2e-18   71.9   3.8    29   278    62   312    34   315 0.79 [190263/552/1]
190263/400/1.f:EIBLKL_09455 -            495 GH43_8.hmm           -            281   5.8e-19   72.9   0.4   1   1   3.5e-21   1.9e-18   71.3   0.2     1   277     5   279     5   282 0.79 [190263/400/1]
190263/388/1.f:FDDJJK_00180 -            835 GH43_8.hmm           -            281   6.9e-19   72.7   2.8   1   1   2.9e-21   1.5e-18   71.5   2.8    29   277    65   314    32   318 0.77 [190263/388/1]
190263/405/1.f:EHKDKA_06255 -            443 GH43_8.hmm           -            281   1.1e-18   72.0   0.8   1   1     5e-21   2.7e-18   70.7   0.8    31   272    65   292    58   300 0.78 [190263/405/1]
190263/546/1.f:GEHMID_13755 -            317 GH43_8.hmm           -            281     2e-18   71.2   0.5   1   1   4.8e-21   2.5e-18   70.8   0.5    50   261    59   286    12   310 0.75 [190263/546/1]
190263/472/1.f:NMGHJI_01025 -            318 GH43_8.hmm           -            281   2.4e-18   70.9   1.9   1   1   6.3e-21   3.3e-18   70.4   1.9     9   278    16   308    13   311 0.77 [190263/472/1]
190263/502/1.f:NONHGB_01690 -            800 GH43_8.hmm           -            281   3.1e-18   70.5   8.0   1   1   1.5e-20   8.1e-18   69.2   8.0     1   278    31   302    31   305 0.74 [190263/502/1]
190263/540/1.f:BCGFLB_08615 -            439 GH43_8.hmm           -            281   3.4e-18   70.4   0.1   1   1     1e-20   5.4e-18   69.7   0.1    32   260    60   274    40   292 0.78 [190263/540/1]
190263/540/1.f:BCGFLB_03265 -            353 GH43_8.hmm           -            281   3.5e-18   70.4   0.0   1   1   9.1e-21   4.9e-18   69.9   0.0    10   256    68   324    61   333 0.84 [190263/540/1]
190263/456/1.f:LKAJBD_03940 -            442 GH43_8.hmm           -            281   5.5e-18   69.7   0.5   1   1   7.9e-20   4.2e-17   66.8   0.5    31   278    64   297    56   300 0.80 [190263/456/1]
190263/520/1.f:GGDGDE_04270 -            498 GH43_8.hmm           -            281   9.1e-18   69.0   1.4   1   1     4e-20   2.1e-17   67.8   1.4     2   277     5   269     4   272 0.77 [190263/520/1]
190263/502/1.f:NONHGB_05935 -            517 GH43_8.hmm           -            281   9.5e-18   68.9   0.3   1   1   3.1e-20   1.7e-17   68.1   0.3     1   281    35   298    35   298 0.80 [190263/502/1]
190263/399/1.f:CDLIDF_06485 -            815 GH43_8.hmm           -            281     1e-17   68.8   2.3   1   1   3.6e-20   1.9e-17   67.9   2.3     1   278    43   315    43   318 0.75 [190263/399/1]
190263/475/1.f:MCKEEP_08390 -            461 GH43_8.hmm           -            281   1.1e-17   68.7   4.1   1   1   4.6e-20   2.5e-17   67.6   4.1    29   278    61   311    34   314 0.79 [190263/475/1]
190263/527/1.f:HGADJN_08265 -           2030 GH43_8.hmm           -            281   2.1e-17   67.8  22.1   1   1   5.9e-20   3.2e-17   67.2   0.8     1   264  1565  1849  1565  1870 0.73 [190263/527/1]
190263/460/1.f:IHFGKI_14510 -            838 GH43_8.hmm           -            281   2.2e-17   67.7   2.0   1   1   3.3e-19   1.8e-16   64.8   2.0    31   274    62   292    21   299 0.81 [190263/460/1]
190263/488/1.f:DNPFAC_07140 -            526 GH43_8.hmm           -            281   2.4e-17   67.6   3.9   1   1     8e-20   4.3e-17   66.8   3.9     1   253    36   286    36   309 0.78 [190263/488/1]
190263/552/1.f:EMALNL_01505 -            461 GH43_8.hmm           -            281   3.1e-17   67.2   1.4   1   1   9.3e-20     5e-17   66.6   1.4    32   256    67   284    25   312 0.74 [190263/552/1]
190263/502/1.f:NONHGB_05225 -            461 GH43_8.hmm           -            281   4.6e-17   66.7   1.0   1   1   1.3e-19     7e-17   66.1   1.0    32   257    69   289    28   315 0.73 [190263/502/1]
190263/502/1.f:NONHGB_01910 -            519 GH43_8.hmm           -            281   8.2e-17   65.9   0.7   1   1   3.6e-19   1.9e-16   64.7   0.7     1   281    28   294    28   294 0.73 [190263/502/1]
190263/437/1.f:LBKKEJ_07225 -            231 GH43_8.hmm           -            281   9.2e-17   65.7   0.1   1   1   2.4e-19   1.3e-16   65.2   0.1     1   190    42   220    42   228 0.84 [190263/437/1]
190263/502/1.f:NONHGB_00355 -            164 GH43_8.hmm           -            281   1.2e-16   65.3   1.5   1   1   2.8e-19   1.5e-16   65.0   1.5     1   130    25   154    25   160 0.83 [190263/502/1]
190263/405/1.f:EHKDKA_02035 -            519 GH43_8.hmm           -            281   1.4e-16   65.1   0.5   1   1   5.8e-19   3.1e-16   64.0   0.5     1   281    28   294    28   294 0.73 [190263/405/1]
190263/399/1.f:CDLIDF_16915 -            467 GH43_8.hmm           -            281   1.4e-16   65.1   3.7   1   1   1.7e-18   8.8e-16   62.5   3.7     9   274    47   312    38   317 0.77 [190263/399/1]
190263/388/1.f:FDDJJK_11145 -            625 GH43_8.hmm           -            281   2.6e-16   64.2   0.2   1   1   8.5e-19   4.5e-16   63.4   0.2     1   103   506   603   506   610 0.90 [190263/388/1]
190263/504/1.f:DOAHDM_15675 -            513 GH43_8.hmm           -            281   2.9e-16   64.0   5.5   1   1   1.4e-18   7.2e-16   62.8   4.2     8   230    61   308    57   372 0.74 [190263/504/1]
190263/405/1.f:EHKDKA_02300 -            456 GH43_8.hmm           -            281     3e-16   64.0   0.8   1   1   9.1e-19   4.9e-16   63.3   0.8    30   278    60   302    23   305 0.82 [190263/405/1]
190263/405/1.f:EHKDKA_02510 -            328 GH43_8.hmm           -            281   3.1e-16   63.9   4.8   1   1   8.1e-19   4.3e-16   63.5   4.8    28   273    77   313    50   320 0.81 [190263/405/1]
190263/580/1.f:JCPJNN_23245 -            495 GH43_8.hmm           -            281   3.8e-16   63.7   1.8   1   1   1.3e-17   6.8e-15   59.6   0.4     9   224    55   289    51   312 0.71 [190263/580/1]
190263/401/1.f:DMFJNH_16010 -            513 GH43_8.hmm           -            281   4.9e-16   63.3   5.5   1   1   2.8e-18   1.5e-15   61.7   4.6     8   230    61   308    57   372 0.75 [190263/401/1]
190263/417/1.f:MHBJAE_06245 -            526 GH43_8.hmm           -            281   5.6e-16   63.1   3.7   1   1   2.3e-18   1.2e-15   62.0   3.7     1   253    36   286    36   309 0.77 [190263/417/1]
190263/502/1.f:NONHGB_02255 -            328 GH43_8.hmm           -            281   5.8e-16   63.1   5.0   1   1   1.5e-18   8.1e-16   62.6   5.0    28   273    77   313    50   320 0.82 [190263/502/1]
190263/456/1.f:LKAJBD_15320 -            449 GH43_8.hmm           -            281   8.4e-16   62.5   2.1   1   1   2.4e-18   1.3e-15   61.9   2.1    31   278    59   300    20   303 0.82 [190263/456/1]
190263/520/1.f:GGDGDE_19865 -            524 GH43_8.hmm           -            281   8.8e-16   62.5   1.3   1   1   4.3e-18   2.3e-15   61.1   1.3     1   277     5   275     5   278 0.74 [190263/520/1]
190263/396/1.f:KAAOMA_19120 -           1075 GH43_8.hmm           -            281     1e-15   62.2   1.4   1   1   4.2e-18   2.2e-15   61.2   1.4     1   275    45   308    45   313 0.76 [190263/396/1]
190263/580/1.f:JCPJNN_23080 -            316 GH43_8.hmm           -            281   1.1e-15   62.2   0.7   1   1   2.6e-18   1.4e-15   61.8   0.7     9   279    16   309    12   311 0.74 [190263/580/1]
190263/401/1.f:DMFJNH_24345 -            327 GH43_8.hmm           -            281   1.1e-15   62.1   0.1   1   1   4.2e-18   2.2e-15   61.2   0.1    34   260    76   308    53   314 0.80 [190263/401/1]
190263/504/1.f:DOAHDM_23615 -            327 GH43_8.hmm           -            281   1.4e-15   61.9   0.1   1   1   5.1e-18   2.7e-15   60.9   0.1    34   260    76   308    53   313 0.79 [190263/504/1]
190263/527/1.f:HGADJN_01625 -            529 GH43_8.hmm           -            281   1.4e-15   61.8   0.0   1   1   9.1e-18   4.9e-15   60.0   0.0     1   280     7   275     7   276 0.75 [190263/527/1]
190263/405/1.f:EHKDKA_02305 -            697 GH43_8.hmm           -            281   1.5e-15   61.7   2.7   1   1   5.5e-18   2.9e-15   60.8   0.7     3   240    37   262    35   275 0.77 [190263/405/1]
190263/502/1.f:NONHGB_05900 -            462 GH43_8.hmm           -            281   2.7e-15   60.9   6.5   1   1   1.5e-17   7.9e-15   59.4   6.5     2   279    32   303    31   305 0.76 [190263/502/1]
190263/564/1.f:KIHMBJ_11625 -            334 GH43_8.hmm           -            281   3.6e-15   60.5   0.0   1   1   9.3e-18   4.9e-15   60.0   0.0    32   254    69   293    40   302 0.83 [190263/564/1]
190263/401/1.f:DMFJNH_23900 -            697 GH43_8.hmm           -            281   3.8e-15   60.4   3.8   1   1   1.5e-17   7.8e-15   59.4   3.6    27   258   450   668   423   688 0.82 [190263/401/1]
190263/504/1.f:DOAHDM_23140 -            697 GH43_8.hmm           -            281   4.2e-15   60.2   3.7   1   1   1.6e-17   8.7e-15   59.2   3.5    27   258   450   668   423   688 0.82 [190263/504/1]
190263/552/1.f:EMALNL_07535 -            443 GH43_8.hmm           -            281   4.8e-15   60.1   2.4   1   1   1.3e-17   6.9e-15   59.5   2.4    33   220    64   236    25   282 0.80 [190263/552/1]
190263/404/1.f:BGJBIG_07265 -            528 GH43_8.hmm           -            281   4.9e-15   60.0   3.2   1   1     2e-17   1.1e-14   58.9   3.2     1   253    38   288    38   311 0.79 [190263/404/1]
190263/580/1.f:JCPJNN_19935 -            504 GH43_8.hmm           -            281   5.2e-15   59.9   0.0   1   1   6.3e-17   3.4e-14   57.3   0.0     1   280     5   272     5   273 0.74 [190263/580/1]
190263/475/1.f:MCKEEP_08335 -            443 GH43_8.hmm           -            281   5.6e-15   59.8   2.5   1   1   1.5e-17   7.8e-15   59.4   2.5    33   220    64   236    25   282 0.80 [190263/475/1]
190263/552/1.f:EMALNL_01635 -            458 GH43_8.hmm           -            281   5.7e-15   59.8   3.5   1   1   1.6e-17   8.3e-15   59.3   3.5     9   277    46   304    38   308 0.75 [190263/552/1]
190263/552/1.f:EMALNL_01805 -            472 GH43_8.hmm           -            281   6.5e-15   59.6   1.1   1   1   2.3e-17   1.2e-14   58.7   1.1    33   259    70   291    36   316 0.77 [190263/552/1]
190263/420/1.f:GMHOLO_01510 -            529 GH43_8.hmm           -            281   7.3e-15   59.5   0.0   1   1   4.8e-17   2.5e-14   57.7   0.0     1   280     7   275     7   276 0.75 [190263/420/1]
190263/456/1.f:LKAJBD_17190 -            448 GH43_8.hmm           -            281   8.1e-15   59.3   4.5   1   1   2.2e-17   1.2e-14   58.8   4.5    31   256    64   269    28   296 0.76 [190263/456/1]
190263/405/1.f:EHKDKA_05820 -           1205 GH43_8.hmm           -            281     1e-14   59.0   2.7   1   1   5.8e-17   3.1e-14   57.4   2.7     1   253   425   655   425   678 0.77 [190263/405/1]
190263/504/1.f:DOAHDM_07920 -            461 GH43_8.hmm           -            281   1.1e-14   58.9   7.3   1   1   6.8e-17   3.6e-14   57.2   7.3     2   279    30   301    29   303 0.79 [190263/504/1]
190263/562/1.f:KJGNCK_25285 -            703 GH43_8.hmm           -            281   1.2e-14   58.8   4.0   1   1   4.7e-17   2.5e-14   57.7   3.7    27   258   451   674   425   694 0.82 [190263/562/1]
190263/405/1.f:EHKDKA_02525 -            320 GH43_8.hmm           -            281   1.4e-14   58.5   8.2   1   1   6.1e-17   3.2e-14   57.3   8.2    28   261    67   291    40   309 0.80 [190263/405/1]
190263/475/1.f:MCKEEP_15310 -            506 GH43_8.hmm           -            281   1.7e-14   58.3   4.1   1   1   9.6e-17   5.1e-14   56.7   3.8     8   253    54   339    50   365 0.73 [190263/475/1]
190263/502/1.f:NONHGB_05050 -           1205 GH43_8.hmm           -            281   1.9e-14   58.1   2.6   1   1   1.1e-16   5.9e-14   56.5   2.6     1   253   425   655   425   678 0.77 [190263/502/1]
190263/502/1.f:NONHGB_20355 -            326 GH43_8.hmm           -            281     2e-14   58.0   4.2   1   1   1.4e-16   7.4e-14   56.2   4.1    33   256    78   289    70   314 0.77 [190263/502/1]
190263/527/1.f:HGADJN_00795 -            338 GH43_8.hmm           -            281   2.1e-14   57.9   0.4   1   1   5.8e-17   3.1e-14   57.4   0.4     8   258    12   278     6   285 0.73 [190263/527/1]
190263/585/1.f:DLBDDB_19510 -           1425 GH43_8.hmm           -            281   3.3e-14   57.3   4.4   1   1   1.2e-16   6.7e-14   56.3   4.4    27   258   450   673   423   693 0.82 [190263/585/1]
190263/456/1.f:LKAJBD_09335 -            322 GH43_8.hmm           -            281   3.6e-14   57.2   6.7   1   1   2.5e-16   1.4e-13   55.3   6.7    33   257    74   286    33   310 0.80 [190263/456/1]
190263/562/1.f:KJGNCK_15460 -            506 GH43_8.hmm           -            281   3.7e-14   57.2   5.7   1   1   2.5e-16   1.3e-13   55.3   5.4     8   253    54   339    49   365 0.73 [190263/562/1]
190263/409/1.f:AJJCMD_29510 -            293 GH43_8.hmm           -            281   3.7e-14   57.2   2.3   1   1   1.5e-16   8.2e-14   56.0   2.3     9   257     9   268     5   278 0.79 [190263/409/1]
190263/399/1.f:CDLIDF_16920 -            441 GH43_8.hmm           -            281   3.8e-14   57.1   3.6   1   1     1e-16   5.5e-14   56.6   3.6    33   278    64   294    26   297 0.77 [190263/399/1]
190263/520/1.f:GGDGDE_16915 -            320 GH43_8.hmm           -            281   3.9e-14   57.1   1.5   1   1   1.1e-16   5.8e-14   56.5   1.5     9   278    18   310    15   313 0.72 [190263/520/1]
190263/456/1.f:LKAJBD_13615 -            322 GH43_8.hmm           -            281   4.4e-14   56.9   7.6   1   1     2e-16   1.1e-13   55.7   7.6    27   258    67   293    40   313 0.80 [190263/456/1]
190263/390/1.f:OLPOLE_13405 -            303 GH43_8.hmm           -            281   7.3e-14   56.2   0.0   1   1   4.5e-16   2.4e-13   54.5   0.0    19   253    21   268     7   275 0.73 [190263/390/1]
190263/456/1.f:LKAJBD_09325 -            495 GH43_8.hmm           -            281   1.3e-13   55.3   3.6   1   1   9.6e-16   5.1e-13   53.4   2.7     9   254    55   340    50   365 0.70 [190263/456/1]
190263/405/1.f:EHKDKA_05940 -            894 GH43_8.hmm           -            281   1.3e-13   55.3   0.9   1   1     5e-16   2.7e-13   54.3   0.9    33   277   505   746   466   750 0.73 [190263/405/1]
190263/388/1.f:FDDJJK_05195 -            511 GH43_8.hmm           -            281   1.5e-13   55.2   3.6   1   1   8.2e-16   4.4e-13   53.6   3.6     8   227    72   316    67   383 0.73 [190263/388/1]
190263/534/1.f:OHCFJE_07285 -            511 GH43_8.hmm           -            281   1.5e-13   55.1   3.4   1   1   7.8e-16   4.2e-13   53.7   3.4     8   255    72   359    67   383 0.73 [190263/534/1]
190263/573/1.f:LIDFCI_16005 -            475 GH43_8.hmm           -            281   1.8e-13   54.9   3.0   1   1   5.3e-16   2.8e-13   54.2   3.0    33   220    63   235    24   272 0.79 [190263/573/1]
190263/405/1.f:EHKDKA_05935 -            356 GH43_8.hmm           -            281   1.8e-13   54.9   0.6   1   1   8.2e-16   4.4e-13   53.6   0.6    35   256    73   285    31   308 0.79 [190263/405/1]
190263/546/1.f:GEHMID_11570 -            333 GH43_8.hmm           -            281   1.8e-13   54.9   3.1   1   1   9.7e-16   5.2e-13   53.4   1.9    36   253    80   307    69   327 0.77 [190263/546/1]
190263/545/1.f:NCJBIN_05645 -            511 GH43_8.hmm           -            281   1.9e-13   54.8   3.5   1   1     1e-15   5.3e-13   53.4   3.5     8   255    72   359    67   383 0.73 [190263/545/1]
190263/580/1.f:JCPJNN_13285 -            335 GH43_8.hmm           -            281   1.9e-13   54.8  11.5   1   1   5.7e-16     3e-13   54.2  11.5    29   250    52   285    36   300 0.81 [190263/580/1]
190263/461/1.f:DHPHOK_05300 -            880 GH43_8.hmm           -            281   2.4e-13   54.5   3.3   1   1     8e-16   4.3e-13   53.7   3.3     1   216    26   242    26   260 0.81 [190263/461/1]
190263/401/1.f:DMFJNH_03595 -           1544 GH43_8.hmm           -            281   3.1e-13   54.1   2.0   1   1   9.9e-16   5.3e-13   53.4   2.0     9   278    36   323    29   326 0.73 [190263/401/1]
190263/504/1.f:DOAHDM_04030 -           1544 GH43_8.hmm           -            281   3.1e-13   54.1   2.0   1   1   9.9e-16   5.3e-13   53.4   2.0     9   278    36   323    29   326 0.73 [190263/504/1]
190263/420/1.f:GMHOLO_03385 -            338 GH43_8.hmm           -            281   3.1e-13   54.1   0.3   1   1   8.6e-16   4.6e-13   53.6   0.3     8   258    12   278     7   284 0.72 [190263/420/1]
#
# Program:         hmmsearch
# Version:         3.3.2 (Nov 2020)
# Pipeline mode:   SEARCH
# Query file:      /kb/module/work/tmp/output.1725388484971/GH43_8/GH43_8.hmm
# Target file:     /kb/module/work/tmp/output.1725388484971/hCom2_RAST.fasta
# Option settings: /kb/module/hmmer/bin/hmmsearch --domtblout /kb/module/work/tmp/output.1725388484971/GH43_8/GH43_8-hCom2_RAST.hitout.txt --noali --notextw --domE 1e-15 /kb/module/work/tmp/output.1725388484971/GH43_8/GH43_8.hmm /kb/module/work/tmp/output.1725388484971/hCom2_RAST.fasta 
# Current dir:     /kb/module/work/tmp/output.1725388484971
# Date:            Tue Sep  3 18:51:52 2024
# [ok]
