#                                                                                   --- full sequence --- -------------- this domain -------------   hmm coord   ali coord   env coord
# target name               accession   tlen query name           accession   qlen   E-value  score  bias   #  of  c-Evalue  i-Evalue  score  bias  from    to  from    to  from    to  acc description of target
#       ------------------- ---------- ----- -------------------- ---------- ----- --------- ------ ----- --- --- --------- --------- ------ ----- ----- ----- ----- ----- ----- ----- ---- ---------------------
190263/527/1.f:HGADJN_01625 -            529 GH43_36.hmm          -            266   8.1e-63  217.0   0.1   1   1   1.3e-65   1.3e-62  216.3   0.1     1   266     6   276     6   276 0.85 [190263/527/1]
190263/420/1.f:GMHOLO_01510 -            529 GH43_36.hmm          -            266   4.5e-62  214.5   0.1   1   1   7.2e-65   7.1e-62  213.9   0.1     1   266     6   276     6   276 0.85 [190263/420/1]
190263/460/1.f:IHFGKI_00025 -            986 GH43_36.hmm          -            266     9e-62  213.6  11.1   1   1   3.8e-61   3.8e-58  201.7   0.4     2   266   480   744   479   744 0.89 [190263/460/1]
190263/488/1.f:DNPFAC_07140 -            526 GH43_36.hmm          -            266   1.9e-60  209.2   1.4   1   1   2.7e-63   2.6e-60  208.7   1.4     1   266    35   309    35   309 0.86 [190263/488/1]
190263/405/1.f:EHKDKA_05820 -           1205 GH43_36.hmm          -            266   1.6e-59  206.2   5.5   1   1   3.9e-62   3.9e-59  204.9   5.5     1   266   424   678   424   678 0.90 [190263/405/1]
190263/417/1.f:MHBJAE_06245 -            526 GH43_36.hmm          -            266   1.8e-59  206.0   2.1   1   1   2.9e-62   2.8e-59  205.4   2.1     1   266    35   309    35   309 0.85 [190263/417/1]
190263/502/1.f:NONHGB_05050 -           1205 GH43_36.hmm          -            266     7e-59  204.1   5.7   1   1   1.5e-61   1.5e-58  203.0   5.7     1   266   424   678   424   678 0.90 [190263/502/1]
190263/502/1.f:NONHGB_05935 -            517 GH43_36.hmm          -            266   2.8e-58  202.1   1.7   1   1   4.2e-61   4.2e-58  201.5   1.7     1   266    34   298    34   298 0.86 [190263/502/1]
190263/404/1.f:BGJBIG_07265 -            528 GH43_36.hmm          -            266   3.8e-58  201.7   2.1   1   1   5.4e-61   5.3e-58  201.2   2.1     1   266    37   311    37   311 0.86 [190263/404/1]
190263/400/1.f:EIBLKL_09335 -            592 GH43_36.hmm          -            266   2.1e-57  199.2   3.4   1   1   3.5e-60   3.5e-57  198.5   3.4     1   266    72   341    72   341 0.84 [190263/400/1]
190263/520/1.f:GGDGDE_04270 -            498 GH43_36.hmm          -            266   2.6e-57  198.9   1.0   1   1   3.9e-60   3.9e-57  198.4   1.0     2   265     4   271     3   272 0.86 [190263/520/1]
190263/423/1.f:PDNKFB_00445 -            498 GH43_36.hmm          -            266   1.9e-56  196.1   0.9   1   1   2.9e-59   2.9e-56  195.5   0.9     2   265     4   271     3   272 0.86 [190263/423/1]
190263/520/1.f:GGDGDE_19865 -            524 GH43_36.hmm          -            266   7.8e-56  194.1   0.8   1   1   1.5e-58   1.5e-55  193.1   0.8     2   263     5   276     4   278 0.83 [190263/520/1]
190263/520/1.f:GGDGDE_19895 -            538 GH43_36.hmm          -            266   1.2e-55  193.4   0.8   1   1   1.6e-58   1.6e-55  193.1   0.3     2   263    12   278    11   280 0.86 [190263/520/1]
190263/562/1.f:KJGNCK_02385 -            543 GH43_36.hmm          -            266   5.4e-54  188.1   1.9   1   1   8.5e-57   8.3e-54  187.4   1.9     1   266    44   309    44   309 0.86 [190263/562/1]
190263/405/1.f:EHKDKA_02035 -            519 GH43_36.hmm          -            266   5.7e-54  188.0   2.5   1   1   8.2e-57     8e-54  187.5   2.5     2   266    28   294    27   294 0.85 [190263/405/1]
190263/456/1.f:LKAJBD_15330 -            693 GH43_36.hmm          -            266     8e-54  187.5   2.0   1   1   1.3e-47   1.3e-44  157.3   0.1     1   214    32   244    32   261 0.91 [190263/456/1]
190263/573/1.f:LIDFCI_16030 -            532 GH43_36.hmm          -            266   8.7e-54  187.4   0.0   1   1   1.2e-56   1.2e-53  186.9   0.0     2   266    29   297    28   297 0.86 [190263/573/1]
190263/552/1.f:EMALNL_07510 -            532 GH43_36.hmm          -            266   8.8e-54  187.3   0.0   1   1   1.2e-56   1.2e-53  186.9   0.0     2   266    29   297    28   297 0.86 [190263/552/1]
190263/502/1.f:NONHGB_01910 -            519 GH43_36.hmm          -            266     1e-53  187.2   3.4   1   1   1.5e-56   1.4e-53  186.7   3.4     2   266    28   294    27   294 0.84 [190263/502/1]
190263/405/1.f:EHKDKA_05910 -            541 GH43_36.hmm          -            266   2.4e-53  185.9   1.1   1   1   3.7e-56   3.7e-53  185.3   1.1     2   266    31   298    30   298 0.86 [190263/405/1]
190263/475/1.f:MCKEEP_08310 -            532 GH43_36.hmm          -            266   2.5e-53  185.9   0.0   1   1   3.4e-56   3.3e-53  185.5   0.0     2   266    29   297    28   297 0.86 [190263/475/1]
190263/405/1.f:EHKDKA_02305 -            697 GH43_36.hmm          -            266     4e-53  185.2   6.1   1   1   5.7e-47   5.6e-44  155.2   0.3     1   213    34   245    34   262 0.90 [190263/405/1]
190263/502/1.f:NONHGB_05230 -            533 GH43_36.hmm          -            266   5.3e-53  184.8   1.7   1   1   8.4e-56   8.3e-53  184.2   1.7     2   266    31   298    30   298 0.86 [190263/502/1]
190263/456/1.f:LKAJBD_08190 -            797 GH43_36.hmm          -            266     6e-53  184.6   2.0   1   1     1e-55   9.9e-53  183.9   2.0     1   266    28   295    28   295 0.85 [190263/456/1]
190263/396/1.f:KAAOMA_19120 -           1075 GH43_36.hmm          -            266   1.2e-52  183.6   5.5   1   1   1.2e-55   1.2e-52  183.6   5.5     2   266    45   313    44   313 0.88 [190263/396/1]
190263/399/1.f:CDLIDF_16935 -            535 GH43_36.hmm          -            266     4e-52  181.9   2.6   1   1   5.7e-55   5.6e-52  181.4   2.6     1   266    35   300    35   300 0.89 [190263/399/1]
190263/460/1.f:IHFGKI_00035 -            712 GH43_36.hmm          -            266     4e-51  178.6   6.7   1   1   3.6e-46   3.5e-43  152.6   1.7     1   213    51   262    51   275 0.92 [190263/460/1]
190263/391/1.f:NONBJF_00170 -            527 GH43_36.hmm          -            266   2.1e-50  176.3   0.2   1   1     3e-53     3e-50  175.8   0.2     2   266    27   294    26   294 0.85 [190263/391/1]
190263/534/1.f:OHCFJE_00170 -            527 GH43_36.hmm          -            266   2.1e-50  176.3   0.2   1   1     3e-53     3e-50  175.8   0.2     2   266    27   294    26   294 0.85 [190263/534/1]
190263/545/1.f:NCJBIN_00170 -            527 GH43_36.hmm          -            266   2.1e-50  176.3   0.2   1   1     3e-53     3e-50  175.8   0.2     2   266    27   294    26   294 0.85 [190263/545/1]
190263/541/1.f:IDEEIE_12540 -           1769 GH43_36.hmm          -            266   2.4e-50  176.1  15.3   1   1   3.6e-51   3.6e-48  169.0   4.9     1   266    43   326    43   326 0.80 [190263/541/1]
190263/388/1.f:FDDJJK_00175 -            527 GH43_36.hmm          -            266   3.4e-50  175.6   0.2   1   1     5e-53   4.9e-50  175.1   0.2     2   266    27   294    26   294 0.85 [190263/388/1]
190263/405/1.f:EHKDKA_03295 -            725 GH43_36.hmm          -            266     8e-50  174.4   5.2   1   1   1.7e-52   1.7e-49  173.3   5.2     1   265   103   368   103   369 0.89 [190263/405/1]
190263/595/1.f:HGDLEC_05000 -            699 GH43_36.hmm          -            266   8.6e-50  174.3   3.7   1   1   1.6e-44   1.6e-41  147.2   0.4     1   232    43   275    43   279 0.90 [190263/595/1]
190263/562/1.f:KJGNCK_02440 -           1354 GH43_36.hmm          -            266     1e-49  174.0   3.7   1   1   7.3e-44   7.2e-41  145.0   0.4     1   212    34   244    34   266 0.91 [190263/562/1]
190263/562/1.f:KJGNCK_10930 -            668 GH43_36.hmm          -            266     2e-49  173.1   5.6   1   1   2.6e-52   2.6e-49  172.7   4.5     1   265    47   312    47   313 0.87 [190263/562/1]
190263/552/1.f:EMALNL_10855 -            668 GH43_36.hmm          -            266   2.3e-49  172.9   5.9   1   1   2.6e-52   2.6e-49  172.7   4.5     1   265    47   312    47   313 0.87 [190263/552/1]
190263/552/1.f:EMALNL_01625 -            532 GH43_36.hmm          -            266   7.4e-49  171.2   0.4   1   1   1.2e-51   1.2e-48  170.5   0.4     1   266    28   296    28   296 0.86 [190263/552/1]
190263/456/1.f:LKAJBD_08635 -            554 GH43_36.hmm          -            266   5.5e-47  165.1   0.1   1   1   7.9e-50   7.7e-47  164.6   0.1     2   266    29   308    28   308 0.82 [190263/456/1]
190263/580/1.f:JCPJNN_19935 -            504 GH43_36.hmm          -            266     7e-45  158.2   0.0   1   1   9.3e-48   9.2e-45  157.8   0.0     2   266     5   273     4   273 0.83 [190263/580/1]
190263/388/1.f:FDDJJK_10255 -            554 GH43_36.hmm          -            266   1.7e-44  156.9   1.1   1   1   2.6e-47   2.5e-44  156.3   1.1     2   266    38   306    37   306 0.83 [190263/388/1]
190263/520/1.f:GGDGDE_09240 -            526 GH43_36.hmm          -            266   3.9e-44  155.7   3.2   1   1   5.5e-47   5.4e-44  155.2   3.2     2   265    16   282    15   283 0.84 [190263/520/1]
190263/534/1.f:OHCFJE_02065 -            554 GH43_36.hmm          -            266   7.9e-44  154.7   1.1   1   1   1.2e-46   1.2e-43  154.2   1.1     2   266    38   306    37   306 0.83 [190263/534/1]
190263/545/1.f:NCJBIN_11650 -            554 GH43_36.hmm          -            266   7.9e-44  154.7   1.1   1   1   1.2e-46   1.2e-43  154.2   1.1     2   266    38   306    37   306 0.83 [190263/545/1]
190263/391/1.f:NONBJF_10790 -            554 GH43_36.hmm          -            266   7.9e-44  154.7   1.1   1   1   1.2e-46   1.2e-43  154.2   1.1     2   266    38   306    37   306 0.83 [190263/391/1]
190263/437/1.f:LBKKEJ_08355 -            555 GH43_36.hmm          -            266   2.7e-42  149.7   0.3   1   1   4.2e-45   4.2e-42  149.1   0.3     2   263    39   305    38   307 0.84 [190263/437/1]
190263/595/1.f:HGDLEC_03290 -            559 GH43_36.hmm          -            266   6.8e-42  148.4   0.2   1   1   1.1e-44   1.1e-41  147.7   0.2     2   266    39   307    38   307 0.85 [190263/595/1]
190263/545/1.f:NCJBIN_10530 -            544 GH43_36.hmm          -            266   7.8e-42  148.2   0.9   1   1   1.1e-44     1e-41  147.8   0.9     1   266    35   303    35   303 0.83 [190263/545/1]
190263/391/1.f:NONBJF_09700 -            544 GH43_36.hmm          -            266   9.6e-42  147.9   0.9   1   1   1.3e-44   1.3e-41  147.5   0.9     1   266    35   303    35   303 0.83 [190263/391/1]
190263/490/1.f:OIBLLI_09735 -            542 GH43_36.hmm          -            266   2.5e-41  146.5   3.5   1   1   3.6e-44   3.6e-41  146.0   3.5     2   265    13   280    12   281 0.85 [190263/490/1]
190263/399/1.f:CDLIDF_10110 -            550 GH43_36.hmm          -            266   4.9e-41  145.6   1.3   1   1   7.1e-44     7e-41  145.0   1.3     2   263    39   306    38   308 0.87 [190263/399/1]
190263/534/1.f:OHCFJE_03150 -            544 GH43_36.hmm          -            266   5.1e-41  145.5   1.1   1   1   6.8e-44   6.7e-41  145.1   1.1     1   266    35   303    35   303 0.83 [190263/534/1]
190263/504/1.f:DOAHDM_10665 -            558 GH43_36.hmm          -            266   5.1e-41  145.5   0.3   1   1   8.4e-44   8.3e-41  144.8   0.3     2   263    40   307    39   309 0.83 [190263/504/1]
190263/401/1.f:DMFJNH_10295 -            558 GH43_36.hmm          -            266   5.6e-41  145.4   0.3   1   1   9.1e-44   8.9e-41  144.7   0.3     2   263    40   307    39   309 0.83 [190263/401/1]
190263/552/1.f:EMALNL_11310 -            558 GH43_36.hmm          -            266   6.4e-41  145.2   0.4   1   1   1.1e-43   1.1e-40  144.5   0.4     2   263    40   307    39   309 0.83 [190263/552/1]
190263/585/1.f:DLBDDB_08645 -            558 GH43_36.hmm          -            266   7.7e-41  144.9   0.3   1   1   1.3e-43   1.3e-40  144.2   0.3     2   263    40   307    39   309 0.83 [190263/585/1]
190263/562/1.f:KJGNCK_11340 -            558 GH43_36.hmm          -            266   8.2e-41  144.8   0.3   1   1   1.4e-43   1.4e-40  144.1   0.3     2   263    40   307    39   309 0.83 [190263/562/1]
190263/585/1.f:DLBDDB_16965 -            548 GH43_36.hmm          -            266   9.2e-41  144.7   2.9   1   1   1.3e-43   1.3e-40  144.2   2.9     2   263    38   305    37   307 0.85 [190263/585/1]
190263/562/1.f:KJGNCK_14345 -            549 GH43_36.hmm          -            266   1.1e-40  144.4   2.8   1   1   1.7e-43   1.6e-40  143.9   2.8     2   263    38   305    37   307 0.85 [190263/562/1]
190263/404/1.f:BGJBIG_07300 -            558 GH43_36.hmm          -            266   1.2e-40  144.2   0.3   1   1   2.1e-43   2.1e-40  143.5   0.3     2   263    40   307    39   309 0.83 [190263/404/1]
190263/456/1.f:LKAJBD_06230 -            558 GH43_36.hmm          -            266   1.3e-40  144.2   0.6   1   1     2e-43     2e-40  143.6   0.6     2   263    41   308    40   310 0.83 [190263/456/1]
190263/504/1.f:DOAHDM_14575 -            549 GH43_36.hmm          -            266   1.3e-40  144.1   2.3   1   1   1.9e-43   1.9e-40  143.6   2.3     2   263    38   305    37   307 0.85 [190263/504/1]
190263/401/1.f:DMFJNH_14545 -            549 GH43_36.hmm          -            266   1.3e-40  144.1   2.3   1   1   1.9e-43   1.9e-40  143.6   2.3     2   263    38   305    37   307 0.85 [190263/401/1]
190263/475/1.f:MCKEEP_14510 -            549 GH43_36.hmm          -            266   1.4e-40  144.1   2.8   1   1     2e-43   1.9e-40  143.6   2.8     2   263    38   305    37   307 0.85 [190263/475/1]
190263/405/1.f:EHKDKA_11580 -            560 GH43_36.hmm          -            266   1.4e-40  144.1   0.6   1   1   2.2e-43   2.2e-40  143.4   0.6     2   263    41   308    40   310 0.82 [190263/405/1]
190263/475/1.f:MCKEEP_10240 -            558 GH43_36.hmm          -            266   1.7e-40  143.8   0.6   1   1   2.9e-43   2.9e-40  143.0   0.6     2   263    40   307    39   309 0.83 [190263/475/1]
190263/534/1.f:OHCFJE_08385 -            513 GH43_36.hmm          -            266   1.8e-40  143.7   1.0   1   1   2.4e-43   2.4e-40  143.3   1.0     2   263    36   292    35   294 0.87 [190263/534/1]
190263/573/1.f:LIDFCI_04235 -            549 GH43_36.hmm          -            266   2.1e-40  143.5   2.5   1   1     3e-43     3e-40  143.0   2.5     2   263    38   305    37   307 0.85 [190263/573/1]
190263/391/1.f:NONBJF_03805 -            513 GH43_36.hmm          -            266   2.4e-40  143.3   0.9   1   1   3.3e-43   3.2e-40  142.9   0.9     2   263    36   292    35   294 0.87 [190263/391/1]
190263/545/1.f:NCJBIN_04485 -            513 GH43_36.hmm          -            266   2.4e-40  143.3   0.9   1   1   3.3e-43   3.2e-40  142.9   0.9     2   263    36   292    35   294 0.87 [190263/545/1]
190263/502/1.f:NONHGB_10035 -            559 GH43_36.hmm          -            266   2.9e-40  143.1   0.3   1   1   4.4e-43   4.3e-40  142.5   0.3     2   263    41   308    40   310 0.82 [190263/502/1]
190263/502/1.f:NONHGB_14095 -            549 GH43_36.hmm          -            266   4.1e-40  142.5   1.6   1   1   5.8e-43   5.7e-40  142.1   1.6     2   263    38   305    37   307 0.85 [190263/502/1]
190263/504/1.f:DOAHDM_03725 -            514 GH43_36.hmm          -            266   4.3e-40  142.5   0.9   1   1   6.8e-43   6.7e-40  141.8   0.9     2   266    37   295    36   295 0.86 [190263/504/1]
190263/401/1.f:DMFJNH_03265 -            514 GH43_36.hmm          -            266   4.3e-40  142.5   0.9   1   1   6.8e-43   6.7e-40  141.8   0.9     2   266    37   295    36   295 0.86 [190263/401/1]
190263/573/1.f:LIDFCI_00915 -            558 GH43_36.hmm          -            266   4.5e-40  142.4   0.3   1   1   8.2e-43     8e-40  141.6   0.3     2   263    40   307    39   309 0.83 [190263/573/1]
190263/534/1.f:OHCFJE_00275 -            555 GH43_36.hmm          -            266   6.6e-40  141.9   1.7   1   1   1.2e-42   1.1e-39  141.1   1.7     2   266    39   307    38   307 0.83 [190263/534/1]
190263/369/1.f:JCDIFE_10740 -            544 GH43_36.hmm          -            266   1.5e-39  140.7   1.9   1   1   2.1e-42     2e-39  140.3   1.9     2   263    33   300    32   302 0.85 [190263/369/1]
190263/369/1.f:JCDIFE_08905 -            570 GH43_36.hmm          -            266   1.6e-39  140.6   0.2   1   1   2.3e-42   2.3e-39  140.1   0.2     2   266    52   321    51   321 0.83 [190263/369/1]
190263/405/1.f:EHKDKA_15365 -            549 GH43_36.hmm          -            266   1.7e-39  140.5   1.4   1   1   2.4e-42   2.3e-39  140.1   1.4     2   263    38   305    37   307 0.85 [190263/405/1]
190263/466/1.f:PGJOII_00185 -            558 GH43_36.hmm          -            266   2.1e-39  140.2   0.2   1   1   3.3e-42   3.2e-39  139.6   0.2     2   263    41   308    40   310 0.83 [190263/466/1]
190263/552/1.f:EMALNL_14145 -            549 GH43_36.hmm          -            266   2.7e-39  139.8   2.8   1   1   3.9e-42   3.8e-39  139.4   2.8     2   263    38   305    37   307 0.85 [190263/552/1]
190263/502/1.f:NONHGB_05895 -            526 GH43_36.hmm          -            266   3.5e-39  139.5   0.4   1   1     5e-42   4.9e-39  139.0   0.4     2   266    41   308    40   308 0.86 [190263/502/1]
190263/460/1.f:IHFGKI_01825 -            596 GH43_36.hmm          -            266   3.7e-39  139.4   3.0   1   1     6e-42   5.9e-39  138.7   3.0     2   263    47   323    46   325 0.82 [190263/460/1]
190263/457/1.f:IIKDLL_04080 -            553 GH43_36.hmm          -            266   6.5e-39  138.6   2.6   1   1   9.7e-42   9.6e-39  138.1   2.6     1   265    32   300    32   301 0.84 [190263/457/1]
190263/388/1.f:FDDJJK_00610 -            549 GH43_36.hmm          -            266   7.9e-39  138.3   0.9   1   1   1.1e-41   1.1e-38  137.9   0.9     2   265    38   306    37   307 0.85 [190263/388/1]
190263/384/1.f:CDKGIA_11810 -            549 GH43_36.hmm          -            266   2.9e-38  136.5   0.1   1   1   3.9e-41   3.8e-38  136.1   0.1     2   266     6   272     5   272 0.82 [190263/384/1]
190263/391/1.f:NONBJF_00550 -            549 GH43_36.hmm          -            266   5.3e-38  135.6   0.8   1   1   7.3e-41   7.2e-38  135.2   0.8     2   265    38   306    37   307 0.85 [190263/391/1]
190263/534/1.f:OHCFJE_01315 -            549 GH43_36.hmm          -            266   5.3e-38  135.6   0.8   1   1   7.3e-41   7.2e-38  135.2   0.8     2   265    38   306    37   307 0.85 [190263/534/1]
190263/545/1.f:NCJBIN_00645 -            549 GH43_36.hmm          -            266   5.3e-38  135.6   0.8   1   1   7.3e-41   7.2e-38  135.2   0.8     2   265    38   306    37   307 0.85 [190263/545/1]
190263/409/1.f:AJJCMD_29650 -            537 GH43_36.hmm          -            266   5.8e-38  135.5   0.3   1   1   7.7e-41   7.5e-38  135.1   0.3     2   266    39   305    38   305 0.85 [190263/409/1]
190263/391/1.f:NONBJF_09445 -            955 GH43_36.hmm          -            266   7.9e-37  131.8   1.4   1   1   1.5e-39   1.5e-36  130.9   1.4     2   265    37   294    36   295 0.87 [190263/391/1]
190263/534/1.f:OHCFJE_03435 -            955 GH43_36.hmm          -            266   7.9e-37  131.8   1.4   1   1   1.5e-39   1.5e-36  130.9   1.4     2   265    37   294    36   295 0.87 [190263/534/1]
190263/545/1.f:NCJBIN_10260 -            955 GH43_36.hmm          -            266   7.9e-37  131.8   1.4   1   1   1.5e-39   1.5e-36  130.9   1.4     2   265    37   294    36   295 0.87 [190263/545/1]
190263/552/1.f:EMALNL_04305 -            529 GH43_36.hmm          -            266     1e-31  115.0   0.6   1   1   1.4e-34   1.4e-31  114.6   0.6     2   266    29   305    28   305 0.81 [190263/552/1]
190263/457/1.f:IIKDLL_11780 -            646 GH43_36.hmm          -            266   1.2e-31  114.8   0.5   1   1   1.2e-34   1.2e-31  114.8   0.5     2   266   136   411   135   411 0.84 [190263/457/1]
190263/562/1.f:KJGNCK_06145 -            530 GH43_36.hmm          -            266   5.6e-30  109.3   0.1   1   1   9.2e-33     9e-30  108.6   0.1     2   266    30   306    29   306 0.80 [190263/562/1]
190263/401/1.f:DMFJNH_07430 -            453 GH43_36.hmm          -            266   2.6e-29  107.1   3.8   1   1   3.6e-32   3.5e-29  106.7   3.8    36   266     3   235     1   235 0.84 [190263/401/1]
190263/504/1.f:DOAHDM_07935 -            453 GH43_36.hmm          -            266   2.6e-29  107.1   3.8   1   1   3.6e-32   3.5e-29  106.7   3.8    36   266     3   235     1   235 0.84 [190263/504/1]
190263/443/1.f:LNLACP_05715 -            520 GH43_36.hmm          -            266   1.2e-28  105.0   0.8   1   1   1.7e-31   1.7e-28  104.4   0.8     2   266     6   291     5   291 0.78 [190263/443/1]
190263/447/1.f:OLODHC_01285 -            525 GH43_36.hmm          -            266   2.7e-28  103.8   1.0   1   1   2.2e-27   2.1e-24   91.0   0.0     2   265     6   292     5   293 0.76 [190263/447/1]
190263/461/1.f:DHPHOK_06210 -            523 GH43_36.hmm          -            266   8.1e-28  102.2   0.0   1   1   1.1e-30   1.1e-27  101.8   0.0     2   266    27   300    26   300 0.81 [190263/461/1]
190263/490/1.f:OIBLLI_09290 -            540 GH43_36.hmm          -            266   1.2e-27  101.7   0.1   1   1   1.9e-30   1.8e-27  101.1   0.1     2   266     5   282     4   282 0.80 [190263/490/1]
190263/520/1.f:GGDGDE_09245 -            630 GH43_36.hmm          -            266   2.5e-27  100.6   0.0   1   1   3.7e-30   3.7e-27  100.1   0.0     2   266   134   408   133   408 0.81 [190263/520/1]
190263/456/1.f:LKAJBD_02480 -            512 GH43_36.hmm          -            266   2.6e-27  100.6   0.3   1   1   4.1e-30     4e-27   99.9   0.3     2   266    14   288    13   288 0.77 [190263/456/1]
190263/437/1.f:LBKKEJ_18205 -            520 GH43_36.hmm          -            266   1.1e-26   98.5   0.2   1   1   1.5e-29   1.5e-26   98.1   0.2     2   266    25   298    24   298 0.82 [190263/437/1]
190263/456/1.f:LKAJBD_08130 -            577 GH43_36.hmm          -            266   1.5e-26   98.1   0.2   1   1   4.9e-29   4.8e-26   96.4   0.2     2   266    70   365    69   365 0.73 [190263/456/1]
190263/405/1.f:EHKDKA_12840 -            882 GH43_36.hmm          -            266   2.6e-26   97.3   0.5   1   1   9.6e-29   9.4e-26   95.5   0.1     2   262   385   676   384   678 0.73 [190263/405/1]
190263/573/1.f:LIDFCI_15995 -            577 GH43_36.hmm          -            266   5.5e-26   96.2   0.5   1   1   1.9e-28   1.9e-25   94.5   0.3     2   266    70   365    69   365 0.75 [190263/573/1]
190263/490/1.f:OIBLLI_02545 -            512 GH43_36.hmm          -            266   5.6e-26   96.2   0.4   1   1   2.3e-28   2.2e-25   94.2   0.2     1   265     6   285     6   286 0.77 [190263/490/1]
190263/546/1.f:GEHMID_02780 -            535 GH43_36.hmm          -            266   6.3e-26   96.0   2.1   1   1   1.4e-27   1.4e-24   91.6   2.1     2   244     5   264     4   304 0.67 [190263/546/1]
190263/546/1.f:GEHMID_03135 -            526 GH43_36.hmm          -            266   7.2e-26   95.8   0.9   1   1   1.1e-28   1.1e-25   95.2   0.9     2   265     8   297     7   298 0.76 [190263/546/1]
190263/562/1.f:KJGNCK_06150 -            521 GH43_36.hmm          -            266   1.2e-25   95.1   0.3   1   1   1.8e-28   1.8e-25   94.5   0.3     1   266    24   298    24   298 0.82 [190263/562/1]
190263/552/1.f:EMALNL_04300 -            526 GH43_36.hmm          -            266   1.2e-25   95.1   0.3   1   1   1.9e-28   1.8e-25   94.5   0.3     1   266    24   298    24   298 0.82 [190263/552/1]
190263/399/1.f:CDLIDF_13510 -            537 GH43_36.hmm          -            266   1.6e-25   94.7   1.3   1   1     5e-28   4.9e-25   93.1   1.3     2   245    27   286    26   306 0.79 [190263/399/1]
190263/552/1.f:EMALNL_07540 -            577 GH43_36.hmm          -            266   1.7e-25   94.6   0.3   1   1   6.5e-28   6.4e-25   92.7   0.2     2   266    70   365    69   365 0.74 [190263/552/1]
190263/580/1.f:JCPJNN_02360 -            556 GH43_36.hmm          -            266   2.9e-25   93.9   2.5   1   1   1.9e-27   1.9e-24   91.2   2.5     2   243     5   273     4   314 0.72 [190263/580/1]
190263/388/1.f:FDDJJK_00210 -            632 GH43_36.hmm          -            266   8.4e-25   92.3   0.1   1   1     2e-27     2e-24   91.1   0.1     2   266   125   420   124   420 0.72 [190263/388/1]
190263/405/1.f:EHKDKA_18135 -            520 GH43_36.hmm          -            266     1e-24   92.1   0.1   1   1   1.4e-27   1.4e-24   91.6   0.1     2   266    26   299    25   299 0.81 [190263/405/1]
190263/502/1.f:NONHGB_11155 -            910 GH43_36.hmm          -            266   1.2e-24   91.8   0.3   1   1   6.8e-27   6.7e-24   89.4   0.1     2   262   411   702   410   704 0.73 [190263/502/1]
190263/391/1.f:NONBJF_00195 -            632 GH43_36.hmm          -            266     2e-24   91.1   0.1   1   1     4e-27     4e-24   90.1   0.1     2   266   125   420   124   420 0.73 [190263/391/1]
190263/545/1.f:NCJBIN_00195 -            632 GH43_36.hmm          -            266     2e-24   91.1   0.1   1   1     4e-27     4e-24   90.1   0.1     2   266   125   420   124   420 0.73 [190263/545/1]
190263/534/1.f:OHCFJE_00195 -            632 GH43_36.hmm          -            266     2e-24   91.1   0.1   1   1     4e-27     4e-24   90.1   0.1     2   266   125   420   124   420 0.73 [190263/534/1]
190263/420/1.f:GMHOLO_01490 -            543 GH43_36.hmm          -            266   2.2e-24   91.0   1.3   1   1   7.9e-27   7.7e-24   89.2   1.3     2   266     5   304     4   304 0.71 [190263/420/1]
190263/527/1.f:HGADJN_01610 -            543 GH43_36.hmm          -            266   2.2e-24   91.0   1.3   1   1   7.9e-27   7.7e-24   89.2   1.3     2   266     5   304     4   304 0.71 [190263/527/1]
190263/545/1.f:NCJBIN_10445 -            549 GH43_36.hmm          -            266   2.2e-24   91.0   0.1   1   1   5.2e-27   5.1e-24   89.8   0.1     2   241    45   299    44   315 0.79 [190263/545/1]
190263/391/1.f:NONBJF_09625 -            549 GH43_36.hmm          -            266   2.2e-24   91.0   0.1   1   1   5.2e-27   5.1e-24   89.8   0.1     2   241    45   299    44   315 0.79 [190263/391/1]
190263/534/1.f:OHCFJE_03255 -            549 GH43_36.hmm          -            266   2.2e-24   91.0   0.1   1   1   5.2e-27   5.1e-24   89.8   0.1     2   241    45   299    44   315 0.79 [190263/534/1]
190263/520/1.f:GGDGDE_19885 -            513 GH43_36.hmm          -            266   2.3e-24   90.9   0.4   1   1     5e-27   4.9e-24   89.8   0.4     2   266     6   290     5   290 0.77 [190263/520/1]
190263/460/1.f:IHFGKI_14400 -            556 GH43_36.hmm          -            266   2.7e-24   90.7   0.2   1   1   4.3e-26   4.2e-23   86.8   0.2     2   266    48   340    47   340 0.76 [190263/460/1]
190263/580/1.f:JCPJNN_10115 -            541 GH43_36.hmm          -            266   3.3e-24   90.4   0.5   1   1   4.9e-27   4.8e-24   89.9   0.5     2   266     7   287     6   287 0.74 [190263/580/1]
190263/507/1.f:KPMKPI_02035 -            512 GH43_36.hmm          -            266   5.8e-24   89.6   0.0   1   1   1.3e-26   1.3e-23   88.4   0.0     2   266     5   287     4   287 0.78 [190263/507/1]
190263/409/1.f:AJJCMD_17550 -            503 GH43_36.hmm          -            266   6.7e-24   89.4   1.2   1   1   8.9e-27   8.7e-24   89.0   1.2     2   266     5   279     4   279 0.80 [190263/409/1]
190263/520/1.f:GGDGDE_20565 -            540 GH43_36.hmm          -            266   7.9e-24   89.1   0.6   1   1     2e-26     2e-23   87.9   0.6     2   243     6   267     5   305 0.75 [190263/520/1]
190263/429/1.f:OMPHBF_13095 -            519 GH43_36.hmm          -            266     1e-23   88.8   0.2   1   1   1.8e-26   1.8e-23   88.0   0.2     2   266     5   281     4   281 0.77 [190263/429/1]
190263/420/1.f:GMHOLO_02150 -            543 GH43_36.hmm          -            266   1.4e-23   88.4   1.1   1   1   3.3e-26   3.3e-23   87.1   1.1     1   244     4   267     4   304 0.74 [190263/420/1]
190263/580/1.f:JCPJNN_30525 -            501 GH43_36.hmm          -            266   1.5e-23   88.2   0.1   1   1   2.2e-26   2.2e-23   87.7   0.1     2   265     5   278     4   279 0.83 [190263/580/1]
190263/409/1.f:AJJCMD_07230 -            533 GH43_36.hmm          -            266   2.6e-23   87.4   0.2   1   1   1.9e-25   1.9e-22   84.6   0.0     2   265    11   297    10   298 0.72 [190263/409/1]
190263/595/1.f:HGDLEC_08325 -            561 GH43_36.hmm          -            266   2.9e-23   87.3   0.6   1   1   5.7e-26   5.6e-23   86.4   0.6     2   266    49   341    48   341 0.77 [190263/595/1]
190263/527/1.f:HGADJN_02425 -            543 GH43_36.hmm          -            266   4.1e-23   86.8   2.0   1   1   9.7e-26   9.6e-23   85.6   2.0     1   244     4   267     4   304 0.72 [190263/527/1]
190263/437/1.f:LBKKEJ_18100 -            570 GH43_36.hmm          -            266   6.1e-23   86.2   0.3   1   1   2.9e-25   2.9e-22   84.0   0.1     3   262    59   347    57   350 0.73 [190263/437/1]
190263/527/1.f:HGADJN_02320 -            543 GH43_36.hmm          -            266   1.4e-22   85.1   1.2   1   1   4.4e-25   4.3e-22   83.5   1.2     1   244     4   266     4   303 0.69 [190263/527/1]
190263/520/1.f:GGDGDE_05930 -            521 GH43_36.hmm          -            266   2.4e-22   84.3   0.2   1   1   1.4e-24   1.4e-21   81.8   0.2     2   266     6   291     5   291 0.73 [190263/520/1]
190263/455/1.f:GDGJDA_02905 -            549 GH43_36.hmm          -            266   7.9e-22   82.6   1.5   1   1   1.4e-24   1.4e-21   81.8   0.3     2   211     4   231     3   248 0.78 [190263/455/1]
190263/437/1.f:LBKKEJ_07225 -            231 GH43_36.hmm          -            266   8.1e-22   82.6   0.0   1   1     1e-24     1e-21   82.2   0.0     2   185    42   221    41   229 0.89 [190263/437/1]
190263/475/1.f:MCKEEP_08320 -            575 GH43_36.hmm          -            266   8.3e-22   82.5   3.0   1   1   5.5e-24   5.4e-21   79.9   0.5     2   248    65   335    64   359 0.72 [190263/475/1]
190263/573/1.f:LIDFCI_16020 -            575 GH43_36.hmm          -            266   8.5e-22   82.5   3.3   1   1   4.1e-24   4.1e-21   80.3   0.6     2   248    65   335    64   359 0.72 [190263/573/1]
190263/520/1.f:GGDGDE_09840 -            508 GH43_36.hmm          -            266   9.8e-22   82.3   2.4   1   1   1.4e-24   1.4e-21   81.8   2.4     2   265     5   285     4   286 0.78 [190263/520/1]
190263/552/1.f:EMALNL_07520 -            575 GH43_36.hmm          -            266   1.1e-21   82.2   2.7   1   1   7.3e-24   7.2e-21   79.4   0.4     2   248    65   335    64   359 0.72 [190263/552/1]
190263/423/1.f:PDNKFB_07020 -            523 GH43_36.hmm          -            266   1.5e-21   81.7   0.1   1   1   2.9e-24   2.8e-21   80.8   0.1     2   243     6   264     5   291 0.76 [190263/423/1]
190263/399/1.f:CDLIDF_16950 -            570 GH43_36.hmm          -            266   3.6e-21   80.4   0.6   1   1   1.9e-23   1.9e-20   78.1   0.1     2   261    58   346    57   350 0.74 [190263/399/1]
190263/382/1.f:JACGKO_03555 -            556 GH43_36.hmm          -            266   4.7e-21   80.1   0.6   1   1   1.3e-21   1.2e-18   72.1   0.6     2   265     6   313     5   314 0.72 [190263/382/1]
190263/405/1.f:EHKDKA_02030 -            919 GH43_36.hmm          -            266   4.7e-21   80.0   0.3   1   1   2.5e-23   2.4e-20   77.7   0.3     2   252    68   344    67   362 0.71 [190263/405/1]
190263/433/1.f:ADFNDI_03705 -            548 GH43_36.hmm          -            266   5.2e-21   79.9   0.1   1   1   2.3e-23   2.3e-20   77.8   0.1     2   220     4   239     3   248 0.79 [190263/433/1]
190263/399/1.f:CDLIDF_13450 -            857 GH43_36.hmm          -            266     8e-21   79.3   0.0   1   1   3.4e-23   3.4e-20   77.2   0.0     2   242    26   284    25   312 0.76 [190263/399/1]
190263/420/1.f:GMHOLO_06770 -            548 GH43_36.hmm          -            266   1.1e-20   78.8   2.8   1   1   7.1e-22     7e-19   72.9   0.4     2   207     4   227     3   230 0.77 [190263/420/1]
190263/527/1.f:HGADJN_07100 -            548 GH43_36.hmm          -            266   1.1e-20   78.8   2.8   1   1   7.1e-22     7e-19   72.9   0.4     2   207     4   227     3   230 0.77 [190263/527/1]
190263/401/1.f:DMFJNH_06495 -            637 GH43_36.hmm          -            266   1.2e-20   78.7  14.3   1   1     6e-16   5.9e-13   53.5   2.7     2   266   339   620   338   620 0.69 [190263/401/1]
190263/504/1.f:DOAHDM_07165 -            637 GH43_36.hmm          -            266   1.2e-20   78.7  14.3   1   1     6e-16   5.9e-13   53.5   2.7     2   266   339   620   338   620 0.69 [190263/504/1]
190263/400/1.f:EIBLKL_09455 -            495 GH43_36.hmm          -            266   1.3e-20   78.6   3.2   1   1   2.1e-23     2e-20   78.0   2.5     2   243     5   252     4   265 0.78 [190263/400/1]
190263/546/1.f:GEHMID_10190 -            652 GH43_36.hmm          -            266   2.6e-20   77.6   2.8   1   1     1e-21     1e-18   72.4   2.8     2   265    29   338    28   339 0.64 [190263/546/1]
190263/409/1.f:AJJCMD_00315 -            525 GH43_36.hmm          -            266   3.5e-20   77.2   0.5   1   1   2.6e-22   2.5e-19   74.4   0.5     2   265     6   297     5   298 0.70 [190263/409/1]
190263/405/1.f:EHKDKA_12800 -            530 GH43_36.hmm          -            266     5e-20   76.7   2.4   1   1   8.9e-23   8.8e-20   75.9   0.4     1   265     5   293     5   294 0.74 [190263/405/1]
190263/502/1.f:NONHGB_01905 -            919 GH43_36.hmm          -            266   8.9e-20   75.9   0.9   1   1   3.7e-22   3.6e-19   73.9   0.3     2   252    68   344    67   362 0.69 [190263/502/1]
190263/556/1.f:EMIPPF_01660 -            510 GH43_36.hmm          -            266   1.4e-19   75.2   0.5   1   1   5.3e-22   5.2e-19   73.4   0.5     2   265    25   299    24   300 0.76 [190263/556/1]
190263/369/1.f:JCDIFE_12790 -            817 GH43_36.hmm          -            266   1.8e-19   74.8  13.3   1   1   1.6e-19   1.6e-16   65.2  10.6     4   265    29   290    26   291 0.79 [190263/369/1]
190263/497/1.f:HENFFC_12345 -            513 GH43_36.hmm          -            266   2.9e-19   74.2   3.9   1   1   3.8e-22   3.8e-19   73.8   2.1     1   266    27   303    27   303 0.73 [190263/497/1]
190263/365/1.f:JJMMAK_00270 -            513 GH43_36.hmm          -            266   4.8e-19   73.5   4.4   1   1     6e-22   5.9e-19   73.2   2.5     1   266    27   303    27   303 0.72 [190263/365/1]
190263/405/1.f:EHKDKA_15525 -           1120 GH43_36.hmm          -            266   5.9e-19   73.2  29.9   1   1     1e-18   9.8e-16   62.6  12.6     5   265    27   287    24   288 0.78 [190263/405/1]
190263/368/1.f:HPMDBE_12540 -            513 GH43_36.hmm          -            266   6.5e-19   73.0   2.4   1   1   1.7e-21   1.6e-18   71.7   2.4     1   266    26   302    26   302 0.75 [190263/368/1]
190263/502/1.f:NONHGB_00355 -            164 GH43_36.hmm          -            266   7.7e-19   72.8   2.9   1   1   9.6e-22   9.5e-19   72.5   2.9     2   135    25   154    24   158 0.87 [190263/502/1]
190263/573/1.f:LIDFCI_13560 -            512 GH43_36.hmm          -            266   1.3e-18   72.0   5.4   1   1   4.1e-21     4e-18   70.4   5.4     2   265    27   302    26   303 0.76 [190263/573/1]
190263/541/1.f:IDEEIE_12865 -            548 GH43_36.hmm          -            266     2e-18   71.4   1.1   1   1   1.2e-20   1.2e-17   68.9   0.2     2   211     4   231     3   247 0.77 [190263/541/1]
190263/516/1.f:MGNFBC_11300 -            513 GH43_36.hmm          -            266   2.9e-18   70.9   2.4   1   1   7.5e-21   7.4e-18   69.6   2.4     1   266    26   302    26   302 0.75 [190263/516/1]
190263/379/1.f:LOJHAC_13970 -            513 GH43_36.hmm          -            266   8.5e-18   69.4   2.9   1   1   2.7e-20   2.7e-17   67.7   2.9     1   266    26   302    26   302 0.72 [190263/379/1]
190263/399/1.f:CDLIDF_10095 -            833 GH43_36.hmm          -            266     1e-17   69.1  16.9   1   1   4.2e-20   4.2e-17   67.1  13.1     7   265    29   290    24   291 0.78 [190263/399/1]
190263/502/1.f:NONHGB_00190 -            517 GH43_36.hmm          -            266   2.1e-17   68.1   2.9   1   1   5.7e-19   5.6e-16   63.4   2.9     2   265    41   311    40   312 0.72 [190263/502/1]
190263/545/1.f:NCJBIN_02935 -            817 GH43_36.hmm          -            266   5.6e-17   66.7  14.1   1   1   1.2e-18   1.2e-15   62.4  11.1     6   265    27   286    22   287 0.79 [190263/545/1]
190263/391/1.f:NONBJF_02560 -            817 GH43_36.hmm          -            266   5.6e-17   66.7  14.1   1   1   1.2e-18   1.2e-15   62.4  11.1     6   265    27   286    22   287 0.79 [190263/391/1]
190263/534/1.f:OHCFJE_09655 -            818 GH43_36.hmm          -            266   5.6e-17   66.7  14.1   1   1   1.2e-18   1.2e-15   62.4  11.1     6   265    28   287    23   288 0.79 [190263/534/1]
190263/401/1.f:DMFJNH_07380 -            811 GH43_36.hmm          -            266   1.1e-16   65.7  16.7   1   1   1.8e-17   1.7e-14   58.5  12.3     4   265    26   287    23   288 0.78 [190263/401/1]
190263/504/1.f:DOAHDM_07895 -            811 GH43_36.hmm          -            266   1.1e-16   65.7  16.7   1   1   1.8e-17   1.7e-14   58.5  12.3     4   265    26   287    23   288 0.78 [190263/504/1]
190263/504/1.f:DOAHDM_10190 -            512 GH43_36.hmm          -            266   2.1e-16   64.8   4.4   1   1   8.1e-19     8e-16   62.9   4.4     1   265    26   302    26   303 0.75 [190263/504/1]
190263/388/1.f:FDDJJK_02675 -            818 GH43_36.hmm          -            266   2.1e-16   64.8  14.5   1   1   3.5e-18   3.4e-15   60.8  10.6     6   265    28   287    23   288 0.78 [190263/388/1]
190263/461/1.f:DHPHOK_17575 -            979 GH43_36.hmm          -            266   2.3e-16   64.7   6.4   1   1   3.1e-18   3.1e-15   61.0   6.4     2   265   506   776   505   777 0.73 [190263/461/1]
190263/401/1.f:DMFJNH_09845 -            512 GH43_36.hmm          -            266   2.8e-16   64.4   4.2   1   1   1.1e-18   1.1e-15   62.5   4.2     1   265    26   302    26   303 0.74 [190263/401/1]
190263/369/1.f:JCDIFE_10525 -            515 GH43_36.hmm          -            266   4.4e-16   63.8   8.8   1   1   8.1e-19     8e-16   62.9   5.5     1   265    26   302    26   303 0.77 [190263/369/1]
190263/552/1.f:EMALNL_01575 -            510 GH43_36.hmm          -            266   6.3e-16   63.2   5.8   1   1   3.1e-17   3.1e-14   57.7   5.8     3   265    38   304    36   305 0.78 [190263/552/1]
190263/562/1.f:KJGNCK_10720 -            513 GH43_36.hmm          -            266   1.4e-15   62.1   7.6   1   1   1.4e-18   1.4e-15   62.1   5.3     2   265    27   302    26   303 0.75 [190263/562/1]
190263/366/1.f:DBJPFP_11310 -            329 GH43_36.hmm          -            266   5.2e-15   60.2   1.1   1   1   9.9e-18   9.8e-15   59.3   1.1     2   266    34   313    33   313 0.73 [190263/366/1]
190263/405/1.f:EHKDKA_04765 -            325 GH43_36.hmm          -            266   1.8e-14   58.5   2.5   1   1   4.7e-17   4.6e-14   57.1   2.5     2   266    28   309    27   309 0.73 [190263/405/1]
190263/437/1.f:LBKKEJ_14810 -            501 GH43_36.hmm          -            266   3.3e-14   57.6   0.2   1   1   6.2e-16   6.1e-13   53.4   0.2     7   265    41   304    35   305 0.77 [190263/437/1]
190263/502/1.f:NONHGB_04285 -            308 GH43_36.hmm          -            266   8.6e-14   56.2   2.7   1   1   2.6e-16   2.6e-13   54.7   2.7     2   266    11   292    10   292 0.73 [190263/502/1]
190263/534/1.f:OHCFJE_07745 -            514 GH43_36.hmm          -            266   1.6e-13   55.4   0.4   1   1   3.9e-16   3.8e-13   54.1   0.4     2   266    30   312    29   312 0.72 [190263/534/1]
190263/391/1.f:NONBJF_04475 -            514 GH43_36.hmm          -            266   1.6e-13   55.4   0.4   1   1   3.9e-16   3.8e-13   54.1   0.4     2   266    30   312    29   312 0.72 [190263/391/1]
190263/545/1.f:NCJBIN_05140 -            514 GH43_36.hmm          -            266   1.6e-13   55.4   0.4   1   1   3.9e-16   3.8e-13   54.1   0.4     2   266    30   312    29   312 0.72 [190263/545/1]
190263/552/1.f:EMALNL_03945 -            633 GH43_36.hmm          -            266   4.1e-13   54.0   3.0   1   1   7.8e-16   7.6e-13   53.1   3.0     1   266   319   615   319   615 0.72 [190263/552/1]
190263/562/1.f:KJGNCK_06510 -            633 GH43_36.hmm          -            266   5.4e-13   53.6   3.1   1   1   9.8e-16   9.7e-13   52.8   3.1     1   266   319   615   319   615 0.72 [190263/562/1]
190263/475/1.f:MCKEEP_09850 -            785 GH43_36.hmm          -            266   7.2e-13   53.2   3.4   1   1   8.3e-16   8.1e-13   53.0   0.7     2   202   318   543   317   552 0.74 [190263/475/1]
#
# Program:         hmmsearch
# Version:         3.3.2 (Nov 2020)
# Pipeline mode:   SEARCH
# Query file:      /kb/module/work/tmp/output.1725388484971/GH43_36/GH43_36.hmm
# Target file:     /kb/module/work/tmp/output.1725388484971/hCom2_RAST.fasta
# Option settings: /kb/module/hmmer/bin/hmmsearch --domtblout /kb/module/work/tmp/output.1725388484971/GH43_36/GH43_36-hCom2_RAST.hitout.txt --noali --notextw --domE 1e-15 /kb/module/work/tmp/output.1725388484971/GH43_36/GH43_36.hmm /kb/module/work/tmp/output.1725388484971/hCom2_RAST.fasta 
# Current dir:     /kb/module/work/tmp/output.1725388484971
# Date:            Tue Sep  3 18:53:19 2024
# [ok]
