#                                                                                   --- full sequence --- -------------- this domain -------------   hmm coord   ali coord   env coord
# target name               accession   tlen query name           accession   qlen   E-value  score  bias   #  of  c-Evalue  i-Evalue  score  bias  from    to  from    to  from    to  acc description of target
#       ------------------- ---------- ----- -------------------- ---------- ----- --------- ------ ----- --- --- --------- --------- ------ ----- ----- ----- ----- ----- ----- ----- ---- ---------------------
190263/420/1.f:GMHOLO_03375 -            703 GH43_27.hmm          -            299  5.1e-124  417.9   0.0   1   1  9.9e-117  1.1e-113  384.0   0.0     1   299   346   679   346   679 0.98 [190263/420/1]
190263/527/1.f:HGADJN_00785 -            705 GH43_27.hmm          -            299  6.6e-124  417.6   0.4   1   1  1.6e-114  1.7e-111  376.8   0.1     1   299   344   677   344   677 0.98 [190263/527/1]
190263/580/1.f:JCPJNN_09915 -            612 GH43_27.hmm          -            299  9.7e-114  384.2   0.0   1   1  5.3e-103  5.7e-100  339.0   0.0     1   299   294   588   294   588 0.99 [190263/580/1]
190263/520/1.f:GGDGDE_19870 -            611 GH43_27.hmm          -            299  2.5e-109  369.7   0.0   1   1  2.7e-103  2.9e-100  339.9   0.0     1   299   278   573   278   573 0.98 [190263/520/1]
190263/580/1.f:JCPJNN_19915 -            606 GH43_27.hmm          -            299  9.5e-103  348.1   0.0   1   1   6.1e-96   6.5e-93  315.8   0.0     3   299   285   582   283   582 0.96 [190263/580/1]
190263/429/1.f:OMPHBF_13515 -            597 GH43_27.hmm          -            299   1.2e-97  331.3   0.0   1   1   1.1e-95   1.2e-92  315.0   0.0     1   299   267   569   267   569 0.95 [190263/429/1]
190263/541/1.f:IDEEIE_02105 -           1906 GH43_27.hmm          -            299   3.8e-87  296.8   9.5   1   1   2.1e-80   2.3e-77  264.8   0.1     1   299   689  1008   689  1008 0.93 [190263/541/1]
190263/396/1.f:KAAOMA_17090 -            964 GH43_27.hmm          -            299     6e-78  266.7   2.0   1   1   2.4e-73   2.6e-70  241.6   0.0     1   299   633   940   633   940 0.91 [190263/396/1]
190263/472/1.f:NMGHJI_01025 -            318 GH43_27.hmm          -            299   4.9e-73  250.5   1.0   1   1   5.3e-76   5.7e-73  250.3   1.0     1   297    15   309    15   312 0.94 [190263/472/1]
190263/546/1.f:GEHMID_13755 -            317 GH43_27.hmm          -            299   6.5e-70  240.3   0.2   1   1   6.9e-73   7.4e-70  240.1   0.2     1   295    15   307    15   312 0.93 [190263/546/1]
190263/580/1.f:JCPJNN_23080 -            316 GH43_27.hmm          -            299   3.5e-69  237.9   0.1   1   1   3.7e-72     4e-69  237.7   0.1     1   299    15   311    15   311 0.95 [190263/580/1]
190263/520/1.f:GGDGDE_16915 -            320 GH43_27.hmm          -            299     1e-68  236.3   0.3   1   1   1.1e-71   1.2e-68  236.1   0.3     1   299    17   313    17   313 0.94 [190263/520/1]
190263/412/1.f:OOIBGL_09030 -            320 GH43_27.hmm          -            299     2e-67  232.1   0.2   1   1   2.2e-70   2.3e-67  231.9   0.2     1   299    15   310    15   310 0.94 [190263/412/1]
190263/531/1.f:KJIPPC_12190 -            488 GH43_27.hmm          -            299   3.7e-61  211.5   0.2   1   1   4.8e-64   5.1e-61  211.1   0.2     1   299   151   466   151   466 0.91 [190263/531/1]
190263/409/1.f:AJJCMD_10620 -            408 GH43_27.hmm          -            299   1.1e-58  203.4   0.5   1   1   1.2e-61   1.3e-58  203.2   0.5     1   296    19   315    19   318 0.88 [190263/409/1]
190263/420/1.f:GMHOLO_03385 -            338 GH43_27.hmm          -            299   5.6e-57  197.8   0.3   1   1   6.1e-60   6.6e-57  197.6   0.3     1   297    12   304    12   306 0.89 [190263/420/1]
190263/527/1.f:HGADJN_00795 -            338 GH43_27.hmm          -            299   1.3e-55  193.3   0.4   1   1   1.6e-58   1.7e-55  193.0   0.4     1   297    12   304    12   305 0.88 [190263/527/1]
190263/502/1.f:NONHGB_05940 -            955 GH43_27.hmm          -            299   1.8e-41  146.9   7.6   1   1     3e-44   3.2e-41  146.1   7.6    33   299   653   934   635   934 0.84 [190263/502/1]
190263/562/1.f:KJGNCK_03010 -            388 GH43_27.hmm          -            299   3.6e-41  145.9   2.4   1   1   4.6e-44     5e-41  145.4   2.4    30   299    81   365    71   365 0.81 [190263/562/1]
190263/552/1.f:EMALNL_07150 -            369 GH43_27.hmm          -            299   9.3e-41  144.6   3.1   1   1   1.2e-43   1.2e-40  144.1   3.1    30   299    62   346    50   346 0.80 [190263/552/1]
190263/526/1.f:GBBCGM_00835 -            366 GH43_27.hmm          -            299   1.4e-40  144.0   3.9   1   1   1.8e-43   1.9e-40  143.5   3.9    30   299    64   348    59   348 0.83 [190263/526/1]
190263/573/1.f:LIDFCI_16675 -            369 GH43_27.hmm          -            299   1.6e-40  143.7   2.8   1   1     2e-43   2.2e-40  143.3   2.8    30   299    62   346    50   346 0.80 [190263/573/1]
190263/417/1.f:MHBJAE_04875 -            368 GH43_27.hmm          -            299   1.8e-40  143.6   3.5   1   1   2.3e-43   2.5e-40  143.1   3.5    31   299    64   347    43   347 0.82 [190263/417/1]
190263/401/1.f:DMFJNH_06490 -            370 GH43_27.hmm          -            299   2.6e-40  143.1   6.5   1   1   3.2e-43   3.5e-40  142.7   6.5    30   299    61   345    45   345 0.80 [190263/401/1]
190263/504/1.f:DOAHDM_07160 -            370 GH43_27.hmm          -            299   2.6e-40  143.1   6.5   1   1   3.2e-43   3.5e-40  142.7   6.5    30   299    61   345    45   345 0.80 [190263/504/1]
190263/475/1.f:MCKEEP_07775 -            369 GH43_27.hmm          -            299   4.8e-40  142.2   3.2   1   1     6e-43   6.4e-40  141.8   3.2    30   298    62   345    50   346 0.80 [190263/475/1]
190263/488/1.f:DNPFAC_05425 -            368 GH43_27.hmm          -            299     7e-40  141.7   2.1   1   1   9.8e-43   1.1e-39  141.1   2.2    31   299    64   347    46   347 0.82 [190263/488/1]
190263/502/1.f:NONHGB_06000 -            375 GH43_27.hmm          -            299   2.7e-39  139.7   6.0   1   1   3.7e-42   3.9e-39  139.2   6.0    31   281    68   327    62   349 0.83 [190263/502/1]
190263/488/1.f:DNPFAC_05395 -            358 GH43_27.hmm          -            299   2.2e-38  136.8   3.4   1   1   2.7e-41   2.9e-38  136.4   3.4    31   298    62   344    49   345 0.80 [190263/488/1]
190263/417/1.f:MHBJAE_04845 -            358 GH43_27.hmm          -            299     7e-37  131.8   5.3   1   1   8.9e-40   9.5e-37  131.4   5.3    31   299    62   345    45   345 0.79 [190263/417/1]
190263/475/1.f:MCKEEP_03210 -            365 GH43_27.hmm          -            299   3.1e-36  129.7   2.9   1   1   3.7e-39     4e-36  129.3   2.9    30   299    60   343    51   343 0.83 [190263/475/1]
190263/573/1.f:LIDFCI_20380 -            365 GH43_27.hmm          -            299   3.1e-36  129.7   2.9   1   1   3.7e-39     4e-36  129.3   2.9    30   299    60   343    51   343 0.83 [190263/573/1]
190263/475/1.f:MCKEEP_07640 -            367 GH43_27.hmm          -            299   1.1e-34  124.6   1.2   1   1   1.3e-37   1.4e-34  124.2   1.2    33   299    63   343    46   343 0.81 [190263/475/1]
190263/573/1.f:LIDFCI_16805 -            367 GH43_27.hmm          -            299   1.1e-34  124.6   1.2   1   1   1.3e-37   1.4e-34  124.2   1.2    33   299    63   343    46   343 0.81 [190263/573/1]
190263/401/1.f:DMFJNH_06260 -            365 GH43_27.hmm          -            299     7e-34  122.0   3.7   1   1   9.5e-37     1e-33  121.4   3.7    29   299    58   343    41   343 0.81 [190263/401/1]
190263/504/1.f:DOAHDM_06925 -            365 GH43_27.hmm          -            299     7e-34  122.0   3.7   1   1   9.5e-37     1e-33  121.4   3.7    29   299    58   343    41   343 0.81 [190263/504/1]
190263/401/1.f:DMFJNH_03595 -           1544 GH43_27.hmm          -            299   4.3e-32  116.1   1.3   1   1   8.8e-35   9.4e-32  115.0   1.3    38   299    60   326    37   326 0.85 [190263/401/1]
190263/504/1.f:DOAHDM_04030 -           1544 GH43_27.hmm          -            299   4.3e-32  116.1   1.3   1   1   8.8e-35   9.4e-32  115.0   1.3    38   299    60   326    37   326 0.85 [190263/504/1]
190263/404/1.f:BGJBIG_02685 -           1544 GH43_27.hmm          -            299   7.5e-32  115.3   0.6   1   1   1.6e-34   1.8e-31  114.1   0.6    38   299    60   326    53   326 0.83 [190263/404/1]
190263/437/1.f:LBKKEJ_07575 -            364 GH43_27.hmm          -            299   2.6e-31  113.5   4.7   1   1   3.2e-34   3.4e-31  113.2   4.7    30   299    59   343    51   343 0.81 [190263/437/1]
190263/556/1.f:EMIPPF_02125 -            353 GH43_27.hmm          -            299   1.1e-30  111.4   0.3   1   1   1.5e-33   1.6e-30  110.9   0.3     3   299    44   331    43   331 0.82 [190263/556/1]
190263/366/1.f:DBJPFP_01310 -            474 GH43_27.hmm          -            299   4.5e-28  102.9   1.3   1   1   6.4e-31   6.8e-28  102.3   1.3    34   299   155   455   136   455 0.81 [190263/366/1]
190263/366/1.f:DBJPFP_05345 -            466 GH43_27.hmm          -            299   5.5e-26   96.0   3.6   1   1   8.5e-29   9.1e-26   95.3   3.6    62   299   187   446   137   446 0.76 [190263/366/1]
190263/585/1.f:DLBDDB_04640 -            329 GH43_27.hmm          -            299   3.1e-24   90.3   0.8   1   1   5.6e-27     6e-24   89.4   0.8     1   294    38   307    38   311 0.85 [190263/585/1]
190263/390/1.f:OLPOLE_16250 -            304 GH43_27.hmm          -            299   8.6e-23   85.6   0.0   1   1   3.8e-25     4e-22   83.4   0.0     2   297    12   297    11   298 0.83 [190263/390/1]
190263/461/1.f:DHPHOK_05305 -            315 GH43_27.hmm          -            299   7.3e-22   82.5   1.0   1   1   4.3e-24   4.6e-21   79.9   1.0     2   295    37   295    36   299 0.77 [190263/461/1]
190263/417/1.f:MHBJAE_04970 -            322 GH43_27.hmm          -            299   7.9e-22   82.4   1.0   1   1   7.2e-24   7.7e-21   79.2   1.0     2   295    44   302    43   307 0.77 [190263/417/1]
190263/421/1.f:PBKEAC_07670 -            312 GH43_27.hmm          -            299   4.3e-21   80.0   0.0   1   1   1.7e-23   1.9e-20   77.9   0.0     1   294    27   291    27   295 0.79 [190263/421/1]
190263/522/1.f:NPJBCH_14225 -            324 GH43_27.hmm          -            299   1.6e-20   78.1   1.6   1   1   7.6e-23   8.1e-20   75.8   1.6     1   297    49   309    49   310 0.81 [190263/522/1]
190263/388/1.f:FDDJJK_11475 -            322 GH43_27.hmm          -            299   3.2e-20   77.1   1.0   1   1   2.2e-22   2.3e-19   74.3   1.0     2   294    44   301    43   306 0.80 [190263/388/1]
190263/391/1.f:NONBJF_11655 -            322 GH43_27.hmm          -            299   3.2e-20   77.1   1.0   1   1   2.2e-22   2.3e-19   74.3   1.0     2   294    44   301    43   306 0.80 [190263/391/1]
190263/534/1.f:OHCFJE_11925 -            322 GH43_27.hmm          -            299   3.2e-20   77.1   1.0   1   1   2.2e-22   2.3e-19   74.3   1.0     2   294    44   301    43   306 0.80 [190263/534/1]
190263/545/1.f:NCJBIN_12795 -            322 GH43_27.hmm          -            299   3.2e-20   77.1   1.0   1   1   2.2e-22   2.3e-19   74.3   1.0     2   294    44   301    43   306 0.80 [190263/545/1]
190263/366/1.f:DBJPFP_03100 -            318 GH43_27.hmm          -            299   3.7e-20   76.9   0.1   1   1     3e-22   3.3e-19   73.8   0.1     1   294    33   297    33   302 0.81 [190263/366/1]
190263/497/1.f:HENFFC_08175 -            313 GH43_27.hmm          -            299   4.1e-20   76.8   0.1   1   1   1.1e-22   1.2e-19   75.2   0.1     2   288    36   289    35   293 0.80 [190263/497/1]
190263/488/1.f:DNPFAC_05530 -            322 GH43_27.hmm          -            299     6e-20   76.2   1.1   1   1   2.7e-22   2.9e-19   74.0   1.1     3   294    45   301    43   305 0.76 [190263/488/1]
190263/405/1.f:EHKDKA_04830 -            320 GH43_27.hmm          -            299   6.6e-20   76.1   0.6   1   1   2.2e-22   2.4e-19   74.2   0.6     3   295    43   300    41   303 0.78 [190263/405/1]
190263/401/1.f:DMFJNH_04555 -            329 GH43_27.hmm          -            299   2.2e-19   74.4   0.1   1   1   6.7e-22   7.2e-19   72.7   0.1     2   288    38   302    37   310 0.82 [190263/401/1]
190263/504/1.f:DOAHDM_05050 -            329 GH43_27.hmm          -            299   2.2e-19   74.4   0.1   1   1   6.7e-22   7.2e-19   72.7   0.1     2   288    38   302    37   310 0.82 [190263/504/1]
190263/366/1.f:DBJPFP_03145 -            351 GH43_27.hmm          -            299   2.3e-19   74.3   0.0   1   1   4.5e-22   4.8e-19   73.3   0.0     3   291    22   328    20   335 0.80 [190263/366/1]
190263/365/1.f:JJMMAK_09110 -            331 GH43_27.hmm          -            299   3.6e-19   73.7   0.1   1   1   9.7e-22     1e-18   72.2   0.1     1   290    48   304    48   310 0.79 [190263/365/1]
190263/580/1.f:JCPJNN_18320 -            465 GH43_27.hmm          -            299   5.9e-19   73.0   0.0   1   1   1.9e-21     2e-18   71.2   0.0     2   297    29   311    28   312 0.79 [190263/580/1]
190263/580/1.f:JCPJNN_28255 -            319 GH43_27.hmm          -            299   7.5e-19   72.6   0.2   1   1   8.2e-21   8.8e-18   69.1   0.2     2   296    29   294    28   297 0.79 [190263/580/1]
190263/369/1.f:JCDIFE_04825 -            316 GH43_27.hmm          -            299     8e-19   72.5   0.1   1   1   3.5e-21   3.7e-18   70.3   0.1     2   294    34   298    33   302 0.77 [190263/369/1]
190263/437/1.f:LBKKEJ_07940 -            329 GH43_27.hmm          -            299   2.3e-18   71.0   0.1   1   1     9e-21   9.6e-18   69.0   0.1     2   289    40   302    39   310 0.82 [190263/437/1]
190263/401/1.f:DMFJNH_03515 -            327 GH43_27.hmm          -            299   3.2e-18   70.6   0.7   1   1   8.1e-21   8.7e-18   69.1   0.7     2   289    47   304    46   313 0.79 [190263/401/1]
190263/504/1.f:DOAHDM_03950 -            327 GH43_27.hmm          -            299   3.2e-18   70.6   0.7   1   1   8.1e-21   8.7e-18   69.1   0.7     2   289    47   304    46   313 0.79 [190263/504/1]
190263/366/1.f:DBJPFP_03110 -            311 GH43_27.hmm          -            299   3.6e-18   70.4   0.2   1   1   1.9e-20     2e-17   67.9   0.2     1   299    34   298    34   298 0.78 [190263/366/1]
190263/562/1.f:KJGNCK_05400 -            318 GH43_27.hmm          -            299   6.4e-18   69.6   0.1   1   1   2.4e-20   2.6e-17   67.6   0.1     2   288    26   290    25   296 0.83 [190263/562/1]
190263/401/1.f:DMFJNH_03485 -            330 GH43_27.hmm          -            299   7.4e-18   69.4   0.5   1   1     3e-20   3.3e-17   67.2   0.5     2   289    49   307    48   315 0.79 [190263/401/1]
190263/504/1.f:DOAHDM_03935 -            330 GH43_27.hmm          -            299   7.4e-18   69.4   0.5   1   1     3e-20   3.3e-17   67.2   0.5     2   289    49   307    48   315 0.79 [190263/504/1]
190263/421/1.f:PBKEAC_07675 -            364 GH43_27.hmm          -            299   8.2e-18   69.2   0.0   1   1   2.8e-20   3.1e-17   67.3   0.0     3   291    31   337    29   344 0.78 [190263/421/1]
190263/552/1.f:EMALNL_04920 -            329 GH43_27.hmm          -            299   1.4e-17   68.5   0.1   1   1     4e-20   4.2e-17   66.9   0.1     2   288    37   301    36   308 0.80 [190263/552/1]
190263/475/1.f:MCKEEP_04910 -            329 GH43_27.hmm          -            299   1.9e-17   68.0   0.1   1   1   5.5e-20   5.9e-17   66.4   0.1     2   288    37   301    36   308 0.80 [190263/475/1]
190263/573/1.f:LIDFCI_18730 -            329 GH43_27.hmm          -            299   2.5e-17   67.6   0.1   1   1   7.2e-20   7.7e-17   66.0   0.1     2   288    37   301    36   308 0.80 [190263/573/1]
190263/461/1.f:DHPHOK_02850 -            367 GH43_27.hmm          -            299   6.7e-17   66.2   0.0   1   1   1.2e-19   1.3e-16   65.3   0.0     3   292    38   346    36   352 0.78 [190263/461/1]
190263/369/1.f:JCDIFE_02295 -            366 GH43_27.hmm          -            299   1.5e-16   65.1   0.1   1   1   3.1e-19   3.3e-16   63.9   0.1     3   288    37   341    35   351 0.79 [190263/369/1]
190263/365/1.f:JJMMAK_03125 -            313 GH43_27.hmm          -            299   1.5e-16   65.0   0.2   1   1   4.2e-19   4.5e-16   63.5   0.2     2   287    36   288    35   292 0.81 [190263/365/1]
190263/366/1.f:DBJPFP_00100 -            391 GH43_27.hmm          -            299   3.1e-16   64.0   0.9   1   1   7.2e-19   7.7e-16   62.7   0.9    66   299    99   360    40   360 0.78 [190263/366/1]
190263/461/1.f:DHPHOK_05310 -            322 GH43_27.hmm          -            299   4.9e-16   63.4   0.1   1   1   1.9e-18     2e-15   61.3   0.1     2   289    34   293    33   302 0.77 [190263/461/1]
190263/502/1.f:NONHGB_04390 -            315 GH43_27.hmm          -            299   7.6e-16   62.8   0.1   1   1   3.3e-18   3.5e-15   60.6   0.1     2   292    34   295    33   302 0.76 [190263/502/1]
190263/379/1.f:LOJHAC_06040 -            373 GH43_27.hmm          -            299   1.4e-15   61.9   0.3   1   1     2e-17   2.1e-14   58.0   0.3     3   291    43   352    41   359 0.72 [190263/379/1]
190263/516/1.f:MGNFBC_09170 -            377 GH43_27.hmm          -            299   1.4e-15   61.8   0.3   1   1   2.1e-17   2.2e-14   58.0   0.3     3   291    47   356    45   363 0.72 [190263/516/1]
190263/368/1.f:HPMDBE_02595 -            373 GH43_27.hmm          -            299   1.4e-15   61.8   0.2   1   1   2.3e-17   2.4e-14   57.8   0.2     3   291    43   352    41   359 0.71 [190263/368/1]
190263/365/1.f:JJMMAK_09115 -            354 GH43_27.hmm          -            299   2.6e-14   57.7   0.4   1   1   3.5e-17   3.8e-14   57.2   0.4     3   299    54   337    52   337 0.77 [190263/365/1]
#
# Program:         hmmsearch
# Version:         3.3.2 (Nov 2020)
# Pipeline mode:   SEARCH
# Query file:      /kb/module/work/tmp/output.1725388484971/GH43_27/GH43_27.hmm
# Target file:     /kb/module/work/tmp/output.1725388484971/hCom2_RAST.fasta
# Option settings: /kb/module/hmmer/bin/hmmsearch --domtblout /kb/module/work/tmp/output.1725388484971/GH43_27/GH43_27-hCom2_RAST.hitout.txt --noali --notextw --domE 1e-15 /kb/module/work/tmp/output.1725388484971/GH43_27/GH43_27.hmm /kb/module/work/tmp/output.1725388484971/hCom2_RAST.fasta 
# Current dir:     /kb/module/work/tmp/output.1725388484971
# Date:            Tue Sep  3 18:52:48 2024
# [ok]
