#                                                                                   --- full sequence --- -------------- this domain -------------   hmm coord   ali coord   env coord
# target name               accession   tlen query name           accession   qlen   E-value  score  bias   #  of  c-Evalue  i-Evalue  score  bias  from    to  from    to  from    to  acc description of target
#       ------------------- ---------- ----- -------------------- ---------- ----- --------- ------ ----- --- --- --------- --------- ------ ----- ----- ----- ----- ----- ----- ----- ---- ---------------------
190263/399/1.f:CDLIDF_04455 -            335 GH43_5.hmm           -            287  8.3e-122  410.6   2.7   1   1  1.7e-124  9.5e-122  410.4   2.7     1   287    36   331    36   331 0.99 [190263/399/1]
190263/460/1.f:IHFGKI_10855 -            336 GH43_5.hmm           -            287  1.5e-110  373.7   3.7   1   1    3e-113  1.7e-110  373.5   3.7     1   286    31   332    31   333 0.97 [190263/460/1]
190263/595/1.f:HGDLEC_10085 -            339 GH43_5.hmm           -            287  3.8e-106  359.2   1.2   1   1  7.6e-109  4.3e-106  359.0   1.2     1   282    32   326    32   335 0.95 [190263/595/1]
190263/401/1.f:DMFJNH_06495 -            637 GH43_5.hmm           -            287   3.6e-83  283.8   8.3   1   2   1.2e-20   6.6e-18   69.6   0.9     3   263    41   287    39   311 0.78 [190263/401/1]
190263/401/1.f:DMFJNH_06495 -            637 GH43_5.hmm           -            287   3.6e-83  283.8   8.3   2   2   5.6e-66   3.2e-63  218.4   1.2     3   287   348   620   346   620 0.91 [190263/401/1]
190263/504/1.f:DOAHDM_07165 -            637 GH43_5.hmm           -            287   3.6e-83  283.8   8.3   1   2   1.2e-20   6.6e-18   69.6   0.9     3   263    41   287    39   311 0.78 [190263/504/1]
190263/504/1.f:DOAHDM_07165 -            637 GH43_5.hmm           -            287   3.6e-83  283.8   8.3   2   2   5.6e-66   3.2e-63  218.4   1.2     3   287   348   620   346   620 0.91 [190263/504/1]
190263/522/1.f:NPJBCH_10320 -            621 GH43_5.hmm           -            287   2.2e-79  271.4   6.3   1   2   5.8e-60   3.3e-57  198.6   1.3     2   287    40   314    39   314 0.91 [190263/522/1]
190263/522/1.f:NPJBCH_10320 -            621 GH43_5.hmm           -            287   2.2e-79  271.4   6.3   2   2   3.2e-21   1.8e-18   71.5   0.3     3   285   337   605   335   607 0.83 [190263/522/1]
190263/366/1.f:DBJPFP_01325 -            327 GH43_5.hmm           -            287     1e-69  239.6   0.1   1   1   2.1e-72   1.2e-69  239.4   0.1     3   287    37   310    35   310 0.91 [190263/366/1]
190263/552/1.f:EMALNL_04005 -            335 GH43_5.hmm           -            287   3.6e-68  234.6   2.3   1   1   7.5e-71   4.2e-68  234.3   2.3     3   287    42   316    40   316 0.89 [190263/552/1]
190263/562/1.f:KJGNCK_06460 -            335 GH43_5.hmm           -            287   5.3e-68  234.0   1.5   1   1   1.1e-70   6.2e-68  233.8   1.5     3   287    42   316    40   316 0.89 [190263/562/1]
190263/502/1.f:NONHGB_04290 -            343 GH43_5.hmm           -            287   7.7e-67  230.2   2.1   1   1   1.6e-69   8.9e-67  230.0   2.1     2   287    44   326    43   326 0.91 [190263/502/1]
190263/366/1.f:DBJPFP_11310 -            329 GH43_5.hmm           -            287     1e-66  229.8   0.2   1   1   2.1e-69   1.2e-66  229.6   0.2     3   287    43   313    41   313 0.90 [190263/366/1]
190263/405/1.f:EHKDKA_04770 -            343 GH43_5.hmm           -            287   2.4e-65  225.3   2.3   1   1     5e-68   2.8e-65  225.1   2.3     2   287    44   326    43   326 0.91 [190263/405/1]
190263/437/1.f:LBKKEJ_07930 -            327 GH43_5.hmm           -            287   2.2e-64  222.1   0.2   1   1   4.6e-67   2.6e-64  221.9   0.2     3   287    35   307    33   307 0.92 [190263/437/1]
190263/475/1.f:MCKEEP_04050 -            354 GH43_5.hmm           -            287     6e-64  220.7   5.9   1   1   1.3e-66   7.1e-64  220.5   5.9     3   287    52   334    50   334 0.86 [190263/475/1]
190263/573/1.f:LIDFCI_19560 -            354 GH43_5.hmm           -            287     6e-64  220.7   5.9   1   1   1.3e-66   7.1e-64  220.5   5.9     3   287    52   334    50   334 0.86 [190263/573/1]
190263/417/1.f:MHBJAE_04920 -            325 GH43_5.hmm           -            287   6.8e-64  220.5   0.6   1   1   1.4e-66     8e-64  220.3   0.6     3   287    34   306    32   306 0.91 [190263/417/1]
190263/405/1.f:EHKDKA_04765 -            325 GH43_5.hmm           -            287   7.2e-64  220.5   1.0   1   1   1.5e-66   8.3e-64  220.3   1.0     3   287    37   309    35   309 0.91 [190263/405/1]
190263/502/1.f:NONHGB_04285 -            308 GH43_5.hmm           -            287   9.6e-64  220.0   1.6   1   1     2e-66   1.1e-63  219.8   1.6     3   287    20   292    18   292 0.91 [190263/502/1]
190263/401/1.f:DMFJNH_03530 -            325 GH43_5.hmm           -            287     1e-63  220.0   1.1   1   1   2.1e-66   1.2e-63  219.8   1.1     3   287    37   309    35   309 0.91 [190263/401/1]
190263/504/1.f:DOAHDM_03970 -            325 GH43_5.hmm           -            287     1e-63  220.0   1.1   1   1   2.1e-66   1.2e-63  219.8   1.1     3   287    37   309    35   309 0.91 [190263/504/1]
190263/585/1.f:DLBDDB_05325 -            353 GH43_5.hmm           -            287   1.3e-63  219.6   6.3   1   1   2.8e-66   1.6e-63  219.3   6.3     3   287    51   333    49   333 0.86 [190263/585/1]
190263/526/1.f:GBBCGM_01160 -            327 GH43_5.hmm           -            287   2.2e-63  218.9   1.0   1   1   4.5e-66   2.5e-63  218.7   1.0     3   287    38   311    36   311 0.89 [190263/526/1]
190263/488/1.f:DNPFAC_05475 -            325 GH43_5.hmm           -            287   2.3e-63  218.8   0.6   1   1   4.8e-66   2.7e-63  218.6   0.6     3   287    34   306    32   306 0.91 [190263/488/1]
190263/456/1.f:LKAJBD_09325 -            495 GH43_5.hmm           -            287     3e-63  218.4   0.2   1   1   6.6e-66   3.7e-63  218.1   0.2     1   287    54   365    54   365 0.88 [190263/456/1]
190263/405/1.f:EHKDKA_22070 -            495 GH43_5.hmm           -            287   3.9e-63  218.1   0.2   1   1   8.6e-66   4.8e-63  217.7   0.2     1   287    54   365    54   365 0.88 [190263/405/1]
190263/504/1.f:DOAHDM_15675 -            513 GH43_5.hmm           -            287   1.2e-62  216.4   0.3   1   1   2.9e-65   1.6e-62  216.0   0.3     1   287    61   372    61   372 0.87 [190263/504/1]
190263/401/1.f:DMFJNH_16010 -            513 GH43_5.hmm           -            287   6.1e-62  214.1   0.3   1   1   1.4e-64   7.9e-62  213.8   0.3     1   287    61   372    61   372 0.87 [190263/401/1]
190263/391/1.f:NONBJF_11660 -            333 GH43_5.hmm           -            287   7.6e-62  213.8   1.0   1   1   1.6e-64   8.9e-62  213.6   1.0     3   287    45   317    43   317 0.92 [190263/391/1]
190263/534/1.f:OHCFJE_11930 -            333 GH43_5.hmm           -            287   7.7e-62  213.8   1.0   1   1   1.6e-64   8.9e-62  213.6   1.0     3   287    45   317    43   317 0.92 [190263/534/1]
190263/545/1.f:NCJBIN_12800 -            333 GH43_5.hmm           -            287   7.7e-62  213.8   1.0   1   1   1.6e-64   8.9e-62  213.6   1.0     3   287    45   317    43   317 0.92 [190263/545/1]
190263/388/1.f:FDDJJK_11480 -            333 GH43_5.hmm           -            287   9.1e-62  213.6   1.0   1   1   1.9e-64   1.1e-61  213.3   1.0     3   287    45   317    43   317 0.92 [190263/388/1]
190263/461/1.f:DHPHOK_05315 -            335 GH43_5.hmm           -            287   9.4e-62  213.5   0.9   1   1     2e-64   1.1e-61  213.3   0.9     3   287    47   319    45   319 0.91 [190263/461/1]
190263/502/1.f:NONHGB_04370 -            334 GH43_5.hmm           -            287   1.2e-61  213.1   0.9   1   1   2.6e-64   1.5e-61  212.9   0.9     3   287    46   318    44   318 0.90 [190263/502/1]
190263/365/1.f:JJMMAK_00705 -            985 GH43_5.hmm           -            287   1.9e-61  212.5   0.4   1   1   4.9e-64   2.7e-61  212.0   0.4     3   287   695   967   693   967 0.90 [190263/365/1]
190263/502/1.f:NONHGB_20365 -            495 GH43_5.hmm           -            287   2.3e-61  212.2   0.3   1   1   5.1e-64   2.9e-61  211.9   0.3     1   287    54   365    54   365 0.88 [190263/502/1]
190263/369/1.f:JCDIFE_18065 -            500 GH43_5.hmm           -            287   6.4e-61  210.8   0.2   1   1   1.4e-63     8e-61  210.5   0.2     1   287    59   370    59   370 0.88 [190263/369/1]
190263/366/1.f:DBJPFP_04310 -            332 GH43_5.hmm           -            287   7.5e-61  210.6   0.0   1   1   1.5e-63   8.7e-61  210.3   0.0     3   287    42   315    40   315 0.89 [190263/366/1]
190263/369/1.f:JCDIFE_04830 -            333 GH43_5.hmm           -            287   4.4e-60  208.0   0.5   1   1   9.3e-63   5.2e-60  207.8   0.5     3   287    45   317    43   317 0.90 [190263/369/1]
190263/475/1.f:MCKEEP_15310 -            506 GH43_5.hmm           -            287   6.1e-60  207.6   0.4   1   1   1.6e-62   8.8e-60  207.0   0.4     1   287    54   365    54   365 0.87 [190263/475/1]
190263/365/1.f:JJMMAK_09115 -            354 GH43_5.hmm           -            287   9.4e-60  207.0   0.6   1   1     2e-62   1.1e-59  206.7   0.6     3   287    54   337    52   337 0.89 [190263/365/1]
190263/497/1.f:HENFFC_10575 -            995 GH43_5.hmm           -            287   1.1e-59  206.8   0.5   1   1   2.8e-62   1.6e-59  206.2   0.5     3   287   705   977   703   977 0.90 [190263/497/1]
190263/562/1.f:KJGNCK_15460 -            506 GH43_5.hmm           -            287   4.8e-59  204.6   0.5   1   1   1.1e-61   6.2e-59  204.3   0.5     1   287    54   365    54   365 0.87 [190263/562/1]
190263/388/1.f:FDDJJK_05195 -            511 GH43_5.hmm           -            287   5.8e-59  204.4   0.5   1   1   1.3e-61   7.1e-59  204.1   0.5     1   287    72   383    72   383 0.89 [190263/388/1]
190263/522/1.f:NPJBCH_14230 -            340 GH43_5.hmm           -            287   7.5e-59  204.0   1.8   1   1   1.6e-61     9e-59  203.7   1.8     3   287    50   323    48   323 0.90 [190263/522/1]
190263/405/1.f:EHKDKA_05525 -            333 GH43_5.hmm           -            287   1.4e-58  203.1   0.2   1   1     3e-61   1.7e-58  202.8   0.2     3   287    41   311    39   311 0.91 [190263/405/1]
190263/545/1.f:NCJBIN_05645 -            511 GH43_5.hmm           -            287     2e-58  202.6   0.4   1   1   4.3e-61   2.4e-58  202.3   0.4     1   287    72   383    72   383 0.88 [190263/545/1]
190263/534/1.f:OHCFJE_07285 -            511 GH43_5.hmm           -            287   2.1e-58  202.5   0.4   1   1   4.7e-61   2.6e-58  202.2   0.4     1   287    72   383    72   383 0.88 [190263/534/1]
190263/391/1.f:NONBJF_05450 -            511 GH43_5.hmm           -            287   9.1e-58  200.4   0.4   1   1     2e-60   1.1e-57  200.1   0.4     1   287    72   383    72   383 0.88 [190263/391/1]
190263/456/1.f:LKAJBD_03880 -            483 GH43_5.hmm           -            287   2.5e-57  199.0   0.0   1   1   3.9e-58   2.2e-55  192.6   0.0     1   287    31   299    31   299 0.90 [190263/456/1]
190263/405/1.f:EHKDKA_06305 -            483 GH43_5.hmm           -            287   3.6e-56  195.2   0.0   1   1   7.2e-57     4e-54  188.5   0.0     1   287    31   299    31   299 0.90 [190263/405/1]
190263/502/1.f:NONHGB_05490 -            483 GH43_5.hmm           -            287   8.6e-56  193.9   0.0   1   1   1.7e-56   9.6e-54  187.2   0.0     1   287    31   299    31   299 0.90 [190263/502/1]
190263/475/1.f:MCKEEP_06920 -            361 GH43_5.hmm           -            287   4.3e-54  188.4   5.0   1   1   9.2e-57   5.2e-54  188.1   5.0     3   287    57   338    55   338 0.86 [190263/475/1]
190263/552/1.f:EMALNL_06310 -            361 GH43_5.hmm           -            287   4.3e-54  188.4   5.0   1   1   9.2e-57   5.2e-54  188.1   5.0     3   287    57   338    55   338 0.86 [190263/552/1]
190263/562/1.f:KJGNCK_03885 -            361 GH43_5.hmm           -            287   4.3e-54  188.4   5.0   1   1   9.2e-57   5.2e-54  188.1   5.0     3   287    57   338    55   338 0.86 [190263/562/1]
190263/552/1.f:EMALNL_03945 -            633 GH43_5.hmm           -            287   1.1e-53  187.1   0.6   1   1   2.7e-56   1.5e-53  186.6   0.6     2   287   329   615   328   615 0.88 [190263/552/1]
190263/562/1.f:KJGNCK_06510 -            633 GH43_5.hmm           -            287   6.2e-53  184.6   0.7   1   1   1.6e-55   8.8e-53  184.1   0.7     2   287   329   615   328   615 0.88 [190263/562/1]
190263/460/1.f:IHFGKI_14520 -            296 GH43_5.hmm           -            287   1.4e-52  183.4   0.1   1   1   2.4e-53   1.3e-50  176.9   0.1     1   265    45   291    45   296 0.89 [190263/460/1]
190263/556/1.f:EMIPPF_09145 -            341 GH43_5.hmm           -            287   2.3e-47  166.3   0.2   1   1   4.8e-50   2.7e-47  166.1   0.2     2   287    55   324    54   324 0.87 [190263/556/1]
190263/580/1.f:JCPJNN_23245 -            495 GH43_5.hmm           -            287   1.6e-44  156.9   0.3   1   1   1.9e-43   1.1e-40  144.4   0.1     1   232    54   296    54   321 0.81 [190263/580/1]
190263/391/1.f:NONBJF_05480 -            619 GH43_5.hmm           -            287   2.7e-44  156.2   3.6   1   1     2e-46   1.1e-43  154.2   3.6     1   287   152   509   152   509 0.80 [190263/391/1]
190263/545/1.f:NCJBIN_05675 -            627 GH43_5.hmm           -            287   2.8e-44  156.2   3.6   1   1     2e-46   1.1e-43  154.2   3.6     1   287   160   517   160   517 0.80 [190263/545/1]
190263/388/1.f:FDDJJK_05225 -            627 GH43_5.hmm           -            287   3.9e-44  155.7   3.6   1   1   2.8e-46   1.5e-43  153.7   3.6     1   287   160   517   160   517 0.80 [190263/388/1]
190263/399/1.f:CDLIDF_04460 -            633 GH43_5.hmm           -            287   3.2e-43  152.7   3.0   1   1   2.1e-45   1.2e-42  150.8   3.0     1   287   163   521   163   521 0.78 [190263/399/1]
190263/502/1.f:NONHGB_20405 -            637 GH43_5.hmm           -            287   3.8e-42  149.2   1.1   1   1   2.7e-44   1.5e-41  147.2   1.1     1   287   166   526   166   526 0.77 [190263/502/1]
190263/534/1.f:OHCFJE_07255 -            636 GH43_5.hmm           -            287   5.2e-42  148.7   4.4   1   1   4.5e-44   2.5e-41  146.5   4.4     1   287   167   526   167   526 0.77 [190263/534/1]
190263/369/1.f:JCDIFE_18095 -            631 GH43_5.hmm           -            287   5.1e-41  145.5   5.3   1   1   3.5e-43     2e-40  143.5   5.3     1   287   160   520   160   520 0.76 [190263/369/1]
190263/456/1.f:LKAJBD_09300 -            630 GH43_5.hmm           -            287   1.6e-40  143.8   7.0   1   1   1.2e-42     7e-40  141.7   7.0     1   287   162   519   162   519 0.78 [190263/456/1]
190263/497/1.f:HENFFC_12345 -            513 GH43_5.hmm           -            287   2.4e-40  143.3   1.6   1   1   6.1e-43   3.4e-40  142.8   1.6     2   287    36   303    35   303 0.82 [190263/497/1]
190263/365/1.f:JJMMAK_00270 -            513 GH43_5.hmm           -            287   5.5e-40  142.1   1.4   1   1   1.5e-42   8.3e-40  141.5   1.4     2   287    36   303    35   303 0.82 [190263/365/1]
190263/562/1.f:KJGNCK_15435 -            642 GH43_5.hmm           -            287   2.4e-39  140.0   8.7   1   1   9.7e-32   5.4e-29  106.0   1.5    83   287   289   530   282   530 0.78 [190263/562/1]
190263/405/1.f:EHKDKA_22105 -            631 GH43_5.hmm           -            287   6.5e-39  138.6   5.2   1   1   1.2e-41   6.5e-39  138.6   5.2     1   287   165   520   165   520 0.80 [190263/405/1]
190263/475/1.f:MCKEEP_15285 -            634 GH43_5.hmm           -            287   7.9e-39  138.3   8.7   1   1   3.9e-31   2.2e-28  104.0   1.9    82   287   280   522   276   522 0.80 [190263/475/1]
190263/460/1.f:IHFGKI_10860 -            556 GH43_5.hmm           -            287   9.1e-39  138.1  11.1   1   1   4.8e-41   2.7e-38  136.5  11.1     1   287    83   445    83   445 0.75 [190263/460/1]
190263/595/1.f:HGDLEC_10080 -            589 GH43_5.hmm           -            287   3.1e-38  136.4   3.2   1   1   8.2e-40   4.6e-37  132.5   3.2     1   287   118   479   118   479 0.76 [190263/595/1]
190263/401/1.f:DMFJNH_15975 -            641 GH43_5.hmm           -            287   6.7e-38  135.2   8.5   1   1   7.3e-30   4.1e-27   99.8   1.4    82   287   287   529   280   529 0.79 [190263/401/1]
190263/504/1.f:DOAHDM_15640 -            641 GH43_5.hmm           -            287   7.7e-38  135.0   8.6   1   1   7.3e-30   4.1e-27   99.8   1.4    82   287   287   529   280   529 0.79 [190263/504/1]
190263/516/1.f:MGNFBC_11300 -            513 GH43_5.hmm           -            287   1.1e-36  131.3   1.9   1   1   2.9e-39   1.6e-36  130.7   1.9     2   287    35   302    34   302 0.80 [190263/516/1]
190263/368/1.f:HPMDBE_12540 -            513 GH43_5.hmm           -            287   1.4e-36  130.9   1.8   1   1   3.6e-39     2e-36  130.4   1.8     2   287    35   302    34   302 0.80 [190263/368/1]
190263/379/1.f:LOJHAC_13970 -            513 GH43_5.hmm           -            287   1.8e-36  130.6   2.6   1   1   4.8e-39   2.7e-36  130.0   2.6     2   287    35   302    34   302 0.80 [190263/379/1]
190263/520/1.f:GGDGDE_16925 -            517 GH43_5.hmm           -            287   1.5e-35  127.5  12.9   1   1   6.8e-29   3.8e-26   96.7   3.5   116   287   213   403   194   403 0.77 [190263/520/1]
190263/573/1.f:LIDFCI_13560 -            512 GH43_5.hmm           -            287     2e-34  123.9   3.9   1   1   5.1e-37   2.8e-34  123.3   3.9     3   269    36   283    34   303 0.80 [190263/573/1]
190263/562/1.f:KJGNCK_10720 -            513 GH43_5.hmm           -            287     3e-34  123.3   4.6   1   1   8.6e-37   4.9e-34  122.6   3.6     3   269    36   283    34   303 0.78 [190263/562/1]
190263/527/1.f:HGADJN_00780 -            528 GH43_5.hmm           -            287   8.1e-34  121.8  16.3   1   1   4.1e-34   2.3e-31  113.8  16.3     2   286    54   395    53   396 0.79 [190263/527/1]
190263/405/1.f:EHKDKA_15525 -           1120 GH43_5.hmm           -            287   1.6e-33  120.9  27.4   1   1   1.7e-19   9.6e-17   65.8   2.9     3   269   831  1087   829  1112 0.74 [190263/405/1]
190263/472/1.f:NMGHJI_01030 -            524 GH43_5.hmm           -            287     2e-33  120.6  10.0   1   1   1.9e-27   1.1e-24   91.9   2.1   113   286   214   407   207   408 0.80 [190263/472/1]
190263/412/1.f:OOIBGL_00545 -            660 GH43_5.hmm           -            287   2.3e-33  120.4  10.2   1   1   9.9e-29   5.6e-26   96.1   0.4   115   272   357   534   349   547 0.76 [190263/412/1]
190263/504/1.f:DOAHDM_10190 -            512 GH43_5.hmm           -            287   4.6e-33  119.4   3.1   1   1   1.4e-35   7.8e-33  118.6   3.1     2   270    35   286    34   303 0.79 [190263/504/1]
190263/556/1.f:EMIPPF_01660 -            510 GH43_5.hmm           -            287     8e-33  118.6   0.1   1   1   2.1e-35   1.2e-32  118.0   0.1     2   262    33   273    32   292 0.83 [190263/556/1]
190263/527/1.f:HGADJN_00775 -            552 GH43_5.hmm           -            287   9.1e-33  118.4   4.9   1   1   2.1e-23   1.2e-20   78.6   0.1   112   232   192   319   188   335 0.89 [190263/527/1]
190263/401/1.f:DMFJNH_09845 -            512 GH43_5.hmm           -            287   1.7e-32  117.5   2.8   1   1   5.2e-35   2.9e-32  116.7   2.8     2   270    35   286    34   303 0.79 [190263/401/1]
190263/369/1.f:JCDIFE_10525 -            515 GH43_5.hmm           -            287   2.3e-32  117.1   3.5   1   1   6.3e-35   3.5e-32  116.5   3.5     2   269    35   283    34   303 0.79 [190263/369/1]
190263/412/1.f:OOIBGL_08975 -            536 GH43_5.hmm           -            287     3e-32  116.7   7.1   1   1   3.9e-27   2.2e-24   90.9   0.6   116   287   232   422   202   422 0.78 [190263/412/1]
190263/412/1.f:OOIBGL_18190 -            917 GH43_5.hmm           -            287   1.7e-31  114.2   8.7   1   1   1.2e-25   6.7e-23   86.0   2.4   118   287   224   417   169   417 0.80 [190263/412/1]
190263/396/1.f:KAAOMA_19795 -            758 GH43_5.hmm           -            287     1e-30  111.7  12.8   1   1   4.6e-27   2.6e-24   90.7   2.6   118   286   209   406   194   407 0.79 [190263/396/1]
190263/396/1.f:KAAOMA_00715 -            981 GH43_5.hmm           -            287   3.5e-30  109.9  11.1   1   1   2.4e-25   1.4e-22   85.0   2.8   118   287   226   419   216   419 0.82 [190263/396/1]
190263/412/1.f:OOIBGL_10915 -            915 GH43_5.hmm           -            287   5.2e-30  109.3   9.8   1   1   1.1e-25   6.2e-23   86.1   3.9   117   287   201   404   186   404 0.77 [190263/412/1]
190263/545/1.f:NCJBIN_05140 -            514 GH43_5.hmm           -            287     3e-27  100.3   0.4   1   1   8.2e-30   4.6e-27   99.7   0.4     3   287    39   312    37   312 0.78 [190263/545/1]
190263/391/1.f:NONBJF_04475 -            514 GH43_5.hmm           -            287     3e-27  100.3   0.4   1   1   8.2e-30   4.6e-27   99.7   0.4     3   287    39   312    37   312 0.78 [190263/391/1]
190263/534/1.f:OHCFJE_07745 -            514 GH43_5.hmm           -            287     3e-27  100.3   0.4   1   1   8.2e-30   4.6e-27   99.7   0.4     3   287    39   312    37   312 0.78 [190263/534/1]
190263/461/1.f:DHPHOK_05305 -            315 GH43_5.hmm           -            287   8.3e-26   95.5   4.0   1   1     3e-27   1.7e-24   91.3   4.0     3   282    38   294    36   297 0.81 [190263/461/1]
190263/541/1.f:IDEEIE_02100 -           1952 GH43_5.hmm           -            287   4.4e-25   93.2  25.5   1   1   4.3e-20   2.4e-17   67.8   1.8     3   262  1553  1822  1551  1855 0.75 [190263/541/1]
190263/580/1.f:JCPJNN_28255 -            319 GH43_5.hmm           -            287   1.2e-24   91.7   3.4   1   1   1.9e-25   1.1e-22   85.3   3.4     3   284    30   294    28   296 0.83 [190263/580/1]
190263/421/1.f:PBKEAC_07670 -            312 GH43_5.hmm           -            287   2.2e-24   90.9   0.3   1   1   2.2e-25   1.2e-22   85.2   0.3     3   281    29   290    27   293 0.81 [190263/421/1]
190263/522/1.f:NPJBCH_14225 -            324 GH43_5.hmm           -            287   7.3e-24   89.2   4.6   1   1   5.7e-25   3.2e-22   83.8   4.6     3   283    51   307    49   310 0.82 [190263/522/1]
190263/405/1.f:EHKDKA_04830 -            320 GH43_5.hmm           -            287   7.7e-24   89.1   4.0   1   1   4.3e-25   2.4e-22   84.2   4.0     3   282    43   299    41   302 0.82 [190263/405/1]
190263/405/1.f:EHKDKA_00245 -            643 GH43_5.hmm           -            287   1.1e-22   85.3   9.6   1   1   2.8e-21   1.6e-18   71.7   1.0     3   267   348   611   346   635 0.78 [190263/405/1]
190263/366/1.f:DBJPFP_03100 -            318 GH43_5.hmm           -            287   1.3e-22   85.1   0.8   1   1   5.6e-23   3.1e-20   77.2   0.8     3   281    35   296    33   300 0.81 [190263/366/1]
190263/502/1.f:NONHGB_00270 -            643 GH43_5.hmm           -            287   1.5e-22   84.8   9.5   1   1     4e-21   2.3e-18   71.2   0.9     3   284   348   633   346   635 0.78 [190263/502/1]
190263/405/1.f:EHKDKA_01815 -            800 GH43_5.hmm           -            287   2.3e-22   84.3   8.4   1   1   1.7e-24   9.3e-22   82.3   8.4     3   285    40   303    38   304 0.81 [190263/405/1]
190263/388/1.f:FDDJJK_11475 -            322 GH43_5.hmm           -            287   4.5e-22   83.3   4.3   1   1   1.4e-23   7.7e-21   79.2   4.3     3   281    45   300    43   304 0.82 [190263/388/1]
190263/391/1.f:NONBJF_11655 -            322 GH43_5.hmm           -            287   4.6e-22   83.3   4.3   1   1   1.4e-23   7.7e-21   79.2   4.3     3   281    45   300    43   304 0.82 [190263/391/1]
190263/534/1.f:OHCFJE_11925 -            322 GH43_5.hmm           -            287   4.6e-22   83.3   4.3   1   1   1.4e-23   7.7e-21   79.2   4.3     3   281    45   300    43   304 0.82 [190263/534/1]
190263/545/1.f:NCJBIN_12795 -            322 GH43_5.hmm           -            287   4.6e-22   83.3   4.3   1   1   1.4e-23   7.7e-21   79.2   4.3     3   281    45   300    43   304 0.82 [190263/545/1]
190263/534/1.f:OHCFJE_06600 -            800 GH43_5.hmm           -            287   8.7e-22   82.3   8.7   1   1   6.2e-24   3.5e-21   80.4   8.7     3   285    40   303    38   304 0.79 [190263/534/1]
190263/391/1.f:NONBJF_02505 -            647 GH43_5.hmm           -            287   1.2e-21   81.9   6.1   1   1   2.5e-18   1.4e-15   62.0   0.8     3   266   350   612   348   638 0.79 [190263/391/1]
190263/545/1.f:NCJBIN_02880 -            647 GH43_5.hmm           -            287   1.2e-21   81.9   6.1   1   1   2.5e-18   1.4e-15   62.0   0.8     3   266   350   612   348   638 0.79 [190263/545/1]
190263/399/1.f:CDLIDF_03200 -            640 GH43_5.hmm           -            287   1.5e-21   81.6  11.8   1   1   1.8e-19     1e-16   65.7   3.3     3   267   343   606   341   632 0.77 [190263/399/1]
190263/488/1.f:DNPFAC_05530 -            322 GH43_5.hmm           -            287   1.5e-21   81.6   2.8   1   1   1.8e-22     1e-19   75.6   2.8     3   281    45   300    43   304 0.80 [190263/488/1]
190263/388/1.f:FDDJJK_05830 -            800 GH43_5.hmm           -            287   1.6e-21   81.5   8.9   1   1   1.1e-23   6.4e-21   79.5   8.9     3   285    40   303    38   304 0.79 [190263/388/1]
190263/417/1.f:MHBJAE_04970 -            322 GH43_5.hmm           -            287   1.8e-21   81.4   3.5   1   1   1.4e-22     8e-20   75.9   3.5     3   281    45   300    43   304 0.80 [190263/417/1]
190263/527/1.f:HGADJN_08265 -           2030 GH43_5.hmm           -            287   1.8e-21   81.3  21.4   1   1   1.2e-19   6.5e-17   66.4   2.9     3   262  1574  1839  1572  1870 0.73 [190263/527/1]
190263/401/1.f:DMFJNH_07485 -            333 GH43_5.hmm           -            287   2.8e-21   80.7   1.4   1   1   6.3e-24   3.5e-21   80.4   1.4     3   282    39   321    37   325 0.79 [190263/401/1]
190263/504/1.f:DOAHDM_07990 -            333 GH43_5.hmm           -            287   2.8e-21   80.7   1.4   1   1   6.3e-24   3.5e-21   80.4   1.4     3   282    39   321    37   325 0.79 [190263/504/1]
190263/461/1.f:DHPHOK_00505 -            646 GH43_5.hmm           -            287   3.3e-21   80.5   8.8   1   1   5.4e-20     3e-17   67.4   2.2     3   266   351   613   349   638 0.77 [190263/461/1]
190263/502/1.f:NONHGB_01690 -            800 GH43_5.hmm           -            287   3.4e-21   80.4   8.6   1   1   2.7e-23   1.5e-20   78.3   8.6     3   285    40   303    38   304 0.78 [190263/502/1]
190263/595/1.f:HGDLEC_06255 -            812 GH43_5.hmm           -            287   4.4e-21   80.0   5.1   1   1   5.6e-23   3.2e-20   77.2   5.1     3   285    41   305    39   306 0.78 [190263/595/1]
190263/391/1.f:NONBJF_06480 -            802 GH43_5.hmm           -            287   8.5e-21   79.1   5.7   1   1   6.1e-23   3.4e-20   77.1   5.7     3   285    40   303    38   304 0.78 [190263/391/1]
190263/545/1.f:NCJBIN_06345 -            802 GH43_5.hmm           -            287   8.5e-21   79.1   5.7   1   1   6.1e-23   3.4e-20   77.1   5.7     3   285    40   303    38   304 0.78 [190263/545/1]
190263/388/1.f:FDDJJK_02615 -            647 GH43_5.hmm           -            287   9.3e-21   79.0   6.7   1   1   4.3e-18   2.4e-15   61.2   0.8     3   266   350   612   348   638 0.80 [190263/388/1]
190263/437/1.f:LBKKEJ_18205 -            520 GH43_5.hmm           -            287   9.9e-21   78.9   0.0   1   1   1.9e-22   1.1e-19   75.5   0.0     3   287    34   298    32   298 0.85 [190263/437/1]
190263/534/1.f:OHCFJE_09710 -            647 GH43_5.hmm           -            287     1e-20   78.8   6.1   1   1   2.4e-18   1.3e-15   62.1   0.8     3   266   350   612   348   638 0.79 [190263/534/1]
190263/404/1.f:BGJBIG_05315 -            334 GH43_5.hmm           -            287   1.4e-20   78.4   1.0   1   1   3.1e-23   1.8e-20   78.1   1.0     3   285    39   325    37   326 0.80 [190263/404/1]
190263/562/1.f:KJGNCK_06150 -            521 GH43_5.hmm           -            287   1.4e-20   78.4   0.2   1   1   1.8e-22     1e-19   75.6   0.2     3   287    34   298    32   298 0.84 [190263/562/1]
190263/552/1.f:EMALNL_04300 -            526 GH43_5.hmm           -            287   1.4e-20   78.3   0.2   1   1   1.8e-22     1e-19   75.6   0.2     3   287    34   298    32   298 0.84 [190263/552/1]
190263/502/1.f:NONHGB_04390 -            315 GH43_5.hmm           -            287   1.9e-20   77.9   3.3   1   1   1.2e-21   6.6e-19   72.9   3.3     2   273    34   287    33   301 0.77 [190263/502/1]
190263/546/1.f:GEHMID_03135 -            526 GH43_5.hmm           -            287   7.6e-20   76.0   2.7   1   1   7.7e-22   4.3e-19   73.5   2.7     3   286    17   297    15   298 0.76 [190263/546/1]
190263/405/1.f:EHKDKA_12800 -            530 GH43_5.hmm           -            287   8.8e-20   75.8   1.8   1   1   1.6e-20   9.1e-18   69.2   0.1     3   286    15   293    13   294 0.77 [190263/405/1]
190263/365/1.f:JJMMAK_03125 -            313 GH43_5.hmm           -            287   1.3e-19   75.2   3.4   1   1   1.6e-20   9.2e-18   69.1   3.4     2   269    36   281    35   294 0.77 [190263/365/1]
190263/399/1.f:CDLIDF_06485 -            815 GH43_5.hmm           -            287   1.3e-19   75.2   8.6   1   1   1.5e-21   8.2e-19   72.6   8.6     3   285    52   316    50   317 0.77 [190263/399/1]
190263/461/1.f:DHPHOK_06210 -            523 GH43_5.hmm           -            287   1.5e-19   75.0   0.0   1   1   6.5e-21   3.7e-18   70.5   0.0     3   287    36   300    34   300 0.81 [190263/461/1]
190263/502/1.f:NONHGB_00190 -            517 GH43_5.hmm           -            287   1.8e-19   74.7   0.9   1   1   6.8e-21   3.8e-18   70.4   0.9     3   286    50   311    48   312 0.78 [190263/502/1]
190263/401/1.f:DMFJNH_03515 -            327 GH43_5.hmm           -            287     2e-19   74.6   4.1   1   1   1.6e-20     9e-18   69.2   4.1     2   269    47   295    46   304 0.79 [190263/401/1]
190263/504/1.f:DOAHDM_03950 -            327 GH43_5.hmm           -            287     2e-19   74.6   4.1   1   1   1.6e-20     9e-18   69.2   4.1     2   269    47   295    46   304 0.79 [190263/504/1]
190263/457/1.f:IIKDLL_11780 -            646 GH43_5.hmm           -            287   2.1e-19   74.6   0.6   1   1   1.8e-21   9.9e-19   72.3   0.6     3   287   145   411   143   411 0.76 [190263/457/1]
190263/365/1.f:JJMMAK_05415 -            370 GH43_5.hmm           -            287   2.7e-19   74.2   7.4   1   1   5.7e-20   3.2e-17   67.4   7.4     3   285    45   360    43   361 0.77 [190263/365/1]
190263/369/1.f:JCDIFE_04825 -            316 GH43_5.hmm           -            287   3.1e-19   74.0   2.5   1   1     1e-20   5.9e-18   69.8   2.5     2   273    34   288    33   301 0.79 [190263/369/1]
190263/365/1.f:JJMMAK_06475 -            332 GH43_5.hmm           -            287   3.5e-19   73.8   3.0   1   1   1.2e-21   6.6e-19   72.9   3.0     3   286    44   314    42   315 0.83 [190263/365/1]
190263/405/1.f:EHKDKA_18135 -            520 GH43_5.hmm           -            287   3.7e-19   73.7   0.1   1   1   1.2e-20   6.8e-18   69.6   0.1     3   287    35   299    33   299 0.82 [190263/405/1]
190263/562/1.f:KJGNCK_06070 -            318 GH43_5.hmm           -            287   4.3e-19   73.5   2.3   1   1   9.6e-22   5.4e-19   73.2   2.3     3   284    23   308    21   310 0.79 [190263/562/1]
190263/437/1.f:LBKKEJ_07955 -            352 GH43_5.hmm           -            287   5.8e-19   73.1   0.7   1   1   1.6e-21   9.2e-19   72.4   0.7    10   286    48   334    39   335 0.79 [190263/437/1]
190263/497/1.f:HENFFC_08175 -            313 GH43_5.hmm           -            287   5.9e-19   73.1   2.3   1   1   7.4e-20   4.1e-17   67.0   2.3     2   271    36   283    35   295 0.78 [190263/497/1]
190263/534/1.f:OHCFJE_00275 -            555 GH43_5.hmm           -            287   6.6e-19   72.9   1.6   1   1   1.2e-20   6.7e-18   69.6   1.6     3   287    48   307    46   307 0.82 [190263/534/1]
190263/552/1.f:EMALNL_04325 -            332 GH43_5.hmm           -            287   1.1e-18   72.2   2.5   1   1   2.5e-21   1.4e-18   71.8   2.5     3   284    37   322    35   324 0.79 [190263/552/1]
190263/497/1.f:HENFFC_05550 -            332 GH43_5.hmm           -            287   1.2e-18   72.1   2.3   1   1   3.9e-21   2.2e-18   71.2   2.3     3   286    44   314    42   315 0.82 [190263/497/1]
190263/369/1.f:JCDIFE_12795 -            333 GH43_5.hmm           -            287   1.4e-18   71.9   3.7   1   1   3.4e-21   1.9e-18   71.4   3.7     3   269    44   300    42   324 0.75 [190263/369/1]
190263/475/1.f:MCKEEP_03215 -            330 GH43_5.hmm           -            287   1.5e-18   71.7   0.9   1   1   4.2e-21   2.3e-18   71.1   0.9     3   265    42   290    40   313 0.79 [190263/475/1]
190263/573/1.f:LIDFCI_20375 -            330 GH43_5.hmm           -            287   1.5e-18   71.7   0.9   1   1   4.2e-21   2.3e-18   71.1   0.9     3   265    42   290    40   313 0.79 [190263/573/1]
190263/365/1.f:JJMMAK_09110 -            331 GH43_5.hmm           -            287   1.6e-18   71.6   2.0   1   1   5.6e-20   3.1e-17   67.4   2.0     3   270    50   295    48   301 0.77 [190263/365/1]
190263/562/1.f:KJGNCK_14345 -            549 GH43_5.hmm           -            287   1.6e-18   71.6   1.8   1   1   9.7e-21   5.5e-18   69.9   1.8     3   287    47   307    45   307 0.81 [190263/562/1]
190263/580/1.f:JCPJNN_25895 -            306 GH43_5.hmm           -            287   1.8e-18   71.5   0.1   1   1   4.1e-21   2.3e-18   71.1   0.1     3   285    21   297    19   298 0.80 [190263/580/1]
190263/580/1.f:JCPJNN_30525 -            501 GH43_5.hmm           -            287   2.1e-18   71.3   0.2   1   1   2.3e-19   1.3e-16   65.4   0.2     3   287    14   279    12   279 0.84 [190263/580/1]
190263/461/1.f:DHPHOK_05310 -            322 GH43_5.hmm           -            287   2.7e-18   70.9   3.0   1   1     2e-19   1.1e-16   65.6   3.0     2   249    34   263    33   297 0.74 [190263/461/1]
190263/369/1.f:JCDIFE_01260 -            334 GH43_5.hmm           -            287   2.8e-18   70.8   0.1   1   1   7.8e-21   4.4e-18   70.2   0.1     3   265    44   292    42   315 0.77 [190263/369/1]
190263/409/1.f:AJJCMD_17550 -            503 GH43_5.hmm           -            287   2.9e-18   70.8   2.6   1   1   6.1e-20   3.4e-17   67.3   2.6     3   287    14   279    12   279 0.83 [190263/409/1]
190263/552/1.f:EMALNL_09490 -           1085 GH43_5.hmm           -            287   3.1e-18   70.7   0.8   1   1   9.6e-21   5.4e-18   69.9   0.8     3   285   794  1064   792  1065 0.81 [190263/552/1]
190263/466/1.f:PGJOII_06060 -            340 GH43_5.hmm           -            287   3.6e-18   70.5   0.2   1   1     1e-20   5.7e-18   69.8   0.2     3   265    50   298    48   321 0.78 [190263/466/1]
190263/461/1.f:DHPHOK_01440 -            334 GH43_5.hmm           -            287   4.1e-18   70.3   0.1   1   1   1.1e-20   6.2e-18   69.7   0.1     3   264    44   291    42   315 0.76 [190263/461/1]
190263/552/1.f:EMALNL_07155 -            329 GH43_5.hmm           -            287   5.6e-18   69.9   0.6   1   1   1.7e-20   9.7e-18   69.1   0.6     3   284    41   310    39   312 0.78 [190263/552/1]
190263/379/1.f:LOJHAC_08255 -            334 GH43_5.hmm           -            287   6.2e-18   69.7   2.6   1   1     2e-20   1.1e-17   68.9   2.6     3   285    46   316    44   317 0.81 [190263/379/1]
190263/516/1.f:MGNFBC_06985 -            334 GH43_5.hmm           -            287   6.2e-18   69.7   2.6   1   1     2e-20   1.1e-17   68.9   2.6     3   285    46   316    44   317 0.81 [190263/516/1]
190263/580/1.f:JCPJNN_18320 -            465 GH43_5.hmm           -            287   6.8e-18   69.6   2.4   1   1   9.9e-20   5.5e-17   66.6   2.4     3   285    30   311    28   312 0.73 [190263/580/1]
190263/401/1.f:DMFJNH_03485 -            330 GH43_5.hmm           -            287   7.4e-18   69.5   5.5   1   1   1.7e-19   9.5e-17   65.8   5.5     2   266    49   295    48   308 0.79 [190263/401/1]
190263/504/1.f:DOAHDM_03935 -            330 GH43_5.hmm           -            287   7.4e-18   69.5   5.5   1   1   1.7e-19   9.5e-17   65.8   5.5     2   266    49   295    48   308 0.79 [190263/504/1]
190263/552/1.f:EMALNL_14145 -            549 GH43_5.hmm           -            287   7.5e-18   69.4   3.1   1   1   4.2e-20   2.3e-17   67.8   1.8     3   287    47   307    45   307 0.80 [190263/552/1]
190263/475/1.f:MCKEEP_07780 -            329 GH43_5.hmm           -            287   8.5e-18   69.3   0.9   1   1   2.6e-20   1.5e-17   68.5   0.9     3   284    41   310    39   312 0.78 [190263/475/1]
190263/520/1.f:GGDGDE_09245 -            630 GH43_5.hmm           -            287   8.9e-18   69.2   0.1   1   1   7.5e-20   4.2e-17   67.0   0.1     3   287   143   408   141   408 0.76 [190263/520/1]
190263/401/1.f:DMFJNH_04555 -            329 GH43_5.hmm           -            287   9.3e-18   69.1   0.9   1   1   7.5e-19   4.2e-16   63.7   0.9     3   268    39   293    37   310 0.78 [190263/401/1]
190263/504/1.f:DOAHDM_05050 -            329 GH43_5.hmm           -            287   9.3e-18   69.1   0.9   1   1   7.5e-19   4.2e-16   63.7   0.9     3   268    39   293    37   310 0.78 [190263/504/1]
190263/556/1.f:EMIPPF_06030 -            332 GH43_5.hmm           -            287   9.3e-18   69.1   0.6   1   1   2.9e-20   1.6e-17   68.3   0.6     3   285    39   308    37   309 0.83 [190263/556/1]
190263/488/1.f:DNPFAC_10005 -            330 GH43_5.hmm           -            287   9.4e-18   69.1   4.5   1   1   3.3e-20   1.8e-17   68.2   4.5     3   286    42   311    40   312 0.81 [190263/488/1]
190263/573/1.f:LIDFCI_16670 -            329 GH43_5.hmm           -            287   1.1e-17   68.9   0.6   1   1   3.4e-20   1.9e-17   68.1   0.6     3   284    41   310    39   312 0.78 [190263/573/1]
190263/562/1.f:KJGNCK_03005 -            329 GH43_5.hmm           -            287   1.1e-17   68.9   0.5   1   1   3.3e-20   1.9e-17   68.1   0.5     3   263    41   287    39   311 0.78 [190263/562/1]
190263/405/1.f:EHKDKA_15365 -            549 GH43_5.hmm           -            287   1.2e-17   68.8   1.6   1   1   1.2e-19   6.9e-17   66.3   1.6     3   287    47   307    45   307 0.81 [190263/405/1]
190263/461/1.f:DHPHOK_17575 -            979 GH43_5.hmm           -            287   1.2e-17   68.8   2.1   1   1   4.6e-19   2.6e-16   64.4   2.1     3   286   515   776   513   777 0.79 [190263/461/1]
190263/368/1.f:HPMDBE_07740 -            334 GH43_5.hmm           -            287   1.3e-17   68.6   2.8   1   1   4.4e-20   2.5e-17   67.7   2.8     3   285    46   316    44   317 0.81 [190263/368/1]
190263/552/1.f:EMALNL_01575 -            510 GH43_5.hmm           -            287   1.3e-17   68.6   1.7   1   1   4.5e-18   2.5e-15   61.2   1.7     3   286    46   304    44   305 0.82 [190263/552/1]
190263/490/1.f:OIBLLI_02545 -            512 GH43_5.hmm           -            287   1.6e-17   68.4   0.1   1   1   9.8e-20   5.5e-17   66.6   0.1     3   258    16   252    14   286 0.79 [190263/490/1]
190263/502/1.f:NONHGB_14095 -            549 GH43_5.hmm           -            287   1.6e-17   68.4   1.3   1   1   1.5e-19   8.5e-17   66.0   1.3     3   287    47   307    45   307 0.81 [190263/502/1]
190263/585/1.f:DLBDDB_04640 -            329 GH43_5.hmm           -            287   3.4e-17   67.3   4.1   1   1   1.1e-18   6.2e-16   63.2   4.1     3   280    40   305    38   310 0.77 [190263/585/1]
190263/504/1.f:DOAHDM_14575 -            549 GH43_5.hmm           -            287   3.7e-17   67.2   1.6   1   1   5.6e-19   3.2e-16   64.1   1.2     3   287    47   307    45   307 0.78 [190263/504/1]
190263/401/1.f:DMFJNH_14545 -            549 GH43_5.hmm           -            287   3.7e-17   67.2   1.6   1   1   5.6e-19   3.2e-16   64.1   1.2     3   287    47   307    45   307 0.78 [190263/401/1]
190263/399/1.f:CDLIDF_10110 -            550 GH43_5.hmm           -            287   4.8e-17   66.8   0.4   1   1   1.7e-18   9.6e-16   62.5   0.8     3   287    48   308    46   308 0.80 [190263/399/1]
190263/417/1.f:MHBJAE_08890 -            333 GH43_5.hmm           -            287   5.8e-17   66.5   3.0   1   1   2.1e-19   1.2e-16   65.5   3.0     3   286    42   311    40   312 0.80 [190263/417/1]
190263/391/1.f:NONBJF_10790 -            554 GH43_5.hmm           -            287   6.6e-17   66.3   0.3   1   1   4.1e-18   2.3e-15   61.3   0.7     3   287    47   306    45   306 0.80 [190263/391/1]
190263/534/1.f:OHCFJE_02065 -            554 GH43_5.hmm           -            287   6.6e-17   66.3   0.3   1   1   4.1e-18   2.3e-15   61.3   0.7     3   287    47   306    45   306 0.80 [190263/534/1]
190263/545/1.f:NCJBIN_11650 -            554 GH43_5.hmm           -            287   6.6e-17   66.3   0.3   1   1   4.1e-18   2.3e-15   61.3   0.7     3   287    47   306    45   306 0.80 [190263/545/1]
190263/520/1.f:GGDGDE_09240 -            526 GH43_5.hmm           -            287   7.2e-17   66.2   3.9   1   1   1.8e-18   9.8e-16   62.5   3.9     3   287    25   283    23   283 0.82 [190263/520/1]
190263/388/1.f:FDDJJK_10255 -            554 GH43_5.hmm           -            287   7.4e-17   66.2   0.3   1   1     9e-18   5.1e-15   60.2   0.7     3   287    47   306    45   306 0.79 [190263/388/1]
190263/520/1.f:GGDGDE_20565 -            540 GH43_5.hmm           -            287   7.7e-17   66.1   4.6   1   1   1.3e-18   7.2e-16   62.9   4.4     3   287    15   305    13   305 0.75 [190263/520/1]
190263/475/1.f:MCKEEP_14510 -            549 GH43_5.hmm           -            287     8e-17   66.1   3.3   1   1   4.4e-19   2.5e-16   64.5   1.8     3   287    47   307    45   307 0.79 [190263/475/1]
190263/573/1.f:LIDFCI_04235 -            549 GH43_5.hmm           -            287   1.2e-16   65.5   2.7   1   1   6.6e-19   3.7e-16   63.9   1.5     3   287    47   307    45   307 0.79 [190263/573/1]
190263/585/1.f:DLBDDB_16965 -            548 GH43_5.hmm           -            287   1.5e-16   65.2   3.3   1   1   6.5e-19   3.7e-16   63.9   1.8     3   287    47   307    45   307 0.79 [190263/585/1]
190263/391/1.f:NONBJF_09835 -            499 GH43_5.hmm           -            287   1.6e-16   65.0   1.1   1   1   8.5e-18   4.8e-15   60.2   0.2     3   286    43   302    41   303 0.79 [190263/391/1]
190263/534/1.f:OHCFJE_02975 -            499 GH43_5.hmm           -            287   1.6e-16   65.0   1.1   1   1   8.5e-18   4.8e-15   60.2   0.2     3   286    43   302    41   303 0.79 [190263/534/1]
190263/545/1.f:NCJBIN_10675 -            499 GH43_5.hmm           -            287   1.6e-16   65.0   1.1   1   1   8.5e-18   4.8e-15   60.2   0.2     3   286    43   302    41   303 0.79 [190263/545/1]
190263/388/1.f:FDDJJK_00610 -            549 GH43_5.hmm           -            287   1.9e-16   64.8   0.5   1   1   6.4e-18   3.6e-15   60.6   1.0     3   287    47   307    45   307 0.81 [190263/388/1]
190263/552/1.f:EMALNL_11310 -            558 GH43_5.hmm           -            287   2.4e-16   64.5   0.5   1   1   1.1e-17   6.3e-15   59.9   0.5     3   287    49   309    47   309 0.79 [190263/552/1]
190263/420/1.f:GMHOLO_01490 -            543 GH43_5.hmm           -            287   3.2e-16   64.1   4.5   1   1   7.1e-18     4e-15   60.5   1.1     3   214    14   220    12   223 0.80 [190263/420/1]
190263/527/1.f:HGADJN_01610 -            543 GH43_5.hmm           -            287   3.2e-16   64.1   4.5   1   1   7.1e-18     4e-15   60.5   1.1     3   214    14   220    12   223 0.80 [190263/527/1]
190263/369/1.f:JCDIFE_10740 -            544 GH43_5.hmm           -            287   3.7e-16   63.9   0.9   1   1   2.3e-17   1.3e-14   58.8   1.5     3   287    42   302    40   302 0.82 [190263/369/1]
190263/562/1.f:KJGNCK_05400 -            318 GH43_5.hmm           -            287   4.7e-16   63.5   1.3   1   1   4.6e-17   2.6e-14   57.8   1.3     3   271    27   284    25   297 0.76 [190263/562/1]
190263/475/1.f:MCKEEP_10240 -            558 GH43_5.hmm           -            287   5.4e-16   63.4   0.5   1   1   2.5e-17   1.4e-14   58.7   0.5     3   287    49   309    47   309 0.79 [190263/475/1]
190263/391/1.f:NONBJF_00550 -            549 GH43_5.hmm           -            287   5.6e-16   63.3   0.5   1   1   3.4e-17   1.9e-14   58.3   0.9     3   287    47   307    45   307 0.80 [190263/391/1]
190263/534/1.f:OHCFJE_01315 -            549 GH43_5.hmm           -            287     6e-16   63.2   0.5   1   1   3.4e-17   1.9e-14   58.3   0.9     3   287    47   307    45   307 0.80 [190263/534/1]
190263/545/1.f:NCJBIN_00645 -            549 GH43_5.hmm           -            287     6e-16   63.2   0.5   1   1   3.4e-17   1.9e-14   58.3   0.9     3   287    47   307    45   307 0.80 [190263/545/1]
190263/429/1.f:OMPHBF_13095 -            519 GH43_5.hmm           -            287   6.3e-16   63.1   0.0   1   1   2.7e-17   1.5e-14   58.6   0.0     3   287    14   281    12   281 0.81 [190263/429/1]
190263/573/1.f:LIDFCI_00915 -            558 GH43_5.hmm           -            287   7.6e-16   62.9   0.4   1   1   3.6e-17     2e-14   58.2   0.4     3   287    49   309    47   309 0.78 [190263/573/1]
190263/420/1.f:GMHOLO_02150 -            543 GH43_5.hmm           -            287     1e-15   62.5   5.1   1   1   1.1e-16   6.4e-14   56.5   5.1     3   287    14   304    12   304 0.72 [190263/420/1]
190263/405/1.f:EHKDKA_11580 -            560 GH43_5.hmm           -            287     1e-15   62.4   0.6   1   1     5e-17   2.8e-14   57.7   0.6     3   287    50   310    48   310 0.82 [190263/405/1]
190263/527/1.f:HGADJN_02425 -            543 GH43_5.hmm           -            287   1.9e-15   61.5   5.6   1   1   2.1e-16   1.2e-13   55.7   5.6     3   287    14   304    12   304 0.72 [190263/527/1]
190263/490/1.f:OIBLLI_09290 -            540 GH43_5.hmm           -            287     3e-15   60.9   0.1   1   1   2.1e-17   1.2e-14   59.0   0.1     3   287    14   282    12   282 0.78 [190263/490/1]
190263/466/1.f:PGJOII_00185 -            558 GH43_5.hmm           -            287   3.2e-15   60.8   0.5   1   1   1.4e-16   8.1e-14   56.2   0.5     3   287    50   310    48   310 0.77 [190263/466/1]
190263/437/1.f:LBKKEJ_08355 -            555 GH43_5.hmm           -            287   4.1e-15   60.5   0.3   1   1     8e-17   4.5e-14   57.0   0.2     3   287    48   307    46   307 0.80 [190263/437/1]
190263/456/1.f:LKAJBD_06230 -            558 GH43_5.hmm           -            287   4.2e-15   60.4   0.3   1   1   3.5e-16     2e-13   54.9   0.8     3   287    50   310    48   310 0.76 [190263/456/1]
190263/417/1.f:MHBJAE_04965 -            997 GH43_5.hmm           -            287   5.5e-15   60.0   7.1   1   1   5.1e-17   2.8e-14   57.7   7.1    10   264   386   636   376   658 0.77 [190263/417/1]
190263/401/1.f:DMFJNH_10295 -            558 GH43_5.hmm           -            287   6.2e-15   59.9   0.4   1   1   2.8e-16   1.6e-13   55.3   0.4     3   287    49   309    47   309 0.78 [190263/401/1]
190263/573/1.f:LIDFCI_18730 -            329 GH43_5.hmm           -            287   6.5e-15   59.8   2.2   1   1   5.5e-16   3.1e-13   54.3   2.2     3   269    38   293    36   308 0.77 [190263/573/1]
190263/475/1.f:MCKEEP_04910 -            329 GH43_5.hmm           -            287   7.4e-15   59.6   3.1   1   1   6.3e-16   3.6e-13   54.1   3.1     3   269    38   293    36   308 0.76 [190263/475/1]
190263/552/1.f:EMALNL_04920 -            329 GH43_5.hmm           -            287     8e-15   59.5   2.8   1   1   6.8e-16   3.8e-13   54.0   2.8     3   269    38   293    36   308 0.77 [190263/552/1]
190263/437/1.f:LBKKEJ_07940 -            329 GH43_5.hmm           -            287   8.1e-15   59.5   3.7   1   1   6.3e-16   3.5e-13   54.1   3.7     3   270    41   294    39   310 0.74 [190263/437/1]
190263/399/1.f:CDLIDF_13570 -            659 GH43_5.hmm           -            287   8.6e-15   59.4   3.4   1   1   2.9e-17   1.6e-14   58.5   3.4     3   285   318   634   316   635 0.84 [190263/399/1]
190263/502/1.f:NONHGB_10035 -            559 GH43_5.hmm           -            287   8.9e-15   59.4   0.3   1   1   4.5e-16   2.5e-13   54.6   0.3     3   287    50   310    48   310 0.81 [190263/502/1]
190263/457/1.f:IIKDLL_04080 -            553 GH43_5.hmm           -            287   9.1e-15   59.3   1.0   1   1   4.8e-16   2.7e-13   54.5   1.0     3   287    42   301    40   301 0.75 [190263/457/1]
190263/405/1.f:EHKDKA_05920 -            453 GH43_5.hmm           -            287   1.1e-14   59.1   3.3   1   1   4.8e-17   2.7e-14   57.8   3.3     2   193    33   227    32   305 0.81 [190263/405/1]
190263/396/1.f:KAAOMA_17065 -           1003 GH43_5.hmm           -            287   1.1e-14   59.1   0.5   1   1   1.6e-16   8.9e-14   56.1   0.1     3   193    41   234    39   266 0.78 [190263/396/1]
190263/401/1.f:DMFJNH_03595 -           1544 GH43_5.hmm           -            287   1.3e-14   58.9   3.4   1   1   4.5e-17   2.5e-14   57.9   3.4     3   287    37   326    36   326 0.81 [190263/401/1]
190263/504/1.f:DOAHDM_04030 -           1544 GH43_5.hmm           -            287   1.3e-14   58.9   3.4   1   1   4.5e-17   2.5e-14   57.9   3.4     3   287    37   326    36   326 0.81 [190263/504/1]
190263/564/1.f:KIHMBJ_07125 -            369 GH43_5.hmm           -            287   1.5e-14   58.7   3.1   1   1   8.5e-17   4.8e-14   57.0   3.1     2   265    67   326    66   337 0.76 [190263/564/1]
190263/502/1.f:NONHGB_05240 -            453 GH43_5.hmm           -            287   1.6e-14   58.5   3.6   1   1   6.1e-17   3.4e-14   57.4   3.6     2   193    33   227    32   304 0.83 [190263/502/1]
190263/460/1.f:IHFGKI_14510 -            838 GH43_5.hmm           -            287   1.7e-14   58.4   0.3   1   1   1.7e-16   9.4e-14   56.0   0.3    20   285    62   297    29   298 0.77 [190263/460/1]
190263/502/1.f:NONHGB_09350 -            326 GH43_5.hmm           -            287   2.3e-14   58.0   6.4   1   1   2.2e-16   1.3e-13   55.6   6.4     3   286    38   309    36   310 0.79 [190263/502/1]
190263/366/1.f:DBJPFP_01310 -            474 GH43_5.hmm           -            287   2.5e-14   57.9   3.6   1   1   9.3e-16   5.2e-13   53.6   1.3     2   194   135   345   134   357 0.74 [190263/366/1]
190263/420/1.f:GMHOLO_06770 -            548 GH43_5.hmm           -            287     3e-14   57.6   2.4   1   1   3.1e-16   1.7e-13   55.1   2.4     3   224    13   232    11   312 0.79 [190263/420/1]
190263/527/1.f:HGADJN_07100 -            548 GH43_5.hmm           -            287     3e-14   57.6   2.4   1   1   3.1e-16   1.7e-13   55.1   2.4     3   224    13   232    11   312 0.79 [190263/527/1]
190263/552/1.f:EMALNL_07535 -            443 GH43_5.hmm           -            287   3.5e-14   57.4   6.1   1   1   1.8e-16     1e-13   55.9   5.5     2   219    34   234    33   296 0.81 [190263/552/1]
190263/461/1.f:DHPHOK_05300 -            880 GH43_5.hmm           -            287   4.9e-14   56.9   4.1   1   1   1.5e-16   8.1e-14   56.2   4.1     3   217    34   242    32   254 0.86 [190263/461/1]
190263/475/1.f:MCKEEP_08335 -            443 GH43_5.hmm           -            287   5.6e-14   56.7   6.4   1   1   2.9e-16   1.6e-13   55.2   5.8     2   219    34   234    33   296 0.81 [190263/475/1]
190263/502/1.f:NONHGB_02290 -            322 GH43_5.hmm           -            287   7.9e-14   56.2   7.3   1   1   2.6e-16   1.5e-13   55.4   7.3     3   231    42   269    40   313 0.78 [190263/502/1]
190263/456/1.f:LKAJBD_13615 -            322 GH43_5.hmm           -            287   1.5e-13   55.3   6.5   1   1     6e-16   3.4e-13   54.2   6.5     3   250    42   292    40   314 0.75 [190263/456/1]
190263/399/1.f:CDLIDF_13470 -            471 GH43_5.hmm           -            287   2.8e-13   54.4   1.4   1   1     5e-16   2.8e-13   54.4   1.4    16   192    63   229    41   239 0.85 [190263/399/1]
190263/580/1.f:JCPJNN_02360 -            556 GH43_5.hmm           -            287   3.2e-13   54.2   4.4   1   1   8.6e-16   4.8e-13   53.7   1.8     3   263    14   273    12   285 0.73 [190263/580/1]
#
# Program:         hmmsearch
# Version:         3.3.2 (Nov 2020)
# Pipeline mode:   SEARCH
# Query file:      /kb/module/work/tmp/output.1725388484971/GH43_5/GH43_5.hmm
# Target file:     /kb/module/work/tmp/output.1725388484971/hCom2_RAST.fasta
# Option settings: /kb/module/hmmer/bin/hmmsearch --domtblout /kb/module/work/tmp/output.1725388484971/GH43_5/GH43_5-hCom2_RAST.hitout.txt --noali --notextw --domE 1e-15 /kb/module/work/tmp/output.1725388484971/GH43_5/GH43_5.hmm /kb/module/work/tmp/output.1725388484971/hCom2_RAST.fasta 
# Current dir:     /kb/module/work/tmp/output.1725388484971
# Date:            Tue Sep  3 18:51:45 2024
# [ok]
