#                                                                                   --- full sequence --- -------------- this domain -------------   hmm coord   ali coord   env coord
# target name               accession   tlen query name           accession   qlen   E-value  score  bias   #  of  c-Evalue  i-Evalue  score  bias  from    to  from    to  from    to  acc description of target
#       ------------------- ---------- ----- -------------------- ---------- ----- --------- ------ ----- --- --- --------- --------- ------ ----- ----- ----- ----- ----- ----- ----- ---- ---------------------
190263/461/1.f:DHPHOK_06210 -            523 GH43_14.hmm          -            291  3.3e-102  346.4   0.4   1   1  6.6e-105  4.3e-102  346.1   0.4     1   291    25   300    25   300 0.95 [190263/461/1]
190263/409/1.f:AJJCMD_17550 -            503 GH43_14.hmm          -            291  3.1e-101  343.3   3.4   1   1  6.2e-104  4.1e-101  342.9   3.4     1   291     3   279     3   279 0.94 [190263/409/1]
190263/490/1.f:OIBLLI_09290 -            540 GH43_14.hmm          -            291  2.7e-100  340.2   0.4   1   1  5.6e-103  3.7e-100  339.7   0.4     1   291     3   282     3   282 0.97 [190263/490/1]
190263/405/1.f:EHKDKA_18135 -            520 GH43_14.hmm          -            291  8.8e-100  338.5   1.0   1   1  2.1e-102   1.4e-99  337.9   1.0     1   291    24   299    24   299 0.95 [190263/405/1]
190263/562/1.f:KJGNCK_06150 -            521 GH43_14.hmm          -            291  9.5e-100  338.4   0.4   1   1  2.1e-102   1.4e-99  337.9   0.4     1   291    23   298    23   298 0.95 [190263/562/1]
190263/552/1.f:EMALNL_04300 -            526 GH43_14.hmm          -            291  9.9e-100  338.3   0.4   1   1  2.1e-102   1.4e-99  337.9   0.4     1   291    23   298    23   298 0.95 [190263/552/1]
190263/437/1.f:LBKKEJ_18205 -            520 GH43_14.hmm          -            291   6.4e-99  335.7   0.5   1   1  1.4e-101   9.2e-99  335.2   0.5     1   291    23   298    23   298 0.95 [190263/437/1]
190263/429/1.f:OMPHBF_13095 -            519 GH43_14.hmm          -            291   1.8e-97  330.9   0.3   1   1  5.3e-100   3.5e-97  330.0   0.2     1   291     3   281     3   281 0.97 [190263/429/1]
190263/580/1.f:JCPJNN_30525 -            501 GH43_14.hmm          -            291   2.4e-96  327.3   0.4   1   1   4.6e-99     3e-96  326.9   0.4     1   291     3   279     3   279 0.96 [190263/580/1]
190263/456/1.f:LKAJBD_02480 -            512 GH43_14.hmm          -            291   1.7e-94  321.2   0.5   1   1   3.3e-97   2.2e-94  320.8   0.5     1   291    12   288    12   288 0.93 [190263/456/1]
190263/447/1.f:OLODHC_01285 -            525 GH43_14.hmm          -            291   4.8e-90  306.5   0.1   1   1     3e-92     2e-89  304.5   0.0     3   290     6   292     4   293 0.94 [190263/447/1]
190263/507/1.f:KPMKPI_02035 -            512 GH43_14.hmm          -            291   8.5e-90  305.7   0.2   1   1   1.9e-92   1.3e-89  305.2   0.2     1   291     3   287     3   287 0.93 [190263/507/1]
190263/520/1.f:GGDGDE_19885 -            513 GH43_14.hmm          -            291   1.2e-89  305.2   0.6   1   1   2.4e-92   1.6e-89  304.8   0.6     2   291     5   290     4   290 0.91 [190263/520/1]
190263/580/1.f:JCPJNN_10115 -            541 GH43_14.hmm          -            291   1.6e-89  304.8   2.9   1   1   4.7e-92   3.1e-89  303.9   2.1     2   291     6   287     5   287 0.93 [190263/580/1]
190263/546/1.f:GEHMID_03135 -            526 GH43_14.hmm          -            291   3.6e-88  300.4   1.8   1   1   6.9e-91   4.5e-88  300.1   1.8     2   290     7   297     6   298 0.92 [190263/546/1]
190263/443/1.f:LNLACP_05715 -            520 GH43_14.hmm          -            291   1.2e-87  298.7   0.4   1   1   2.3e-90   1.5e-87  298.3   0.4     2   291     5   291     4   291 0.90 [190263/443/1]
190263/520/1.f:GGDGDE_09840 -            508 GH43_14.hmm          -            291     1e-86  295.6   0.8   1   1     2e-89   1.3e-86  295.3   0.8     2   290     4   285     3   286 0.94 [190263/520/1]
190263/399/1.f:CDLIDF_13450 -            857 GH43_14.hmm          -            291     7e-86  292.9   0.3   1   1   8.2e-83   5.4e-80  273.6   0.1     2   291    25   312    24   312 0.92 [190263/399/1]
190263/520/1.f:GGDGDE_05930 -            521 GH43_14.hmm          -            291   1.3e-84  288.7   0.1   1   1   2.9e-87   1.9e-84  288.2   0.1     2   291     5   291     4   291 0.91 [190263/520/1]
190263/423/1.f:PDNKFB_07020 -            523 GH43_14.hmm          -            291     3e-84  287.5   1.2   1   1   4.8e-87   3.2e-84  287.4   0.4     2   291     5   291     4   291 0.92 [190263/423/1]
190263/552/1.f:EMALNL_04305 -            529 GH43_14.hmm          -            291   6.2e-84  286.5   0.2   1   1   1.2e-86   8.1e-84  286.1   0.2     2   291    28   305    27   305 0.92 [190263/552/1]
190263/399/1.f:CDLIDF_13510 -            537 GH43_14.hmm          -            291   1.2e-83  285.6   2.0   1   1   2.6e-86   1.7e-83  285.0   2.0     1   287    25   308    25   311 0.93 [190263/399/1]
190263/409/1.f:AJJCMD_07230 -            533 GH43_14.hmm          -            291   3.1e-83  284.2   0.0   1   1   7.5e-86   4.9e-83  283.5   0.0     2   290    10   297     9   298 0.93 [190263/409/1]
190263/400/1.f:EIBLKL_09455 -            495 GH43_14.hmm          -            291   3.8e-83  283.9   1.0   1   1   8.2e-86   5.4e-83  283.4   1.0     1   288     3   280     3   282 0.95 [190263/400/1]
190263/562/1.f:KJGNCK_06145 -            530 GH43_14.hmm          -            291     8e-83  282.8   0.1   1   1   1.5e-85     1e-82  282.5   0.1     2   291    29   306    28   306 0.92 [190263/562/1]
190263/405/1.f:EHKDKA_12800 -            530 GH43_14.hmm          -            291   4.2e-80  273.9   0.2   1   1     1e-82   6.8e-80  273.2   0.2     2   290     5   293     4   294 0.94 [190263/405/1]
190263/534/1.f:OHCFJE_03255 -            549 GH43_14.hmm          -            291   1.2e-79  272.4   0.2   1   1   3.6e-82   2.3e-79  271.5   0.1     2   289    44   328    43   329 0.92 [190263/534/1]
190263/391/1.f:NONBJF_09625 -            549 GH43_14.hmm          -            291   1.2e-79  272.4   0.2   1   1   3.6e-82   2.3e-79  271.5   0.1     2   289    44   328    43   329 0.92 [190263/391/1]
190263/545/1.f:NCJBIN_10445 -            549 GH43_14.hmm          -            291   1.2e-79  272.4   0.2   1   1   3.6e-82   2.3e-79  271.5   0.1     2   289    44   328    43   329 0.92 [190263/545/1]
190263/409/1.f:AJJCMD_00315 -            525 GH43_14.hmm          -            291   2.2e-79  271.5   0.3   1   1   5.4e-81   3.5e-78  267.6   0.0     2   291     5   298     4   298 0.88 [190263/409/1]
190263/456/1.f:LKAJBD_08130 -            577 GH43_14.hmm          -            291   8.2e-78  266.4   1.0   1   1   1.8e-80   1.2e-77  265.9   1.0     2   291    69   365    68   365 0.90 [190263/456/1]
190263/552/1.f:EMALNL_07540 -            577 GH43_14.hmm          -            291   4.1e-77  264.1   0.7   1   1   9.8e-80   6.4e-77  263.5   0.7     2   291    69   365    68   365 0.90 [190263/552/1]
190263/573/1.f:LIDFCI_15995 -            577 GH43_14.hmm          -            291   6.3e-77  263.5   0.8   1   1   1.7e-79   1.1e-76  262.7   0.8     2   291    69   365    68   365 0.91 [190263/573/1]
190263/460/1.f:IHFGKI_14400 -            556 GH43_14.hmm          -            291   6.3e-77  263.5   0.1   1   1   1.4e-79   8.9e-77  263.0   0.1     1   291    46   340    46   340 0.89 [190263/460/1]
190263/490/1.f:OIBLLI_02545 -            512 GH43_14.hmm          -            291   1.5e-75  259.0   0.1   1   1   3.3e-78   2.2e-75  258.4   0.1     1   290     5   285     5   286 0.94 [190263/490/1]
190263/437/1.f:LBKKEJ_18100 -            570 GH43_14.hmm          -            291   1.6e-75  258.9   0.1   1   1   3.2e-78   2.1e-75  258.5   0.1     2   291    57   350    56   350 0.89 [190263/437/1]
190263/388/1.f:FDDJJK_00210 -            632 GH43_14.hmm          -            291   7.2e-75  256.7   0.4   1   1   2.7e-77   1.8e-74  255.4   0.6     2   291   124   420   123   420 0.90 [190263/388/1]
190263/502/1.f:NONHGB_01905 -            919 GH43_14.hmm          -            291   2.4e-74  255.0   0.2   1   1   6.5e-77   4.2e-74  254.2   0.2     2   291    67   362    66   362 0.89 [190263/502/1]
190263/534/1.f:OHCFJE_00195 -            632 GH43_14.hmm          -            291   3.5e-74  254.5   0.3   1   1   1.1e-76   7.5e-74  253.4   0.6     2   291   124   420   123   420 0.90 [190263/534/1]
190263/391/1.f:NONBJF_00195 -            632 GH43_14.hmm          -            291   3.5e-74  254.5   0.3   1   1   1.1e-76   7.5e-74  253.4   0.6     2   291   124   420   123   420 0.90 [190263/391/1]
190263/545/1.f:NCJBIN_00195 -            632 GH43_14.hmm          -            291   3.5e-74  254.5   0.3   1   1   1.1e-76   7.5e-74  253.4   0.6     2   291   124   420   123   420 0.90 [190263/545/1]
190263/399/1.f:CDLIDF_16950 -            570 GH43_14.hmm          -            291   4.4e-74  254.1   0.1   1   1   8.9e-77   5.8e-74  253.8   0.1     2   291    57   350    56   350 0.89 [190263/399/1]
190263/573/1.f:LIDFCI_16020 -            575 GH43_14.hmm          -            291   4.8e-74  254.0   0.4   1   1   1.1e-76   7.1e-74  253.5   0.4     2   291    64   359    63   359 0.88 [190263/573/1]
190263/405/1.f:EHKDKA_02030 -            919 GH43_14.hmm          -            291   4.9e-74  254.0   0.3   1   1   1.2e-76   7.9e-74  253.3   0.3     2   291    67   362    66   362 0.89 [190263/405/1]
190263/475/1.f:MCKEEP_08320 -            575 GH43_14.hmm          -            291   5.8e-74  253.8   0.4   1   1   1.5e-76   9.6e-74  253.0   0.4     2   291    64   359    63   359 0.88 [190263/475/1]
190263/595/1.f:HGDLEC_08325 -            561 GH43_14.hmm          -            291   5.9e-74  253.7   0.3   1   1   1.2e-76   7.7e-74  253.4   0.3     2   291    48   341    47   341 0.90 [190263/595/1]
190263/552/1.f:EMALNL_07520 -            575 GH43_14.hmm          -            291   7.6e-74  253.4   0.4   1   1   1.7e-76   1.1e-73  252.8   0.4     2   291    64   359    63   359 0.88 [190263/552/1]
190263/405/1.f:EHKDKA_12840 -            882 GH43_14.hmm          -            291   1.7e-73  252.3   0.1   1   1   5.7e-76   3.7e-73  251.1   0.1     3   289   385   678   383   679 0.91 [190263/405/1]
190263/420/1.f:GMHOLO_02150 -            543 GH43_14.hmm          -            291   1.9e-73  252.1   1.7   1   1   2.9e-76   1.9e-73  252.1   1.7     2   291     4   304     3   304 0.90 [190263/420/1]
190263/420/1.f:GMHOLO_01490 -            543 GH43_14.hmm          -            291   7.1e-73  250.2   1.4   1   1   1.1e-75   7.1e-73  250.2   1.4     2   291     4   304     3   304 0.90 [190263/420/1]
190263/527/1.f:HGADJN_01610 -            543 GH43_14.hmm          -            291   7.1e-73  250.2   1.4   1   1   1.1e-75   7.1e-73  250.2   1.4     2   291     4   304     3   304 0.90 [190263/527/1]
190263/502/1.f:NONHGB_11155 -            910 GH43_14.hmm          -            291   7.8e-73  250.0   0.0   1   1   2.3e-75   1.5e-72  249.1   0.0     2   289   410   704   409   705 0.91 [190263/502/1]
190263/527/1.f:HGADJN_02425 -            543 GH43_14.hmm          -            291   8.4e-73  250.0   2.5   1   1   1.3e-75   8.4e-73  250.0   2.5     2   291     4   304     3   304 0.90 [190263/527/1]
190263/546/1.f:GEHMID_02780 -            535 GH43_14.hmm          -            291   8.8e-73  249.9   0.7   1   1   1.3e-75   8.8e-73  249.9   0.7     2   290     4   303     3   304 0.90 [190263/546/1]
190263/457/1.f:IIKDLL_11780 -            646 GH43_14.hmm          -            291   2.6e-72  248.3   0.1   1   1   6.6e-75   4.3e-72  247.6   0.1     1   291   134   411   134   411 0.91 [190263/457/1]
190263/433/1.f:ADFNDI_03705 -            548 GH43_14.hmm          -            291   2.8e-68  235.1   0.1   1   1   1.8e-69   1.2e-66  229.8   0.1     2   290     3   312     2   313 0.85 [190263/433/1]
190263/520/1.f:GGDGDE_20565 -            540 GH43_14.hmm          -            291   4.6e-68  234.4   1.4   1   1   1.1e-70   7.1e-68  233.8   1.4     2   291     5   305     4   305 0.90 [190263/520/1]
190263/580/1.f:JCPJNN_02360 -            556 GH43_14.hmm          -            291   5.2e-68  234.2   0.5   1   1   1.4e-70     9e-68  233.4   0.5     2   290     4   313     3   314 0.83 [190263/580/1]
190263/455/1.f:GDGJDA_02905 -            549 GH43_14.hmm          -            291   2.9e-67  231.8   0.6   1   1     1e-68   6.9e-66  227.3   0.6     2   290     3   312     2   313 0.85 [190263/455/1]
190263/541/1.f:IDEEIE_12865 -            548 GH43_14.hmm          -            291     6e-67  230.7   0.1   1   1   1.5e-68   9.9e-66  226.7   0.1     3   290     4   312     2   313 0.86 [190263/541/1]
190263/520/1.f:GGDGDE_09245 -            630 GH43_14.hmm          -            291   8.3e-67  230.3   0.0   1   1   1.7e-69   1.1e-66  229.8   0.0     1   291   132   408   132   408 0.91 [190263/520/1]
190263/420/1.f:GMHOLO_06770 -            548 GH43_14.hmm          -            291   3.1e-66  228.4   0.4   1   1   1.1e-67   7.4e-65  223.9   0.4     2   290     3   312     2   313 0.86 [190263/420/1]
190263/527/1.f:HGADJN_07100 -            548 GH43_14.hmm          -            291   3.1e-66  228.4   0.4   1   1   1.1e-67   7.4e-65  223.9   0.4     2   290     3   312     2   313 0.86 [190263/527/1]
190263/546/1.f:GEHMID_10190 -            652 GH43_14.hmm          -            291   7.4e-65  223.9   0.8   1   1   2.1e-67   1.3e-64  223.0   0.8     2   290    28   338    27   339 0.86 [190263/546/1]
190263/527/1.f:HGADJN_02320 -            543 GH43_14.hmm          -            291   5.7e-64  221.0   2.5   1   1   1.3e-66   8.7e-64  220.4   2.5     2   291     4   303     3   303 0.89 [190263/527/1]
190263/382/1.f:JACGKO_03555 -            556 GH43_14.hmm          -            291   1.9e-60  209.4   0.6   1   1   1.1e-61     7e-59  204.3   0.6     3   290     6   313     4   314 0.85 [190263/382/1]
190263/420/1.f:GMHOLO_02125 -            564 GH43_14.hmm          -            291   4.7e-50  175.3   0.1   1   1     3e-38     2e-35  127.3   0.0     2   213     8   247     7   264 0.77 [190263/420/1]
190263/527/1.f:HGADJN_02400 -            564 GH43_14.hmm          -            291   1.1e-49  174.1   0.2   1   1   9.4e-38   6.2e-35  125.7   0.0     2   213     8   247     7   264 0.77 [190263/527/1]
190263/405/1.f:EHKDKA_15525 -           1120 GH43_14.hmm          -            291   3.1e-47  166.1  27.0   1   1   2.1e-36   1.4e-33  121.2  13.4     2   290    23   287    22   288 0.84 [190263/405/1]
190263/502/1.f:NONHGB_00355 -            164 GH43_14.hmm          -            291   1.6e-43  153.9   3.2   1   1     3e-46     2e-43  153.5   3.2     1   147    23   157    23   163 0.93 [190263/502/1]
190263/475/1.f:MCKEEP_08340 -            476 GH43_14.hmm          -            291   2.4e-43  153.3   0.1   1   1   6.9e-46   4.5e-43  152.4   0.1   102   291    60   264    47   264 0.87 [190263/475/1]
190263/595/1.f:HGDLEC_03290 -            559 GH43_14.hmm          -            291     5e-41  145.7   0.7   1   1   3.2e-43   2.1e-40  143.6   0.7     1   226    37   255    37   307 0.81 [190263/595/1]
190263/545/1.f:NCJBIN_10530 -            544 GH43_14.hmm          -            291   8.9e-41  144.8   0.7   1   1   4.4e-43   2.9e-40  143.1   0.7     1   225    34   250    34   303 0.82 [190263/545/1]
190263/490/1.f:OIBLLI_09735 -            542 GH43_14.hmm          -            291   1.2e-40  144.4   3.6   1   1   2.2e-42   1.4e-39  140.9   3.6     1   225    11   228    11   281 0.76 [190263/490/1]
190263/391/1.f:NONBJF_09700 -            544 GH43_14.hmm          -            291   2.1e-40  143.6   0.7   1   1     1e-42   6.9e-40  141.9   0.7     1   225    34   250    34   303 0.82 [190263/391/1]
190263/534/1.f:OHCFJE_03150 -            544 GH43_14.hmm          -            291   2.3e-40  143.5   0.7   1   1   1.2e-42   8.2e-40  141.7   0.7     1   224    34   249    34   303 0.84 [190263/534/1]
190263/552/1.f:EMALNL_14145 -            549 GH43_14.hmm          -            291   2.7e-40  143.2   1.7   1   1   8.4e-43   5.5e-40  142.2   1.7     1   225    36   254    36   307 0.89 [190263/552/1]
190263/388/1.f:FDDJJK_00610 -            549 GH43_14.hmm          -            291   2.9e-40  143.2   2.9   1   1   2.6e-42   1.7e-39  140.6   2.9     1   291    36   307    36   307 0.81 [190263/388/1]
190263/384/1.f:CDKGIA_11810 -            549 GH43_14.hmm          -            291   4.5e-40  142.5   0.0   1   1     1e-42   6.6e-40  142.0   0.0     1   223     4   217     4   223 0.87 [190263/384/1]
190263/399/1.f:CDLIDF_10110 -            550 GH43_14.hmm          -            291   7.1e-40  141.9   0.7   1   1   1.8e-42   1.2e-39  141.1   0.1     1   224    37   254    37   263 0.88 [190263/399/1]
190263/405/1.f:EHKDKA_15365 -            549 GH43_14.hmm          -            291   8.2e-40  141.7   1.5   1   1   2.4e-42   1.6e-39  140.7   1.5     1   225    36   254    36   307 0.84 [190263/405/1]
190263/399/1.f:CDLIDF_10095 -            833 GH43_14.hmm          -            291   1.4e-39  140.9  11.2   1   1   2.2e-42   1.4e-39  140.9   8.0     4   290    25   290    22   291 0.87 [190263/399/1]
190263/502/1.f:NONHGB_14095 -            549 GH43_14.hmm          -            291   1.5e-39  140.8   1.1   1   1   4.4e-42   2.9e-39  139.9   1.1     1   225    36   254    36   307 0.84 [190263/502/1]
190263/502/1.f:NONHGB_00190 -            517 GH43_14.hmm          -            291   2.1e-39  140.3   4.9   1   1   5.4e-42   3.5e-39  139.6   3.1     1   290    39   311    39   312 0.86 [190263/502/1]
190263/573/1.f:LIDFCI_00915 -            558 GH43_14.hmm          -            291   2.5e-39  140.1   0.1   1   1   8.1e-42   5.3e-39  139.0   0.1     1   224    38   255    38   264 0.87 [190263/573/1]
190263/552/1.f:EMALNL_11310 -            558 GH43_14.hmm          -            291   2.6e-39  140.0   0.2   1   1   7.9e-42   5.2e-39  139.0   0.2     1   224    38   255    38   267 0.88 [190263/552/1]
190263/573/1.f:LIDFCI_04235 -            549 GH43_14.hmm          -            291     3e-39  139.8   0.4   1   1   9.5e-42   6.2e-39  138.8   0.4     1   225    36   254    36   269 0.88 [190263/573/1]
190263/404/1.f:BGJBIG_07300 -            558 GH43_14.hmm          -            291   3.3e-39  139.7   0.2   1   1   9.3e-42   6.1e-39  138.8   0.2     1   224    38   255    38   267 0.88 [190263/404/1]
190263/562/1.f:KJGNCK_11340 -            558 GH43_14.hmm          -            291   3.7e-39  139.5   0.2   1   1   1.2e-41     8e-39  138.4   0.2     1   224    38   255    38   267 0.88 [190263/562/1]
190263/585/1.f:DLBDDB_08645 -            558 GH43_14.hmm          -            291   3.9e-39  139.4   0.2   1   1   1.2e-41     8e-39  138.4   0.2     1   224    38   255    38   267 0.88 [190263/585/1]
190263/457/1.f:IIKDLL_04080 -            553 GH43_14.hmm          -            291   6.4e-39  138.7   3.0   1   1   1.2e-40   7.7e-38  135.2   3.0     1   225    31   248    31   301 0.77 [190263/457/1]
190263/401/1.f:DMFJNH_14545 -            549 GH43_14.hmm          -            291   9.4e-39  138.2   1.1   1   1   2.6e-41   1.7e-38  137.3   1.1     1   225    36   254    36   307 0.85 [190263/401/1]
190263/504/1.f:DOAHDM_14575 -            549 GH43_14.hmm          -            291   9.5e-39  138.2   1.1   1   1   2.6e-41   1.7e-38  137.3   1.1     1   225    36   254    36   307 0.85 [190263/504/1]
190263/369/1.f:JCDIFE_10740 -            544 GH43_14.hmm          -            291   1.1e-38  138.0   1.0   1   1   3.3e-41   2.2e-38  137.0   1.0     1   225    31   249    31   302 0.87 [190263/369/1]
190263/562/1.f:KJGNCK_14345 -            549 GH43_14.hmm          -            291   1.1e-38  137.9   1.8   1   1   3.3e-41   2.2e-38  137.0   1.8     1   225    36   254    36   307 0.86 [190263/562/1]
190263/585/1.f:DLBDDB_16965 -            548 GH43_14.hmm          -            291   1.2e-38  137.8   0.5   1   1   3.9e-41   2.5e-38  136.8   0.5     1   225    36   254    36   269 0.86 [190263/585/1]
190263/391/1.f:NONBJF_10790 -            554 GH43_14.hmm          -            291   1.2e-38  137.8   0.2   1   1   4.7e-41   3.1e-38  136.5   0.2     1   224    36   252    36   263 0.87 [190263/391/1]
190263/534/1.f:OHCFJE_02065 -            554 GH43_14.hmm          -            291   1.2e-38  137.8   0.2   1   1   4.7e-41   3.1e-38  136.5   0.2     1   224    36   252    36   263 0.87 [190263/534/1]
190263/545/1.f:NCJBIN_11650 -            554 GH43_14.hmm          -            291   1.2e-38  137.8   0.2   1   1   4.7e-41   3.1e-38  136.5   0.2     1   224    36   252    36   263 0.87 [190263/545/1]
190263/520/1.f:GGDGDE_09240 -            526 GH43_14.hmm          -            291   1.4e-38  137.7   2.1   1   1   3.6e-41   2.3e-38  136.9   2.1     1   226    14   231    14   283 0.81 [190263/520/1]
190263/388/1.f:FDDJJK_10255 -            554 GH43_14.hmm          -            291   1.4e-38  137.7   0.1   1   1   6.4e-41   4.2e-38  136.1   0.2     1   224    36   252    36   263 0.87 [190263/388/1]
190263/391/1.f:NONBJF_00550 -            549 GH43_14.hmm          -            291   1.4e-38  137.6   2.4   1   1   8.9e-41   5.8e-38  135.6   2.4     1   225    36   254    36   307 0.82 [190263/391/1]
190263/534/1.f:OHCFJE_01315 -            549 GH43_14.hmm          -            291   1.5e-38  137.5   2.4   1   1   8.9e-41   5.8e-38  135.6   2.4     1   225    36   254    36   307 0.82 [190263/534/1]
190263/545/1.f:NCJBIN_00645 -            549 GH43_14.hmm          -            291   1.5e-38  137.5   2.4   1   1   8.9e-41   5.8e-38  135.6   2.4     1   225    36   254    36   307 0.82 [190263/545/1]
190263/466/1.f:PGJOII_00185 -            558 GH43_14.hmm          -            291   1.9e-38  137.2   0.2   1   1   7.2e-41   4.7e-38  135.9   0.1     1   224    39   256    39   268 0.86 [190263/466/1]
190263/369/1.f:JCDIFE_12790 -            817 GH43_14.hmm          -            291     2e-38  137.1  14.8   1   1   1.6e-40     1e-37  134.8  10.4     3   290    27   290    25   291 0.85 [190263/369/1]
190263/475/1.f:MCKEEP_14510 -            549 GH43_14.hmm          -            291   2.6e-38  136.8   0.6   1   1   8.3e-41   5.5e-38  135.7   0.6     1   225    36   254    36   269 0.86 [190263/475/1]
190263/475/1.f:MCKEEP_10240 -            558 GH43_14.hmm          -            291   3.1e-38  136.5   0.2   1   1   9.3e-41   6.1e-38  135.5   0.2     1   224    38   255    38   267 0.88 [190263/475/1]
190263/369/1.f:JCDIFE_08905 -            570 GH43_14.hmm          -            291   9.6e-38  134.9   0.1   1   1   3.1e-40     2e-37  133.8   0.1     1   224    50   267    50   275 0.87 [190263/369/1]
190263/391/1.f:NONBJF_09835 -            499 GH43_14.hmm          -            291   1.2e-37  134.6   0.5   1   1   5.6e-40   3.7e-37  133.0   0.5     5   290    36   302    33   303 0.87 [190263/391/1]
190263/534/1.f:OHCFJE_02975 -            499 GH43_14.hmm          -            291   1.2e-37  134.6   0.5   1   1   5.6e-40   3.7e-37  133.0   0.5     5   290    36   302    33   303 0.87 [190263/534/1]
190263/545/1.f:NCJBIN_10675 -            499 GH43_14.hmm          -            291   1.2e-37  134.6   0.5   1   1   5.6e-40   3.7e-37  133.0   0.5     5   290    36   302    33   303 0.87 [190263/545/1]
190263/456/1.f:LKAJBD_06230 -            558 GH43_14.hmm          -            291   1.3e-37  134.5   0.2   1   1   3.7e-40   2.4e-37  133.6   0.2     1   224    39   256    39   268 0.88 [190263/456/1]
190263/534/1.f:OHCFJE_00275 -            555 GH43_14.hmm          -            291   2.3e-37  133.6   0.5   1   1   8.7e-40   5.7e-37  132.3   0.5     1   224    37   253    37   263 0.85 [190263/534/1]
190263/405/1.f:EHKDKA_11580 -            560 GH43_14.hmm          -            291   2.6e-37  133.4   0.3   1   1   9.9e-40   6.5e-37  132.1   0.2     1   224    39   256    39   268 0.87 [190263/405/1]
190263/409/1.f:AJJCMD_29650 -            537 GH43_14.hmm          -            291   2.6e-37  133.4   0.1   1   1   5.9e-40   3.9e-37  132.9   0.1     1   224    37   251    37   262 0.87 [190263/409/1]
190263/488/1.f:DNPFAC_07140 -            526 GH43_14.hmm          -            291   4.2e-37  132.8   1.5   1   1     9e-40   5.9e-37  132.3   1.5     1   291    34   309    34   309 0.80 [190263/488/1]
190263/502/1.f:NONHGB_10035 -            559 GH43_14.hmm          -            291   4.4e-37  132.7   0.1   1   1   1.7e-39   1.1e-36  131.4   0.1     1   224    39   256    39   264 0.87 [190263/502/1]
190263/461/1.f:DHPHOK_17575 -            979 GH43_14.hmm          -            291     1e-36  131.5   4.9   1   1   5.2e-39   3.4e-36  129.8   4.9     2   290   505   776   504   777 0.87 [190263/461/1]
190263/401/1.f:DMFJNH_10295 -            558 GH43_14.hmm          -            291   1.3e-36  131.2   0.1   1   1     4e-39   2.6e-36  130.2   0.1     1   223    38   254    38   262 0.88 [190263/401/1]
190263/404/1.f:BGJBIG_07265 -            528 GH43_14.hmm          -            291   1.9e-36  130.6   2.0   1   1   5.3e-39   3.5e-36  129.8   2.0     1   291    36   311    36   311 0.78 [190263/404/1]
190263/552/1.f:EMALNL_01575 -            510 GH43_14.hmm          -            291   2.9e-36  130.0   3.6   1   1   1.5e-38     1e-35  128.3   3.6     4   290    38   304    36   305 0.91 [190263/552/1]
190263/504/1.f:DOAHDM_10665 -            558 GH43_14.hmm          -            291   5.3e-36  129.2   0.1   1   1   1.7e-38   1.1e-35  128.1   0.1     1   223    38   254    38   262 0.88 [190263/504/1]
190263/417/1.f:MHBJAE_06245 -            526 GH43_14.hmm          -            291   5.8e-36  129.0   1.4   1   1   1.3e-38   8.4e-36  128.5   1.4     1   291    34   309    34   309 0.79 [190263/417/1]
190263/545/1.f:NCJBIN_02935 -            817 GH43_14.hmm          -            291   6.4e-36  128.9  13.1   1   1   2.6e-37   1.7e-34  124.2  10.5     3   290    23   286    21   287 0.85 [190263/545/1]
190263/391/1.f:NONBJF_02560 -            817 GH43_14.hmm          -            291   6.4e-36  128.9  13.1   1   1   2.6e-37   1.7e-34  124.2  10.5     3   290    23   286    21   287 0.85 [190263/391/1]
190263/534/1.f:OHCFJE_09655 -            818 GH43_14.hmm          -            291   6.5e-36  128.9  13.1   1   1   2.6e-37   1.7e-34  124.2  10.5     3   290    24   287    22   288 0.85 [190263/534/1]
190263/522/1.f:NPJBCH_10320 -            621 GH43_14.hmm          -            291   7.1e-36  128.7   7.0   1   2   1.2e-19   7.7e-17   66.3   2.5     1   291    30   314    30   314 0.71 [190263/522/1]
190263/522/1.f:NPJBCH_10320 -            621 GH43_14.hmm          -            291   7.1e-36  128.7   7.0   2   2   4.5e-19   2.9e-16   64.4   0.2    11   268   336   588   327   605 0.75 [190263/522/1]
190263/437/1.f:LBKKEJ_14810 -            501 GH43_14.hmm          -            291   7.7e-36  128.6   0.4   1   1   3.2e-38   2.1e-35  127.2   0.4     6   290    39   304    35   305 0.84 [190263/437/1]
190263/497/1.f:HENFFC_12345 -            513 GH43_14.hmm          -            291   8.5e-36  128.5   1.6   1   1   1.5e-38   9.9e-36  128.3   0.8     1   291    26   303    26   303 0.83 [190263/497/1]
190263/365/1.f:JJMMAK_00270 -            513 GH43_14.hmm          -            291   1.7e-35  127.5   0.9   1   1   2.6e-38   1.7e-35  127.5   0.9     1   291    26   303    26   303 0.84 [190263/365/1]
190263/401/1.f:DMFJNH_07380 -            811 GH43_14.hmm          -            291   1.8e-35  127.4  12.3   1   1     1e-36   6.9e-34  122.2  10.3     4   290    25   287    22   288 0.87 [190263/401/1]
190263/504/1.f:DOAHDM_07895 -            811 GH43_14.hmm          -            291   1.8e-35  127.4  12.3   1   1     1e-36   6.9e-34  122.2  10.3     4   290    25   287    22   288 0.87 [190263/504/1]
190263/437/1.f:LBKKEJ_08355 -            555 GH43_14.hmm          -            291     6e-35  125.7   0.5   1   1   1.9e-37   1.2e-34  124.7   0.1     1   224    37   253    37   264 0.87 [190263/437/1]
190263/388/1.f:FDDJJK_02675 -            818 GH43_14.hmm          -            291   9.1e-35  125.1  13.8   1   1   8.7e-37   5.7e-34  122.5   9.8     3   290    24   287    22   288 0.85 [190263/388/1]
190263/405/1.f:EHKDKA_03295 -            725 GH43_14.hmm          -            291     2e-34  124.0   4.0   1   1   8.6e-37   5.7e-34  122.5   4.0     1   291   102   369   102   369 0.80 [190263/405/1]
190263/391/1.f:NONBJF_03805 -            513 GH43_14.hmm          -            291   2.6e-34  123.6   2.4   1   1   6.4e-37   4.2e-34  122.9   2.4     1   291    34   294    34   294 0.82 [190263/391/1]
190263/545/1.f:NCJBIN_04485 -            513 GH43_14.hmm          -            291   2.6e-34  123.6   2.4   1   1   6.4e-37   4.2e-34  122.9   2.4     1   291    34   294    34   294 0.82 [190263/545/1]
190263/534/1.f:OHCFJE_08385 -            513 GH43_14.hmm          -            291   3.3e-34  123.3   2.4   1   1   8.5e-37   5.6e-34  122.5   2.4     1   291    34   294    34   294 0.82 [190263/534/1]
190263/460/1.f:IHFGKI_00025 -            986 GH43_14.hmm          -            291   1.7e-33  120.9  10.6   1   1     2e-31   1.3e-28  104.9   0.4     2   291   479   744   478   744 0.83 [190263/460/1]
190263/401/1.f:DMFJNH_06495 -            637 GH43_14.hmm          -            291   1.9e-33  120.8  11.9   1   2   1.6e-17   1.1e-14   59.2   1.5     3   252    32   276    30   310 0.73 [190263/401/1]
190263/401/1.f:DMFJNH_06495 -            637 GH43_14.hmm          -            291   1.9e-33  120.8  11.9   2   2   1.3e-19   8.3e-17   66.2   3.1     1   291   337   620   337   620 0.70 [190263/401/1]
190263/504/1.f:DOAHDM_07165 -            637 GH43_14.hmm          -            291   1.9e-33  120.8  11.9   1   2   1.6e-17   1.1e-14   59.2   1.5     3   252    32   276    30   310 0.73 [190263/504/1]
190263/504/1.f:DOAHDM_07165 -            637 GH43_14.hmm          -            291   1.9e-33  120.8  11.9   2   2   1.3e-19   8.3e-17   66.2   3.1     1   291   337   620   337   620 0.70 [190263/504/1]
190263/562/1.f:KJGNCK_10930 -            668 GH43_14.hmm          -            291   2.1e-33  120.7   3.7   1   1   9.7e-36   6.4e-33  119.1   3.7     1   291    46   313    46   313 0.81 [190263/562/1]
190263/552/1.f:EMALNL_10855 -            668 GH43_14.hmm          -            291   2.3e-33  120.5   3.7   1   1   9.7e-36   6.4e-33  119.1   3.7     1   291    46   313    46   313 0.81 [190263/552/1]
190263/562/1.f:KJGNCK_02385 -            543 GH43_14.hmm          -            291   3.3e-33  120.0   1.0   1   1   1.7e-35   1.1e-32  118.2   0.3     1   291    43   309    43   309 0.87 [190263/562/1]
190263/504/1.f:DOAHDM_03725 -            514 GH43_14.hmm          -            291   3.5e-33  119.9   2.4   1   1   8.8e-36   5.8e-33  119.2   2.4     1   291    35   295    35   295 0.80 [190263/504/1]
190263/401/1.f:DMFJNH_03265 -            514 GH43_14.hmm          -            291   3.5e-33  119.9   2.4   1   1   8.8e-36   5.8e-33  119.2   2.4     1   291    35   295    35   295 0.80 [190263/401/1]
190263/388/1.f:FDDJJK_00175 -            527 GH43_14.hmm          -            291   4.3e-33  119.6   0.1   1   1   1.2e-35   7.9e-33  118.8   0.1     1   291    25   294    25   294 0.84 [190263/388/1]
190263/391/1.f:NONBJF_00170 -            527 GH43_14.hmm          -            291   1.6e-32  117.8   0.1   1   1   4.3e-35   2.9e-32  116.9   0.1     1   291    25   294    25   294 0.84 [190263/391/1]
190263/534/1.f:OHCFJE_00170 -            527 GH43_14.hmm          -            291   1.6e-32  117.8   0.1   1   1   4.3e-35   2.9e-32  116.9   0.1     1   291    25   294    25   294 0.84 [190263/534/1]
190263/545/1.f:NCJBIN_00170 -            527 GH43_14.hmm          -            291   1.6e-32  117.8   0.1   1   1   4.3e-35   2.9e-32  116.9   0.1     1   291    25   294    25   294 0.84 [190263/545/1]
190263/460/1.f:IHFGKI_01825 -            596 GH43_14.hmm          -            291   1.6e-32  117.8   1.5   1   1   3.3e-35   2.2e-32  117.3   0.5     1   226    45   272    45   325 0.81 [190263/460/1]
190263/552/1.f:EMALNL_01625 -            532 GH43_14.hmm          -            291   2.6e-32  117.0   0.1   1   1   6.3e-35   4.1e-32  116.4   0.1     2   291    28   296    27   296 0.85 [190263/552/1]
190263/391/1.f:NONBJF_09445 -            955 GH43_14.hmm          -            291   1.4e-31  114.6   3.4   1   1   5.8e-34   3.8e-31  113.2   3.4     1   291    35   295    35   295 0.78 [190263/391/1]
190263/534/1.f:OHCFJE_03435 -            955 GH43_14.hmm          -            291   1.4e-31  114.6   3.4   1   1   5.8e-34   3.8e-31  113.2   3.4     1   291    35   295    35   295 0.78 [190263/534/1]
190263/545/1.f:NCJBIN_10260 -            955 GH43_14.hmm          -            291   1.4e-31  114.6   3.4   1   1   5.8e-34   3.8e-31  113.2   3.4     1   291    35   295    35   295 0.78 [190263/545/1]
190263/399/1.f:CDLIDF_16935 -            535 GH43_14.hmm          -            291   3.6e-31  113.3   1.0   1   1   9.4e-34   6.2e-31  112.5   0.3     2   285    35   295    34   300 0.85 [190263/399/1]
190263/368/1.f:HPMDBE_12540 -            513 GH43_14.hmm          -            291   5.3e-31  112.8   2.0   1   1   1.1e-33     7e-31  112.3   0.8     1   291    25   302    25   302 0.84 [190263/368/1]
190263/379/1.f:LOJHAC_13970 -            513 GH43_14.hmm          -            291   7.5e-31  112.3   1.1   1   1   1.1e-33   7.5e-31  112.3   1.1     1   291    25   302    25   302 0.86 [190263/379/1]
190263/516/1.f:MGNFBC_11300 -            513 GH43_14.hmm          -            291   3.9e-30  109.9   2.2   1   1   7.6e-33     5e-30  109.5   0.9     1   291    25   302    25   302 0.84 [190263/516/1]
190263/504/1.f:DOAHDM_10190 -            512 GH43_14.hmm          -            291   4.1e-30  109.8   1.1   1   1   9.8e-33   6.5e-30  109.2   1.1     1   290    25   302    25   303 0.84 [190263/504/1]
190263/573/1.f:LIDFCI_13560 -            512 GH43_14.hmm          -            291     7e-30  109.1   1.4   1   1   1.9e-32   1.2e-29  108.3   1.4     2   290    26   302    25   303 0.83 [190263/573/1]
190263/502/1.f:NONHGB_05935 -            517 GH43_14.hmm          -            291   8.3e-30  108.8   0.8   1   1   2.1e-32   1.4e-29  108.1   0.8     1   291    33   298    33   298 0.83 [190263/502/1]
190263/401/1.f:DMFJNH_09845 -            512 GH43_14.hmm          -            291   1.4e-29  108.1   1.2   1   1   3.4e-32   2.2e-29  107.4   1.2     1   290    25   302    25   303 0.84 [190263/401/1]
190263/562/1.f:KJGNCK_10720 -            513 GH43_14.hmm          -            291   1.6e-29  107.9   2.0   1   1   3.5e-32   2.3e-29  107.4   1.4     2   290    26   302    25   303 0.82 [190263/562/1]
190263/456/1.f:LKAJBD_15330 -            693 GH43_14.hmm          -            291   5.4e-29  106.2   0.9   1   1     1e-28   6.7e-26   96.0   0.1     2   225    32   239    31   248 0.80 [190263/456/1]
190263/405/1.f:EHKDKA_02305 -            697 GH43_14.hmm          -            291   7.4e-29  105.7   2.9   1   1   2.1e-30   1.4e-27  101.5   0.2     2   225    34   241    33   250 0.82 [190263/405/1]
190263/460/1.f:IHFGKI_00035 -            712 GH43_14.hmm          -            291   1.8e-28  104.4   4.6   1   1   2.7e-30   1.8e-27  101.2   0.4     2   225    51   258    50   265 0.81 [190263/460/1]
190263/369/1.f:JCDIFE_10525 -            515 GH43_14.hmm          -            291   1.8e-28  104.4   2.0   1   1   4.8e-31   3.2e-28  103.6   0.9     1   290    25   302    25   303 0.82 [190263/369/1]
190263/502/1.f:NONHGB_05895 -            526 GH43_14.hmm          -            291   1.9e-28  104.4   0.5   1   1   6.3e-31   4.2e-28  103.2   0.5     1   227    39   256    39   308 0.81 [190263/502/1]
190263/405/1.f:EHKDKA_05910 -            541 GH43_14.hmm          -            291   2.3e-28  104.1   0.4   1   1   6.8e-31   4.5e-28  103.1   0.2     1   291    29   298    29   298 0.84 [190263/405/1]
190263/405/1.f:EHKDKA_02035 -            519 GH43_14.hmm          -            291   3.3e-28  103.6   3.9   1   1   3.2e-30   2.1e-27  100.9   3.3     2   285    27   289    26   294 0.76 [190263/405/1]
190263/400/1.f:EIBLKL_09335 -            592 GH43_14.hmm          -            291   1.1e-27  101.8   1.7   1   1   1.7e-30   1.1e-27  101.8   1.7     1   291    71   341    71   341 0.79 [190263/400/1]
190263/556/1.f:EMIPPF_01660 -            510 GH43_14.hmm          -            291   1.2e-27  101.8   0.0   1   1   2.6e-30   1.7e-27  101.2   0.0     2   286    24   295    23   300 0.82 [190263/556/1]
190263/437/1.f:LBKKEJ_07225 -            231 GH43_14.hmm          -            291   3.1e-27  100.4   0.5   1   1   6.6e-30   4.3e-27   99.9   0.5     1   206    40   229    40   231 0.85 [190263/437/1]
190263/456/1.f:LKAJBD_08190 -            797 GH43_14.hmm          -            291   5.1e-27   99.7   1.7   1   1   2.5e-27   1.6e-24   91.5   1.4     2   225    28   247    27   295 0.82 [190263/456/1]
190263/502/1.f:NONHGB_05230 -            533 GH43_14.hmm          -            291   7.5e-27   99.1   0.3   1   1   2.4e-29   1.6e-26   98.1   0.2     2   291    30   298    29   298 0.84 [190263/502/1]
190263/562/1.f:KJGNCK_02440 -           1354 GH43_14.hmm          -            291     1e-26   98.7   4.4   1   1   5.9e-28   3.9e-25   93.5   0.5     2   225    34   241    33   249 0.81 [190263/562/1]
190263/573/1.f:LIDFCI_16030 -            532 GH43_14.hmm          -            291   1.3e-26   98.4   0.0   1   1   2.9e-29   1.9e-26   97.8   0.0     1   291    27   297    27   297 0.86 [190263/573/1]
190263/552/1.f:EMALNL_07510 -            532 GH43_14.hmm          -            291   1.3e-26   98.3   0.0   1   1   2.9e-29   1.9e-26   97.8   0.0     1   291    27   297    27   297 0.86 [190263/552/1]
190263/502/1.f:NONHGB_01910 -            519 GH43_14.hmm          -            291   1.9e-26   97.8   4.3   1   1     1e-28   6.7e-26   96.0   3.5     3   285    28   289    26   294 0.76 [190263/502/1]
190263/595/1.f:HGDLEC_05000 -            699 GH43_14.hmm          -            291   1.1e-25   95.3   4.6   1   1   9.7e-28   6.4e-25   92.8   0.6     2   225    43   251    42   255 0.78 [190263/595/1]
190263/475/1.f:MCKEEP_08310 -            532 GH43_14.hmm          -            291   1.2e-25   95.1   0.0   1   1   2.8e-28   1.8e-25   94.6   0.0     1   291    27   297    27   297 0.86 [190263/475/1]
190263/365/1.f:JJMMAK_09115 -            354 GH43_14.hmm          -            291   9.9e-25   92.2   1.0   1   1     2e-27   1.3e-24   91.8   1.0     1   291    43   337    43   337 0.80 [190263/365/1]
190263/502/1.f:NONHGB_05050 -           1205 GH43_14.hmm          -            291   1.2e-24   91.9   3.2   1   1   4.6e-27   3.1e-24   90.6   3.2     1   260   423   655   423   678 0.79 [190263/502/1]
190263/396/1.f:KAAOMA_19120 -           1075 GH43_14.hmm          -            291   1.2e-24   91.9   1.9   1   1   1.9e-27   1.2e-24   91.9   1.9     2   291    44   313    43   313 0.84 [190263/396/1]
190263/405/1.f:EHKDKA_05820 -           1205 GH43_14.hmm          -            291   2.8e-24   90.7   2.8   1   1   1.1e-26     7e-24   89.4   2.8     1   260   423   655   423   678 0.77 [190263/405/1]
190263/527/1.f:HGADJN_01625 -            529 GH43_14.hmm          -            291   5.4e-24   89.7   0.0   1   1   1.3e-26   8.8e-24   89.1   0.0     2   225     6   221     5   276 0.75 [190263/527/1]
190263/420/1.f:GMHOLO_01510 -            529 GH43_14.hmm          -            291   8.9e-24   89.0   0.0   1   1   2.1e-26   1.4e-23   88.4   0.0     2   225     6   221     5   276 0.75 [190263/420/1]
190263/391/1.f:NONBJF_04475 -            514 GH43_14.hmm          -            291   1.5e-23   88.3   0.1   1   1   3.4e-26   2.2e-23   87.7   0.1     3   291    30   312    28   312 0.80 [190263/391/1]
190263/534/1.f:OHCFJE_07745 -            514 GH43_14.hmm          -            291   1.5e-23   88.3   0.1   1   1   3.4e-26   2.2e-23   87.7   0.1     3   291    30   312    28   312 0.80 [190263/534/1]
190263/545/1.f:NCJBIN_05140 -            514 GH43_14.hmm          -            291   1.5e-23   88.3   0.1   1   1   3.4e-26   2.2e-23   87.7   0.1     3   291    30   312    28   312 0.80 [190263/545/1]
190263/520/1.f:GGDGDE_19895 -            538 GH43_14.hmm          -            291   1.1e-22   85.4   0.7   1   1   7.6e-24     5e-21   80.0   0.4     3   285    12   275    10   280 0.75 [190263/520/1]
190263/456/1.f:LKAJBD_08635 -            554 GH43_14.hmm          -            291   1.9e-22   84.7   0.1   1   1   4.7e-25   3.1e-22   84.0   0.1     2   291    28   308    27   308 0.75 [190263/456/1]
190263/562/1.f:KJGNCK_06460 -            335 GH43_14.hmm          -            291   4.7e-22   83.4   2.1   1   1   1.4e-24   9.5e-22   82.4   2.1     1   291    31   316    31   316 0.74 [190263/562/1]
190263/552/1.f:EMALNL_04005 -            335 GH43_14.hmm          -            291   6.9e-22   82.8   2.6   1   1   1.9e-24   1.3e-21   82.0   2.6     1   291    31   316    31   316 0.73 [190263/552/1]
190263/520/1.f:GGDGDE_19865 -            524 GH43_14.hmm          -            291   1.1e-21   82.2   1.2   1   1   1.5e-23     1e-20   79.0   0.7     3   199     5   192     3   196 0.81 [190263/520/1]
190263/475/1.f:MCKEEP_04050 -            354 GH43_14.hmm          -            291   3.4e-21   80.6   6.2   1   1   8.9e-24   5.8e-21   79.8   6.2     1   291    41   334    41   334 0.71 [190263/475/1]
190263/573/1.f:LIDFCI_19560 -            354 GH43_14.hmm          -            291   3.4e-21   80.6   6.2   1   1   8.9e-24   5.8e-21   79.8   6.2     1   291    41   334    41   334 0.71 [190263/573/1]
190263/401/1.f:DMFJNH_03515 -            327 GH43_14.hmm          -            291   4.1e-21   80.3   1.9   1   1   1.6e-23     1e-20   79.0   1.9    11   265    47   292    43   301 0.78 [190263/401/1]
190263/504/1.f:DOAHDM_03950 -            327 GH43_14.hmm          -            291   4.1e-21   80.3   1.9   1   1   1.6e-23     1e-20   79.0   1.9    11   265    47   292    43   301 0.78 [190263/504/1]
190263/585/1.f:DLBDDB_05325 -            353 GH43_14.hmm          -            291   1.4e-20   78.6   6.8   1   1   4.6e-23     3e-20   77.4   6.8     1   291    40   333    40   333 0.71 [190263/585/1]
190263/497/1.f:HENFFC_08175 -            313 GH43_14.hmm          -            291   1.8e-20   78.2   0.4   1   1   1.1e-22     7e-20   76.2   0.4    11   270    36   283    32   293 0.80 [190263/497/1]
190263/497/1.f:HENFFC_10575 -            995 GH43_14.hmm          -            291   1.9e-20   78.1   2.0   1   1   1.2e-22     8e-20   76.1   2.0     1   291   694   977   694   977 0.76 [190263/497/1]
190263/585/1.f:DLBDDB_04640 -            329 GH43_14.hmm          -            291   2.2e-20   77.9   2.1   1   1   4.9e-23   3.2e-20   77.4   2.1     9   268    37   293    32   310 0.82 [190263/585/1]
190263/365/1.f:JJMMAK_00705 -            985 GH43_14.hmm          -            291   3.1e-20   77.4   1.3   1   1   1.3e-22   8.5e-20   76.0   1.3     1   291   684   967   684   967 0.72 [190263/365/1]
190263/423/1.f:PDNKFB_00445 -            498 GH43_14.hmm          -            291   3.6e-20   77.2   2.0   1   1   1.9e-22   1.3e-19   75.4   2.0     3   200     4   192     2   272 0.74 [190263/423/1]
190263/488/1.f:DNPFAC_05530 -            322 GH43_14.hmm          -            291   4.5e-20   76.9   1.4   1   1   1.3e-22   8.6e-20   75.9   1.4    12   268    45   287    42   301 0.80 [190263/488/1]
190263/401/1.f:DMFJNH_03485 -            330 GH43_14.hmm          -            291   4.6e-20   76.8   2.1   1   1   1.4e-22   8.9e-20   75.9   2.1    11   266    49   296    45   305 0.78 [190263/401/1]
190263/504/1.f:DOAHDM_03935 -            330 GH43_14.hmm          -            291   4.6e-20   76.8   2.1   1   1   1.4e-22   8.9e-20   75.9   2.1    11   266    49   296    45   305 0.78 [190263/504/1]
190263/437/1.f:LBKKEJ_07940 -            329 GH43_14.hmm          -            291     5e-20   76.7   1.6   1   1   1.2e-22   7.7e-20   76.1   1.6    11   261    40   286    37   310 0.79 [190263/437/1]
190263/365/1.f:JJMMAK_09110 -            331 GH43_14.hmm          -            291   6.2e-20   76.4   0.8   1   1     4e-22   2.6e-19   74.4   0.8    11   269    49   295    45   305 0.76 [190263/365/1]
190263/388/1.f:FDDJJK_11150 -            343 GH43_14.hmm          -            291   1.9e-19   74.8   2.3   1   1   2.9e-22   1.9e-19   74.8   2.3   179   290    30   140    21   141 0.90 [190263/388/1]
190263/502/1.f:NONHGB_04285 -            308 GH43_14.hmm          -            291   2.6e-19   74.4   2.8   1   1   1.5e-21     1e-18   72.5   2.8     1   291     9   292     9   292 0.70 [190263/502/1]
190263/552/1.f:EMALNL_03945 -            633 GH43_14.hmm          -            291   3.2e-19   74.1   0.4   1   1   7.8e-22   5.1e-19   73.4   0.4     1   291   318   615   318   615 0.76 [190263/552/1]
190263/405/1.f:EHKDKA_04765 -            325 GH43_14.hmm          -            291   4.8e-19   73.5   2.3   1   1   1.9e-21   1.2e-18   72.2   2.3     1   291    26   309    26   309 0.73 [190263/405/1]
190263/417/1.f:MHBJAE_04970 -            322 GH43_14.hmm          -            291   5.6e-19   73.3   1.2   1   1   1.8e-21   1.2e-18   72.2   1.2    12   268    45   287    42   298 0.77 [190263/417/1]
190263/475/1.f:MCKEEP_06920 -            361 GH43_14.hmm          -            291   6.6e-19   73.1   2.0   1   1   1.3e-21   8.7e-19   72.7   2.0     2   291    47   338    46   338 0.77 [190263/475/1]
190263/552/1.f:EMALNL_06310 -            361 GH43_14.hmm          -            291   6.6e-19   73.1   2.0   1   1   1.3e-21   8.7e-19   72.7   2.0     2   291    47   338    46   338 0.77 [190263/552/1]
190263/562/1.f:KJGNCK_03885 -            361 GH43_14.hmm          -            291   6.6e-19   73.1   2.0   1   1   1.3e-21   8.7e-19   72.7   2.0     2   291    47   338    46   338 0.77 [190263/562/1]
190263/502/1.f:NONHGB_04390 -            315 GH43_14.hmm          -            291   7.1e-19   72.9   0.4   1   1   1.9e-21   1.2e-18   72.2   0.4    11   267    34   282    32   292 0.76 [190263/502/1]
190263/401/1.f:DMFJNH_04555 -            329 GH43_14.hmm          -            291   7.8e-19   72.8   0.8   1   1   1.9e-21   1.3e-18   72.1   0.8    11   260    38   286    34   305 0.78 [190263/401/1]
190263/504/1.f:DOAHDM_05050 -            329 GH43_14.hmm          -            291   7.8e-19   72.8   0.8   1   1   1.9e-21   1.3e-18   72.1   0.8    11   260    38   286    34   305 0.78 [190263/504/1]
190263/562/1.f:KJGNCK_06510 -            633 GH43_14.hmm          -            291   8.9e-19   72.6   0.4   1   1   2.1e-21   1.4e-18   72.0   0.4     1   291   318   615   318   615 0.76 [190263/562/1]
190263/520/1.f:GGDGDE_04270 -            498 GH43_14.hmm          -            291     1e-18   72.4   1.9   1   1   5.4e-21   3.5e-18   70.7   1.9     3   200     4   192     2   272 0.73 [190263/520/1]
190263/526/1.f:GBBCGM_01160 -            327 GH43_14.hmm          -            291   2.1e-18   71.4   4.7   1   1   2.7e-20   1.8e-17   68.3   4.7     1   291    27   311    27   311 0.72 [190263/526/1]
190263/401/1.f:DMFJNH_03530 -            325 GH43_14.hmm          -            291   2.9e-18   70.9   2.1   1   1   1.7e-20   1.1e-17   69.0   2.1     1   290    26   308    26   309 0.69 [190263/401/1]
190263/504/1.f:DOAHDM_03970 -            325 GH43_14.hmm          -            291   2.9e-18   70.9   2.1   1   1   1.7e-20   1.1e-17   69.0   2.1     1   290    26   308    26   309 0.69 [190263/504/1]
190263/522/1.f:NPJBCH_14225 -            324 GH43_14.hmm          -            291   5.7e-18   70.0   1.7   1   1     3e-20     2e-17   68.2   1.7    11   260    50   284    43   302 0.76 [190263/522/1]
190263/541/1.f:IDEEIE_12540 -           1769 GH43_14.hmm          -            291   1.7e-17   68.4   1.5   1   1   2.6e-20   1.7e-17   68.4   1.5     1   291    42   326    42   326 0.77 [190263/541/1]
190263/562/1.f:KJGNCK_05400 -            318 GH43_14.hmm          -            291   2.1e-17   68.1   1.3   1   1   5.3e-20   3.5e-17   67.4   1.3    11   270    26   284    23   299 0.78 [190263/562/1]
190263/580/1.f:JCPJNN_19935 -            504 GH43_14.hmm          -            291   2.3e-17   68.0   0.0   1   1   6.4e-20   4.2e-17   67.1   0.0     2   291     4   273     3   273 0.80 [190263/580/1]
190263/365/1.f:JJMMAK_03125 -            313 GH43_14.hmm          -            291   2.4e-17   67.9   0.6   1   1   1.6e-19     1e-16   65.8   0.6    11   270    36   283    32   292 0.80 [190263/365/1]
190263/369/1.f:JCDIFE_04830 -            333 GH43_14.hmm          -            291   2.7e-17   67.8   1.4   1   1   1.1e-19   7.1e-17   66.4   1.4     1   291    34   317    34   317 0.71 [190263/369/1]
190263/522/1.f:NPJBCH_14230 -            340 GH43_14.hmm          -            291   4.8e-17   67.0   4.1   1   1   3.5e-19   2.3e-16   64.7   4.1     1   291    39   323    39   323 0.73 [190263/522/1]
190263/556/1.f:EMIPPF_09145 -            341 GH43_14.hmm          -            291   6.2e-17   66.6   1.9   1   1   4.8e-19   3.2e-16   64.3   1.9     1   260    44   300    44   324 0.68 [190263/556/1]
190263/461/1.f:DHPHOK_05305 -            315 GH43_14.hmm          -            291   7.3e-17   66.3   1.4   1   1   2.5e-19   1.6e-16   65.2   1.4    10   268    36   280    31   295 0.79 [190263/461/1]
190263/502/1.f:NONHGB_04370 -            334 GH43_14.hmm          -            291   9.2e-17   66.0   3.4   1   1     7e-19   4.6e-16   63.7   3.4     1   291    35   318    35   318 0.69 [190263/502/1]
190263/366/1.f:DBJPFP_01325 -            327 GH43_14.hmm          -            291   1.1e-16   65.8   0.1   1   1   4.1e-19   2.7e-16   64.5   0.1     1   291    26   310    26   310 0.70 [190263/366/1]
190263/461/1.f:DHPHOK_05315 -            335 GH43_14.hmm          -            291   1.2e-16   65.7   2.0   1   1   5.6e-19   3.7e-16   64.0   2.0     1   291    36   319    36   319 0.69 [190263/461/1]
190263/573/1.f:LIDFCI_18730 -            329 GH43_14.hmm          -            291   1.9e-16   64.9   1.2   1   1   4.7e-19   3.1e-16   64.3   1.2    11   269    37   294    34   310 0.77 [190263/573/1]
190263/391/1.f:NONBJF_11660 -            333 GH43_14.hmm          -            291     2e-16   64.9   2.9   1   1   7.1e-19   4.7e-16   63.7   2.9     1   291    34   317    34   317 0.69 [190263/391/1]
190263/534/1.f:OHCFJE_11930 -            333 GH43_14.hmm          -            291     2e-16   64.9   2.9   1   1   7.1e-19   4.7e-16   63.7   2.9     1   291    34   317    34   317 0.69 [190263/534/1]
190263/545/1.f:NCJBIN_12800 -            333 GH43_14.hmm          -            291     2e-16   64.9   2.9   1   1   7.1e-19   4.7e-16   63.7   2.9     1   291    34   317    34   317 0.69 [190263/545/1]
190263/552/1.f:EMALNL_04920 -            329 GH43_14.hmm          -            291   2.3e-16   64.7   1.3   1   1   5.3e-19   3.5e-16   64.1   1.3    11   269    37   294    34   310 0.77 [190263/552/1]
190263/475/1.f:MCKEEP_04910 -            329 GH43_14.hmm          -            291   2.7e-16   64.5   1.4   1   1   6.4e-19   4.2e-16   63.8   1.4    11   269    37   294    34   310 0.77 [190263/475/1]
190263/388/1.f:FDDJJK_11480 -            333 GH43_14.hmm          -            291   5.2e-16   63.6   3.6   1   1   1.9e-18   1.2e-15   62.3   3.6     1   291    34   317    34   317 0.69 [190263/388/1]
190263/405/1.f:EHKDKA_04830 -            320 GH43_14.hmm          -            291   5.2e-16   63.5   1.4   1   1   1.3e-18   8.5e-16   62.8   1.4    12   269    43   286    37   298 0.78 [190263/405/1]
190263/400/1.f:EIBLKL_09445 -            122 GH43_14.hmm          -            291   5.2e-16   63.5   0.0   1   1     8e-19   5.2e-16   63.5   0.0     1    59     3    61     3   103 0.87 [190263/400/1]
190263/365/1.f:JJMMAK_06475 -            332 GH43_14.hmm          -            291   6.5e-16   63.2   4.4   1   1   1.6e-18   1.1e-15   62.5   4.4     3   264    35   290    33   315 0.74 [190263/365/1]
190263/497/1.f:HENFFC_05550 -            332 GH43_14.hmm          -            291   1.1e-15   62.4   3.5   1   1   2.9e-18   1.9e-15   61.7   3.5     3   264    35   290    33   315 0.75 [190263/497/1]
190263/417/1.f:MHBJAE_04920 -            325 GH43_14.hmm          -            291   1.2e-15   62.3   3.2   1   1   8.1e-18   5.3e-15   60.2   3.2     1   290    23   305    23   306 0.71 [190263/417/1]
190263/488/1.f:DNPFAC_05475 -            325 GH43_14.hmm          -            291     2e-15   61.6   3.2   1   1     2e-17   1.3e-14   59.0   3.2     1   290    23   305    23   306 0.72 [190263/488/1]
190263/366/1.f:DBJPFP_11310 -            329 GH43_14.hmm          -            291   2.1e-15   61.5   1.6   1   1   1.3e-17   8.4e-15   59.6   1.6     1   291    32   313    32   313 0.73 [190263/366/1]
190263/475/1.f:MCKEEP_07780 -            329 GH43_14.hmm          -            291   2.2e-15   61.5   0.8   1   1   4.6e-18   3.1e-15   61.0   0.8     3   224    32   252    30   284 0.78 [190263/475/1]
190263/461/1.f:DHPHOK_05310 -            322 GH43_14.hmm          -            291   2.2e-15   61.5   1.0   1   1   8.9e-18   5.9e-15   60.1   1.0    11   263    34   279    30   291 0.72 [190263/461/1]
190263/366/1.f:DBJPFP_04310 -            332 GH43_14.hmm          -            291   3.9e-15   60.7   0.2   1   1   1.3e-17   8.2e-15   59.6   0.2     1   291    31   315    31   315 0.75 [190263/366/1]
190263/580/1.f:JCPJNN_28255 -            319 GH43_14.hmm          -            291   4.2e-15   60.6   0.3   1   1   1.3e-17   8.5e-15   59.6   0.3     2   236    21   248    20   257 0.80 [190263/580/1]
190263/401/1.f:DMFJNH_07430 -            453 GH43_14.hmm          -            291   4.4e-15   60.5   0.6   1   1   9.8e-18   6.4e-15   60.0   0.6    37   225     3   181     1   235 0.78 [190263/401/1]
190263/504/1.f:DOAHDM_07935 -            453 GH43_14.hmm          -            291   4.4e-15   60.5   0.6   1   1   9.8e-18   6.4e-15   60.0   0.6    37   225     3   181     1   235 0.78 [190263/504/1]
190263/421/1.f:PBKEAC_07670 -            312 GH43_14.hmm          -            291   4.6e-15   60.4   0.1   1   1   1.2e-17   8.1e-15   59.6   0.1    11   283    28   288    26   294 0.75 [190263/421/1]
190263/369/1.f:JCDIFE_04825 -            316 GH43_14.hmm          -            291   5.7e-15   60.1   0.6   1   1     2e-17   1.3e-14   58.9   0.6    11   265    34   281    29   292 0.72 [190263/369/1]
190263/562/1.f:KJGNCK_03005 -            329 GH43_14.hmm          -            291   5.8e-15   60.1   0.8   1   1   1.3e-17   8.3e-15   59.6   0.8     3   224    32   252    30   283 0.78 [190263/562/1]
190263/552/1.f:EMALNL_07155 -            329 GH43_14.hmm          -            291   8.5e-15   59.6   0.8   1   1   1.8e-17   1.2e-14   59.1   0.8     3   224    32   252    30   284 0.78 [190263/552/1]
190263/388/1.f:FDDJJK_11475 -            322 GH43_14.hmm          -            291   9.4e-15   59.4   1.6   1   1     3e-17   1.9e-14   58.4   1.6    11   270    44   289    38   302 0.76 [190263/388/1]
190263/391/1.f:NONBJF_11655 -            322 GH43_14.hmm          -            291   9.4e-15   59.4   1.6   1   1     3e-17   1.9e-14   58.4   1.6    11   270    44   289    38   302 0.76 [190263/391/1]
190263/534/1.f:OHCFJE_11925 -            322 GH43_14.hmm          -            291   9.4e-15   59.4   1.6   1   1     3e-17   1.9e-14   58.4   1.6    11   270    44   289    38   302 0.76 [190263/534/1]
190263/545/1.f:NCJBIN_12795 -            322 GH43_14.hmm          -            291   9.4e-15   59.4   1.6   1   1     3e-17   1.9e-14   58.4   1.6    11   270    44   289    38   302 0.76 [190263/545/1]
190263/388/1.f:FDDJJK_11145 -            625 GH43_14.hmm          -            291   1.4e-14   58.9   0.4   1   1     8e-17   5.3e-14   57.0   0.4     2   128   505   611   504   624 0.88 [190263/388/1]
190263/573/1.f:LIDFCI_16670 -            329 GH43_14.hmm          -            291   1.6e-14   58.6   0.8   1   1   3.6e-17   2.4e-14   58.1   0.8     3   224    32   252    30   284 0.78 [190263/573/1]
190263/437/1.f:LBKKEJ_07930 -            327 GH43_14.hmm          -            291   2.5e-14   58.0   1.5   1   1   1.2e-16   8.1e-14   56.3   1.5     1   291    24   307    24   307 0.70 [190263/437/1]
190263/502/1.f:NONHGB_00360 -             69 GH43_14.hmm          -            291   4.7e-14   57.1   0.1   1   1   7.6e-17     5e-14   57.0   0.1   199   263     1    67     1    69 0.93 [190263/502/1]
190263/488/1.f:DNPFAC_10005 -            330 GH43_14.hmm          -            291   5.6e-14   56.9   5.0   1   1   1.6e-16     1e-13   56.0   5.0     3   260    33   283    31   312 0.69 [190263/488/1]
190263/399/1.f:CDLIDF_04455 -            335 GH43_14.hmm          -            291   5.8e-14   56.8   3.8   1   1   2.2e-16   1.4e-13   55.5   3.8     9   223    35   264    28   331 0.74 [190263/399/1]
190263/379/1.f:LOJHAC_08255 -            334 GH43_14.hmm          -            291   1.3e-13   55.7   4.6   1   1   3.5e-16   2.3e-13   54.8   4.6     3   285    37   312    35   317 0.71 [190263/379/1]
190263/516/1.f:MGNFBC_06985 -            334 GH43_14.hmm          -            291   1.3e-13   55.7   4.6   1   1   3.5e-16   2.3e-13   54.8   4.6     3   285    37   312    35   317 0.71 [190263/516/1]
190263/556/1.f:EMIPPF_06030 -            332 GH43_14.hmm          -            291   1.5e-13   55.5   1.5   1   1   3.4e-16   2.2e-13   54.9   1.5     3   260    30   281    28   309 0.75 [190263/556/1]
190263/368/1.f:HPMDBE_07740 -            334 GH43_14.hmm          -            291   1.6e-13   55.3   4.6   1   1   4.4e-16   2.9e-13   54.5   4.6     3   260    37   289    35   317 0.71 [190263/368/1]
190263/562/1.f:KJGNCK_05450 -            376 GH43_14.hmm          -            291   2.7e-13   54.6   0.8   1   1   7.2e-16   4.7e-13   53.8   0.8    33   290    87   367    71   368 0.73 [190263/562/1]
190263/369/1.f:JCDIFE_01260 -            334 GH43_14.hmm          -            291   2.8e-13   54.6   0.3   1   1   6.3e-16   4.1e-13   54.0   0.3     3   257    35   285    33   305 0.73 [190263/369/1]
190263/466/1.f:PGJOII_06060 -            340 GH43_14.hmm          -            291   3.2e-13   54.4   0.5   1   1   7.2e-16   4.7e-13   53.8   0.5     3   236    41   270    39   309 0.73 [190263/466/1]
#
# Program:         hmmsearch
# Version:         3.3.2 (Nov 2020)
# Pipeline mode:   SEARCH
# Query file:      /kb/module/work/tmp/output.1725388484971/GH43_14/GH43_14.hmm
# Target file:     /kb/module/work/tmp/output.1725388484971/hCom2_RAST.fasta
# Option settings: /kb/module/hmmer/bin/hmmsearch --domtblout /kb/module/work/tmp/output.1725388484971/GH43_14/GH43_14-hCom2_RAST.hitout.txt --noali --notextw --domE 1e-15 /kb/module/work/tmp/output.1725388484971/GH43_14/GH43_14.hmm /kb/module/work/tmp/output.1725388484971/hCom2_RAST.fasta 
# Current dir:     /kb/module/work/tmp/output.1725388484971
# Date:            Tue Sep  3 18:52:13 2024
# [ok]
