#                                                                                   --- full sequence --- -------------- this domain -------------   hmm coord   ali coord   env coord
# target name               accession   tlen query name           accession   qlen   E-value  score  bias   #  of  c-Evalue  i-Evalue  score  bias  from    to  from    to  from    to  acc description of target
#       ------------------- ---------- ----- -------------------- ---------- ----- --------- ------ ----- --- --- --------- --------- ------ ----- ----- ----- ----- ----- ----- ----- ---- ---------------------
190263/562/1.f:KJGNCK_11030 -            785 GH43_18.hmm          -            229  6.6e-130  436.2   7.2   1   2   4.9e-89     2e-86  293.9   2.7     2   229    67   301    66   301 0.97 [190263/562/1]
190263/562/1.f:KJGNCK_11030 -            785 GH43_18.hmm          -            229  6.6e-130  436.2   7.2   2   2   4.7e-43     2e-40  143.4   0.1     2   229   323   575   322   589 0.92 [190263/562/1]
190263/552/1.f:EMALNL_10950 -            785 GH43_18.hmm          -            229  1.4e-129  435.1   7.8   1   2   5.3e-89   2.2e-86  293.7   2.5     2   229    67   301    66   301 0.97 [190263/552/1]
190263/552/1.f:EMALNL_10950 -            785 GH43_18.hmm          -            229  1.4e-129  435.1   7.8   2   2   5.1e-43   2.1e-40  143.3   0.1     2   229   323   575   322   575 0.91 [190263/552/1]
190263/388/1.f:FDDJJK_00940 -            784 GH43_18.hmm          -            229  2.1e-129  434.5   8.6   1   2   1.9e-86   7.9e-84  285.4   0.6     2   229    67   301    66   301 0.98 [190263/388/1]
190263/388/1.f:FDDJJK_00940 -            784 GH43_18.hmm          -            229  2.1e-129  434.5   8.6   2   2   1.1e-45   4.5e-43  152.1   0.7     2   229   323   575   322   575 0.93 [190263/388/1]
190263/545/1.f:NCJBIN_01075 -            784 GH43_18.hmm          -            229  6.1e-128  429.7   8.7   1   2     9e-86   3.7e-83  283.2   0.4     2   229    67   301    66   301 0.97 [190263/545/1]
190263/545/1.f:NCJBIN_01075 -            784 GH43_18.hmm          -            229  6.1e-128  429.7   8.7   2   2     1e-44   4.2e-42  148.9   1.0     2   229   323   575   322   575 0.92 [190263/545/1]
190263/534/1.f:OHCFJE_01725 -            784 GH43_18.hmm          -            229  1.3e-127  428.6   9.3   1   2     1e-85   4.1e-83  283.0   0.4     2   229    67   301    66   301 0.97 [190263/534/1]
190263/534/1.f:OHCFJE_01725 -            784 GH43_18.hmm          -            229  1.3e-127  428.6   9.3   2   2     1e-44   4.2e-42  148.9   1.0     2   229   323   575   322   575 0.92 [190263/534/1]
190263/391/1.f:NONBJF_00960 -            784 GH43_18.hmm          -            229  1.4e-127  428.6   9.5   1   2     1e-85   4.1e-83  283.0   0.4     2   229    67   301    66   301 0.97 [190263/391/1]
190263/391/1.f:NONBJF_00960 -            784 GH43_18.hmm          -            229  1.4e-127  428.6   9.5   2   2     1e-44   4.2e-42  148.9   1.0     2   229   323   575   322   575 0.92 [190263/391/1]
190263/573/1.f:LIDFCI_13350 -            785 GH43_18.hmm          -            229  1.6e-127  428.4   7.3   1   2   5.1e-89   2.1e-86  293.8   1.9     2   229    67   301    66   301 0.98 [190263/573/1]
190263/573/1.f:LIDFCI_13350 -            785 GH43_18.hmm          -            229  1.6e-127  428.4   7.3   2   2   6.5e-41   2.7e-38  136.4   0.2     2   229   323   574   322   586 0.88 [190263/573/1]
190263/475/1.f:MCKEEP_09850 -            785 GH43_18.hmm          -            229  5.1e-127  426.7   6.4   1   2   4.3e-89   1.8e-86  294.1   1.2     2   229    67   301    66   301 0.98 [190263/475/1]
190263/475/1.f:MCKEEP_09850 -            785 GH43_18.hmm          -            229  5.1e-127  426.7   6.4   2   2   3.1e-40   1.3e-37  134.2   0.2     2   229   323   574   322   602 0.88 [190263/475/1]
190263/502/1.f:NONHGB_08195 -            785 GH43_18.hmm          -            229  1.4e-126  425.3  10.6   1   2   1.6e-87   6.6e-85  288.9   1.4     2   229    67   301    66   301 0.97 [190263/502/1]
190263/502/1.f:NONHGB_08195 -            785 GH43_18.hmm          -            229  1.4e-126  425.3  10.6   2   2   2.2e-42   9.1e-40  141.2   0.2     2   229   323   575   322   575 0.91 [190263/502/1]
190263/504/1.f:DOAHDM_10495 -            986 GH43_18.hmm          -            229   1.4e-87  297.7   2.0   1   1   3.3e-90   1.4e-87  297.7   2.0     2   229    60   294    59   294 0.97 [190263/504/1]
190263/401/1.f:DMFJNH_10115 -            986 GH43_18.hmm          -            229   1.4e-87  297.7   2.0   1   1   3.3e-90   1.4e-87  297.7   2.0     2   229    60   294    59   294 0.97 [190263/401/1]
190263/585/1.f:DLBDDB_07710 -            313 GH43_18.hmm          -            229     6e-87  295.6   1.5   1   1   1.4e-89     6e-87  295.6   1.5     2   229    67   301    66   301 0.97 [190263/585/1]
190263/552/1.f:EMALNL_16930 -            307 GH43_18.hmm          -            229   1.5e-86  294.3   5.7   1   1   1.4e-88   5.8e-86  292.4   2.1     2   229    66   292    65   292 0.98 [190263/552/1]
190263/573/1.f:LIDFCI_06975 -            307 GH43_18.hmm          -            229   1.5e-86  294.3   5.7   1   1   1.4e-88   5.8e-86  292.4   2.1     2   229    66   292    65   292 0.98 [190263/573/1]
190263/562/1.f:KJGNCK_17890 -            307 GH43_18.hmm          -            229   2.2e-86  293.7   5.4   1   1   1.2e-88   4.9e-86  292.6   1.7     2   229    66   292    65   292 0.98 [190263/562/1]
190263/475/1.f:MCKEEP_17285 -            307 GH43_18.hmm          -            229   2.8e-86  293.4   5.5   1   1   2.7e-88   1.1e-85  291.4   2.0     2   229    66   292    65   292 0.98 [190263/475/1]
190263/405/1.f:EHKDKA_09475 -            326 GH43_18.hmm          -            229   3.5e-86  293.1   2.2   1   1   1.3e-88   5.4e-86  292.5   2.2     2   229    67   301    66   301 0.97 [190263/405/1]
190263/504/1.f:DOAHDM_19175 -            309 GH43_18.hmm          -            229   5.8e-86  292.4   4.5   1   1     4e-88   1.7e-85  290.9   1.3     2   229    66   292    65   292 0.98 [190263/504/1]
190263/401/1.f:DMFJNH_18080 -            309 GH43_18.hmm          -            229   7.2e-86  292.1   4.5   1   1     5e-88   2.1e-85  290.6   1.2     2   229    66   292    65   292 0.98 [190263/401/1]
190263/585/1.f:DLBDDB_14310 -            310 GH43_18.hmm          -            229   9.7e-86  291.6   3.5   1   1   9.2e-88   3.8e-85  289.7   0.8     2   229    66   292    65   292 0.98 [190263/585/1]
190263/405/1.f:EHKDKA_15865 -            309 GH43_18.hmm          -            229   2.4e-85  290.3   4.1   1   1   1.1e-87   4.8e-85  289.4   1.1     2   229    66   292    65   292 0.98 [190263/405/1]
190263/456/1.f:LKAJBD_05070 -            308 GH43_18.hmm          -            229   8.9e-83  282.0   1.2   1   1   3.2e-85   1.3e-82  281.4   1.2     2   229    67   293    66   293 0.98 [190263/456/1]
190263/391/1.f:NONBJF_09760 -            334 GH43_18.hmm          -            229   1.1e-77  265.3   0.8   1   1   4.1e-80   1.7e-77  264.7   0.8     2   229    84   312    83   312 0.96 [190263/391/1]
190263/534/1.f:OHCFJE_03080 -            334 GH43_18.hmm          -            229   1.1e-77  265.3   0.8   1   1   4.1e-80   1.7e-77  264.7   0.8     2   229    84   312    83   312 0.96 [190263/534/1]
190263/545/1.f:NCJBIN_10600 -            334 GH43_18.hmm          -            229   1.1e-77  265.3   0.8   1   1   4.1e-80   1.7e-77  264.7   0.8     2   229    84   312    83   312 0.96 [190263/545/1]
190263/388/1.f:FDDJJK_09300 -            334 GH43_18.hmm          -            229   4.4e-77  263.3   1.1   1   1   1.6e-79   6.6e-77  262.8   1.1     2   229    84   312    83   312 0.96 [190263/388/1]
190263/541/1.f:IDEEIE_02100 -           1952 GH43_18.hmm          -            229   2.2e-70  241.4  22.6   1   2   1.4e-36     6e-34  122.2   3.0     3   227   397   643   395   645 0.84 [190263/541/1]
190263/541/1.f:IDEEIE_02100 -           1952 GH43_18.hmm          -            229   2.2e-70  241.4  22.6   2   2   7.3e-27     3e-24   90.4   0.3     4   229   941  1194   939  1194 0.78 [190263/541/1]
190263/595/1.f:HGDLEC_00125 -            350 GH43_18.hmm          -            229   2.3e-68  234.8   0.0   1   1   7.4e-71   3.1e-68  234.4   0.0     3   229   106   333   104   333 0.95 [190263/595/1]
190263/552/1.f:EMALNL_01110 -            330 GH43_18.hmm          -            229   6.3e-66  226.8   0.9   1   1   1.2e-67     5e-65  223.9   0.3     2   229    74   314    73   314 0.95 [190263/552/1]
190263/475/1.f:MCKEEP_01940 -            332 GH43_18.hmm          -            229   2.4e-64  221.6   1.6   1   1   8.6e-66   3.6e-63  217.8   1.1     3   229    73   316    71   316 0.94 [190263/475/1]
190263/573/1.f:LIDFCI_21715 -            332 GH43_18.hmm          -            229     3e-64  221.3   1.4   1   1   1.1e-65   4.6e-63  217.5   0.9     3   229    73   316    71   316 0.94 [190263/573/1]
190263/562/1.f:KJGNCK_09455 -            332 GH43_18.hmm          -            229   1.3e-63  219.2   2.1   1   1   3.3e-65   1.4e-62  215.9   1.6     3   229    73   316    71   316 0.93 [190263/562/1]
190263/527/1.f:HGADJN_08265 -           2030 GH43_18.hmm          -            229   2.9e-58  201.8  32.2   1   2   1.6e-32   6.5e-30  109.0   8.5     4   229   497   784   494   784 0.84 [190263/527/1]
190263/527/1.f:HGADJN_08265 -           2030 GH43_18.hmm          -            229   2.9e-58  201.8  32.2   2   2   3.1e-20   1.3e-17   68.8   2.0    16   229   957  1207   937  1207 0.65 [190263/527/1]
190263/461/1.f:DHPHOK_00505 -            646 GH43_18.hmm          -            229   1.1e-49  173.7   6.4   1   2   2.7e-35   1.1e-32  118.0   0.8     4   229    87   316    84   316 0.86 [190263/461/1]
190263/461/1.f:DHPHOK_00505 -            646 GH43_18.hmm          -            229   1.1e-49  173.7   6.4   2   2   3.7e-17   1.5e-14   58.7   0.5     3   214   348   574   346   596 0.78 [190263/461/1]
190263/399/1.f:CDLIDF_03200 -            640 GH43_18.hmm          -            229   4.1e-47  165.3  12.5   1   1   1.6e-36   6.8e-34  122.0   3.2     4   229    79   308    76   308 0.86 [190263/399/1]
190263/405/1.f:EHKDKA_00245 -            643 GH43_18.hmm          -            229   6.3e-47  164.7  18.7   1   1   2.2e-36     9e-34  121.6   3.2     4   229    84   313    81   313 0.85 [190263/405/1]
190263/502/1.f:NONHGB_00270 -            643 GH43_18.hmm          -            229   2.2e-46  162.9  18.4   1   1   1.9e-36     8e-34  121.8   3.4     4   229    84   313    81   313 0.85 [190263/502/1]
190263/396/1.f:KAAOMA_17090 -            964 GH43_18.hmm          -            229   5.2e-46  161.7  12.5   1   1   4.5e-47   1.9e-44  156.6   2.7     2   229   307   537   306   537 0.94 [190263/396/1]
190263/391/1.f:NONBJF_02505 -            647 GH43_18.hmm          -            229     7e-46  161.2  18.9   1   1   2.6e-36   1.1e-33  121.4   2.2     4   229    85   314    82   314 0.84 [190263/391/1]
190263/545/1.f:NCJBIN_02880 -            647 GH43_18.hmm          -            229     7e-46  161.2  18.9   1   1   2.6e-36   1.1e-33  121.4   2.2     4   229    85   314    82   314 0.84 [190263/545/1]
190263/388/1.f:FDDJJK_02615 -            647 GH43_18.hmm          -            229   9.9e-45  157.5  19.0   1   1   7.2e-36     3e-33  119.9   1.9     4   229    85   314    82   314 0.85 [190263/388/1]
190263/534/1.f:OHCFJE_09710 -            647 GH43_18.hmm          -            229     1e-44  157.4  20.0   1   1     2e-35   8.4e-33  118.5   3.3     4   229    85   314    82   314 0.85 [190263/534/1]
190263/409/1.f:AJJCMD_06010 -           2298 GH43_18.hmm          -            229   2.3e-44  156.3   7.4   1   1   1.1e-40   4.6e-38  135.7   0.1     3   228  1319  1572  1317  1573 0.89 [190263/409/1]
190263/405/1.f:EHKDKA_15525 -           1120 GH43_18.hmm          -            229   5.8e-41  145.1  30.9   1   1   3.6e-25   1.5e-22   84.9   2.7     4   228   540   791   537   792 0.81 [190263/405/1]
190263/406/1.f:DKNBGD_05505 -            685 GH43_18.hmm          -            229   1.7e-38  137.1   0.8   1   1   7.1e-41     3e-38  136.3   0.8     3   227   438   663   436   665 0.84 [190263/406/1]
190263/406/1.f:DKNBGD_08870 -            701 GH43_18.hmm          -            229   8.2e-37  131.6   0.5   1   1   3.9e-39   1.6e-36  130.6   0.5     4   228   459   685   456   686 0.87 [190263/406/1]
190263/541/1.f:IDEEIE_02105 -           1906 GH43_18.hmm          -            229     2e-36  130.3  14.0   1   1   1.9e-34   7.9e-32  115.3   0.5     4   228  1409  1671  1406  1672 0.81 [190263/541/1]
190263/401/1.f:DMFJNH_07375 -            323 GH43_18.hmm          -            229   1.3e-35  127.7   2.6   1   1   4.6e-38   1.9e-35  127.1   2.6     4   228    74   302    71   303 0.85 [190263/401/1]
190263/504/1.f:DOAHDM_07890 -            323 GH43_18.hmm          -            229   1.3e-35  127.7   2.6   1   1   4.6e-38   1.9e-35  127.1   2.6     4   228    74   302    71   303 0.85 [190263/504/1]
190263/404/1.f:BGJBIG_05300 -            321 GH43_18.hmm          -            229   1.7e-35  127.3   1.5   1   1   5.5e-38   2.3e-35  126.9   1.5     4   229    72   301    69   301 0.86 [190263/404/1]
190263/522/1.f:NPJBCH_10320 -            621 GH43_18.hmm          -            229   2.7e-35  126.6   3.5   1   1   2.1e-21   8.7e-19   72.6   0.3     4   229   335   569   332   569 0.77 [190263/522/1]
190263/562/1.f:KJGNCK_02205 -            324 GH43_18.hmm          -            229   4.1e-35  126.0   1.8   1   1   1.3e-37   5.3e-35  125.7   1.8     4   229    75   304    72   304 0.85 [190263/562/1]
190263/552/1.f:EMALNL_07810 -            325 GH43_18.hmm          -            229   4.2e-35  126.0   1.8   1   1   1.3e-37   5.3e-35  125.6   1.8     4   229    76   305    73   305 0.85 [190263/552/1]
190263/585/1.f:DLBDDB_01480 -            321 GH43_18.hmm          -            229   6.2e-35  125.4   1.6   1   1   1.9e-37   7.9e-35  125.1   1.6     4   229    72   301    69   301 0.86 [190263/585/1]
190263/475/1.f:MCKEEP_08565 -            321 GH43_18.hmm          -            229   6.4e-35  125.4   1.9   1   1   1.9e-37   8.1e-35  125.0   1.9     4   229    72   301    69   301 0.86 [190263/475/1]
190263/573/1.f:LIDFCI_15755 -            325 GH43_18.hmm          -            229   6.6e-35  125.3   1.9   1   1     2e-37   8.4e-35  125.0   1.9     4   229    76   305    73   305 0.86 [190263/573/1]
190263/401/1.f:DMFJNH_06495 -            637 GH43_18.hmm          -            229     6e-34  122.2   6.5   1   1   6.6e-22   2.7e-19   74.2   0.4     4   229    39   273    36   273 0.82 [190263/401/1]
190263/504/1.f:DOAHDM_07165 -            637 GH43_18.hmm          -            229     6e-34  122.2   6.5   1   1   6.6e-22   2.7e-19   74.2   0.4     4   229    39   273    36   273 0.82 [190263/504/1]
190263/369/1.f:JCDIFE_00215 -            354 GH43_18.hmm          -            229   8.9e-34  121.6   0.9   1   1   3.4e-36   1.4e-33  121.0   0.9     4   229    87   316    84   316 0.85 [190263/369/1]
190263/369/1.f:JCDIFE_12790 -            817 GH43_18.hmm          -            229   1.2e-33  121.2  16.3   1   1   4.3e-26   1.8e-23   87.9   4.6     2   228   541   795   540   796 0.82 [190263/369/1]
190263/580/1.f:JCPJNN_06560 -            317 GH43_18.hmm          -            229   1.2e-33  121.2   0.0   1   1   4.4e-36   1.8e-33  120.6   0.0     6   228    70   295    48   296 0.84 [190263/580/1]
190263/520/1.f:GGDGDE_15650 -            302 GH43_18.hmm          -            229   1.3e-32  117.8   0.0   1   1   7.7e-35   3.2e-32  116.5   0.0     5   211    50   265    47   285 0.82 [190263/520/1]
190263/399/1.f:CDLIDF_10095 -            833 GH43_18.hmm          -            229   2.5e-32  116.9  15.7   1   1   2.1e-24   8.7e-22   82.4   1.3     4   228   543   794   540   795 0.79 [190263/399/1]
190263/502/1.f:NONHGB_06010 -            829 GH43_18.hmm          -            229   9.5e-32  115.0   0.1   1   1   9.1e-34   3.8e-31  113.0   0.0     5   229   547   791   544   791 0.87 [190263/502/1]
190263/580/1.f:JCPJNN_23895 -            305 GH43_18.hmm          -            229   2.2e-31  113.8   0.0   1   1   9.2e-34   3.8e-31  113.0   0.0     4   228    52   288    49   289 0.88 [190263/580/1]
190263/365/1.f:JJMMAK_14140 -            324 GH43_18.hmm          -            229   4.4e-31  112.8   0.0   1   1     3e-33   1.2e-30  111.4   0.0     5   216    38   264    35   286 0.86 [190263/365/1]
190263/388/1.f:FDDJJK_02675 -            818 GH43_18.hmm          -            229   7.4e-31  112.1  19.7   1   1   8.2e-27   3.4e-24   90.3   5.4     2   228   538   792   537   793 0.81 [190263/388/1]
190263/497/1.f:HENFFC_15325 -            329 GH43_18.hmm          -            229   8.1e-31  112.0   0.0   1   1   1.8e-31   7.5e-29  105.5   0.0     4   228    40   288    38   289 0.83 [190263/497/1]
190263/545/1.f:NCJBIN_02935 -            817 GH43_18.hmm          -            229   2.9e-30  110.1  20.1   1   1   1.4e-26   5.8e-24   89.5   4.4     2   228   537   791   536   792 0.81 [190263/545/1]
190263/401/1.f:DMFJNH_07380 -            811 GH43_18.hmm          -            229   2.9e-30  110.1  19.6   1   1     1e-26   4.2e-24   90.0   1.5     2   228   538   792   537   793 0.82 [190263/401/1]
190263/504/1.f:DOAHDM_07895 -            811 GH43_18.hmm          -            229   2.9e-30  110.1  19.6   1   1     1e-26   4.2e-24   90.0   1.5     2   228   538   792   537   793 0.82 [190263/504/1]
190263/391/1.f:NONBJF_02560 -            817 GH43_18.hmm          -            229   3.9e-30  109.7  19.8   1   1   1.9e-26   7.9e-24   89.1   4.0     2   228   537   791   536   792 0.81 [190263/391/1]
190263/534/1.f:OHCFJE_09655 -            818 GH43_18.hmm          -            229     4e-30  109.7  19.8   1   1   1.9e-26     8e-24   89.1   4.0     2   228   538   792   537   793 0.81 [190263/534/1]
190263/365/1.f:JJMMAK_14135 -            331 GH43_18.hmm          -            229   9.2e-30  108.5   0.1   1   1   6.2e-32   2.6e-29  107.0   0.0     4   228    42   290    40   291 0.82 [190263/365/1]
190263/545/1.f:NCJBIN_05125 -            332 GH43_18.hmm          -            229   1.6e-29  107.7   0.6   1   1   1.2e-31     5e-29  106.1   0.1     5   220    38   265    35   286 0.84 [190263/545/1]
190263/391/1.f:NONBJF_04460 -            332 GH43_18.hmm          -            229   1.6e-29  107.7   0.6   1   1   1.2e-31     5e-29  106.1   0.1     5   220    38   265    35   286 0.84 [190263/391/1]
190263/534/1.f:OHCFJE_07760 -            332 GH43_18.hmm          -            229   1.6e-29  107.7   0.6   1   1   1.2e-31     5e-29  106.1   0.1     5   220    38   265    35   286 0.84 [190263/534/1]
190263/365/1.f:JJMMAK_05415 -            370 GH43_18.hmm          -            229   3.8e-27   99.9   1.3   1   1   1.4e-28   5.9e-26   96.1   0.9     5   215    44   301    41   324 0.78 [190263/365/1]
190263/379/1.f:LOJHAC_06040 -            373 GH43_18.hmm          -            229   9.3e-27   98.7   0.7   1   1     5e-28   2.1e-25   94.3   0.6     5   225    42   318    39   322 0.79 [190263/379/1]
190263/516/1.f:MGNFBC_09170 -            377 GH43_18.hmm          -            229   9.4e-27   98.7   0.6   1   1     5e-28   2.1e-25   94.3   0.5     5   225    46   322    43   326 0.79 [190263/516/1]
190263/497/1.f:HENFFC_06515 -            370 GH43_18.hmm          -            229   1.1e-26   98.5   1.8   1   1   3.9e-28   1.6e-25   94.6   1.1     5   214    44   300    41   324 0.79 [190263/497/1]
190263/368/1.f:HPMDBE_02595 -            373 GH43_18.hmm          -            229   1.7e-26   97.8   0.7   1   1   7.2e-28     3e-25   93.8   0.5     5   225    42   318    39   322 0.79 [190263/368/1]
190263/461/1.f:DHPHOK_02850 -            367 GH43_18.hmm          -            229   4.3e-26   96.5   2.1   1   1   2.8e-24   1.2e-21   82.0   0.4     4   169    36   200    33   206 0.83 [190263/461/1]
190263/369/1.f:JCDIFE_02295 -            366 GH43_18.hmm          -            229   2.3e-25   94.1   2.2   1   1   9.5e-24     4e-21   80.3   0.4     4   168    35   198    32   205 0.81 [190263/369/1]
190263/421/1.f:PBKEAC_07675 -            364 GH43_18.hmm          -            229   5.7e-25   92.8   0.4   1   1   1.8e-22   7.6e-20   76.1   0.0     4   150    29   174    26   200 0.79 [190263/421/1]
190263/502/1.f:NONHGB_05900 -            462 GH43_18.hmm          -            229   7.9e-25   92.4   0.9   1   1   2.9e-27   1.2e-24   91.8   0.9     2   229    36   268    35   268 0.80 [190263/502/1]
190263/504/1.f:DOAHDM_07920 -            461 GH43_18.hmm          -            229     1e-24   92.0   0.4   1   1   4.4e-27   1.8e-24   91.2   0.4     2   229    34   266    33   266 0.80 [190263/504/1]
190263/405/1.f:EHKDKA_00240 -            975 GH43_18.hmm          -            229   1.5e-24   91.5   1.7   1   1   1.2e-26     5e-24   89.7   1.7     2   228   703   957   702   958 0.87 [190263/405/1]
190263/502/1.f:NONHGB_00265 -            975 GH43_18.hmm          -            229   1.7e-24   91.2   1.9   1   1   1.4e-26   5.8e-24   89.5   1.9     2   228   703   957   702   958 0.87 [190263/502/1]
190263/366/1.f:DBJPFP_03145 -            351 GH43_18.hmm          -            229   1.8e-23   87.9   4.5   1   1   7.4e-25   3.1e-22   83.9   4.5     4   200    20   258    17   295 0.82 [190263/366/1]
190263/497/1.f:HENFFC_12345 -            513 GH43_18.hmm          -            229     2e-22   84.5   0.6   1   1   1.1e-24   4.4e-22   83.4   0.6     4   212    35   242    33   263 0.80 [190263/497/1]
190263/365/1.f:JJMMAK_00270 -            513 GH43_18.hmm          -            229   2.1e-22   84.4   0.6   1   1   1.1e-24   4.6e-22   83.3   0.6     4   212    35   242    32   263 0.81 [190263/365/1]
190263/552/1.f:EMALNL_09490 -           1085 GH43_18.hmm          -            229   1.1e-21   82.0   1.7   1   1   5.9e-24   2.5e-21   80.9   0.4     4   229   792  1026   789  1026 0.84 [190263/552/1]
190263/497/1.f:HENFFC_08175 -            313 GH43_18.hmm          -            229   1.3e-21   81.8   0.7   1   1   5.1e-24   2.1e-21   81.2   0.7     4   226    35   259    34   262 0.77 [190263/497/1]
190263/401/1.f:DMFJNH_03515 -            327 GH43_18.hmm          -            229     2e-21   81.2   3.6   1   1   4.8e-24     2e-21   81.2   3.6     4   215    46   255    45   276 0.80 [190263/401/1]
190263/504/1.f:DOAHDM_03950 -            327 GH43_18.hmm          -            229     2e-21   81.2   3.6   1   1   4.8e-24     2e-21   81.2   3.6     4   215    46   255    45   276 0.80 [190263/504/1]
190263/595/1.f:HGDLEC_07170 -            347 GH43_18.hmm          -            229   2.2e-21   81.1   1.5   1   1   7.7e-24   3.2e-21   80.6   1.0     4   227    75   327    72   329 0.81 [190263/595/1]
190263/580/1.f:JCPJNN_09505 -            300 GH43_18.hmm          -            229   2.5e-21   80.9   0.0   1   1   1.1e-23   4.5e-21   80.1   0.0     4   215    14   238    12   261 0.88 [190263/580/1]
190263/365/1.f:JJMMAK_09110 -            331 GH43_18.hmm          -            229   3.3e-21   80.5   0.5   1   1   1.2e-23     5e-21   79.9   0.5     5   215    49   256    47   275 0.78 [190263/365/1]
190263/527/1.f:HGADJN_08270 -            986 GH43_18.hmm          -            229   9.7e-21   79.0   2.7   1   1   6.2e-23   2.6e-20   77.6   2.7     4   154   512   690   509   773 0.76 [190263/527/1]
190263/580/1.f:JCPJNN_18320 -            465 GH43_18.hmm          -            229     1e-20   78.9   0.0   1   1   3.8e-23   1.6e-20   78.3   0.0     4   193    28   226    26   272 0.72 [190263/580/1]
190263/399/1.f:CDLIDF_11830 -            353 GH43_18.hmm          -            229   1.1e-20   78.8   0.9   1   1   4.4e-23   1.8e-20   78.1   0.9     4   227    69   321    66   323 0.81 [190263/399/1]
190263/379/1.f:LOJHAC_08255 -            334 GH43_18.hmm          -            229   1.3e-20   78.6   4.1   1   1   6.1e-23   2.5e-20   77.6   4.1     4   228    44   277    41   278 0.86 [190263/379/1]
190263/516/1.f:MGNFBC_06985 -            334 GH43_18.hmm          -            229   1.3e-20   78.6   4.1   1   1   6.1e-23   2.5e-20   77.6   4.1     4   228    44   277    41   278 0.86 [190263/516/1]
190263/573/1.f:LIDFCI_13560 -            512 GH43_18.hmm          -            229   1.4e-20   78.5   0.6   1   1   6.2e-23   2.6e-20   77.6   0.1     4   213    34   242    31   264 0.76 [190263/573/1]
190263/475/1.f:MCKEEP_03215 -            330 GH43_18.hmm          -            229   1.5e-20   78.4   0.4   1   1     5e-23   2.1e-20   77.9   0.4     4   229    40   274    37   274 0.84 [190263/475/1]
190263/573/1.f:LIDFCI_20375 -            330 GH43_18.hmm          -            229   1.5e-20   78.4   0.4   1   1     5e-23   2.1e-20   77.9   0.4     4   229    40   274    37   274 0.84 [190263/573/1]
190263/580/1.f:JCPJNN_12840 -            300 GH43_18.hmm          -            229   2.9e-20   77.4   0.0   1   1   1.8e-22   7.7e-20   76.1   0.0     3   228    46   280    44   281 0.81 [190263/580/1]
190263/368/1.f:HPMDBE_07740 -            334 GH43_18.hmm          -            229   3.2e-20   77.3   3.9   1   1   1.5e-22   6.3e-20   76.3   3.9     4   228    44   277    41   278 0.86 [190263/368/1]
190263/369/1.f:JCDIFE_04825 -            316 GH43_18.hmm          -            229   3.5e-20   77.2   0.2   1   1   1.4e-22   5.6e-20   76.5   0.2     4   214    33   245    32   265 0.75 [190263/369/1]
190263/369/1.f:JCDIFE_10525 -            515 GH43_18.hmm          -            229   5.8e-20   76.5   1.0   1   1   2.6e-21   1.1e-18   72.3   0.2     4   193    34   215    32   250 0.79 [190263/369/1]
190263/516/1.f:MGNFBC_11300 -            513 GH43_18.hmm          -            229   8.6e-20   75.9   1.5   1   1     4e-22   1.7e-19   75.0   1.4     4   210    34   239    31   262 0.82 [190263/516/1]
190263/545/1.f:NCJBIN_05140 -            514 GH43_18.hmm          -            229   1.2e-19   75.5   0.1   1   1   4.9e-22   2.1e-19   74.7   0.1     6   228    39   273    37   274 0.79 [190263/545/1]
190263/391/1.f:NONBJF_04475 -            514 GH43_18.hmm          -            229   1.2e-19   75.5   0.1   1   1   4.9e-22   2.1e-19   74.7   0.1     6   228    39   273    37   274 0.79 [190263/391/1]
190263/534/1.f:OHCFJE_07745 -            514 GH43_18.hmm          -            229   1.2e-19   75.5   0.1   1   1   4.9e-22   2.1e-19   74.7   0.1     6   228    39   273    37   274 0.79 [190263/534/1]
190263/401/1.f:DMFJNH_03485 -            330 GH43_18.hmm          -            229   1.2e-19   75.4   1.0   1   1   4.8e-22     2e-19   74.7   1.0     4   215    48   258    47   279 0.75 [190263/401/1]
190263/504/1.f:DOAHDM_03935 -            330 GH43_18.hmm          -            229   1.2e-19   75.4   1.0   1   1   4.8e-22     2e-19   74.7   1.0     4   215    48   258    47   279 0.75 [190263/504/1]
190263/497/1.f:HENFFC_05550 -            332 GH43_18.hmm          -            229   1.4e-19   75.2   1.7   1   1   8.9e-22   3.7e-19   73.8   0.6     4   228    42   274    39   275 0.84 [190263/497/1]
190263/379/1.f:LOJHAC_13970 -            513 GH43_18.hmm          -            229   1.5e-19   75.1   2.0   1   1   6.6e-22   2.8e-19   74.2   2.0     4   214    34   243    31   263 0.81 [190263/379/1]
190263/461/1.f:DHPHOK_05305 -            315 GH43_18.hmm          -            229   2.3e-19   74.5   2.2   1   1   8.8e-22   3.7e-19   73.8   2.2     3   215    35   242    33   261 0.78 [190263/461/1]
190263/556/1.f:EMIPPF_06030 -            332 GH43_18.hmm          -            229   2.3e-19   74.5   0.1   1   1   8.2e-22   3.4e-19   73.9   0.1     4   229    37   270    34   270 0.79 [190263/556/1]
190263/365/1.f:JJMMAK_03125 -            313 GH43_18.hmm          -            229   3.1e-19   74.1   4.8   1   1   8.9e-22   3.7e-19   73.8   4.1     4   226    35   259    34   262 0.76 [190263/365/1]
190263/368/1.f:HPMDBE_12540 -            513 GH43_18.hmm          -            229   3.8e-19   73.8   1.4   1   1   1.7e-21   6.9e-19   72.9   1.3     4   211    34   240    31   263 0.82 [190263/368/1]
190263/475/1.f:MCKEEP_07780 -            329 GH43_18.hmm          -            229   4.4e-19   73.6   0.4   1   1   1.5e-21   6.1e-19   73.1   0.4     4   229    39   273    36   273 0.78 [190263/475/1]
190263/504/1.f:DOAHDM_10190 -            512 GH43_18.hmm          -            229   5.1e-19   73.3   0.1   1   1   2.5e-21   1.1e-18   72.3   0.1     6   193    36   215    32   264 0.80 [190263/504/1]
190263/488/1.f:DNPFAC_10005 -            330 GH43_18.hmm          -            229   5.6e-19   73.2   2.2   1   1   1.4e-21   5.6e-19   73.2   2.2     5   228    41   271    37   272 0.86 [190263/488/1]
190263/365/1.f:JJMMAK_06475 -            332 GH43_18.hmm          -            229   5.7e-19   73.2   2.5   1   1   2.4e-21   9.9e-19   72.4   1.0     4   228    42   274    39   275 0.85 [190263/365/1]
190263/390/1.f:OLPOLE_16250 -            304 GH43_18.hmm          -            229     6e-19   73.1   0.0   1   1   4.3e-21   1.8e-18   71.6   0.0     5   229    12   262    10   262 0.74 [190263/390/1]
190263/401/1.f:DMFJNH_09845 -            512 GH43_18.hmm          -            229     6e-19   73.1   0.1   1   1     3e-21   1.2e-18   72.1   0.1     6   192    36   214    32   264 0.82 [190263/401/1]
190263/562/1.f:KJGNCK_03005 -            329 GH43_18.hmm          -            229   8.3e-19   72.7   0.3   1   1   2.8e-21   1.2e-18   72.2   0.3     4   229    39   273    36   273 0.78 [190263/562/1]
190263/552/1.f:EMALNL_07155 -            329 GH43_18.hmm          -            229   8.7e-19   72.6   0.3   1   1   2.9e-21   1.2e-18   72.1   0.3     4   229    39   273    36   273 0.78 [190263/552/1]
190263/562/1.f:KJGNCK_10720 -            513 GH43_18.hmm          -            229   9.4e-19   72.5   0.2   1   1   5.8e-21   2.4e-18   71.1   0.2     4   194    34   216    31   261 0.80 [190263/562/1]
190263/573/1.f:LIDFCI_18730 -            329 GH43_18.hmm          -            229   9.5e-19   72.5   3.7   1   1   2.3e-21   9.5e-19   72.5   3.7     4   229    36   274    33   274 0.75 [190263/573/1]
190263/417/1.f:MHBJAE_08890 -            333 GH43_18.hmm          -            229   1.5e-18   71.8   1.7   1   1   7.5e-21   3.1e-18   70.8   1.2     5   227    41   270    37   272 0.83 [190263/417/1]
190263/562/1.f:KJGNCK_05400 -            318 GH43_18.hmm          -            229   1.8e-18   71.5   2.2   1   1   4.4e-21   1.8e-18   71.5   2.2     5   229    26   263    23   263 0.75 [190263/562/1]
190263/461/1.f:DHPHOK_05310 -            322 GH43_18.hmm          -            229   2.1e-18   71.4   0.8   1   1   7.4e-21   3.1e-18   70.8   0.8     5   214    34   245    32   265 0.76 [190263/461/1]
190263/475/1.f:MCKEEP_04910 -            329 GH43_18.hmm          -            229   2.7e-18   71.0   3.9   1   1   6.6e-21   2.7e-18   71.0   3.9     4   229    36   274    33   274 0.74 [190263/475/1]
190263/552/1.f:EMALNL_04920 -            329 GH43_18.hmm          -            229   2.9e-18   70.9   3.9   1   1   7.1e-21   2.9e-18   70.9   3.9     4   229    36   274    33   274 0.73 [190263/552/1]
190263/437/1.f:LBKKEJ_07955 -            352 GH43_18.hmm          -            229   3.2e-18   70.8   0.1   1   1   1.2e-20   5.1e-18   70.1   0.1    27   229    86   295    39   295 0.86 [190263/437/1]
190263/573/1.f:LIDFCI_16670 -            329 GH43_18.hmm          -            229   3.7e-18   70.5   0.3   1   1   1.3e-20   5.4e-18   70.0   0.3     4   229    39   273    36   273 0.78 [190263/573/1]
190263/404/1.f:BGJBIG_05315 -            334 GH43_18.hmm          -            229   5.6e-18   70.0   0.3   1   1   1.9e-20   7.9e-18   69.5   0.3     3   206    36   253    34   283 0.78 [190263/404/1]
190263/502/1.f:NONHGB_04390 -            315 GH43_18.hmm          -            229   7.7e-18   69.5   2.1   1   1     3e-20   1.2e-17   68.8   1.9     4   215    33   245    32   264 0.75 [190263/502/1]
190263/522/1.f:NPJBCH_14225 -            324 GH43_18.hmm          -            229   3.2e-17   67.5   1.0   1   1   1.3e-19   5.5e-17   66.7   1.0     5   214    50   253    48   273 0.72 [190263/522/1]
190263/466/1.f:PGJOII_06060 -            340 GH43_18.hmm          -            229     4e-17   67.1   0.4   1   1   1.8e-19   7.6e-17   66.3   0.4    14   229    57   282    47   282 0.79 [190263/466/1]
190263/437/1.f:LBKKEJ_07940 -            329 GH43_18.hmm          -            229   4.7e-17   66.9   3.3   1   1   6.9e-19   2.9e-16   64.4   1.1     3   229    38   274    36   274 0.68 [190263/437/1]
190263/366/1.f:DBJPFP_03110 -            311 GH43_18.hmm          -            229   7.6e-17   66.3   0.9   1   1   3.8e-19   1.6e-16   65.2   0.9     5   228    35   259    33   260 0.73 [190263/366/1]
190263/421/1.f:PBKEAC_07670 -            312 GH43_18.hmm          -            229   9.2e-17   66.0   0.1   1   1   3.5e-19   1.5e-16   65.3   0.1     5   214    28   238    26   258 0.76 [190263/421/1]
190263/556/1.f:EMIPPF_01660 -            510 GH43_18.hmm          -            229   1.1e-16   65.8   0.3   1   1   6.3e-19   2.6e-16   64.5   0.3     4   191    32   211    29   260 0.81 [190263/556/1]
190263/401/1.f:DMFJNH_07485 -            333 GH43_18.hmm          -            229   2.3e-16   64.7   0.5   1   1   8.3e-19   3.4e-16   64.1   0.5     3   217    36   264    34   283 0.76 [190263/401/1]
190263/504/1.f:DOAHDM_07990 -            333 GH43_18.hmm          -            229   2.3e-16   64.7   0.5   1   1   8.3e-19   3.4e-16   64.1   0.5     3   217    36   264    34   283 0.76 [190263/504/1]
190263/545/1.f:NCJBIN_06345 -            802 GH43_18.hmm          -            229   2.7e-16   64.5   6.6   1   1   2.2e-17   9.2e-15   59.4   4.8     2   212    36   244    35   266 0.69 [190263/545/1]
190263/391/1.f:NONBJF_06480 -            802 GH43_18.hmm          -            229   2.7e-16   64.4   6.6   1   1   2.2e-17   9.2e-15   59.4   4.8     2   212    36   244    35   266 0.69 [190263/391/1]
190263/369/1.f:JCDIFE_01260 -            334 GH43_18.hmm          -            229   2.8e-16   64.4   0.3   1   1   1.3e-18   5.4e-16   63.5   0.3    14   229    51   276    41   276 0.81 [190263/369/1]
190263/401/1.f:DMFJNH_04555 -            329 GH43_18.hmm          -            229     4e-16   63.9   5.0   1   1   1.2e-18   4.9e-16   63.6   1.6     4   229    37   275    34   275 0.66 [190263/401/1]
190263/504/1.f:DOAHDM_05050 -            329 GH43_18.hmm          -            229     4e-16   63.9   5.0   1   1   1.2e-18   4.9e-16   63.6   1.6     4   229    37   275    34   275 0.66 [190263/504/1]
190263/366/1.f:DBJPFP_03100 -            318 GH43_18.hmm          -            229   4.2e-16   63.8   0.2   1   1   1.5e-18   6.3e-16   63.2   0.2     5   215    34   245    32   264 0.75 [190263/366/1]
190263/475/1.f:MCKEEP_06920 -            361 GH43_18.hmm          -            229     5e-16   63.6   0.3   1   1   2.5e-18     1e-15   62.5   0.2     4   190    55   237    52   261 0.81 [190263/475/1]
190263/552/1.f:EMALNL_06310 -            361 GH43_18.hmm          -            229     5e-16   63.6   0.3   1   1   2.5e-18     1e-15   62.5   0.2     4   190    55   237    52   261 0.81 [190263/552/1]
190263/562/1.f:KJGNCK_03885 -            361 GH43_18.hmm          -            229     5e-16   63.6   0.3   1   1   2.5e-18     1e-15   62.5   0.2     4   190    55   237    52   261 0.81 [190263/562/1]
190263/461/1.f:DHPHOK_01440 -            334 GH43_18.hmm          -            229   5.1e-16   63.5   0.3   1   1   2.2e-18   9.2e-16   62.7   0.3    14   229    51   276    41   276 0.79 [190263/461/1]
190263/534/1.f:OHCFJE_06600 -            800 GH43_18.hmm          -            229   5.8e-16   63.4  13.0   1   1   3.7e-17   1.5e-14   58.7   7.4     2   213    36   245    35   266 0.70 [190263/534/1]
190263/404/1.f:BGJBIG_08440 -            479 GH43_18.hmm          -            229   5.9e-16   63.3   0.4   1   1   4.9e-18     2e-15   61.6   0.3     3   194    56   241    55   264 0.85 [190263/404/1]
190263/405/1.f:EHKDKA_01815 -            800 GH43_18.hmm          -            229   6.1e-16   63.3   9.0   1   1   4.8e-17     2e-14   58.3   7.5     2   210    36   242    35   266 0.71 [190263/405/1]
190263/556/1.f:EMIPPF_09145 -            341 GH43_18.hmm          -            229   9.4e-16   62.7   0.0   1   1   3.3e-16   1.4e-13   55.6   0.0     3   188    53   231    51   235 0.77 [190263/556/1]
190263/546/1.f:GEHMID_03135 -            526 GH43_18.hmm          -            229   9.8e-16   62.6   0.2   1   1   4.4e-17   1.8e-14   58.5   0.1     5   210    16   228    12   241 0.78 [190263/546/1]
190263/388/1.f:FDDJJK_05830 -            800 GH43_18.hmm          -            229   1.5e-15   62.0   9.8   1   1   5.3e-17   2.2e-14   58.2   7.8     2   212    36   244    35   266 0.70 [190263/388/1]
190263/552/1.f:EMALNL_04005 -            335 GH43_18.hmm          -            229   2.4e-15   61.4   0.1   1   1   8.7e-18   3.6e-15   60.8   0.1     4   227    40   275    37   277 0.83 [190263/552/1]
190263/502/1.f:NONHGB_01690 -            800 GH43_18.hmm          -            229   2.4e-15   61.4   9.2   1   1   1.3e-16   5.4e-14   56.9   7.9     2   210    36   242    35   266 0.69 [190263/502/1]
190263/401/1.f:DMFJNH_07530 -            355 GH43_18.hmm          -            229   2.7e-15   61.2   1.8   1   1     1e-17   4.3e-15   60.5   1.4    14   221    52   274    48   286 0.77 [190263/401/1]
190263/504/1.f:DOAHDM_08035 -            355 GH43_18.hmm          -            229   2.7e-15   61.2   1.8   1   1     1e-17   4.3e-15   60.5   1.4    14   221    52   274    48   286 0.77 [190263/504/1]
190263/417/1.f:MHBJAE_04970 -            322 GH43_18.hmm          -            229   3.4e-15   60.8   2.6   1   1   1.4e-17     6e-15   60.0   2.3     5   228    44   267    42   268 0.73 [190263/417/1]
190263/526/1.f:GBBCGM_01160 -            327 GH43_18.hmm          -            229   3.8e-15   60.7   0.5   1   1   1.4e-16   5.7e-14   56.8   0.1     4   191    36   214    33   220 0.81 [190263/526/1]
190263/520/1.f:GGDGDE_09245 -            630 GH43_18.hmm          -            229   4.3e-15   60.5   0.0   1   1   2.8e-16   1.2e-13   55.8   0.0     4   210   141   340   139   344 0.77 [190263/520/1]
190263/488/1.f:DNPFAC_05530 -            322 GH43_18.hmm          -            229   4.9e-15   60.3   3.3   1   1   1.8e-17   7.3e-15   59.8   2.8     5   216    44   250    42   268 0.73 [190263/488/1]
190263/382/1.f:JACGKO_03555 -            556 GH43_18.hmm          -            229   5.2e-15   60.2   0.0   1   1   2.1e-17   8.8e-15   59.5   0.0     3   192    12   204    10   231 0.71 [190263/382/1]
190263/552/1.f:EMALNL_07540 -            577 GH43_18.hmm          -            229   6.2e-15   60.0   0.0   1   1   3.5e-17   1.4e-14   58.8   0.0     4   190    77   270    74   281 0.81 [190263/552/1]
190263/488/1.f:DNPFAC_05475 -            325 GH43_18.hmm          -            229   7.1e-15   59.8   0.3   1   1   3.5e-17   1.4e-14   58.8   0.1     5   191    33   210    30   252 0.84 [190263/488/1]
190263/417/1.f:MHBJAE_04920 -            325 GH43_18.hmm          -            229   7.2e-15   59.8   0.0   1   1   3.1e-17   1.3e-14   59.0   0.0     5   191    33   210    30   240 0.82 [190263/417/1]
190263/401/1.f:DMFJNH_03530 -            325 GH43_18.hmm          -            229   8.5e-15   59.5   0.4   1   1   4.7e-17     2e-14   58.4   0.4     5   191    36   213    33   314 0.86 [190263/401/1]
190263/504/1.f:DOAHDM_03970 -            325 GH43_18.hmm          -            229   8.5e-15   59.5   0.4   1   1   4.7e-17     2e-14   58.4   0.4     5   191    36   213    33   314 0.86 [190263/504/1]
190263/366/1.f:DBJPFP_01325 -            327 GH43_18.hmm          -            229   8.9e-15   59.5   0.0   1   1   6.9e-17   2.9e-14   57.8   0.0     4   140    35   168    33   287 0.81 [190263/366/1]
190263/460/1.f:IHFGKI_14400 -            556 GH43_18.hmm          -            229   1.1e-14   59.2   0.0   1   1   5.6e-17   2.3e-14   58.1   0.0     5   214    56   272    53   300 0.77 [190263/460/1]
190263/405/1.f:EHKDKA_04830 -            320 GH43_18.hmm          -            229   1.2e-14   59.1   2.6   1   1   4.9e-17     2e-14   58.3   2.6     5   228    42   265    40   266 0.72 [190263/405/1]
190263/595/1.f:HGDLEC_08325 -            561 GH43_18.hmm          -            229   1.4e-14   58.8   0.0   1   1   6.7e-17   2.8e-14   57.9   0.0     5   213    57   272    54   292 0.76 [190263/595/1]
190263/502/1.f:NONHGB_04285 -            308 GH43_18.hmm          -            229   1.5e-14   58.8   1.0   1   1   1.7e-16     7e-14   56.5   0.3     5   190    19   195    16   198 0.78 [190263/502/1]
190263/365/1.f:JJMMAK_00705 -            985 GH43_18.hmm          -            229   1.8e-14   58.5   0.2   1   1   1.7e-16   7.2e-14   56.5   0.0     5   193   694   879   691   914 0.78 [190263/365/1]
190263/573/1.f:LIDFCI_15995 -            577 GH43_18.hmm          -            229     2e-14   58.3   0.0   1   1   1.2e-16   5.1e-14   57.0   0.0     4   190    77   270    74   281 0.82 [190263/573/1]
190263/540/1.f:BCGFLB_08610 -            357 GH43_18.hmm          -            229   2.3e-14   58.1   0.0   1   1   8.2e-17   3.4e-14   57.6   0.0     5   229    47   292    44   292 0.73 [190263/540/1]
190263/369/1.f:JCDIFE_04830 -            333 GH43_18.hmm          -            229   3.2e-14   57.7   0.1   1   1   1.6e-16   6.6e-14   56.6   0.0     5   190    44   220    41   245 0.82 [190263/369/1]
190263/546/1.f:GEHMID_02780 -            535 GH43_18.hmm          -            229   3.7e-14   57.5   0.2   1   1   1.7e-16   6.9e-14   56.6   0.2     5   193    13   203     9   256 0.77 [190263/546/1]
190263/457/1.f:IIKDLL_11780 -            646 GH43_18.hmm          -            229   4.6e-14   57.1   0.0   1   1   8.9e-16   3.7e-13   54.2   0.0     5   212   144   345   140   367 0.76 [190263/457/1]
190263/405/1.f:EHKDKA_05525 -            333 GH43_18.hmm          -            229   4.7e-14   57.1   0.0   1   1   2.3e-16   9.6e-14   56.1   0.0     5   191    40   215    37   259 0.82 [190263/405/1]
190263/562/1.f:KJGNCK_06460 -            335 GH43_18.hmm          -            229   4.8e-14   57.1   0.1   1   1   1.9e-16   7.8e-14   56.4   0.1     4   227    40   275    37   277 0.82 [190263/562/1]
190263/405/1.f:EHKDKA_04765 -            325 GH43_18.hmm          -            229   4.9e-14   57.0   0.4   1   1   4.5e-16   1.9e-13   55.2   0.1     5   189    36   211    33   215 0.76 [190263/405/1]
190263/490/1.f:OIBLLI_02545 -            512 GH43_18.hmm          -            229     5e-14   57.0   0.0   1   1   5.7e-16   2.4e-13   54.8   0.0     4   228    14   244    11   245 0.76 [190263/490/1]
190263/541/1.f:IDEEIE_12865 -            548 GH43_18.hmm          -            229     5e-14   57.0   0.1   1   1   2.3e-16   9.4e-14   56.1   0.1     6   191    13   203     8   237 0.75 [190263/541/1]
190263/562/1.f:KJGNCK_06070 -            318 GH43_18.hmm          -            229     6e-14   56.8   0.6   1   1     2e-16   8.2e-14   56.3   0.6     3   210    20   242    18   268 0.78 [190263/562/1]
190263/564/1.f:KIHMBJ_07125 -            369 GH43_18.hmm          -            229     7e-14   56.6   0.2   1   1   2.6e-16   1.1e-13   55.9   0.2     4   214    66   288    64   310 0.73 [190263/564/1]
190263/437/1.f:LBKKEJ_07930 -            327 GH43_18.hmm          -            229     9e-14   56.2   0.1   1   1     6e-16   2.5e-13   54.7   0.0     4   191    33   211    30   242 0.77 [190263/437/1]
190263/562/1.f:KJGNCK_02165 -            348 GH43_18.hmm          -            229   1.1e-13   56.0   0.3   1   1   4.9e-16     2e-13   55.0   0.3    27   221    89   282    58   289 0.82 [190263/562/1]
190263/580/1.f:JCPJNN_28255 -            319 GH43_18.hmm          -            229   1.2e-13   55.8   5.9   1   1   3.1e-16   1.3e-13   55.7   3.3     4   227    28   256    26   258 0.73 [190263/580/1]
190263/534/1.f:OHCFJE_00195 -            632 GH43_18.hmm          -            229   1.2e-13   55.7   0.0   1   1   6.7e-16   2.8e-13   54.6   0.0     4   190   132   325   129   332 0.80 [190263/534/1]
190263/391/1.f:NONBJF_00195 -            632 GH43_18.hmm          -            229   1.2e-13   55.7   0.0   1   1   6.7e-16   2.8e-13   54.6   0.0     4   190   132   325   129   332 0.80 [190263/391/1]
190263/545/1.f:NCJBIN_00195 -            632 GH43_18.hmm          -            229   1.2e-13   55.7   0.0   1   1   6.7e-16   2.8e-13   54.6   0.0     4   190   132   325   129   332 0.80 [190263/545/1]
190263/552/1.f:EMALNL_07850 -            346 GH43_18.hmm          -            229   1.3e-13   55.7   0.4   1   1     6e-16   2.5e-13   54.7   0.2    27   221    87   280    56   284 0.82 [190263/552/1]
190263/502/1.f:NONHGB_04370 -            334 GH43_18.hmm          -            229   1.6e-13   55.4   0.1   1   1   7.9e-16   3.3e-13   54.4   0.0     5   191    45   222    42   247 0.84 [190263/502/1]
190263/502/1.f:NONHGB_09350 -            326 GH43_18.hmm          -            229   2.6e-13   54.7   5.3   1   1   6.2e-16   2.6e-13   54.7   5.3     4   229    36   270    33   270 0.79 [190263/502/1]
#
# Program:         hmmsearch
# Version:         3.3.2 (Nov 2020)
# Pipeline mode:   SEARCH
# Query file:      /kb/module/work/tmp/output.1725388484971/GH43_18/GH43_18.hmm
# Target file:     /kb/module/work/tmp/output.1725388484971/hCom2_RAST.fasta
# Option settings: /kb/module/hmmer/bin/hmmsearch --domtblout /kb/module/work/tmp/output.1725388484971/GH43_18/GH43_18-hCom2_RAST.hitout.txt --noali --notextw --domE 1e-15 /kb/module/work/tmp/output.1725388484971/GH43_18/GH43_18.hmm /kb/module/work/tmp/output.1725388484971/hCom2_RAST.fasta 
# Current dir:     /kb/module/work/tmp/output.1725388484971
# Date:            Tue Sep  3 18:52:26 2024
# [ok]
