#                                                                                   --- full sequence --- -------------- this domain -------------   hmm coord   ali coord   env coord
# target name               accession   tlen query name           accession   qlen   E-value  score  bias   #  of  c-Evalue  i-Evalue  score  bias  from    to  from    to  from    to  acc description of target
#       ------------------- ---------- ----- -------------------- ---------- ----- --------- ------ ----- --- --- --------- --------- ------ ----- ----- ----- ----- ----- ----- ----- ---- ---------------------
190263/409/1.f:AJJCMD_07020 -           2829 GH43_24.hmm          -            246  6.1e-199  662.5  29.3   1   3   1.2e-91   5.7e-89  302.4   7.9     3   245    81   385    79   386 0.94 [190263/409/1]
190263/409/1.f:AJJCMD_07020 -           2829 GH43_24.hmm          -            246  6.1e-199  662.5  29.3   2   3   9.2e-35   4.4e-32  116.0   0.3     5   244   809  1036   805  1038 0.86 [190263/409/1]
190263/409/1.f:AJJCMD_07020 -           2829 GH43_24.hmm          -            246  6.1e-199  662.5  29.3   3   3   1.3e-76   6.2e-74  253.1   7.5     4   246  1640  1914  1638  1914 0.96 [190263/409/1]
190263/497/1.f:HENFFC_16315 -            378 GH43_24.hmm          -            246  2.5e-106  359.2   0.0   1   1  6.2e-109    3e-106  358.9   0.0     2   246    53   346    52   346 0.99 [190263/497/1]
190263/365/1.f:JJMMAK_15195 -            378 GH43_24.hmm          -            246  2.6e-106  359.1   0.0   1   1  6.6e-109  3.2e-106  358.9   0.0     2   246    53   346    52   346 0.99 [190263/365/1]
190263/379/1.f:LOJHAC_14920 -            371 GH43_24.hmm          -            246  1.3e-104  353.6   0.0   1   1  3.1e-107  1.5e-104  353.4   0.0     1   246    46   341    46   341 0.98 [190263/379/1]
190263/368/1.f:HPMDBE_13470 -            371 GH43_24.hmm          -            246  2.6e-104  352.6   0.0   1   1  6.5e-107  3.1e-104  352.3   0.0     1   246    46   341    46   341 0.98 [190263/368/1]
190263/516/1.f:MGNFBC_12425 -            371 GH43_24.hmm          -            246  2.6e-104  352.6   0.0   1   1  6.5e-107  3.1e-104  352.3   0.0     1   246    46   341    46   341 0.98 [190263/516/1]
190263/417/1.f:MHBJAE_21650 -            375 GH43_24.hmm          -            246  5.4e-104  351.6   0.0   1   1  1.4e-106  6.5e-104  351.3   0.0     2   246    48   344    47   344 0.98 [190263/417/1]
190263/488/1.f:DNPFAC_23490 -            375 GH43_24.hmm          -            246  1.1e-103  350.5   0.1   1   1  2.9e-106  1.4e-103  350.2   0.1     2   245    48   343    47   344 0.97 [190263/488/1]
190263/404/1.f:BGJBIG_05355 -            635 GH43_24.hmm          -            246  3.7e-102  345.6   0.1   1   1  1.1e-104  5.4e-102  345.0   0.1     2   246   311   603   310   603 0.99 [190263/404/1]
190263/506/1.f:IKGMED_03615 -            381 GH43_24.hmm          -            246  5.3e-102  345.0   0.0   1   1  1.4e-104  6.5e-102  344.7   0.0     2   246    54   348    53   348 0.98 [190263/506/1]
190263/391/1.f:NONBJF_02555 -            380 GH43_24.hmm          -            246  6.7e-102  344.7   0.6   1   1  1.7e-104    8e-102  344.4   0.6     2   246    52   346    51   346 0.99 [190263/391/1]
190263/534/1.f:OHCFJE_09660 -            380 GH43_24.hmm          -            246  6.7e-102  344.7   0.6   1   1  1.7e-104    8e-102  344.4   0.6     2   246    52   346    51   346 0.99 [190263/534/1]
190263/545/1.f:NCJBIN_02930 -            380 GH43_24.hmm          -            246  6.7e-102  344.7   0.6   1   1  1.7e-104    8e-102  344.4   0.6     2   246    52   346    51   346 0.99 [190263/545/1]
190263/388/1.f:FDDJJK_02670 -            380 GH43_24.hmm          -            246  1.1e-101  344.0   0.3   1   1  2.8e-104  1.4e-101  343.7   0.3     2   246    52   346    51   346 0.99 [190263/388/1]
190263/583/1.f:BCCKNC_18100 -            374 GH43_24.hmm          -            246  2.1e-101  343.1   0.0   1   1  5.2e-104  2.5e-101  342.8   0.0     2   246    49   342    48   342 0.97 [190263/583/1]
190263/405/1.f:EHKDKA_00150 -           1106 GH43_24.hmm          -            246  4.9e-101  341.9   6.9   1   1  1.7e-103    8e-101  341.2   6.9     2   246    55   311    54   311 0.98 [190263/405/1]
190263/506/1.f:IKGMED_03620 -            369 GH43_24.hmm          -            246  5.4e-101  341.7   0.0   1   1  1.4e-103  6.6e-101  341.5   0.0     2   246    53   336    52   336 0.98 [190263/506/1]
190263/502/1.f:NONHGB_00155 -           1106 GH43_24.hmm          -            246  6.6e-101  341.5   7.7   1   1  2.3e-103  1.1e-100  340.7   7.7     2   246    55   311    54   311 0.98 [190263/502/1]
190263/405/1.f:EHKDKA_00265 -            375 GH43_24.hmm          -            246  9.7e-101  340.9   0.1   1   1  2.5e-103  1.2e-100  340.6   0.1     2   246    56   346    55   346 0.98 [190263/405/1]
190263/401/1.f:DMFJNH_07530 -            355 GH43_24.hmm          -            246  1.7e-100  340.1   2.5   1   1  5.1e-103  2.5e-100  339.6   2.5     2   245    49   304    48   305 0.98 [190263/401/1]
190263/504/1.f:DOAHDM_08035 -            355 GH43_24.hmm          -            246  1.7e-100  340.1   2.5   1   1  5.1e-103  2.5e-100  339.6   2.5     2   245    49   304    48   305 0.98 [190263/504/1]
190263/401/1.f:DMFJNH_07525 -            631 GH43_24.hmm          -            246    2e-100  339.8   0.0   1   1  7.2e-103  3.5e-100  339.1   0.0     2   246   308   599   307   599 0.98 [190263/401/1]
190263/504/1.f:DOAHDM_08030 -            631 GH43_24.hmm          -            246    2e-100  339.8   0.0   1   1  7.2e-103  3.5e-100  339.1   0.0     2   246   308   599   307   599 0.98 [190263/504/1]
190263/552/1.f:EMALNL_07850 -            346 GH43_24.hmm          -            246  2.9e-100  339.3   3.8   1   1  7.4e-103  3.6e-100  339.1   3.8     2   245    55   310    54   311 0.98 [190263/552/1]
190263/562/1.f:KJGNCK_02165 -            348 GH43_24.hmm          -            246  3.6e-100  339.0   4.2   1   1  9.3e-103  4.5e-100  338.7   4.2     2   245    57   312    56   313 0.98 [190263/562/1]
190263/404/1.f:BGJBIG_05365 -            340 GH43_24.hmm          -            246  4.4e-100  338.7   3.6   1   1  1.1e-102  5.4e-100  338.5   3.6     2   245    49   304    48   305 0.98 [190263/404/1]
190263/461/1.f:DHPHOK_00425 -           1106 GH43_24.hmm          -            246  4.5e-100  338.7   7.8   1   1  1.7e-102  8.1e-100  337.9   7.8     2   245    54   309    53   310 0.98 [190263/461/1]
190263/401/1.f:DMFJNH_26880 -            345 GH43_24.hmm          -            246  4.8e-100  338.6   2.5   1   1  1.3e-102  6.1e-100  338.3   2.5     2   246    52   309    51   309 0.98 [190263/401/1]
190263/504/1.f:DOAHDM_24865 -            345 GH43_24.hmm          -            246  4.8e-100  338.6   2.5   1   1  1.3e-102  6.1e-100  338.3   2.5     2   246    52   309    51   309 0.98 [190263/504/1]
190263/585/1.f:DLBDDB_01460 -            348 GH43_24.hmm          -            246  6.3e-100  338.2   2.8   1   1  1.6e-102  7.8e-100  337.9   2.8     2   245    57   312    56   313 0.98 [190263/585/1]
190263/475/1.f:MCKEEP_08580 -            346 GH43_24.hmm          -            246  7.7e-100  338.0   3.5   1   1    2e-102  9.4e-100  337.7   3.5     2   245    55   310    54   311 0.98 [190263/475/1]
190263/369/1.f:JCDIFE_00110 -           1106 GH43_24.hmm          -            246   1.3e-99  337.2   7.5   1   1  5.1e-102   2.4e-99  336.3   7.5     2   245    54   309    53   310 0.98 [190263/369/1]
190263/405/1.f:EHKDKA_00295 -            628 GH43_24.hmm          -            246     2e-99  336.6   0.1   1   1    6e-102   2.9e-99  336.1   0.1     2   246    44   334    43   334 0.98 [190263/405/1]
190263/573/1.f:LIDFCI_15695 -            340 GH43_24.hmm          -            246   1.1e-98  334.1   1.8   1   1  2.9e-101   1.4e-98  333.8   1.8     2   245    49   304    48   305 0.98 [190263/573/1]
190263/366/1.f:DBJPFP_08250 -            370 GH43_24.hmm          -            246   1.9e-98  333.4   0.0   1   1  4.6e-101   2.2e-98  333.2   0.0     2   246    46   338    45   338 0.97 [190263/366/1]
190263/369/1.f:JCDIFE_00115 -            380 GH43_24.hmm          -            246     3e-98  332.7   0.1   1   1  7.7e-101   3.7e-98  332.4   0.1     5   246    61   348    57   348 0.98 [190263/369/1]
190263/595/1.f:HGDLEC_08265 -            378 GH43_24.hmm          -            246   3.2e-98  332.6   0.6   1   1  7.9e-101   3.8e-98  332.4   0.6     2   246    47   341    46   341 0.99 [190263/595/1]
190263/573/1.f:LIDFCI_15705 -            646 GH43_24.hmm          -            246   3.4e-98  332.6   0.1   1   1  1.1e-100   5.1e-98  332.0   0.1     2   245   322   613   321   614 0.98 [190263/573/1]
190263/399/1.f:CDLIDF_02235 -            383 GH43_24.hmm          -            246   3.4e-98  332.6   1.0   1   1  8.6e-101   4.1e-98  332.3   1.0     2   246    51   347    50   347 0.98 [190263/399/1]
190263/502/1.f:NONHGB_00295 -            389 GH43_24.hmm          -            246   4.8e-98  332.1   0.0   1   1  1.5e-100   7.1e-98  331.5   0.0     2   246    70   360    69   360 0.98 [190263/502/1]
190263/461/1.f:DHPHOK_00440 -            383 GH43_24.hmm          -            246   5.5e-97  328.6   0.0   1   1   1.5e-99   7.2e-97  328.2   0.0     4   246    60   348    57   348 0.98 [190263/461/1]
190263/369/1.f:JCDIFE_00165 -            709 GH43_24.hmm          -            246   8.3e-96  324.8   0.0   1   1   3.3e-98   1.6e-95  323.8   0.0     3   245   395   683   393   684 0.98 [190263/369/1]
190263/405/1.f:EHKDKA_09680 -           1146 GH43_24.hmm          -            246     1e-95  324.5   4.6   1   1   4.1e-98     2e-95  323.5   4.6     2   246   852  1109   851  1109 0.98 [190263/405/1]
190263/409/1.f:AJJCMD_06010 -           2298 GH43_24.hmm          -            246   3.4e-95  322.7  20.7   1   1   3.9e-89   1.9e-86  294.1   7.3     6   246   332   629   328   629 0.91 [190263/409/1]
190263/541/1.f:IDEEIE_11705 -           1057 GH43_24.hmm          -            246   1.2e-91  311.1   6.8   1   1   2.5e-94   1.2e-91  311.1   6.8     6   245   153   447   149   448 0.96 [190263/541/1]
190263/375/1.f:CNGHJF_13260 -           2845 GH43_24.hmm          -            246   1.5e-91  310.8   8.1   1   1     9e-94   4.3e-91  309.3   8.1     5   245  1553  1847  1549  1848 0.95 [190263/375/1]
190263/507/1.f:KPMKPI_02845 -            319 GH43_24.hmm          -            246   1.9e-89  303.9   1.5   1   1   4.7e-92   2.2e-89  303.7   1.5     2   244    23   276    22   278 0.98 [190263/507/1]
190263/580/1.f:JCPJNN_24385 -            307 GH43_24.hmm          -            246   2.7e-87  296.9   3.1   1   1   6.6e-90   3.2e-87  296.6   3.1     2   245    27   274    26   275 0.95 [190263/580/1]
190263/401/1.f:DMFJNH_15525 -            493 GH43_24.hmm          -            246   1.5e-86  294.4  10.2   1   1   3.3e-89   1.6e-86  294.4   5.0     2   246    45   290    44   290 0.97 [190263/401/1]
190263/504/1.f:DOAHDM_15185 -            493 GH43_24.hmm          -            246   1.5e-86  294.4  10.2   1   1   3.3e-89   1.6e-86  294.4   5.0     2   246    45   290    44   290 0.97 [190263/504/1]
190263/562/1.f:KJGNCK_14860 -            493 GH43_24.hmm          -            246   6.1e-85  289.2   5.2   1   1   1.3e-87   6.1e-85  289.2   5.2     2   246    45   290    44   290 0.96 [190263/562/1]
190263/585/1.f:DLBDDB_16140 -            494 GH43_24.hmm          -            246   3.9e-84  286.5   2.5   1   1   8.2e-87   3.9e-84  286.5   2.5     2   245    45   290    44   291 0.96 [190263/585/1]
190263/562/1.f:KJGNCK_07530 -            359 GH43_24.hmm          -            246   1.6e-74  255.1   1.0   1   1   4.2e-77     2e-74  254.7   1.0     2   246    52   311    51   311 0.92 [190263/562/1]
190263/552/1.f:EMALNL_02625 -            463 GH43_24.hmm          -            246   1.4e-69  238.8   0.1   1   1   4.8e-72   2.3e-69  238.1   0.1     2   245    55   289    54   290 0.96 [190263/552/1]
190263/534/1.f:OHCFJE_01210 -            439 GH43_24.hmm          -            246   1.7e-69  238.6   0.0   1   1   5.9e-72   2.8e-69  237.9   0.0     1   245    45   280    45   281 0.97 [190263/534/1]
190263/405/1.f:EHKDKA_00170 -            464 GH43_24.hmm          -            246   3.4e-69  237.6   0.1   1   1   1.3e-71   6.2e-69  236.7   0.1     2   245    57   291    56   292 0.96 [190263/405/1]
190263/545/1.f:NCJBIN_10450 -            439 GH43_24.hmm          -            246   8.4e-69  236.3   0.0   1   1     3e-71   1.4e-68  235.5   0.0     1   245    45   280    45   281 0.97 [190263/545/1]
190263/401/1.f:DMFJNH_03855 -            460 GH43_24.hmm          -            246   1.3e-68  235.7   0.0   1   1   3.7e-71   1.8e-68  235.2   0.0     1   245    48   285    48   286 0.97 [190263/401/1]
190263/504/1.f:DOAHDM_04285 -            460 GH43_24.hmm          -            246   1.3e-68  235.7   0.0   1   1   3.7e-71   1.8e-68  235.2   0.0     1   245    48   285    48   286 0.97 [190263/504/1]
190263/502/1.f:NONHGB_00185 -            709 GH43_24.hmm          -            246   1.4e-68  235.6   0.0   1   1   5.1e-71   2.5e-68  234.8   0.0     2   245   302   536   301   537 0.96 [190263/502/1]
190263/391/1.f:NONBJF_09630 -            440 GH43_24.hmm          -            246     2e-68  235.0   0.0   1   1   7.3e-71   3.5e-68  234.3   0.0     1   245    46   281    46   282 0.97 [190263/391/1]
190263/534/1.f:OHCFJE_03250 -            440 GH43_24.hmm          -            246     2e-68  235.0   0.0   1   1   7.3e-71   3.5e-68  234.3   0.0     1   245    46   281    46   282 0.97 [190263/534/1]
190263/399/1.f:CDLIDF_02555 -            456 GH43_24.hmm          -            246   8.7e-68  233.0   0.0   1   1   3.3e-70   1.6e-67  232.1   0.0     1   245    45   280    45   281 0.96 [190263/399/1]
190263/585/1.f:DLBDDB_16155 -            471 GH43_24.hmm          -            246   1.5e-65  225.7   0.0   1   1   4.2e-68     2e-65  225.2   0.0     2   245    62   297    61   298 0.95 [190263/585/1]
190263/562/1.f:KJGNCK_14845 -            471 GH43_24.hmm          -            246   1.6e-64  222.3   0.0   1   1   4.4e-67   2.1e-64  221.9   0.0     2   245    62   297    61   298 0.95 [190263/562/1]
190263/534/1.f:OHCFJE_03095 -            849 GH43_24.hmm          -            246   7.4e-63  216.8   0.1   1   1   2.1e-65     1e-62  216.4   0.1     4   245   525   769   522   770 0.96 [190263/534/1]
190263/391/1.f:NONBJF_09745 -            849 GH43_24.hmm          -            246   7.4e-63  216.8   0.1   1   1   2.1e-65     1e-62  216.4   0.1     4   245   525   769   522   770 0.96 [190263/391/1]
190263/545/1.f:NCJBIN_10585 -            849 GH43_24.hmm          -            246   7.4e-63  216.8   0.1   1   1   2.1e-65     1e-62  216.4   0.1     4   245   525   769   522   770 0.96 [190263/545/1]
190263/580/1.f:JCPJNN_21665 -            357 GH43_24.hmm          -            246   5.4e-60  207.5   0.5   1   1   1.4e-62   6.8e-60  207.1   0.5     2   245    27   277    26   278 0.92 [190263/580/1]
190263/546/1.f:GEHMID_16115 -            357 GH43_24.hmm          -            246   1.1e-59  206.5   0.0   1   1   2.7e-62   1.3e-59  206.2   0.0     4   246    33   285    30   285 0.91 [190263/546/1]
190263/396/1.f:KAAOMA_13375 -            858 GH43_24.hmm          -            246   4.8e-50  174.9   8.0   1   1     1e-52   4.8e-50  174.9   8.0     3   244   154   389   153   391 0.96 [190263/396/1]
190263/390/1.f:OLPOLE_00765 -            455 GH43_24.hmm          -            246   1.4e-48  170.0   0.0   1   1   3.9e-51   1.9e-48  169.7   0.0     2   245   131   377   130   378 0.91 [190263/390/1]
190263/541/1.f:IDEEIE_02100 -           1952 GH43_24.hmm          -            246   1.3e-44  157.1  21.1   1   1     2e-21   9.4e-19   72.4   0.4     5   197  1560  1769  1557  1819 0.83 [190263/541/1]
190263/401/1.f:DMFJNH_06495 -            637 GH43_24.hmm          -            246   1.2e-43  153.9   2.2   1   2   1.5e-25   7.2e-23   85.9   0.1     5   238    48   283    45   288 0.80 [190263/401/1]
190263/401/1.f:DMFJNH_06495 -            637 GH43_24.hmm          -            246   1.2e-43  153.9   2.2   2   2   4.5e-20   2.2e-17   67.9   0.2     5   213   356   560   351   594 0.83 [190263/401/1]
190263/504/1.f:DOAHDM_07165 -            637 GH43_24.hmm          -            246   1.2e-43  153.9   2.2   1   2   1.5e-25   7.2e-23   85.9   0.1     5   238    48   283    45   288 0.80 [190263/504/1]
190263/504/1.f:DOAHDM_07165 -            637 GH43_24.hmm          -            246   1.2e-43  153.9   2.2   2   2   4.5e-20   2.2e-17   67.9   0.2     5   213   356   560   351   594 0.83 [190263/504/1]
190263/522/1.f:NPJBCH_10320 -            621 GH43_24.hmm          -            246   4.8e-41  145.4   3.1   1   2   1.1e-19   5.1e-17   66.7   0.1     3   208    47   248    45   304 0.89 [190263/522/1]
190263/522/1.f:NPJBCH_10320 -            621 GH43_24.hmm          -            246   4.8e-41  145.4   3.1   2   2   1.8e-23   8.5e-21   79.1   0.4     4   214   343   555   340   587 0.78 [190263/522/1]
190263/401/1.f:DMFJNH_15520 -            582 GH43_24.hmm          -            246   1.6e-40  143.7   0.6   1   1   7.3e-43   3.5e-40  142.6   0.1    55   233   203   376   152   386 0.92 [190263/401/1]
190263/504/1.f:DOAHDM_15180 -            582 GH43_24.hmm          -            246   1.6e-40  143.7   0.6   1   1   7.3e-43   3.5e-40  142.6   0.1    55   233   203   376   152   386 0.92 [190263/504/1]
190263/585/1.f:DLBDDB_16145 -            584 GH43_24.hmm          -            246   2.3e-40  143.2   2.5   1   1   7.9e-43   3.8e-40  142.5   1.9    55   240   205   382   139   388 0.91 [190263/585/1]
190263/562/1.f:KJGNCK_14855 -            585 GH43_24.hmm          -            246   2.3e-40  143.1   1.4   1   1   4.9e-43   2.3e-40  143.1   1.4    58   240   209   383   188   389 0.93 [190263/562/1]
190263/527/1.f:HGADJN_08265 -           2030 GH43_24.hmm          -            246   8.8e-37  131.4  24.0   1   1   9.1e-23   4.4e-20   76.8   0.8     6   183  1582  1771  1578  1837 0.79 [190263/527/1]
190263/405/1.f:EHKDKA_15525 -           1120 GH43_24.hmm          -            246   3.6e-35  126.1  18.9   1   1   1.2e-19   5.7e-17   66.6   2.5     3   234   838  1074   836  1081 0.82 [190263/405/1]
190263/460/1.f:IHFGKI_00025 -            986 GH43_24.hmm          -            246   1.7e-34  123.9   7.0   1   1     3e-21   1.4e-18   71.8   3.2     6   220    48   286    44   306 0.80 [190263/460/1]
190263/461/1.f:DHPHOK_00505 -            646 GH43_24.hmm          -            246   7.1e-32  115.4  11.9   1   1   1.6e-24   7.5e-22   82.5   1.9     4   237   359   606   356   614 0.85 [190263/461/1]
190263/369/1.f:JCDIFE_04825 -            316 GH43_24.hmm          -            246   3.8e-30  109.7   0.5   1   1     1e-32   4.8e-30  109.4   0.5     2   214    39   252    38   283 0.85 [190263/369/1]
190263/405/1.f:EHKDKA_00245 -            643 GH43_24.hmm          -            246   1.3e-29  108.0  11.9   1   1   1.5e-23   7.1e-21   79.3   0.6     4   239   356   604   352   607 0.86 [190263/405/1]
190263/399/1.f:CDLIDF_03200 -            640 GH43_24.hmm          -            246   2.1e-29  107.3  17.6   1   1   1.2e-22   5.7e-20   76.4   3.4     3   239   350   599   348   602 0.87 [190263/399/1]
190263/534/1.f:OHCFJE_09710 -            647 GH43_24.hmm          -            246   2.3e-29  107.2  11.4   1   1   1.2e-22   5.9e-20   76.3   0.7     4   239   358   606   355   609 0.85 [190263/534/1]
190263/401/1.f:DMFJNH_03515 -            327 GH43_24.hmm          -            246   2.3e-29  107.1   4.0   1   1   6.3e-32     3e-29  106.8   4.0     3   216    53   262    51   293 0.83 [190263/401/1]
190263/504/1.f:DOAHDM_03950 -            327 GH43_24.hmm          -            246   2.3e-29  107.1   4.0   1   1   6.3e-32     3e-29  106.8   4.0     3   216    53   262    51   293 0.83 [190263/504/1]
190263/391/1.f:NONBJF_02505 -            647 GH43_24.hmm          -            246   3.5e-29  106.5  11.8   1   1     7e-23   3.4e-20   77.1   0.7     4   239   358   606   355   609 0.85 [190263/391/1]
190263/545/1.f:NCJBIN_02880 -            647 GH43_24.hmm          -            246   3.5e-29  106.5  11.8   1   1     7e-23   3.4e-20   77.1   0.7     4   239   358   606   355   609 0.85 [190263/545/1]
190263/502/1.f:NONHGB_00270 -            643 GH43_24.hmm          -            246   5.5e-29  105.9  11.7   1   1     8e-23   3.8e-20   76.9   0.5     4   239   356   604   352   607 0.86 [190263/502/1]
190263/365/1.f:JJMMAK_06475 -            332 GH43_24.hmm          -            246   7.6e-29  105.4   0.7   1   1   2.3e-31   1.1e-28  104.9   0.7     4   239    50   286    48   290 0.86 [190263/365/1]
190263/497/1.f:HENFFC_08175 -            313 GH43_24.hmm          -            246   1.8e-28  104.2   2.3   1   1   6.1e-31     3e-28  103.5   2.0     2   209    41   243    40   281 0.84 [190263/497/1]
190263/401/1.f:DMFJNH_03485 -            330 GH43_24.hmm          -            246   2.8e-28  103.6   2.9   1   1   7.8e-31   3.7e-28  103.2   2.9     2   210    54   259    53   295 0.84 [190263/401/1]
190263/504/1.f:DOAHDM_03935 -            330 GH43_24.hmm          -            246   2.8e-28  103.6   2.9   1   1   7.8e-31   3.7e-28  103.2   2.9     2   210    54   259    53   295 0.84 [190263/504/1]
190263/497/1.f:HENFFC_05550 -            332 GH43_24.hmm          -            246   3.2e-28  103.4   0.3   1   1     1e-30     5e-28  102.8   0.3     4   239    50   286    48   290 0.86 [190263/497/1]
190263/461/1.f:DHPHOK_05305 -            315 GH43_24.hmm          -            246   8.6e-28  102.0   2.0   1   1   2.3e-30   1.1e-27  101.6   2.0     2   221    42   262    41   287 0.83 [190263/461/1]
190263/388/1.f:FDDJJK_02615 -            647 GH43_24.hmm          -            246   1.8e-27  101.0  11.7   1   1   2.5e-21   1.2e-18   72.1   0.6     4   239   358   606   355   609 0.85 [190263/388/1]
190263/365/1.f:JJMMAK_09110 -            331 GH43_24.hmm          -            246   1.9e-27  100.9   1.1   1   1   4.8e-30   2.3e-27  100.6   1.1     2   209    54   256    53   293 0.84 [190263/365/1]
190263/365/1.f:JJMMAK_03125 -            313 GH43_24.hmm          -            246   3.2e-27  100.1   2.9   1   1   9.3e-30   4.5e-27   99.7   2.5     2   211    41   246    40   282 0.84 [190263/365/1]
190263/461/1.f:DHPHOK_05310 -            322 GH43_24.hmm          -            246   1.7e-26   97.8   1.3   1   1   4.5e-29   2.2e-26   97.4   0.8     3   208    40   245    38   260 0.88 [190263/461/1]
190263/379/1.f:LOJHAC_08255 -            334 GH43_24.hmm          -            246   1.9e-26   97.6   0.6   1   1   5.4e-29   2.6e-26   97.1   0.6     4   239    52   289    50   293 0.84 [190263/379/1]
190263/516/1.f:MGNFBC_06985 -            334 GH43_24.hmm          -            246   1.9e-26   97.6   0.6   1   1   5.4e-29   2.6e-26   97.1   0.6     4   239    52   289    50   293 0.84 [190263/516/1]
190263/368/1.f:HPMDBE_07740 -            334 GH43_24.hmm          -            246   2.5e-26   97.2   0.5   1   1   7.1e-29   3.4e-26   96.8   0.5     4   239    52   289    50   293 0.84 [190263/368/1]
190263/417/1.f:MHBJAE_04970 -            322 GH43_24.hmm          -            246     2e-25   94.2   0.8   1   1   5.4e-28   2.6e-25   93.9   0.8     2   210    49   250    48   285 0.86 [190263/417/1]
190263/417/1.f:MHBJAE_08890 -            333 GH43_24.hmm          -            246     3e-25   93.7   0.4   1   1   8.7e-28   4.2e-25   93.2   0.4     5   239    49   283    46   288 0.80 [190263/417/1]
190263/488/1.f:DNPFAC_10005 -            330 GH43_24.hmm          -            246     4e-25   93.2   1.4   1   1   1.1e-27   5.5e-25   92.8   1.4     5   239    49   283    46   287 0.81 [190263/488/1]
190263/437/1.f:LBKKEJ_07955 -            352 GH43_24.hmm          -            246   4.6e-25   93.1   0.1   1   1   1.2e-27   5.9e-25   92.7   0.1    18   239    75   306    48   310 0.82 [190263/437/1]
190263/488/1.f:DNPFAC_05530 -            322 GH43_24.hmm          -            246   5.9e-25   92.7   2.1   1   1   1.8e-27   8.6e-25   92.2   1.9     2   212    49   252    48   283 0.84 [190263/488/1]
190263/475/1.f:MCKEEP_07780 -            329 GH43_24.hmm          -            246   3.9e-24   90.0   0.1   1   1   1.1e-26   5.3e-24   89.6   0.1     5   223    48   268    45   287 0.78 [190263/475/1]
190263/366/1.f:DBJPFP_03110 -            311 GH43_24.hmm          -            246   5.5e-24   89.5   0.3   1   1   1.4e-26   6.8e-24   89.2   0.3     4   211    42   243    39   275 0.85 [190263/366/1]
190263/405/1.f:EHKDKA_04830 -            320 GH43_24.hmm          -            246   8.3e-24   89.0   2.1   1   1   2.3e-26   1.1e-23   88.6   2.1     2   210    47   248    46   286 0.84 [190263/405/1]
190263/573/1.f:LIDFCI_16670 -            329 GH43_24.hmm          -            246   8.4e-24   88.9   0.1   1   1   2.4e-26   1.2e-23   88.5   0.1     5   223    48   268    45   287 0.79 [190263/573/1]
190263/502/1.f:NONHGB_04390 -            315 GH43_24.hmm          -            246   1.1e-23   88.5   1.2   1   1   3.4e-26   1.6e-23   88.0   1.2     4   213    41   246    38   281 0.77 [190263/502/1]
190263/552/1.f:EMALNL_07155 -            329 GH43_24.hmm          -            246   1.4e-23   88.2   0.1   1   1   3.9e-26   1.9e-23   87.8   0.1     5   223    48   268    45   287 0.78 [190263/552/1]
190263/466/1.f:PGJOII_06060 -            340 GH43_24.hmm          -            246   1.8e-23   87.9   0.0   1   1   4.7e-26   2.3e-23   87.5   0.0     5   229    57   283    54   297 0.79 [190263/466/1]
190263/562/1.f:KJGNCK_03005 -            329 GH43_24.hmm          -            246   2.3e-23   87.5   0.1   1   1   6.3e-26     3e-23   87.1   0.1     5   217    48   262    45   286 0.78 [190263/562/1]
190263/564/1.f:KIHMBJ_07125 -            369 GH43_24.hmm          -            246   3.6e-23   86.8   0.5   1   1   9.5e-26   4.6e-23   86.5   0.5     2   211    72   292    71   323 0.84 [190263/564/1]
190263/369/1.f:JCDIFE_01260 -            334 GH43_24.hmm          -            246   5.1e-23   86.4   0.0   1   1   1.3e-25   6.5e-23   86.0   0.0     5   238    51   286    48   291 0.81 [190263/369/1]
190263/522/1.f:NPJBCH_14225 -            324 GH43_24.hmm          -            246   5.2e-23   86.3   3.8   1   1   1.4e-25   6.9e-23   85.9   3.5     2   209    55   254    54   271 0.82 [190263/522/1]
190263/405/1.f:EHKDKA_05935 -            356 GH43_24.hmm          -            246   5.3e-23   86.3   0.4   1   1   1.7e-25   8.1e-23   85.7   0.4     2   221    46   266    45   284 0.82 [190263/405/1]
190263/461/1.f:DHPHOK_01440 -            334 GH43_24.hmm          -            246   6.1e-23   86.1   0.0   1   1   1.6e-25   7.8e-23   85.8   0.0     5   234    51   282    48   291 0.80 [190263/461/1]
190263/562/1.f:KJGNCK_02445 -            464 GH43_24.hmm          -            246   9.5e-23   85.5   3.0   1   1   3.6e-25   1.7e-22   84.6   3.0     4   221    41   274    39   289 0.86 [190263/562/1]
190263/580/1.f:JCPJNN_28255 -            319 GH43_24.hmm          -            246     1e-22   85.4   0.5   1   1   3.7e-25   1.8e-22   84.6   0.5     3   227    35   257    33   275 0.80 [190263/580/1]
190263/379/1.f:LOJHAC_06040 -            373 GH43_24.hmm          -            246   1.1e-22   85.3   0.4   1   1   8.2e-25   3.9e-22   83.5   0.4     3   212    49   307    47   340 0.78 [190263/379/1]
190263/516/1.f:MGNFBC_09170 -            377 GH43_24.hmm          -            246   1.1e-22   85.3   0.4   1   1   8.3e-25     4e-22   83.4   0.4     3   212    53   311    51   344 0.78 [190263/516/1]
190263/388/1.f:FDDJJK_11475 -            322 GH43_24.hmm          -            246   4.2e-22   83.4   4.2   1   1   1.3e-24   6.4e-22   82.8   4.0     2   209    49   249    48   271 0.84 [190263/388/1]
190263/502/1.f:NONHGB_09350 -            326 GH43_24.hmm          -            246   4.2e-22   83.4   0.5   1   1   1.7e-24     8e-22   82.5   0.6     5   238    45   280    42   285 0.78 [190263/502/1]
190263/391/1.f:NONBJF_11655 -            322 GH43_24.hmm          -            246   4.2e-22   83.4   4.2   1   1   1.3e-24   6.4e-22   82.8   4.0     2   209    49   249    48   271 0.84 [190263/391/1]
190263/534/1.f:OHCFJE_11925 -            322 GH43_24.hmm          -            246   4.2e-22   83.4   4.2   1   1   1.3e-24   6.4e-22   82.8   4.0     2   209    49   249    48   271 0.84 [190263/534/1]
190263/545/1.f:NCJBIN_12795 -            322 GH43_24.hmm          -            246   4.2e-22   83.4   4.2   1   1   1.3e-24   6.4e-22   82.8   4.0     2   209    49   249    48   271 0.84 [190263/545/1]
190263/552/1.f:EMALNL_04325 -            332 GH43_24.hmm          -            246   4.6e-22   83.2   0.9   1   1   1.4e-24   6.8e-22   82.7   0.9     4   239    45   293    38   296 0.85 [190263/552/1]
190263/562/1.f:KJGNCK_06070 -            318 GH43_24.hmm          -            246   4.8e-22   83.2   1.1   1   1   1.4e-24   6.8e-22   82.7   1.1     4   239    31   279    24   282 0.85 [190263/562/1]
190263/401/1.f:DMFJNH_07485 -            333 GH43_24.hmm          -            246   6.1e-22   82.8   0.4   1   1   2.2e-24   1.1e-21   82.0   0.4     4   239    47   294    44   297 0.84 [190263/401/1]
190263/504/1.f:DOAHDM_07990 -            333 GH43_24.hmm          -            246   6.1e-22   82.8   0.4   1   1   2.2e-24   1.1e-21   82.0   0.4     4   239    47   294    44   297 0.84 [190263/504/1]
190263/497/1.f:HENFFC_06515 -            370 GH43_24.hmm          -            246   6.1e-22   82.8   1.3   1   1   4.2e-24     2e-21   81.1   1.3     3   215    51   308    49   342 0.78 [190263/497/1]
190263/552/1.f:EMALNL_09490 -           1085 GH43_24.hmm          -            246   6.5e-22   82.7   0.2   1   1   1.4e-24   6.5e-22   82.7   0.2     5   233   801  1031   798  1041 0.79 [190263/552/1]
190263/368/1.f:HPMDBE_02595 -            373 GH43_24.hmm          -            246   8.3e-22   82.4   0.4   1   1   6.5e-24   3.1e-21   80.5   0.4     3   212    49   307    47   341 0.78 [190263/368/1]
190263/365/1.f:JJMMAK_05415 -            370 GH43_24.hmm          -            246     1e-21   82.1   0.9   1   1   7.8e-24   3.7e-21   80.3   0.9     3   215    51   308    49   342 0.78 [190263/365/1]
190263/369/1.f:JCDIFE_02295 -            366 GH43_24.hmm          -            246   1.2e-21   81.9   3.0   1   1   6.8e-24   3.3e-21   80.4   3.0     4   214    44   299    41   312 0.83 [190263/369/1]
190263/556/1.f:EMIPPF_06030 -            332 GH43_24.hmm          -            246   1.4e-21   81.7   0.0   1   1   3.6e-24   1.7e-21   81.4   0.0     5   238    46   280    43   285 0.83 [190263/556/1]
190263/421/1.f:PBKEAC_07670 -            312 GH43_24.hmm          -            246   1.6e-21   81.4   0.1   1   1   4.2e-24     2e-21   81.1   0.1     4   209    35   239    32   264 0.81 [190263/421/1]
190263/502/1.f:NONHGB_05255 -            361 GH43_24.hmm          -            246   1.7e-21   81.4   0.2   1   1   5.4e-24   2.6e-21   80.8   0.2     2   221    46   266    45   284 0.82 [190263/502/1]
190263/461/1.f:DHPHOK_02850 -            367 GH43_24.hmm          -            246     2e-21   81.1   2.4   1   1   1.1e-23   5.1e-21   79.8   2.4     4   214    45   300    42   312 0.82 [190263/461/1]
190263/405/1.f:EHKDKA_02525 -            320 GH43_24.hmm          -            246   2.5e-21   80.8   1.6   1   1   7.9e-24   3.8e-21   80.2   1.3     9   209    53   258    46   277 0.80 [190263/405/1]
190263/475/1.f:MCKEEP_09850 -            785 GH43_24.hmm          -            246   2.9e-21   80.6   0.8   1   1   3.4e-18   1.6e-15   61.8   0.1     3   198   332   540   330   587 0.76 [190263/475/1]
190263/475/1.f:MCKEEP_03215 -            330 GH43_24.hmm          -            246   9.2e-21   79.0   0.1   1   1   2.5e-23   1.2e-20   78.6   0.1     5   238    49   284    46   289 0.83 [190263/475/1]
190263/573/1.f:LIDFCI_20375 -            330 GH43_24.hmm          -            246   9.2e-21   79.0   0.1   1   1   2.5e-23   1.2e-20   78.6   0.1     5   238    49   284    46   289 0.83 [190263/573/1]
190263/391/1.f:NONBJF_00960 -            784 GH43_24.hmm          -            246   9.5e-21   78.9   5.0   1   1   6.1e-20   2.9e-17   67.5   1.0     3   181   332   525   330   557 0.79 [190263/391/1]
190263/472/1.f:NMGHJI_01030 -            524 GH43_24.hmm          -            246   1.1e-20   78.7   8.8   1   1     3e-17   1.4e-14   58.7   3.5     2   134    70   241    69   255 0.89 [190263/472/1]
190263/545/1.f:NCJBIN_01075 -            784 GH43_24.hmm          -            246   1.3e-20   78.4   4.7   1   1   1.3e-19   6.1e-17   66.5   1.5     3   182   332   526   330   586 0.79 [190263/545/1]
190263/534/1.f:OHCFJE_01725 -            784 GH43_24.hmm          -            246   1.5e-20   78.3   4.8   1   1   1.3e-19   6.1e-17   66.5   1.5     3   182   332   526   330   586 0.79 [190263/534/1]
190263/388/1.f:FDDJJK_00940 -            784 GH43_24.hmm          -            246   1.7e-20   78.1   6.2   1   1   8.3e-20     4e-17   67.1   2.1     3   182   332   526   330   586 0.79 [190263/388/1]
190263/401/1.f:DMFJNH_23900 -            697 GH43_24.hmm          -            246   2.1e-20   77.8   1.9   1   1   8.3e-23     4e-20   76.9   1.9    19   213   450   641   430   666 0.78 [190263/401/1]
190263/475/1.f:MCKEEP_08335 -            443 GH43_24.hmm          -            246   2.7e-20   77.5   2.3   1   1   8.5e-23   4.1e-20   76.8   2.3     7   209    44   239    39   267 0.80 [190263/475/1]
190263/520/1.f:GGDGDE_16925 -            517 GH43_24.hmm          -            246   2.7e-20   77.4   6.2   1   1   3.7e-16   1.8e-13   55.1   1.7     2   134    60   236    59   248 0.90 [190263/520/1]
190263/552/1.f:EMALNL_07595 -            462 GH43_24.hmm          -            246   2.9e-20   77.4   2.1   1   1   9.6e-23   4.6e-20   76.7   2.1     3   223    43   272    41   290 0.75 [190263/552/1]
190263/552/1.f:EMALNL_07535 -            443 GH43_24.hmm          -            246     3e-20   77.3   2.2   1   1   9.6e-23   4.6e-20   76.7   2.2     7   209    44   239    39   267 0.80 [190263/552/1]
190263/573/1.f:LIDFCI_15940 -            462 GH43_24.hmm          -            246   3.7e-20   77.0   2.0   1   1   1.3e-22   6.4e-20   76.2   2.0     3   223    43   272    41   290 0.75 [190263/573/1]
190263/404/1.f:BGJBIG_05315 -            334 GH43_24.hmm          -            246   3.9e-20   76.9   0.6   1   1   1.1e-22   5.4e-20   76.5   0.6     4   240    47   295    38   301 0.83 [190263/404/1]
190263/405/1.f:EHKDKA_05920 -            453 GH43_24.hmm          -            246   3.9e-20   76.9   1.8   1   1   1.2e-18   5.8e-16   63.2   1.7     4   180    40   225    38   230 0.78 [190263/405/1]
190263/504/1.f:DOAHDM_23140 -            697 GH43_24.hmm          -            246   4.2e-20   76.8   1.8   1   1   1.6e-22   7.9e-20   75.9   1.8    19   213   450   641   430   666 0.78 [190263/504/1]
190263/388/1.f:FDDJJK_00180 -            835 GH43_24.hmm          -            246   4.4e-20   76.7   4.0   1   1   1.9e-22   9.3e-20   75.7   4.0     3   220    46   273    44   293 0.76 [190263/388/1]
190263/573/1.f:LIDFCI_13350 -            785 GH43_24.hmm          -            246   5.8e-20   76.4   1.2   1   1   8.2e-18     4e-15   60.5   0.1     3   198   332   540   330   587 0.77 [190263/573/1]
190263/366/1.f:DBJPFP_03100 -            318 GH43_24.hmm          -            246     7e-20   76.1   0.2   1   1   1.8e-22   8.6e-20   75.8   0.2     4   209    41   245    38   281 0.83 [190263/366/1]
190263/399/1.f:CDLIDF_13570 -            659 GH43_24.hmm          -            246   7.2e-20   76.1   4.2   1   1   3.2e-22   1.5e-19   75.0   3.6     2   217   322   572   321   601 0.82 [190263/399/1]
190263/502/1.f:NONHGB_05240 -            453 GH43_24.hmm          -            246   7.3e-20   76.0   1.4   1   1   2.7e-18   1.3e-15   62.1   1.7     4   180    40   225    38   229 0.78 [190263/502/1]
190263/562/1.f:KJGNCK_25205 -            836 GH43_24.hmm          -            246   8.3e-20   75.8   1.7   1   1   3.5e-22   1.7e-19   74.9   1.7     8   222   288   506   282   518 0.79 [190263/562/1]
190263/456/1.f:LKAJBD_17190 -            448 GH43_24.hmm          -            246   1.3e-19   75.2   3.0   1   1   4.6e-22   2.2e-19   74.5   3.0     4   209    44   240    31   275 0.80 [190263/456/1]
190263/405/1.f:EHKDKA_02510 -            328 GH43_24.hmm          -            246   1.4e-19   75.1   3.2   1   1   4.3e-22   2.1e-19   74.6   3.2    19   220    76   277    56   295 0.78 [190263/405/1]
190263/456/1.f:LKAJBD_03935 -            334 GH43_24.hmm          -            246   1.5e-19   75.0   0.1   1   1   4.1e-22     2e-19   74.6   0.1    18   221    63   274    46   289 0.80 [190263/456/1]
190263/399/1.f:CDLIDF_16920 -            441 GH43_24.hmm          -            246   2.2e-19   74.4   3.2   1   1   9.1e-22   4.4e-19   73.5   3.2    11   209    48   239    39   299 0.80 [190263/399/1]
190263/456/1.f:LKAJBD_09335 -            322 GH43_24.hmm          -            246   2.4e-19   74.4   1.2   1   1   7.2e-22   3.4e-19   73.8   1.2     3   213    48   262    46   286 0.80 [190263/456/1]
190263/502/1.f:NONHGB_02255 -            328 GH43_24.hmm          -            246   3.3e-19   73.9   3.4   1   1     1e-21   4.8e-19   73.3   3.4    19   220    76   277    56   295 0.78 [190263/502/1]
190263/475/1.f:MCKEEP_08390 -            461 GH43_24.hmm          -            246   3.9e-19   73.7   2.0   1   1   1.3e-21   6.1e-19   73.0   2.0     3   223    42   271    40   289 0.76 [190263/475/1]
190263/562/1.f:KJGNCK_25285 -            703 GH43_24.hmm          -            246   4.6e-19   73.4   2.6   1   1   1.7e-21     8e-19   72.6   2.6     9   220   438   652   431   671 0.77 [190263/562/1]
190263/573/1.f:LIDFCI_16005 -            475 GH43_24.hmm          -            246   4.7e-19   73.4   3.2   1   1   1.5e-21   7.3e-19   72.8   3.2     7   209    43   238    38   262 0.79 [190263/573/1]
190263/552/1.f:EMALNL_03945 -            633 GH43_24.hmm          -            246   5.1e-19   73.3   0.2   1   1   2.1e-21     1e-18   72.3   0.2     3   192   335   523   333   590 0.78 [190263/552/1]
190263/562/1.f:KJGNCK_11030 -            785 GH43_24.hmm          -            246     7e-19   72.8   2.5   1   1   2.9e-16   1.4e-13   55.5   0.1     3   198   332   541   330   588 0.74 [190263/562/1]
190263/552/1.f:EMALNL_04005 -            335 GH43_24.hmm          -            246   7.2e-19   72.8   0.9   1   1   5.4e-21   2.6e-18   70.9   0.5     4   208    49   249    46   276 0.82 [190263/552/1]
190263/552/1.f:EMALNL_01775 -            364 GH43_24.hmm          -            246   7.5e-19   72.7   1.2   1   1   2.3e-21   1.1e-18   72.2   1.2    11   221    65   276    49   291 0.81 [190263/552/1]
190263/552/1.f:EMALNL_10950 -            785 GH43_24.hmm          -            246   7.8e-19   72.7   1.5   1   1   4.1e-16     2e-13   55.0   0.1     3   198   332   541   330   586 0.75 [190263/552/1]
190263/580/1.f:JCPJNN_18320 -            465 GH43_24.hmm          -            246   8.5e-19   72.5   0.1   1   1   2.6e-21   1.3e-18   72.0   0.1     4   213    37   257    34   285 0.78 [190263/580/1]
190263/552/1.f:EMALNL_01635 -            458 GH43_24.hmm          -            246   8.8e-19   72.5   1.9   1   1   3.7e-21   1.8e-18   71.5   1.9     5   214    54   254    30   285 0.81 [190263/552/1]
190263/562/1.f:KJGNCK_06460 -            335 GH43_24.hmm          -            246   9.9e-19   72.3   0.5   1   1   7.4e-21   3.6e-18   70.5   0.3     4   208    49   249    46   274 0.82 [190263/562/1]
190263/399/1.f:CDLIDF_16915 -            467 GH43_24.hmm          -            246     1e-18   72.3   2.3   1   1   2.2e-21   1.1e-18   72.2   1.0     4   216    54   270    52   292 0.80 [190263/399/1]
190263/456/1.f:LKAJBD_13210 -            507 GH43_24.hmm          -            246   1.2e-18   72.1   0.0   1   1   4.6e-21   2.2e-18   71.2   0.0     4   209    64   296    61   328 0.86 [190263/456/1]
190263/456/1.f:LKAJBD_03940 -            442 GH43_24.hmm          -            246   1.2e-18   72.0   0.0   1   1   1.3e-17     6e-15   59.9   0.0    24   179    65   216    39   219 0.86 [190263/456/1]
190263/502/1.f:NONHGB_02285 -            549 GH43_24.hmm          -            246   1.5e-18   71.8   1.4   1   1   5.7e-21   2.7e-18   70.9   1.4     9   231   283   505   276   517 0.77 [190263/502/1]
190263/366/1.f:DBJPFP_03145 -            351 GH43_24.hmm          -            246   1.7e-18   71.6   2.6   1   1   1.8e-20   8.9e-18   69.2   2.6     4   238    29   309    26   314 0.79 [190263/366/1]
190263/399/1.f:CDLIDF_13470 -            471 GH43_24.hmm          -            246   2.3e-18   71.1   2.2   1   1   5.5e-18   2.6e-15   61.1   3.2     5   191    47   239    43   242 0.81 [190263/399/1]
190263/405/1.f:EHKDKA_06255 -            443 GH43_24.hmm          -            246   2.5e-18   71.0   0.0   1   1   6.1e-19   2.9e-16   64.2   0.0    25   179    67   217    44   221 0.89 [190263/405/1]
190263/456/1.f:LKAJBD_15325 -            452 GH43_24.hmm          -            246   2.6e-18   71.0   2.2   1   1   1.9e-20   9.3e-18   69.1   0.5     4   222    38   262    36   276 0.79 [190263/456/1]
190263/399/1.f:CDLIDF_13550 -            334 GH43_24.hmm          -            246   2.9e-18   70.8   0.0   1   1   2.9e-20   1.4e-17   68.6   0.0     4   209    50   256    47   272 0.83 [190263/399/1]
190263/585/1.f:DLBDDB_19440 -            836 GH43_24.hmm          -            246   3.2e-18   70.6   2.7   1   1   1.7e-20   8.1e-18   69.3   2.7     8   221   288   505   282   522 0.79 [190263/585/1]
190263/405/1.f:EHKDKA_02300 -            456 GH43_24.hmm          -            246   3.4e-18   70.6   1.9   1   1   1.2e-20   5.7e-18   69.8   1.9     3   211    38   253    36   281 0.77 [190263/405/1]
190263/540/1.f:BCGFLB_08610 -            357 GH43_24.hmm          -            246   5.1e-18   70.0   0.0   1   1   1.4e-20   6.8e-18   69.6   0.0     3   209    53   271    51   307 0.85 [190263/540/1]
190263/502/1.f:NONHGB_05445 -            443 GH43_24.hmm          -            246   5.3e-18   69.9   0.0   1   1   6.5e-19   3.1e-16   64.1   0.0    25   179    67   217    55   223 0.88 [190263/502/1]
190263/401/1.f:DMFJNH_16020 -            314 GH43_24.hmm          -            246   7.5e-18   69.4   0.2   1   1   2.9e-20   1.4e-17   68.6   0.2     2   213    40   254    39   275 0.80 [190263/401/1]
190263/497/1.f:HENFFC_12345 -            513 GH43_24.hmm          -            246   7.9e-18   69.4   0.9   1   1   2.8e-20   1.3e-17   68.6   0.9     2   209    41   245    40   278 0.76 [190263/497/1]
190263/365/1.f:JJMMAK_00270 -            513 GH43_24.hmm          -            246   8.3e-18   69.3   0.9   1   1   3.2e-20   1.5e-17   68.4   0.9     2   209    41   245    40   278 0.77 [190263/365/1]
190263/526/1.f:GBBCGM_01160 -            327 GH43_24.hmm          -            246   8.4e-18   69.3   0.1   1   1   2.3e-20   1.1e-17   68.9   0.1     4   211    45   248    42   295 0.82 [190263/526/1]
190263/369/1.f:JCDIFE_12795 -            333 GH43_24.hmm          -            246   8.5e-18   69.3   5.3   1   1   3.1e-20   1.5e-17   68.5   5.3     3   239    51   291    47   294 0.84 [190263/369/1]
190263/396/1.f:KAAOMA_17065 -           1003 GH43_24.hmm          -            246   9.9e-18   69.0   0.3   1   1   2.1e-20   9.9e-18   69.0   0.3     5   223    49   273    45   287 0.77 [190263/396/1]
190263/365/1.f:JJMMAK_09115 -            354 GH43_24.hmm          -            246     1e-17   69.0   1.8   1   1   2.8e-20   1.3e-17   68.6   1.8     4   208    61   270    58   312 0.79 [190263/365/1]
190263/516/1.f:MGNFBC_11300 -            513 GH43_24.hmm          -            246   1.1e-17   69.0   0.2   1   1   4.2e-20     2e-17   68.0   0.2     2   211    40   247    39   275 0.78 [190263/516/1]
190263/583/1.f:BCCKNC_05030 -            348 GH43_24.hmm          -            246   1.1e-17   68.9   0.2   1   1   7.7e-20   3.7e-17   67.2   0.2     5   223    69   279    66   298 0.79 [190263/583/1]
190263/502/1.f:NONHGB_02290 -            322 GH43_24.hmm          -            246   1.2e-17   68.8   3.1   1   1   3.7e-20   1.8e-17   68.2   3.1     9   210    54   264    47   290 0.77 [190263/502/1]
190263/475/1.f:MCKEEP_06920 -            361 GH43_24.hmm          -            246   1.5e-17   68.5   0.3   1   1     6e-20   2.9e-17   67.5   0.3     4   221    64   280    61   301 0.81 [190263/475/1]
190263/552/1.f:EMALNL_06310 -            361 GH43_24.hmm          -            246   1.5e-17   68.5   0.3   1   1     6e-20   2.9e-17   67.5   0.3     4   221    64   280    61   301 0.81 [190263/552/1]
190263/562/1.f:KJGNCK_03885 -            361 GH43_24.hmm          -            246   1.5e-17   68.5   0.3   1   1     6e-20   2.9e-17   67.5   0.3     4   221    64   280    61   301 0.81 [190263/562/1]
190263/562/1.f:KJGNCK_06510 -            633 GH43_24.hmm          -            246   1.5e-17   68.4   0.2   1   1   5.6e-20   2.7e-17   67.6   0.2     3   192   335   523   333   589 0.78 [190263/562/1]
190263/379/1.f:LOJHAC_13970 -            513 GH43_24.hmm          -            246   1.8e-17   68.2   0.4   1   1   6.3e-20     3e-17   67.5   0.4     2   209    40   244    39   275 0.78 [190263/379/1]
190263/490/1.f:OIBLLI_02545 -            512 GH43_24.hmm          -            246   2.9e-17   67.5   0.0   1   1   1.2e-19   5.6e-17   66.6   0.0     2   206    20   220    19   244 0.84 [190263/490/1]
190263/368/1.f:HPMDBE_12540 -            513 GH43_24.hmm          -            246   3.4e-17   67.3   0.1   1   1   1.4e-19   6.5e-17   66.4   0.1     2   211    40   247    39   275 0.78 [190263/368/1]
190263/456/1.f:LKAJBD_13615 -            322 GH43_24.hmm          -            246   3.4e-17   67.3   2.2   1   1   1.1e-19   5.1e-17   66.7   2.2    19   209    67   263    47   293 0.77 [190263/456/1]
190263/504/1.f:DOAHDM_15685 -            314 GH43_24.hmm          -            246   3.5e-17   67.3   0.1   1   1   1.3e-19   6.4e-17   66.4   0.1     2   213    40   254    39   275 0.80 [190263/504/1]
190263/437/1.f:LBKKEJ_07930 -            327 GH43_24.hmm          -            246   3.7e-17   67.2   0.0   1   1     1e-19     5e-17   66.7   0.0     5   216    43   251    39   284 0.80 [190263/437/1]
190263/460/1.f:IHFGKI_00020 -            443 GH43_24.hmm          -            246     4e-17   67.1   2.5   1   1   8.3e-20     4e-17   67.1   2.5     4   210    37   234    35   257 0.82 [190263/460/1]
190263/585/1.f:DLBDDB_19510 -           1425 GH43_24.hmm          -            246   4.7e-17   66.8   2.6   1   1   1.8e-19   8.5e-17   66.0   2.6    19   214   450   647   430   672 0.78 [190263/585/1]
190263/502/1.f:NONHGB_20355 -            326 GH43_24.hmm          -            246   4.8e-17   66.8   0.2   1   1   1.8e-19   8.4e-17   66.0   0.2     4   213    54   266    51   287 0.78 [190263/502/1]
190263/488/1.f:DNPFAC_05475 -            325 GH43_24.hmm          -            246   5.1e-17   66.7   0.0   1   1     2e-19   9.8e-17   65.8   0.0     4   207    41   240    37   267 0.82 [190263/488/1]
190263/366/1.f:DBJPFP_11310 -            329 GH43_24.hmm          -            246   5.3e-17   66.7   0.0   1   1   2.7e-19   1.3e-16   65.4   0.0     2   208    47   248    46   267 0.84 [190263/366/1]
190263/404/1.f:BGJBIG_08440 -            479 GH43_24.hmm          -            246   5.4e-17   66.6   1.1   1   1   5.1e-16   2.5e-13   54.7   0.9     6   183    68   239    64   243 0.84 [190263/404/1]
190263/405/1.f:EHKDKA_02295 -            470 GH43_24.hmm          -            246   5.4e-17   66.6   0.0   1   1   1.8e-19   8.6e-17   66.0   0.0     5   211    45   259    42   289 0.83 [190263/405/1]
190263/460/1.f:IHFGKI_14510 -            838 GH43_24.hmm          -            246   5.9e-17   66.5   0.0   1   1   4.1e-17     2e-14   58.2   0.0    25   179    64   213    41   219 0.89 [190263/460/1]
190263/475/1.f:MCKEEP_15320 -            322 GH43_24.hmm          -            246   6.4e-17   66.4   0.1   1   1   2.4e-19   1.2e-16   65.5   0.1     4   213    50   262    47   283 0.78 [190263/475/1]
190263/405/1.f:EHKDKA_04770 -            343 GH43_24.hmm          -            246   8.9e-17   65.9   0.7   1   1     4e-18   1.9e-15   61.5   0.0    29   207    68   259    60   272 0.82 [190263/405/1]
190263/552/1.f:EMALNL_01505 -            461 GH43_24.hmm          -            246     1e-16   65.7   0.0   1   1   6.3e-16     3e-13   54.3   0.0    23   181    66   229    39   235 0.76 [190263/552/1]
190263/421/1.f:PBKEAC_07675 -            364 GH43_24.hmm          -            246   1.2e-16   65.4   1.4   1   1   1.9e-18   9.1e-16   62.6   1.4     4   233    38   313    35   323 0.78 [190263/421/1]
190263/369/1.f:JCDIFE_18055 -            324 GH43_24.hmm          -            246   1.5e-16   65.2   0.2   1   1     4e-19   1.9e-16   64.8   0.2     4   208    51   257    48   284 0.80 [190263/369/1]
190263/456/1.f:LKAJBD_15320 -            449 GH43_24.hmm          -            246   1.8e-16   64.9   2.2   1   1   7.5e-19   3.6e-16   63.9   2.2     3   211    36   251    34   280 0.76 [190263/456/1]
190263/522/1.f:NPJBCH_14230 -            340 GH43_24.hmm          -            246   2.1e-16   64.7   0.1   1   1   1.2e-18   5.6e-16   63.3   0.1     4   209    57   258    53   279 0.82 [190263/522/1]
190263/417/1.f:MHBJAE_04920 -            325 GH43_24.hmm          -            246   2.1e-16   64.7   0.0   1   1   8.9e-19   4.3e-16   63.7   0.0     4   205    41   238    37   261 0.81 [190263/417/1]
190263/405/1.f:EHKDKA_22060 -            326 GH43_24.hmm          -            246   2.4e-16   64.5   1.6   1   1   7.4e-19   3.6e-16   64.0   1.6     3   209    53   260    51   288 0.78 [190263/405/1]
190263/417/1.f:MHBJAE_04965 -            997 GH43_24.hmm          -            246     4e-16   63.8   3.6   1   1   1.7e-18   8.4e-16   62.7   3.6     6   211   387   601   383   632 0.85 [190263/417/1]
190263/401/1.f:DMFJNH_03530 -            325 GH43_24.hmm          -            246   4.8e-16   63.5   0.2   1   1   1.3e-18   6.2e-16   63.2   0.2     3   211    43   247    41   286 0.79 [190263/401/1]
190263/504/1.f:DOAHDM_03970 -            325 GH43_24.hmm          -            246   4.8e-16   63.5   0.2   1   1   1.3e-18   6.2e-16   63.2   0.2     3   211    43   247    41   286 0.79 [190263/504/1]
190263/502/1.f:NONHGB_04290 -            343 GH43_24.hmm          -            246   6.1e-16   63.2   0.5   1   1   2.3e-17   1.1e-14   59.1   0.0    29   207    68   259    59   276 0.82 [190263/502/1]
190263/502/1.f:NONHGB_04285 -            308 GH43_24.hmm          -            246   6.5e-16   63.1   0.5   1   1   1.8e-18   8.6e-16   62.7   0.5     4   208    27   227    23   274 0.81 [190263/502/1]
190263/562/1.f:KJGNCK_05400 -            318 GH43_24.hmm          -            246   7.3e-16   62.9   4.8   1   1   2.1e-18     1e-15   62.5   1.3     3   209    32   243    30   256 0.79 [190263/562/1]
190263/545/1.f:NCJBIN_05140 -            514 GH43_24.hmm          -            246   8.1e-16   62.8   0.1   1   1   2.4e-18   1.1e-15   62.3   0.1    19   209    56   255    42   289 0.81 [190263/545/1]
190263/391/1.f:NONBJF_04475 -            514 GH43_24.hmm          -            246   8.2e-16   62.8   0.1   1   1   2.4e-18   1.1e-15   62.3   0.1    19   209    56   255    42   289 0.81 [190263/391/1]
190263/534/1.f:OHCFJE_07745 -            514 GH43_24.hmm          -            246   8.2e-16   62.8   0.1   1   1   2.4e-18   1.1e-15   62.3   0.1    19   209    56   255    42   289 0.81 [190263/534/1]
190263/405/1.f:EHKDKA_05940 -            894 GH43_24.hmm          -            246   1.2e-15   62.2   1.9   1   1   2.6e-18   1.3e-15   62.2   0.5     5   215   483   698   480   731 0.77 [190263/405/1]
190263/573/1.f:LIDFCI_18730 -            329 GH43_24.hmm          -            246   1.3e-15   62.1   1.7   1   1   2.7e-18   1.3e-15   62.1   1.7     3   209    43   254    41   268 0.80 [190263/573/1]
190263/405/1.f:EHKDKA_04765 -            325 GH43_24.hmm          -            246   1.4e-15   62.0   0.3   1   1   3.9e-18   1.9e-15   61.6   0.3     4   209    44   245    23   287 0.81 [190263/405/1]
190263/475/1.f:MCKEEP_04910 -            329 GH43_24.hmm          -            246   1.5e-15   62.0   6.1   1   1     3e-17   1.5e-14   58.7   6.2     3   209    43   254    41   294 0.79 [190263/475/1]
190263/552/1.f:EMALNL_04920 -            329 GH43_24.hmm          -            246   1.5e-15   61.9   2.3   1   1   3.2e-18   1.5e-15   61.9   2.3     3   209    43   254    41   272 0.79 [190263/552/1]
190263/461/1.f:DHPHOK_05315 -            335 GH43_24.hmm          -            246   1.6e-15   61.9   0.1   1   1   4.4e-18   2.1e-15   61.4   0.1     5   211    55   257    42   296 0.79 [190263/461/1]
190263/412/1.f:OOIBGL_08970 -            536 GH43_24.hmm          -            246   1.6e-15   61.8  12.1   1   1   5.3e-18   2.6e-15   61.1  12.1     5   239    91   350    86   353 0.73 [190263/412/1]
190263/475/1.f:MCKEEP_04050 -            354 GH43_24.hmm          -            246   1.8e-15   61.7   1.7   1   1   1.6e-17   7.6e-15   59.6   1.4    26   210    73   269    55   311 0.78 [190263/475/1]
190263/573/1.f:LIDFCI_19560 -            354 GH43_24.hmm          -            246   1.8e-15   61.7   1.7   1   1   1.6e-17   7.6e-15   59.6   1.4    26   210    73   269    55   311 0.78 [190263/573/1]
190263/595/1.f:HGDLEC_06255 -            812 GH43_24.hmm          -            246   1.8e-15   61.6   0.4   1   1     6e-17   2.9e-14   57.7   0.3     3   219    46   258    44   278 0.80 [190263/595/1]
190263/401/1.f:DMFJNH_04485 -            376 GH43_24.hmm          -            246     2e-15   61.5   2.9   1   1   1.1e-16   5.2e-14   56.9   0.4     4   180    59   267    56   272 0.87 [190263/401/1]
190263/504/1.f:DOAHDM_04985 -            376 GH43_24.hmm          -            246     2e-15   61.5   2.9   1   1   1.1e-16   5.2e-14   56.9   0.4     4   180    59   267    56   272 0.87 [190263/504/1]
190263/556/1.f:EMIPPF_09145 -            341 GH43_24.hmm          -            246   2.1e-15   61.4   0.0   1   1   5.4e-18   2.6e-15   61.1   0.0     3   206    62   258    60   301 0.85 [190263/556/1]
190263/366/1.f:DBJPFP_01325 -            327 GH43_24.hmm          -            246   2.3e-15   61.3   0.0   1   1   7.4e-18   3.6e-15   60.7   0.0     4   209    44   246    37   263 0.83 [190263/366/1]
190263/585/1.f:DLBDDB_05325 -            353 GH43_24.hmm          -            246   4.4e-15   60.4   2.5   1   1   4.2e-17     2e-14   58.2   2.4    26   213    72   271    55   310 0.79 [190263/585/1]
190263/580/1.f:JCPJNN_25895 -            306 GH43_24.hmm          -            246   5.4e-15   60.1   0.0   1   1   1.4e-17   6.6e-15   59.8   0.0     4   212    27   238    24   267 0.82 [190263/580/1]
190263/573/1.f:LIDFCI_13560 -            512 GH43_24.hmm          -            246   7.9e-15   59.5   0.9   1   1   1.6e-17   7.9e-15   59.5   0.9     2   211    40   247    39   278 0.77 [190263/573/1]
190263/366/1.f:DBJPFP_04310 -            332 GH43_24.hmm          -            246   7.9e-15   59.5   0.0   1   1     2e-17   9.7e-15   59.3   0.0     5   186    50   224    46   292 0.83 [190263/366/1]
190263/401/1.f:DMFJNH_04555 -            329 GH43_24.hmm          -            246   1.1e-14   59.1   3.1   1   1   4.9e-17   2.4e-14   58.0   1.1     3   210    44   256    42   273 0.77 [190263/401/1]
190263/504/1.f:DOAHDM_05050 -            329 GH43_24.hmm          -            246   1.1e-14   59.1   3.1   1   1   4.9e-17   2.4e-14   58.0   1.1     3   210    44   256    42   273 0.77 [190263/504/1]
190263/502/1.f:NONHGB_04370 -            334 GH43_24.hmm          -            246   1.1e-14   59.1   0.1   1   1     3e-17   1.4e-14   58.7   0.1     4   209    53   254    40   293 0.79 [190263/502/1]
190263/540/1.f:BCGFLB_08615 -            439 GH43_24.hmm          -            246   1.1e-14   59.1   0.1   1   1   2.7e-16   1.3e-13   55.6   0.1     5   207    41   236    37   244 0.80 [190263/540/1]
190263/546/1.f:GEHMID_15115 -            415 GH43_24.hmm          -            246   1.4e-14   58.7   0.2   1   1   4.9e-17   2.3e-14   58.0   0.2     5   209    21   221    18   257 0.86 [190263/546/1]
190263/562/1.f:KJGNCK_10720 -            513 GH43_24.hmm          -            246   1.8e-14   58.4   0.8   1   1   3.7e-17   1.8e-14   58.4   0.8     2   208    40   243    39   271 0.80 [190263/562/1]
190263/365/1.f:JJMMAK_00705 -            985 GH43_24.hmm          -            246   1.8e-14   58.4   0.1   1   1   2.2e-16   1.1e-13   55.8   0.0     4   209   702   903   698   931 0.81 [190263/365/1]
190263/562/1.f:KJGNCK_05450 -            376 GH43_24.hmm          -            246   4.5e-14   57.1   3.3   1   1   4.9e-16   2.4e-13   54.7   3.3     4   220    59   307    56   336 0.81 [190263/562/1]
190263/369/1.f:JCDIFE_04830 -            333 GH43_24.hmm          -            246   4.7e-14   57.0   0.0   1   1   1.6e-16   7.7e-14   56.3   0.0     5   207    53   251    48   289 0.80 [190263/369/1]
190263/455/1.f:GDGJDA_02905 -            549 GH43_24.hmm          -            246     6e-14   56.7   0.1   1   1   2.1e-16     1e-13   55.9   0.1    19   223    30   246    16   254 0.76 [190263/455/1]
190263/401/1.f:DMFJNH_09845 -            512 GH43_24.hmm          -            246   7.5e-14   56.3   1.2   1   1     3e-16   1.4e-13   55.4   0.7     2   227    40   262    39   279 0.75 [190263/401/1]
190263/504/1.f:DOAHDM_10190 -            512 GH43_24.hmm          -            246   8.2e-14   56.2   1.3   1   1     3e-16   1.4e-13   55.4   0.8     2   227    40   262    39   279 0.74 [190263/504/1]
190263/534/1.f:OHCFJE_01190 -            304 GH43_24.hmm          -            246   8.3e-14   56.2   2.7   1   1   2.7e-16   1.3e-13   55.6   2.5     5   209    43   244    39   262 0.77 [190263/534/1]
190263/534/1.f:OHCFJE_01185 -            444 GH43_24.hmm          -            246   9.6e-14   56.0   0.0   1   1   3.8e-16   1.8e-13   55.1   0.0     6   208    46   245    43   267 0.83 [190263/534/1]
190263/390/1.f:OLPOLE_16250 -            304 GH43_24.hmm          -            246   9.7e-14   56.0   0.0   1   1   2.8e-16   1.4e-13   55.5   0.0     4   219    20   253    17   278 0.78 [190263/390/1]
190263/369/1.f:JCDIFE_10525 -            515 GH43_24.hmm          -            246   1.1e-13   55.8   1.2   1   1   3.4e-16   1.7e-13   55.2   0.4     2   232    40   267    39   279 0.74 [190263/369/1]
190263/433/1.f:ADFNDI_03705 -            548 GH43_24.hmm          -            246   1.1e-13   55.8   0.0   1   1   3.8e-16   1.8e-13   55.1   0.0     4   223    19   246    16   255 0.78 [190263/433/1]
190263/504/1.f:DOAHDM_07920 -            461 GH43_24.hmm          -            246   1.4e-13   55.5   1.0   1   1   5.6e-16   2.7e-13   54.5   1.0     4   214    44   250    41   294 0.79 [190263/504/1]
190263/399/1.f:CDLIDF_04455 -            335 GH43_24.hmm          -            246   2.4e-13   54.7   0.4   1   1   7.7e-16   3.7e-13   54.1   0.4     2   212    42   271    41   296 0.78 [190263/399/1]
190263/391/1.f:NONBJF_11660 -            333 GH43_24.hmm          -            246   2.4e-13   54.7   0.0   1   1   6.9e-16   3.3e-13   54.2   0.0     5   214    53   258    48   291 0.79 [190263/391/1]
190263/534/1.f:OHCFJE_11930 -            333 GH43_24.hmm          -            246   2.4e-13   54.7   0.0   1   1   6.9e-16   3.3e-13   54.2   0.0     5   214    53   258    48   291 0.79 [190263/534/1]
190263/545/1.f:NCJBIN_12800 -            333 GH43_24.hmm          -            246   2.4e-13   54.7   0.0   1   1   6.9e-16   3.3e-13   54.2   0.0     5   214    53   258    48   291 0.79 [190263/545/1]
#
# Program:         hmmsearch
# Version:         3.3.2 (Nov 2020)
# Pipeline mode:   SEARCH
# Query file:      /kb/module/work/tmp/output.1725388484971/GH43_24/GH43_24.hmm
# Target file:     /kb/module/work/tmp/output.1725388484971/hCom2_RAST.fasta
# Option settings: /kb/module/hmmer/bin/hmmsearch --domtblout /kb/module/work/tmp/output.1725388484971/GH43_24/GH43_24-hCom2_RAST.hitout.txt --noali --notextw --domE 1e-15 /kb/module/work/tmp/output.1725388484971/GH43_24/GH43_24.hmm /kb/module/work/tmp/output.1725388484971/hCom2_RAST.fasta 
# Current dir:     /kb/module/work/tmp/output.1725388484971
# Date:            Tue Sep  3 18:52:42 2024
# [ok]
