#                                                                                   --- full sequence --- -------------- this domain -------------   hmm coord   ali coord   env coord
# target name               accession   tlen query name           accession   qlen   E-value  score  bias   #  of  c-Evalue  i-Evalue  score  bias  from    to  from    to  from    to  acc description of target
#       ------------------- ---------- ----- -------------------- ---------- ----- --------- ------ ----- --- --- --------- --------- ------ ----- ----- ----- ----- ----- ----- ----- ---- ---------------------
190263/401/1.f:DMFJNH_06495 -            637 GH43_32.hmm          -            267   2.7e-77  264.3  11.9   1   2   2.1e-45   9.8e-43  151.0   1.6     3   266    51   310    49   311 0.88 [190263/401/1]
190263/401/1.f:DMFJNH_06495 -            637 GH43_32.hmm          -            267   2.7e-77  264.3  11.9   2   2   7.2e-23   3.4e-20   77.1   0.3     2   107   358   476   357   496 0.88 [190263/401/1]
190263/504/1.f:DOAHDM_07165 -            637 GH43_32.hmm          -            267   2.7e-77  264.3  11.9   1   2   2.1e-45   9.8e-43  151.0   1.6     3   266    51   310    49   311 0.88 [190263/504/1]
190263/504/1.f:DOAHDM_07165 -            637 GH43_32.hmm          -            267   2.7e-77  264.3  11.9   2   2   7.2e-23   3.4e-20   77.1   0.3     2   107   358   476   357   496 0.88 [190263/504/1]
190263/522/1.f:NPJBCH_10320 -            621 GH43_32.hmm          -            267   1.2e-74  255.5  12.0   1   2   7.9e-20   3.7e-17   67.1   0.9     1   107    50   169    50   176 0.90 [190263/522/1]
190263/522/1.f:NPJBCH_10320 -            621 GH43_32.hmm          -            267   1.2e-74  255.5  12.0   2   2   8.9e-48   4.2e-45  158.7   0.7     1   265   345   603   345   605 0.86 [190263/522/1]
190263/580/1.f:JCPJNN_28315 -            311 GH43_32.hmm          -            267   8.8e-65  223.2   0.0   1   1   2.1e-67     1e-64  223.1   0.0     1   266    27   303    27   304 0.94 [190263/580/1]
190263/443/1.f:LNLACP_09205 -            595 GH43_32.hmm          -            267   5.7e-64  220.6   0.6   1   1   1.7e-66   7.8e-64  220.1   0.6     1   262    29   304    29   308 0.94 [190263/443/1]
190263/580/1.f:JCPJNN_18320 -            465 GH43_32.hmm          -            267   6.9e-57  197.4   0.4   1   1   1.8e-59   8.4e-57  197.1   0.4     1   265    39   309    39   311 0.92 [190263/580/1]
190263/580/1.f:JCPJNN_28255 -            319 GH43_32.hmm          -            267   9.5e-57  196.9   2.2   1   1   2.7e-59   1.3e-56  196.5   2.2     1   266    38   294    38   295 0.90 [190263/580/1]
190263/564/1.f:KIHMBJ_07125 -            369 GH43_32.hmm          -            267   1.1e-54  190.1   1.7   1   1     3e-57   1.4e-54  189.8   1.7     1   264    76   347    76   350 0.87 [190263/564/1]
190263/461/1.f:DHPHOK_05305 -            315 GH43_32.hmm          -            267   3.2e-54  188.6   4.1   1   1   8.5e-57     4e-54  188.3   4.1     1   264    46   294    46   296 0.89 [190263/461/1]
190263/379/1.f:LOJHAC_06040 -            373 GH43_32.hmm          -            267   3.6e-54  188.4   3.5   1   2   9.7e-31   4.6e-28  102.9   0.5     1   113    52   181    52   204 0.88 [190263/379/1]
190263/379/1.f:LOJHAC_06040 -            373 GH43_32.hmm          -            267   3.6e-54  188.4   3.5   2   2   8.3e-26   3.9e-23   86.7   0.1   142   266   235   357   217   358 0.86 [190263/379/1]
190263/516/1.f:MGNFBC_09170 -            377 GH43_32.hmm          -            267   3.8e-54  188.4   3.5   1   2   9.9e-31   4.7e-28  102.8   0.5     1   113    56   185    56   208 0.88 [190263/516/1]
190263/516/1.f:MGNFBC_09170 -            377 GH43_32.hmm          -            267   3.8e-54  188.4   3.5   2   2   8.5e-26     4e-23   86.7   0.1   142   266   239   361   221   362 0.86 [190263/516/1]
190263/417/1.f:MHBJAE_04970 -            322 GH43_32.hmm          -            267   6.1e-54  187.7   3.7   1   1   1.6e-56   7.6e-54  187.4   3.7     1   264    53   301    53   304 0.90 [190263/417/1]
190263/488/1.f:DNPFAC_05530 -            322 GH43_32.hmm          -            267   1.2e-53  186.7   4.2   1   1   3.1e-56   1.5e-53  186.4   4.2     1   265    53   302    53   304 0.90 [190263/488/1]
190263/368/1.f:HPMDBE_02595 -            373 GH43_32.hmm          -            267   1.6e-52  183.1   5.6   1   1   8.4e-54   3.9e-51  178.5   5.6     1   265    52   356    52   358 0.85 [190263/368/1]
190263/369/1.f:JCDIFE_04825 -            316 GH43_32.hmm          -            267     5e-52  181.4   2.3   1   1   1.3e-54   6.3e-52  181.1   2.3     1   260    43   294    43   299 0.88 [190263/369/1]
190263/405/1.f:EHKDKA_04830 -            320 GH43_32.hmm          -            267   7.1e-52  180.9   3.6   1   1   1.8e-54   8.4e-52  180.7   3.6     1   264    51   299    51   302 0.90 [190263/405/1]
190263/388/1.f:FDDJJK_11475 -            322 GH43_32.hmm          -            267   1.1e-51  180.3   3.9   1   1   2.6e-54   1.2e-51  180.1   3.9     1   264    53   301    53   304 0.90 [190263/388/1]
190263/391/1.f:NONBJF_11655 -            322 GH43_32.hmm          -            267   1.1e-51  180.3   3.9   1   1   2.6e-54   1.2e-51  180.1   3.9     1   264    53   301    53   304 0.90 [190263/391/1]
190263/534/1.f:OHCFJE_11925 -            322 GH43_32.hmm          -            267   1.1e-51  180.3   3.9   1   1   2.6e-54   1.2e-51  180.1   3.9     1   264    53   301    53   304 0.90 [190263/534/1]
190263/545/1.f:NCJBIN_12795 -            322 GH43_32.hmm          -            267   1.1e-51  180.3   3.9   1   1   2.6e-54   1.2e-51  180.1   3.9     1   264    53   301    53   304 0.90 [190263/545/1]
190263/497/1.f:HENFFC_06515 -            370 GH43_32.hmm          -            267     2e-50  176.2   4.4   1   2   3.6e-29   1.7e-26   97.7   0.4     1   113    54   183    54   202 0.89 [190263/497/1]
190263/497/1.f:HENFFC_06515 -            370 GH43_32.hmm          -            267     2e-50  176.2   4.4   2   2   7.2e-24   3.4e-21   80.3   0.4   154   265   248   358   219   360 0.85 [190263/497/1]
190263/405/1.f:EHKDKA_15525 -           1120 GH43_32.hmm          -            267   4.7e-50  175.0  29.1   1   2   2.8e-16   1.3e-13   55.5   8.9     3   266    43   285    41   286 0.79 [190263/405/1]
190263/405/1.f:EHKDKA_15525 -           1120 GH43_32.hmm          -            267   4.7e-50  175.0  29.1   2   2     1e-30   4.7e-28  102.8   4.0     1   266   841  1110   841  1111 0.84 [190263/405/1]
190263/365/1.f:JJMMAK_05415 -            370 GH43_32.hmm          -            267   4.8e-50  174.9   3.5   1   2   1.7e-28   8.2e-26   95.5   0.2     1   113    54   183    54   203 0.89 [190263/365/1]
190263/365/1.f:JJMMAK_05415 -            370 GH43_32.hmm          -            267   4.8e-50  174.9   3.5   2   2   6.2e-24   2.9e-21   80.6   0.4   153   265   245   358   218   360 0.85 [190263/365/1]
190263/421/1.f:PBKEAC_07670 -            312 GH43_32.hmm          -            267     1e-49  173.9   0.3   1   1   2.6e-52   1.2e-49  173.6   0.3     1   263    37   290    37   293 0.87 [190263/421/1]
190263/401/1.f:DMFJNH_03515 -            327 GH43_32.hmm          -            267   5.7e-49  171.4   4.3   1   1   1.5e-51   7.2e-49  171.1   4.3     2   255    57   300    56   311 0.88 [190263/401/1]
190263/504/1.f:DOAHDM_03950 -            327 GH43_32.hmm          -            267   5.7e-49  171.4   4.3   1   1   1.5e-51   7.2e-49  171.1   4.3     2   255    57   300    56   311 0.88 [190263/504/1]
190263/461/1.f:DHPHOK_05310 -            322 GH43_32.hmm          -            267   6.5e-49  171.2   2.6   1   1   1.6e-51   7.5e-49  171.0   2.6     1   261    43   295    43   301 0.88 [190263/461/1]
190263/401/1.f:DMFJNH_03485 -            330 GH43_32.hmm          -            267   2.9e-48  169.1   4.2   1   1   7.1e-51   3.4e-48  168.9   4.2     2   260    59   308    58   315 0.86 [190263/401/1]
190263/504/1.f:DOAHDM_03935 -            330 GH43_32.hmm          -            267   2.9e-48  169.1   4.2   1   1   7.1e-51   3.4e-48  168.9   4.2     2   260    59   308    58   315 0.86 [190263/504/1]
190263/522/1.f:NPJBCH_14225 -            324 GH43_32.hmm          -            267   3.5e-48  168.8   6.2   1   1   9.7e-51   4.6e-48  168.4   6.2     1   259    59   301    59   308 0.89 [190263/522/1]
190263/502/1.f:NONHGB_04390 -            315 GH43_32.hmm          -            267   6.8e-48  167.9   1.7   1   1   1.8e-50   8.3e-48  167.6   1.7     2   263    44   296    43   300 0.84 [190263/502/1]
190263/390/1.f:OLPOLE_16250 -            304 GH43_32.hmm          -            267   3.6e-47  165.5   0.3   1   1   8.5e-50     4e-47  165.3   0.3     1   254    22   284    22   297 0.86 [190263/390/1]
190263/366/1.f:DBJPFP_03100 -            318 GH43_32.hmm          -            267   5.8e-47  164.8   1.4   1   1   1.5e-49   6.9e-47  164.6   1.4     1   263    43   296    43   300 0.87 [190263/366/1]
190263/421/1.f:PBKEAC_07675 -            364 GH43_32.hmm          -            267   6.7e-47  164.6   2.2   1   2   8.8e-28   4.2e-25   93.2   1.0     1   113    40   167    40   182 0.89 [190263/421/1]
190263/421/1.f:PBKEAC_07675 -            364 GH43_32.hmm          -            267   6.7e-47  164.6   2.2   2   2   5.6e-21   2.7e-18   70.8   0.0   139   266   218   342   205   343 0.85 [190263/421/1]
190263/497/1.f:HENFFC_08175 -            313 GH43_32.hmm          -            267   6.7e-47  164.6   1.4   1   1   1.7e-49   7.9e-47  164.4   1.4     2   262    46   293    45   298 0.85 [190263/497/1]
190263/365/1.f:JJMMAK_03125 -            313 GH43_32.hmm          -            267   8.2e-47  164.3   2.6   1   1     2e-49   9.5e-47  164.1   2.6     2   264    46   295    45   298 0.86 [190263/365/1]
190263/540/1.f:BCGFLB_08610 -            357 GH43_32.hmm          -            267   1.9e-46  163.1   0.0   1   1   4.8e-49   2.3e-46  162.9   0.0     1   266    56   330    56   331 0.88 [190263/540/1]
190263/366/1.f:DBJPFP_03145 -            351 GH43_32.hmm          -            267   3.2e-46  162.4   2.6   1   2   1.6e-27   7.5e-25   92.3   1.7     1   113    31   158    31   174 0.90 [190263/366/1]
190263/366/1.f:DBJPFP_03145 -            351 GH43_32.hmm          -            267   3.2e-46  162.4   2.6   2   2   1.8e-20   8.7e-18   69.2   0.0   135   266   205   333   195   334 0.87 [190263/366/1]
190263/475/1.f:MCKEEP_03215 -            330 GH43_32.hmm          -            267   2.6e-45  159.4   2.1   1   1     5e-47   2.4e-44  156.3   1.9     2   266    51   311    50   312 0.89 [190263/475/1]
190263/573/1.f:LIDFCI_20375 -            330 GH43_32.hmm          -            267   2.6e-45  159.4   2.1   1   1     5e-47   2.4e-44  156.3   1.9     2   266    51   311    50   312 0.89 [190263/573/1]
190263/461/1.f:DHPHOK_02850 -            367 GH43_32.hmm          -            267   4.9e-45  158.5   4.0   1   2     4e-28   1.9e-25   94.3   2.7     1   115    47   178    47   195 0.88 [190263/461/1]
190263/461/1.f:DHPHOK_02850 -            367 GH43_32.hmm          -            267   4.9e-45  158.5   4.0   2   2   8.2e-19   3.9e-16   63.8   0.0   136   266   224   350   214   351 0.81 [190263/461/1]
190263/365/1.f:JJMMAK_09110 -            331 GH43_32.hmm          -            267   1.4e-44  157.0   3.0   1   1   3.6e-47   1.7e-44  156.7   3.0     3   262    60   307    58   311 0.85 [190263/365/1]
190263/369/1.f:JCDIFE_02295 -            366 GH43_32.hmm          -            267   1.6e-44  156.8   4.5   1   2   1.4e-27   6.7e-25   92.5   2.8     1   114    46   176    46   189 0.87 [190263/369/1]
190263/369/1.f:JCDIFE_02295 -            366 GH43_32.hmm          -            267   1.6e-44  156.8   4.5   2   2   6.3e-19     3e-16   64.1   0.0   136   266   223   349   213   350 0.81 [190263/369/1]
190263/437/1.f:LBKKEJ_07955 -            352 GH43_32.hmm          -            267     4e-44  155.5   0.5   1   1     3e-45   1.4e-42  150.5   0.5    10   265    87   331    68   333 0.86 [190263/437/1]
190263/365/1.f:JJMMAK_06475 -            332 GH43_32.hmm          -            267   5.2e-44  155.1   3.0   1   1   7.2e-46   3.4e-43  152.5   3.0     9   265    60   311    52   313 0.87 [190263/365/1]
190263/497/1.f:HENFFC_05550 -            332 GH43_32.hmm          -            267   6.4e-44  154.8   3.1   1   1   2.7e-45   1.3e-42  150.6   3.1     9   265    60   311    52   313 0.86 [190263/497/1]
190263/366/1.f:DBJPFP_03110 -            311 GH43_32.hmm          -            267   7.6e-44  154.6   1.7   1   1   1.9e-46   8.7e-44  154.4   1.7     1   266    44   295    44   296 0.89 [190263/366/1]
190263/562/1.f:KJGNCK_03005 -            329 GH43_32.hmm          -            267   3.8e-43  152.3   1.1   1   1   5.7e-45   2.7e-42  149.5   1.1     2   266    50   310    49   311 0.88 [190263/562/1]
190263/475/1.f:MCKEEP_07780 -            329 GH43_32.hmm          -            267   4.6e-43  152.0   2.4   1   1   8.2e-45   3.9e-42  149.0   2.4     2   266    50   310    49   311 0.88 [190263/475/1]
190263/573/1.f:LIDFCI_16670 -            329 GH43_32.hmm          -            267   7.5e-43  151.3   2.0   1   1   1.3e-44   6.3e-42  148.3   2.0     2   266    50   310    49   311 0.88 [190263/573/1]
190263/552/1.f:EMALNL_07155 -            329 GH43_32.hmm          -            267   8.2e-43  151.2   2.1   1   1   1.5e-44     7e-42  148.2   2.1     2   266    50   310    49   311 0.88 [190263/552/1]
190263/369/1.f:JCDIFE_01260 -            334 GH43_32.hmm          -            267   1.8e-42  150.1   2.0   1   2   1.1e-22   5.1e-20   76.5   0.3     2   107    53   177    52   184 0.87 [190263/369/1]
190263/369/1.f:JCDIFE_01260 -            334 GH43_32.hmm          -            267   1.8e-42  150.1   2.0   2   2   2.1e-21   9.7e-19   72.3   0.1   154   265   204   312   196   314 0.91 [190263/369/1]
190263/399/1.f:CDLIDF_03200 -            640 GH43_32.hmm          -            267   9.6e-42  147.7  16.7   1   1   5.4e-38   2.5e-35  126.7   3.5     2   266   354   630   353   631 0.87 [190263/399/1]
190263/461/1.f:DHPHOK_01440 -            334 GH43_32.hmm          -            267   1.1e-41  147.5   2.1   1   2   1.3e-21     6e-19   73.0   0.3     2   107    53   177    52   187 0.87 [190263/461/1]
190263/461/1.f:DHPHOK_01440 -            334 GH43_32.hmm          -            267   1.1e-41  147.5   2.1   2   2     1e-21   4.8e-19   73.3   0.1   154   265   204   312   195   314 0.91 [190263/461/1]
190263/556/1.f:EMIPPF_06030 -            332 GH43_32.hmm          -            267   1.7e-41  146.9   2.1   1   1   7.5e-43   3.5e-40  142.6   2.1     2   265    48   306    47   308 0.88 [190263/556/1]
190263/502/1.f:NONHGB_00270 -            643 GH43_32.hmm          -            267   4.6e-41  145.5  12.3   1   1   4.7e-37   2.2e-34  123.6   1.0     2   266   359   633   358   634 0.87 [190263/502/1]
190263/466/1.f:PGJOII_06060 -            340 GH43_32.hmm          -            267   7.1e-41  144.9   2.5   1   1   5.5e-42   2.6e-39  139.7   2.2     2   265    59   318    58   320 0.86 [190263/466/1]
190263/552/1.f:EMALNL_09490 -           1085 GH43_32.hmm          -            267   1.3e-40  144.0   1.4   1   1   1.5e-42   7.3e-40  141.5   1.4     2   265   803  1062   802  1064 0.88 [190263/552/1]
190263/405/1.f:EHKDKA_00245 -            643 GH43_32.hmm          -            267   1.4e-40  143.9  12.5   1   1   1.3e-36   6.1e-34  122.1   1.0     2   266   359   633   358   634 0.87 [190263/405/1]
190263/488/1.f:DNPFAC_10005 -            330 GH43_32.hmm          -            267   1.9e-40  143.4   4.1   1   1     3e-42   1.4e-39  140.6   4.1     9   266    58   309    50   310 0.86 [190263/488/1]
190263/391/1.f:NONBJF_02505 -            647 GH43_32.hmm          -            267   2.5e-40  143.0   8.7   1   1   8.3e-35   3.9e-32  116.2   0.7     2   266   361   637   360   638 0.87 [190263/391/1]
190263/545/1.f:NCJBIN_02880 -            647 GH43_32.hmm          -            267   2.5e-40  143.0   8.7   1   1   8.3e-35   3.9e-32  116.2   0.7     2   266   361   637   360   638 0.87 [190263/545/1]
190263/461/1.f:DHPHOK_00505 -            646 GH43_32.hmm          -            267     6e-40  141.8  12.0   1   1   2.1e-35     1e-32  118.1   2.4     2   266   362   636   361   637 0.87 [190263/461/1]
190263/368/1.f:HPMDBE_07740 -            334 GH43_32.hmm          -            267     1e-39  141.0   4.7   1   1   7.2e-41   3.4e-38  136.1   4.7     2   266    55   315    54   316 0.86 [190263/368/1]
190263/379/1.f:LOJHAC_08255 -            334 GH43_32.hmm          -            267   1.5e-39  140.5   5.2   1   1   1.1e-40     5e-38  135.5   5.2     2   266    55   315    54   316 0.86 [190263/379/1]
190263/516/1.f:MGNFBC_06985 -            334 GH43_32.hmm          -            267   1.5e-39  140.5   5.2   1   1   1.1e-40     5e-38  135.5   5.2     2   266    55   315    54   316 0.86 [190263/516/1]
190263/534/1.f:OHCFJE_09710 -            647 GH43_32.hmm          -            267   3.2e-39  139.5  10.4   1   1   6.8e-35   3.2e-32  116.5   0.8     2   266   361   637   360   638 0.87 [190263/534/1]
190263/417/1.f:MHBJAE_08890 -            333 GH43_32.hmm          -            267   3.6e-39  139.3   3.4   1   1   6.5e-41   3.1e-38  136.2   3.4     9   266    58   309    50   310 0.86 [190263/417/1]
190263/388/1.f:FDDJJK_02615 -            647 GH43_32.hmm          -            267   7.6e-39  138.2   9.6   1   1   3.8e-34   1.8e-31  114.0   0.6     2   266   361   637   360   638 0.87 [190263/388/1]
190263/401/1.f:DMFJNH_07485 -            333 GH43_32.hmm          -            267   2.1e-37  133.4   0.9   1   1   5.7e-40   2.7e-37  133.1   0.9     2   266    50   323    49   324 0.87 [190263/401/1]
190263/504/1.f:DOAHDM_07990 -            333 GH43_32.hmm          -            267   2.1e-37  133.4   0.9   1   1   5.7e-40   2.7e-37  133.1   0.9     2   266    50   323    49   324 0.87 [190263/504/1]
190263/562/1.f:KJGNCK_05400 -            318 GH43_32.hmm          -            267   2.2e-36  130.1   2.5   1   1   5.6e-39   2.6e-36  129.9   2.5     1   263    35   295    35   299 0.81 [190263/562/1]
190263/502/1.f:NONHGB_09350 -            326 GH43_32.hmm          -            267   2.4e-36  130.0   3.5   1   1     6e-38   2.8e-35  126.5   3.5     9   265    54   306    46   308 0.86 [190263/502/1]
190263/541/1.f:IDEEIE_02100 -           1952 GH43_32.hmm          -            267     3e-36  129.7  29.3   1   1   3.3e-30   1.6e-27  101.1   0.6     1   265  1561  1852  1561  1854 0.80 [190263/541/1]
190263/475/1.f:MCKEEP_06920 -            361 GH43_32.hmm          -            267   5.9e-36  128.7   5.1   1   1   2.2e-37     1e-34  124.7   5.1     1   266    66   335    66   336 0.80 [190263/475/1]
190263/552/1.f:EMALNL_06310 -            361 GH43_32.hmm          -            267   5.9e-36  128.7   5.1   1   1   2.2e-37     1e-34  124.7   5.1     1   266    66   335    66   336 0.80 [190263/552/1]
190263/562/1.f:KJGNCK_03885 -            361 GH43_32.hmm          -            267   5.9e-36  128.7   5.1   1   1   2.2e-37     1e-34  124.7   5.1     1   266    66   335    66   336 0.80 [190263/562/1]
190263/475/1.f:MCKEEP_04050 -            354 GH43_32.hmm          -            267   2.7e-35  126.6   5.1   1   1   2.6e-37   1.2e-34  124.4   5.1     1   266    61   331    61   332 0.81 [190263/475/1]
190263/573/1.f:LIDFCI_19560 -            354 GH43_32.hmm          -            267   2.7e-35  126.6   5.1   1   1   2.6e-37   1.2e-34  124.4   5.1     1   266    61   331    61   332 0.81 [190263/573/1]
190263/545/1.f:NCJBIN_06345 -            802 GH43_32.hmm          -            267   2.9e-35  126.4   6.2   1   1   2.6e-37   1.2e-34  124.4   6.2     2   266    49   302    48   303 0.85 [190263/545/1]
190263/391/1.f:NONBJF_06480 -            802 GH43_32.hmm          -            267     3e-35  126.4   6.2   1   1   2.6e-37   1.2e-34  124.4   6.2     2   266    49   302    48   303 0.85 [190263/391/1]
190263/388/1.f:FDDJJK_05830 -            800 GH43_32.hmm          -            267   3.5e-35  126.2   7.0   1   1   1.9e-37   8.8e-35  124.9   7.0     2   266    49   302    48   303 0.84 [190263/388/1]
190263/475/1.f:MCKEEP_04910 -            329 GH43_32.hmm          -            267   4.4e-35  125.9   2.8   1   1   1.1e-37   5.3e-35  125.6   2.8     1   262    46   305    46   310 0.82 [190263/475/1]
190263/573/1.f:LIDFCI_18730 -            329 GH43_32.hmm          -            267   5.2e-35  125.6   2.4   1   1   1.3e-37   6.3e-35  125.4   2.4     1   262    46   305    46   310 0.82 [190263/573/1]
190263/552/1.f:EMALNL_04920 -            329 GH43_32.hmm          -            267   6.2e-35  125.4   2.8   1   1   1.6e-37   7.5e-35  125.1   2.8     1   262    46   305    46   310 0.82 [190263/552/1]
190263/534/1.f:OHCFJE_06600 -            800 GH43_32.hmm          -            267   6.8e-35  125.2   7.0   1   1   3.6e-37   1.7e-34  123.9   7.0     2   266    49   302    48   303 0.84 [190263/534/1]
190263/595/1.f:HGDLEC_06255 -            812 GH43_32.hmm          -            267   7.8e-35  125.1   2.5   1   1   1.6e-37   7.8e-35  125.1   2.5     2   266    50   304    49   305 0.85 [190263/595/1]
190263/585/1.f:DLBDDB_04640 -            329 GH43_32.hmm          -            267   8.8e-35  124.9   5.3   1   1   2.4e-37   1.1e-34  124.5   5.3     2   263    49   306    48   310 0.84 [190263/585/1]
190263/585/1.f:DLBDDB_05325 -            353 GH43_32.hmm          -            267   1.6e-34  124.0   4.7   1   1   8.2e-37   3.9e-34  122.8   4.7     1   265    60   329    60   331 0.82 [190263/585/1]
190263/562/1.f:KJGNCK_06070 -            318 GH43_32.hmm          -            267   1.7e-34  124.0   2.2   1   1   4.6e-37   2.2e-34  123.6   2.2     2   266    34   308    33   309 0.87 [190263/562/1]
190263/401/1.f:DMFJNH_04555 -            329 GH43_32.hmm          -            267   2.3e-34  123.5   1.9   1   1   5.9e-37   2.8e-34  123.2   1.9     1   264    47   308    47   311 0.82 [190263/401/1]
190263/504/1.f:DOAHDM_05050 -            329 GH43_32.hmm          -            267   2.3e-34  123.5   1.9   1   1   5.9e-37   2.8e-34  123.2   1.9     1   264    47   308    47   311 0.82 [190263/504/1]
190263/460/1.f:IHFGKI_00025 -            986 GH43_32.hmm          -            267   2.7e-34  123.3  13.9   1   1   1.4e-25   6.6e-23   86.0   5.0     9   266    56   326    48   327 0.76 [190263/460/1]
190263/552/1.f:EMALNL_04325 -            332 GH43_32.hmm          -            267   3.1e-34  123.1   2.2   1   1   8.7e-37   4.1e-34  122.7   2.2     2   266    48   322    47   323 0.87 [190263/552/1]
190263/405/1.f:EHKDKA_01815 -            800 GH43_32.hmm          -            267   3.6e-34  122.9   5.7   1   1   2.2e-36     1e-33  121.4   5.7     2   266    49   302    48   303 0.86 [190263/405/1]
190263/399/1.f:CDLIDF_13450 -            857 GH43_32.hmm          -            267     4e-34  122.7   3.9   1   2   1.3e-19   6.4e-17   66.3   0.1     2   242    44   283    43   295 0.76 [190263/399/1]
190263/399/1.f:CDLIDF_13450 -            857 GH43_32.hmm          -            267     4e-34  122.7   3.9   2   2   1.6e-16   7.7e-14   56.2   0.9     2   205   565   799   564   826 0.81 [190263/399/1]
190263/437/1.f:LBKKEJ_07940 -            329 GH43_32.hmm          -            267   6.9e-34  121.9   1.4   1   1   1.8e-36   8.5e-34  121.6   1.4     1   265    49   308    49   311 0.86 [190263/437/1]
190263/365/1.f:JJMMAK_00705 -            985 GH43_32.hmm          -            267     7e-34  121.9   2.3   1   1     2e-34   9.5e-32  114.9   1.7     1   265   704   964   704   965 0.82 [190263/365/1]
190263/502/1.f:NONHGB_01690 -            800 GH43_32.hmm          -            267   9.4e-34  121.5   6.8   1   1   1.3e-35   6.2e-33  118.8   6.8     2   266    49   302    48   303 0.87 [190263/502/1]
190263/461/1.f:DHPHOK_05315 -            335 GH43_32.hmm          -            267   2.3e-33  120.2   2.3   1   1   1.9e-22   9.2e-20   75.6   0.2     1   107    56   175    56   181 0.90 [190263/461/1]
190263/417/1.f:MHBJAE_04920 -            325 GH43_32.hmm          -            267   2.5e-33  120.1   3.0   1   1   2.4e-23   1.2e-20   78.6   0.3     1   107    43   162    43   179 0.90 [190263/417/1]
190263/404/1.f:BGJBIG_05315 -            334 GH43_32.hmm          -            267   3.2e-33  119.8   0.7   1   1   9.2e-36   4.4e-33  119.3   0.7     2   266    50   324    49   325 0.87 [190263/404/1]
190263/437/1.f:LBKKEJ_07930 -            327 GH43_32.hmm          -            267   5.5e-33  119.0   0.9   1   1     4e-34   1.9e-31  113.9   0.9     1   265    44   304    44   305 0.84 [190263/437/1]
190263/522/1.f:NPJBCH_14230 -            340 GH43_32.hmm          -            267     6e-33  118.9   5.9   1   1     2e-23   9.3e-21   78.9   1.4     1   107    59   178    59   185 0.92 [190263/522/1]
190263/365/1.f:JJMMAK_09115 -            354 GH43_32.hmm          -            267   6.1e-33  118.8   2.8   1   1   1.9e-34   9.1e-32  115.0   2.8     1   266    63   334    63   335 0.85 [190263/365/1]
190263/527/1.f:HGADJN_08265 -           2030 GH43_32.hmm          -            267   7.5e-33  118.6  28.4   1   1   1.3e-26   6.3e-24   89.3   5.2     1   246  1582  1841  1582  1867 0.84 [190263/527/1]
190263/488/1.f:DNPFAC_05475 -            325 GH43_32.hmm          -            267   7.8e-33  118.5   3.0   1   1   4.3e-23     2e-20   77.8   0.3     1   107    43   162    43   173 0.90 [190263/488/1]
190263/545/1.f:NCJBIN_01075 -            784 GH43_32.hmm          -            267   1.8e-32  117.3  10.7   1   1     2e-27   9.3e-25   92.0   7.3     2   266   336   609   335   610 0.84 [190263/545/1]
190263/388/1.f:FDDJJK_00940 -            784 GH43_32.hmm          -            267   1.9e-32  117.2  11.4   1   1   1.1e-27   5.2e-25   92.8   8.0     2   266   336   609   335   610 0.84 [190263/388/1]
190263/369/1.f:JCDIFE_12795 -            333 GH43_32.hmm          -            267   1.9e-32  117.2   5.3   1   1   9.9e-35   4.7e-32  115.9   5.3     1   266    54   323    54   324 0.89 [190263/369/1]
190263/534/1.f:OHCFJE_01725 -            784 GH43_32.hmm          -            267   2.2e-32  117.0  10.9   1   1     2e-27   9.3e-25   92.0   7.3     2   266   336   609   335   610 0.84 [190263/534/1]
190263/562/1.f:KJGNCK_06460 -            335 GH43_32.hmm          -            267   3.6e-32  116.3   1.7   1   1   1.3e-23   6.3e-21   79.5   0.3     1    99    51   163    51   173 0.90 [190263/562/1]
190263/391/1.f:NONBJF_00960 -            784 GH43_32.hmm          -            267   3.7e-32  116.3  10.8   1   1   3.3e-27   1.6e-24   91.3   7.3     2   266   336   609   335   610 0.84 [190263/391/1]
190263/502/1.f:NONHGB_04285 -            308 GH43_32.hmm          -            267   3.8e-32  116.2   4.4   1   1   9.9e-23   4.7e-20   76.6   0.3     1   107    29   148    29   154 0.91 [190263/502/1]
190263/391/1.f:NONBJF_04475 -            514 GH43_32.hmm          -            267     4e-32  116.2   0.1   1   1   1.1e-34   5.2e-32  115.8   0.1     1   265    47   308    47   310 0.86 [190263/391/1]
190263/534/1.f:OHCFJE_07745 -            514 GH43_32.hmm          -            267     4e-32  116.2   0.1   1   1   1.1e-34   5.2e-32  115.8   0.1     1   265    47   308    47   310 0.86 [190263/534/1]
190263/545/1.f:NCJBIN_05140 -            514 GH43_32.hmm          -            267     4e-32  116.2   0.1   1   1   1.1e-34   5.2e-32  115.8   0.1     1   265    47   308    47   310 0.86 [190263/545/1]
190263/369/1.f:JCDIFE_04830 -            333 GH43_32.hmm          -            267   4.7e-32  115.9   2.4   1   1   9.7e-22   4.6e-19   73.4   0.2     1   107    54   173    54   180 0.91 [190263/369/1]
190263/552/1.f:EMALNL_04005 -            335 GH43_32.hmm          -            267     6e-32  115.6   1.9   1   1     2e-23   9.4e-21   78.9   0.3     1    99    51   163    51   174 0.90 [190263/552/1]
190263/497/1.f:HENFFC_10575 -            995 GH43_32.hmm          -            267   6.4e-32  115.5   2.2   1   1   2.7e-21   1.3e-18   71.9   0.1     1   107   714   833   714   862 0.91 [190263/497/1]
190263/556/1.f:EMIPPF_09145 -            341 GH43_32.hmm          -            267   6.7e-32  115.4   1.3   1   1   1.7e-23   7.9e-21   79.1   0.1     1   107    65   185    65   195 0.91 [190263/556/1]
190263/526/1.f:GBBCGM_01160 -            327 GH43_32.hmm          -            267   1.1e-31  114.7   4.9   1   1   7.4e-24   3.5e-21   80.3   0.3     1   107    47   166    47   177 0.92 [190263/526/1]
190263/366/1.f:DBJPFP_11310 -            329 GH43_32.hmm          -            267   1.2e-31  114.6   0.4   1   1     7e-33   3.3e-30  109.9   0.4     2   265    52   310    51   311 0.84 [190263/366/1]
190263/502/1.f:NONHGB_04370 -            334 GH43_32.hmm          -            267   2.5e-31  113.6   3.3   1   1   1.3e-21     6e-19   73.0   0.3     1   107    55   174    55   181 0.91 [190263/502/1]
190263/405/1.f:EHKDKA_04765 -            325 GH43_32.hmm          -            267   2.7e-31  113.5   3.6   1   1   1.7e-22   8.1e-20   75.8   0.3     1   107    46   165    46   171 0.90 [190263/405/1]
190263/366/1.f:DBJPFP_01325 -            327 GH43_32.hmm          -            267   4.4e-31  112.7   0.1   1   1   2.8e-31   1.3e-28  104.6   0.1     1   264    46   306    46   308 0.81 [190263/366/1]
190263/562/1.f:KJGNCK_11030 -            785 GH43_32.hmm          -            267   5.3e-31  112.5   5.8   1   1   2.9e-26   1.4e-23   88.2   2.5     2   266   336   609   335   610 0.83 [190263/562/1]
190263/502/1.f:NONHGB_08195 -            785 GH43_32.hmm          -            267   7.8e-31  111.9   6.3   1   1   3.1e-26   1.5e-23   88.1   2.5     2   266   336   609   335   610 0.85 [190263/502/1]
190263/365/1.f:JJMMAK_00270 -            513 GH43_32.hmm          -            267   9.6e-31  111.6   4.1   1   1   4.9e-33   2.3e-30  110.4   4.1     2   264    46   298    45   301 0.86 [190263/365/1]
190263/401/1.f:DMFJNH_03530 -            325 GH43_32.hmm          -            267   9.9e-31  111.6   1.5   1   1   1.8e-31   8.5e-29  105.3   1.5     1   265    46   306    46   307 0.86 [190263/401/1]
190263/504/1.f:DOAHDM_03970 -            325 GH43_32.hmm          -            267   9.9e-31  111.6   1.5   1   1   1.8e-31   8.5e-29  105.3   1.5     1   265    46   306    46   307 0.86 [190263/504/1]
190263/497/1.f:HENFFC_12345 -            513 GH43_32.hmm          -            267   1.4e-30  111.1   3.9   1   1   7.4e-33   3.5e-30  109.8   3.9     2   264    46   298    45   301 0.86 [190263/497/1]
190263/552/1.f:EMALNL_10950 -            785 GH43_32.hmm          -            267   2.3e-30  110.4   6.6   1   1   8.9e-26   4.2e-23   86.6   2.7     2   266   336   609   335   610 0.83 [190263/552/1]
190263/405/1.f:EHKDKA_05525 -            333 GH43_32.hmm          -            267   2.4e-30  110.3   2.6   1   1   6.4e-22     3e-19   73.9   0.4     1   107    50   167    50   186 0.92 [190263/405/1]
190263/475/1.f:MCKEEP_09850 -            785 GH43_32.hmm          -            267   2.8e-30  110.1   6.5   1   1   1.3e-27   6.1e-25   92.6   2.1     2   266   336   608   335   609 0.83 [190263/475/1]
190263/456/1.f:LKAJBD_03940 -            442 GH43_32.hmm          -            267   2.9e-30  110.0  11.8   1   1   1.1e-28   5.3e-26   96.1   2.9    12   266    66   297    40   298 0.84 [190263/456/1]
190263/379/1.f:LOJHAC_13970 -            513 GH43_32.hmm          -            267   3.9e-30  109.7   3.0   1   1   1.8e-32   8.3e-30  108.6   3.0     2   263    45   296    44   300 0.89 [190263/379/1]
190263/573/1.f:LIDFCI_13350 -            785 GH43_32.hmm          -            267   4.3e-30  109.5   6.0   1   1   1.1e-25   5.4e-23   86.2   3.5     2   266   336   608   335   609 0.82 [190263/573/1]
190263/368/1.f:HPMDBE_12540 -            513 GH43_32.hmm          -            267   8.6e-30  108.5   1.8   1   1   3.8e-32   1.8e-29  107.5   1.8     2   263    45   296    44   300 0.89 [190263/368/1]
190263/516/1.f:MGNFBC_11300 -            513 GH43_32.hmm          -            267     1e-29  108.3   2.2   1   1   4.5e-32   2.1e-29  107.2   2.2     2   263    45   296    44   300 0.89 [190263/516/1]
190263/366/1.f:DBJPFP_04310 -            332 GH43_32.hmm          -            267   1.2e-29  108.1   0.1   1   1   2.8e-30   1.3e-27  101.4   0.1     1   264    51   311    51   313 0.83 [190263/366/1]
190263/556/1.f:EMIPPF_01660 -            510 GH43_32.hmm          -            267     2e-29  107.3   1.3   1   1   1.2e-31   5.5e-29  105.9   1.3     2   248    43   277    42   294 0.88 [190263/556/1]
190263/404/1.f:BGJBIG_08440 -            479 GH43_32.hmm          -            267     4e-29  106.3   3.7   1   1   1.9e-31   8.9e-29  105.2   3.7     2   266    69   320    68   321 0.78 [190263/404/1]
190263/399/1.f:CDLIDF_06485 -            815 GH43_32.hmm          -            267     1e-28  105.0   6.5   1   1   2.2e-31     1e-28  105.0   6.5     2   266    61   315    60   316 0.83 [190263/399/1]
190263/391/1.f:NONBJF_11660 -            333 GH43_32.hmm          -            267   3.6e-28  103.2   3.4   1   1   5.3e-18   2.5e-15   61.1   0.1     1   105    54   171    54   179 0.87 [190263/391/1]
190263/534/1.f:OHCFJE_11930 -            333 GH43_32.hmm          -            267   3.6e-28  103.2   3.4   1   1   5.3e-18   2.5e-15   61.1   0.1     1   105    54   171    54   179 0.87 [190263/534/1]
190263/545/1.f:NCJBIN_12800 -            333 GH43_32.hmm          -            267   3.6e-28  103.2   3.4   1   1   5.3e-18   2.5e-15   61.1   0.1     1   105    54   171    54   179 0.87 [190263/545/1]
190263/388/1.f:FDDJJK_11480 -            333 GH43_32.hmm          -            267   3.8e-28  103.1   3.5   1   1   5.4e-18   2.6e-15   61.1   0.2     1   105    54   171    54   178 0.87 [190263/388/1]
190263/369/1.f:JCDIFE_10525 -            515 GH43_32.hmm          -            267   6.9e-28  102.3   6.1   1   1   4.9e-30   2.3e-27  100.6   6.1     2   266    45   300    44   301 0.87 [190263/369/1]
190263/502/1.f:NONHGB_06000 -            375 GH43_32.hmm          -            267     7e-28  102.3   6.2   1   1   1.8e-30   8.3e-28  102.0   6.2     2   249    61   326    60   348 0.82 [190263/502/1]
190263/562/1.f:KJGNCK_10720 -            513 GH43_32.hmm          -            267     1e-27  101.7   6.4   1   1   8.3e-30   3.9e-27   99.8   6.4     2   265    45   299    44   301 0.87 [190263/562/1]
190263/573/1.f:LIDFCI_13560 -            512 GH43_32.hmm          -            267   1.1e-27  101.6   9.1   1   1   1.4e-29   6.6e-27   99.1   9.1     2   266    45   300    44   301 0.88 [190263/573/1]
190263/460/1.f:IHFGKI_14510 -            838 GH43_32.hmm          -            267   1.1e-27  101.6   1.6   1   1   8.9e-30   4.2e-27   99.7   1.6    10   266    62   296    38   297 0.85 [190263/460/1]
190263/502/1.f:NONHGB_05445 -            443 GH43_32.hmm          -            267   3.4e-27  100.0   2.9   1   1   1.7e-29   7.8e-27   98.8   1.5    10   266    65   298    41   299 0.82 [190263/502/1]
190263/405/1.f:EHKDKA_06255 -            443 GH43_32.hmm          -            267   3.5e-27  100.0   2.9   1   1   1.8e-29   8.4e-27   98.7   1.3    10   266    65   298    41   299 0.82 [190263/405/1]
190263/580/1.f:JCPJNN_25895 -            306 GH43_32.hmm          -            267   3.6e-27   99.9   1.7   1   1   1.1e-28   5.2e-26   96.1   1.7     1   248    29   271    29   296 0.85 [190263/580/1]
190263/502/1.f:NONHGB_05940 -            955 GH43_32.hmm          -            267   6.6e-27   99.1   5.2   1   1   2.2e-29     1e-26   98.4   5.2     1   264   643   929   643   932 0.82 [190263/502/1]
190263/405/1.f:EHKDKA_05920 -            453 GH43_32.hmm          -            267   7.3e-27   98.9   3.8   1   1   5.9e-29   2.8e-26   97.0   3.7     4   266    45   303    42   304 0.80 [190263/405/1]
190263/534/1.f:OHCFJE_11920 -            877 GH43_32.hmm          -            267   1.5e-26   97.9   6.9   1   1   7.9e-27   3.7e-24   90.0   4.6     2   217    43   263    42   272 0.84 [190263/534/1]
190263/540/1.f:BCGFLB_08615 -            439 GH43_32.hmm          -            267   1.8e-26   97.6   1.7   1   1   3.4e-27   1.6e-24   91.2   1.2     4   266    44   290    41   291 0.77 [190263/540/1]
190263/391/1.f:NONBJF_11650 -            877 GH43_32.hmm          -            267     2e-26   97.5   6.8   1   1   1.1e-26   5.1e-24   89.6   4.5     2   217    43   263    42   272 0.85 [190263/391/1]
190263/562/1.f:KJGNCK_02445 -            464 GH43_32.hmm          -            267     2e-26   97.5   2.8   1   1   6.9e-29   3.3e-26   96.8   2.8    11   224    63   275    39   316 0.71 [190263/562/1]
190263/461/1.f:DHPHOK_05300 -            880 GH43_32.hmm          -            267   2.4e-26   97.2   5.1   1   1     9e-26   4.2e-23   86.6   6.3     1   216    42   262    42   274 0.83 [190263/461/1]
190263/502/1.f:NONHGB_11150 -            325 GH43_32.hmm          -            267   2.8e-26   97.0   0.8   1   1   4.2e-18     2e-15   61.4   0.1    26   107    68   152    63   167 0.93 [190263/502/1]
190263/388/1.f:FDDJJK_11470 -            877 GH43_32.hmm          -            267   2.9e-26   97.0   6.5   1   1   1.1e-26   5.1e-24   89.6   4.5     2   217    43   263    42   272 0.85 [190263/388/1]
190263/545/1.f:NCJBIN_12790 -            877 GH43_32.hmm          -            267   2.9e-26   96.9   6.5   1   1   1.1e-26   5.1e-24   89.6   4.5     2   217    43   263    42   272 0.85 [190263/545/1]
190263/502/1.f:NONHGB_05240 -            453 GH43_32.hmm          -            267   7.3e-26   95.6   3.8   1   1   6.5e-28   3.1e-25   93.6   3.8     4   266    45   303    42   304 0.80 [190263/502/1]
190263/502/1.f:NONHGB_04290 -            343 GH43_32.hmm          -            267   9.7e-26   95.2   1.9   1   1   5.5e-27   2.6e-24   90.6   1.8     2   266    55   324    54   325 0.76 [190263/502/1]
190263/502/1.f:NONHGB_05900 -            462 GH43_32.hmm          -            267   1.3e-25   94.9   4.5   1   1   7.4e-28   3.5e-25   93.4   4.5     1   266    48   302    48   303 0.86 [190263/502/1]
190263/391/1.f:NONBJF_00200 -            323 GH43_32.hmm          -            267   1.3e-25   94.8   2.8   1   1   1.1e-17     5e-15   60.1   0.2    24   107    66   152    24   163 0.90 [190263/391/1]
190263/399/1.f:CDLIDF_16880 -            325 GH43_32.hmm          -            267   1.4e-25   94.7   2.2   1   1   4.3e-19     2e-16   64.7   0.1    25   107    67   152    24   164 0.86 [190263/399/1]
190263/388/1.f:FDDJJK_00215 -            323 GH43_32.hmm          -            267   1.7e-25   94.5   2.3   1   1   1.3e-17   6.4e-15   59.8   0.1    25   107    67   152    51   164 0.90 [190263/388/1]
190263/534/1.f:OHCFJE_00200 -            323 GH43_32.hmm          -            267   1.8e-25   94.4   3.1   1   1   1.1e-17     5e-15   60.1   0.2    24   107    66   152    24   163 0.90 [190263/534/1]
190263/545/1.f:NCJBIN_00200 -            323 GH43_32.hmm          -            267   1.8e-25   94.4   3.1   1   1   1.1e-17     5e-15   60.1   0.2    24   107    66   152    24   163 0.90 [190263/545/1]
190263/552/1.f:EMALNL_03945 -            633 GH43_32.hmm          -            267     2e-25   94.2   1.4   1   1   3.4e-27   1.6e-24   91.2   1.4     3   266   340   612   338   613 0.76 [190263/552/1]
190263/573/1.f:LIDFCI_15940 -            462 GH43_32.hmm          -            267   2.5e-25   93.9   4.2   1   1   1.3e-27   6.2e-25   92.6   4.1     4   245    48   289    45   313 0.74 [190263/573/1]
190263/405/1.f:EHKDKA_02295 -            470 GH43_32.hmm          -            267   2.8e-25   93.7   1.6   1   1   1.7e-27     8e-25   92.2   1.6     2   266    47   318    46   319 0.84 [190263/405/1]
190263/388/1.f:FDDJJK_00180 -            835 GH43_32.hmm          -            267     3e-25   93.6   5.2   1   1   1.3e-27     6e-25   92.6   5.2     4   261    51   310    36   316 0.78 [190263/388/1]
190263/366/1.f:DBJPFP_01310 -            474 GH43_32.hmm          -            267   3.2e-25   93.5   3.5   1   1   1.1e-27   5.1e-25   92.9   3.5     1   266   144   452   144   453 0.85 [190263/366/1]
190263/399/1.f:CDLIDF_16915 -            467 GH43_32.hmm          -            267   3.5e-25   93.4   7.4   1   1   7.1e-27   3.3e-24   90.2   5.8     4   266    59   316    56   317 0.82 [190263/399/1]
190263/552/1.f:EMALNL_07595 -            462 GH43_32.hmm          -            267   3.5e-25   93.4   4.4   1   1   1.8e-27   8.6e-25   92.1   4.3     4   245    48   289    45   313 0.74 [190263/552/1]
190263/456/1.f:LKAJBD_08240 -            323 GH43_32.hmm          -            267   5.1e-25   92.9   1.3   1   1   8.4e-18     4e-15   60.4   0.2    24   107    66   152    17   171 0.88 [190263/456/1]
190263/396/1.f:KAAOMA_17090 -            964 GH43_32.hmm          -            267   5.8e-25   92.7   6.6   1   1   9.6e-16   4.5e-13   53.7   0.6    35   249   692   906   644   919 0.78 [190263/396/1]
190263/475/1.f:MCKEEP_22420 -            325 GH43_32.hmm          -            267   6.2e-25   92.6   6.8   1   1   1.3e-18   6.3e-16   63.1   1.0    24   108    66   153    24   199 0.85 [190263/475/1]
190263/405/1.f:EHKDKA_05940 -            894 GH43_32.hmm          -            267   6.4e-25   92.5   0.7   1   1   2.3e-27   1.1e-24   91.8   0.7     9   266   492   747   484   748 0.80 [190263/405/1]
190263/456/1.f:LKAJBD_15325 -            452 GH43_32.hmm          -            267   6.5e-25   92.5   2.2   1   1   5.5e-27   2.6e-24   90.6   2.2     4   265    43   301    40   303 0.80 [190263/456/1]
190263/399/1.f:CDLIDF_13570 -            659 GH43_32.hmm          -            267   6.7e-25   92.5   5.4   1   1   5.2e-27   2.5e-24   90.6   5.4     2   266   327   633   326   634 0.76 [190263/399/1]
190263/405/1.f:EHKDKA_12835 -            325 GH43_32.hmm          -            267   6.8e-25   92.5   0.8   1   1   3.5e-17   1.6e-14   58.4   0.1    26   107    68   152    63   165 0.93 [190263/405/1]
190263/457/1.f:IIKDLL_11780 -            646 GH43_32.hmm          -            267     7e-25   92.4   0.1   1   1   5.3e-21   2.5e-18   70.9   0.1     2   110   154   275   153   301 0.88 [190263/457/1]
190263/405/1.f:EHKDKA_04770 -            343 GH43_32.hmm          -            267   8.1e-25   92.2   3.0   1   1   4.5e-26   2.1e-23   87.6   2.8     2   266    55   324    54   325 0.76 [190263/405/1]
190263/504/1.f:DOAHDM_07920 -            461 GH43_32.hmm          -            267   1.1e-24   91.7   4.6   1   1   1.3e-26   6.2e-24   89.3   4.6     1   266    46   300    46   301 0.84 [190263/504/1]
190263/573/1.f:LIDFCI_11875 -            325 GH43_32.hmm          -            267   1.4e-24   91.5   7.4   1   1   2.3e-18   1.1e-15   62.3   1.2    24   108    66   153    24   199 0.85 [190263/573/1]
190263/562/1.f:KJGNCK_06510 -            633 GH43_32.hmm          -            267   1.5e-24   91.3   1.4   1   1   3.2e-26   1.5e-23   88.1   1.4     3   266   340   612   338   613 0.75 [190263/562/1]
190263/504/1.f:DOAHDM_10190 -            512 GH43_32.hmm          -            267   1.5e-24   91.3   9.5   1   1   1.6e-26   7.6e-24   89.0   9.5     2   265    45   299    44   301 0.86 [190263/504/1]
190263/552/1.f:EMALNL_22610 -            325 GH43_32.hmm          -            267   2.5e-24   90.6   6.4   1   1   3.4e-18   1.6e-15   61.7   0.5    24   108    66   153    24   199 0.85 [190263/552/1]
190263/562/1.f:KJGNCK_24730 -            325 GH43_32.hmm          -            267   2.5e-24   90.6   6.4   1   1   3.4e-18   1.6e-15   61.7   0.5    24   108    66   153    24   199 0.85 [190263/562/1]
190263/401/1.f:DMFJNH_09845 -            512 GH43_32.hmm          -            267   4.1e-24   89.9   9.0   1   1   4.4e-26   2.1e-23   87.6   9.0     2   265    45   299    44   301 0.86 [190263/401/1]
190263/405/1.f:EHKDKA_02525 -            320 GH43_32.hmm          -            267   4.3e-24   89.8   8.7   1   1   2.1e-17     1e-14   59.1   1.6     2   109    51   181    50   210 0.79 [190263/405/1]
190263/475/1.f:MCKEEP_08390 -            461 GH43_32.hmm          -            267   6.6e-24   89.2   4.8   1   1   3.4e-26   1.6e-23   88.0   4.8     4   245    47   288    44   312 0.74 [190263/475/1]
190263/552/1.f:EMALNL_01465 -            320 GH43_32.hmm          -            267   9.1e-24   88.8   3.8   1   1   3.5e-18   1.6e-15   61.7   0.1    24   107    62   148    39   167 0.90 [190263/552/1]
190263/502/1.f:NONHGB_05225 -            461 GH43_32.hmm          -            267   9.3e-24   88.7   0.2   1   1   4.5e-26   2.1e-23   87.6   0.2     3   266    47   314    45   315 0.80 [190263/502/1]
190263/456/1.f:LKAJBD_13210 -            507 GH43_32.hmm          -            267     1e-23   88.6   4.3   1   1   1.4e-16   6.7e-14   56.4   0.1     2    84    67   161    66   181 0.86 [190263/456/1]
190263/556/1.f:EMIPPF_02125 -            353 GH43_32.hmm          -            267   1.1e-23   88.5   0.1   1   1   2.8e-26   1.3e-23   88.2   0.1     2   263    53   325    52   329 0.85 [190263/556/1]
190263/504/1.f:DOAHDM_23615 -            327 GH43_32.hmm          -            267   1.2e-23   88.3   0.1   1   1   3.6e-26   1.7e-23   87.9   0.1     3   249    65   307    63   319 0.82 [190263/504/1]
190263/546/1.f:GEHMID_15115 -            415 GH43_32.hmm          -            267   1.4e-23   88.2   1.8   1   1   1.9e-24   8.7e-22   82.3   1.5     1   265    22   272    22   274 0.80 [190263/546/1]
190263/401/1.f:DMFJNH_16020 -            314 GH43_32.hmm          -            267   1.8e-23   87.8   5.2   1   1   6.1e-25   2.9e-22   83.9   5.1    10   266    64   300    43   301 0.81 [190263/401/1]
190263/460/1.f:IHFGKI_13230 -            320 GH43_32.hmm          -            267   2.2e-23   87.5   4.0   1   1   1.2e-17   5.6e-15   59.9   0.2    25   107    65   150    22   159 0.87 [190263/460/1]
190263/399/1.f:CDLIDF_10095 -            833 GH43_32.hmm          -            267   3.4e-23   86.9  14.7   1   1   3.1e-18   1.5e-15   61.9   8.9     3   266    43   288    41   289 0.81 [190263/399/1]
190263/401/1.f:DMFJNH_24345 -            327 GH43_32.hmm          -            267   3.4e-23   86.9   0.1   1   1     1e-25   4.7e-23   86.4   0.1     3   249    65   307    63   319 0.82 [190263/401/1]
190263/502/1.f:NONHGB_02290 -            322 GH43_32.hmm          -            267   3.7e-23   86.8   6.4   1   1   3.7e-16   1.7e-13   55.1   1.0     2   109    52   186    51   215 0.80 [190263/502/1]
190263/562/1.f:KJGNCK_03010 -            388 GH43_32.hmm          -            267   4.3e-23   86.6   0.9   1   1   1.1e-25   5.1e-23   86.3   0.9     3   266    77   362    74   363 0.82 [190263/562/1]
190263/520/1.f:GGDGDE_09245 -            630 GH43_32.hmm          -            267   4.8e-23   86.4   0.0   1   1   4.9e-23   2.3e-20   77.6   0.0     2   265   152   404   151   405 0.83 [190263/520/1]
190263/417/1.f:MHBJAE_04875 -            368 GH43_32.hmm          -            267   5.1e-23   86.3   5.6   1   1   1.3e-25   5.9e-23   86.1   5.6     2   263    58   341    56   345 0.80 [190263/417/1]
190263/401/1.f:DMFJNH_06490 -            370 GH43_32.hmm          -            267   5.9e-23   86.1   4.0   1   1   1.5e-25   7.1e-23   85.8   4.0     3   266    57   342    54   343 0.81 [190263/401/1]
190263/504/1.f:DOAHDM_07160 -            370 GH43_32.hmm          -            267   5.9e-23   86.1   4.0   1   1   1.5e-25   7.1e-23   85.8   4.0     3   266    57   342    54   343 0.81 [190263/504/1]
190263/475/1.f:MCKEEP_07775 -            369 GH43_32.hmm          -            267   6.1e-23   86.1   1.4   1   1   1.5e-25   7.2e-23   85.8   1.4     3   266    58   343    55   344 0.82 [190263/475/1]
190263/405/1.f:EHKDKA_22060 -            326 GH43_32.hmm          -            267   6.4e-23   86.0   4.9   1   1   2.7e-24   1.3e-21   81.7   4.7    12   266    78   312    55   313 0.81 [190263/405/1]
190263/502/1.f:NONHGB_20355 -            326 GH43_32.hmm          -            267   6.5e-23   86.0   3.5   1   1   2.9e-24   1.4e-21   81.6   3.5    10   266    76   312    55   313 0.81 [190263/502/1]
190263/552/1.f:EMALNL_07150 -            369 GH43_32.hmm          -            267   6.8e-23   85.9   1.4   1   1   1.7e-25     8e-23   85.7   1.4     3   266    58   343    55   344 0.82 [190263/552/1]
190263/552/1.f:EMALNL_01505 -            461 GH43_32.hmm          -            267   7.1e-23   85.8   0.8   1   1   2.7e-25   1.3e-22   85.0   0.7     6   266    48   310    43   311 0.77 [190263/552/1]
190263/456/1.f:LKAJBD_03935 -            334 GH43_32.hmm          -            267     1e-22   85.3   6.0   1   1   1.1e-23   5.4e-21   79.7   2.4    14   266    81   319    66   320 0.84 [190263/456/1]
190263/504/1.f:DOAHDM_15685 -            314 GH43_32.hmm          -            267   1.1e-22   85.2   5.0   1   1   4.4e-24   2.1e-21   81.0   5.0    10   266    64   300    43   301 0.81 [190263/504/1]
190263/573/1.f:LIDFCI_16675 -            369 GH43_32.hmm          -            267   1.2e-22   85.1   1.1   1   1     3e-25   1.4e-22   84.9   1.1     3   266    58   343    55   344 0.81 [190263/573/1]
190263/545/1.f:NCJBIN_05645 -            511 GH43_32.hmm          -            267   1.2e-22   85.1   3.6   1   1   2.7e-17   1.3e-14   58.8   0.4     2   108    83   227    82   248 0.93 [190263/545/1]
190263/534/1.f:OHCFJE_07285 -            511 GH43_32.hmm          -            267   1.2e-22   85.1   4.0   1   1   2.7e-17   1.3e-14   58.8   0.5     2   108    83   227    82   248 0.92 [190263/534/1]
190263/388/1.f:FDDJJK_05195 -            511 GH43_32.hmm          -            267   1.4e-22   84.8   3.9   1   1   1.3e-16     6e-14   56.6   0.7     2   108    83   227    82   243 0.93 [190263/388/1]
190263/573/1.f:LIDFCI_16005 -            475 GH43_32.hmm          -            267   1.6e-22   84.7   5.6   1   1   1.3e-24   6.3e-22   82.7   5.6    13   265    64   292    42   294 0.73 [190263/573/1]
190263/488/1.f:DNPFAC_05425 -            368 GH43_32.hmm          -            267   1.9e-22   84.4   4.2   1   1   4.6e-25   2.2e-22   84.2   4.2     2   263    58   341    56   345 0.80 [190263/488/1]
190263/526/1.f:GBBCGM_00835 -            366 GH43_32.hmm          -            267     2e-22   84.4   3.7   1   1   5.1e-25   2.4e-22   84.1   3.7     2   266    58   345    56   346 0.81 [190263/526/1]
190263/502/1.f:NONHGB_00190 -            517 GH43_32.hmm          -            267   2.2e-22   84.2   0.8   1   1   1.6e-24   7.8e-22   82.4   0.8     3   266    60   309    58   310 0.77 [190263/502/1]
190263/595/1.f:HGDLEC_08780 -            320 GH43_32.hmm          -            267   2.6e-22   84.0   5.4   1   1   3.5e-18   1.6e-15   61.7   0.5    26   107    66   150    25   163 0.90 [190263/595/1]
190263/401/1.f:DMFJNH_23900 -            697 GH43_32.hmm          -            267   3.1e-22   83.8   6.9   1   1   1.7e-16   7.8e-14   56.2   0.8     2   107   435   560   434   585 0.85 [190263/401/1]
190263/552/1.f:EMALNL_01805 -            472 GH43_32.hmm          -            267   3.1e-22   83.8   0.4   1   1   1.4e-24   6.6e-22   82.7   0.4     4   266    48   314    45   315 0.79 [190263/552/1]
190263/475/1.f:MCKEEP_15320 -            322 GH43_32.hmm          -            267   3.1e-22   83.7   5.3   1   1   7.1e-24   3.4e-21   80.3   4.7    10   266    72   308    51   309 0.81 [190263/475/1]
190263/456/1.f:LKAJBD_09335 -            322 GH43_32.hmm          -            267   3.1e-22   83.7   3.8   1   1   2.2e-21     1e-18   72.2   1.0     2   109    52   187    39   201 0.85 [190263/456/1]
190263/369/1.f:JCDIFE_18055 -            324 GH43_32.hmm          -            267   3.8e-22   83.5   2.3   1   1   7.4e-21   3.5e-18   70.5   0.6     4   109    56   189    53   206 0.83 [190263/369/1]
190263/504/1.f:DOAHDM_23140 -            697 GH43_32.hmm          -            267   4.4e-22   83.2   7.0   1   1   2.3e-16   1.1e-13   55.7   0.8     2   107   435   560   434   585 0.85 [190263/504/1]
190263/391/1.f:NONBJF_05450 -            511 GH43_32.hmm          -            267   4.9e-22   83.1   3.5   1   1   1.2e-16   5.5e-14   56.7   0.4     2   108    83   227    82   248 0.93 [190263/391/1]
190263/405/1.f:EHKDKA_02510 -            328 GH43_32.hmm          -            267   5.1e-22   83.0   8.5   1   1   2.3e-17   1.1e-14   59.0   1.0     2   108    61   187    60   212 0.84 [190263/405/1]
190263/552/1.f:EMALNL_07535 -            443 GH43_32.hmm          -            267   5.4e-22   83.0   6.3   1   1   6.6e-24   3.1e-21   80.5   6.3    13   265    65   293    43   295 0.72 [190263/552/1]
190263/475/1.f:MCKEEP_08335 -            443 GH43_32.hmm          -            267   5.7e-22   82.9   6.4   1   1     8e-24   3.8e-21   80.2   6.4    13   265    65   293    43   295 0.73 [190263/475/1]
190263/456/1.f:LKAJBD_13615 -            322 GH43_32.hmm          -            267   6.3e-22   82.7   6.6   1   1   1.7e-22   7.9e-20   75.9   5.7     2   266    52   312    51   313 0.83 [190263/456/1]
190263/580/1.f:JCPJNN_23080 -            316 GH43_32.hmm          -            267   1.1e-21   82.0   0.2   1   1   4.2e-24     2e-21   81.1   0.2    21   263    58   305    26   309 0.76 [190263/580/1]
190263/460/1.f:IHFGKI_00020 -            443 GH43_32.hmm          -            267   1.2e-21   81.8   5.5   1   1   9.7e-21   4.6e-18   70.1   1.9     4   113    42   166    39   182 0.87 [190263/460/1]
190263/472/1.f:NMGHJI_01025 -            318 GH43_32.hmm          -            267   1.3e-21   81.7   3.2   1   1   4.1e-24   1.9e-21   81.2   2.4     2   265    27   307    26   309 0.77 [190263/472/1]
190263/534/1.f:OHCFJE_01190 -            304 GH43_32.hmm          -            267   1.4e-21   81.6   4.6   1   1   2.3e-17   1.1e-14   59.0   0.6    14   110    67   174    47   188 0.85 [190263/534/1]
190263/502/1.f:NONHGB_02255 -            328 GH43_32.hmm          -            267   1.6e-21   81.4   9.1   1   1   2.4e-17   1.1e-14   58.9   0.9     2   107    61   186    60   210 0.85 [190263/502/1]
190263/405/1.f:EHKDKA_15365 -            549 GH43_32.hmm          -            267   1.8e-21   81.2   1.3   1   1   1.2e-23   5.5e-21   79.7   0.7     5   266    59   305    55   306 0.82 [190263/405/1]
190263/514/1.f:MMHOAN_12840 -            484 GH43_32.hmm          -            267   1.9e-21   81.2   0.1   1   1   5.4e-24   2.5e-21   80.8   0.1    15   266    53   319    27   320 0.80 [190263/514/1]
190263/399/1.f:CDLIDF_16920 -            441 GH43_32.hmm          -            267   1.9e-21   81.2   7.5   1   1   9.5e-23   4.5e-20   76.7   6.8     5   207    47   238    43   295 0.74 [190263/399/1]
190263/461/1.f:DHPHOK_17575 -            979 GH43_32.hmm          -            267   1.9e-21   81.1   5.2   1   1   4.1e-24   1.9e-21   81.1   5.2     3   255   525   763   523   775 0.74 [190263/461/1]
190263/405/1.f:EHKDKA_05935 -            356 GH43_32.hmm          -            267   2.4e-21   80.8   5.1   1   1   2.2e-22     1e-19   75.5   4.5     4   264    52   309    49   312 0.76 [190263/405/1]
190263/390/1.f:OLPOLE_13405 -            303 GH43_32.hmm          -            267   2.9e-21   80.6   0.0   1   1   7.3e-24   3.4e-21   80.3   0.0     1   205    20   241    20   262 0.81 [190263/390/1]
190263/546/1.f:GEHMID_20355 -            481 GH43_32.hmm          -            267     3e-21   80.5   0.2   1   1     9e-24   4.3e-21   80.0   0.2    17   264    54   316    26   319 0.80 [190263/546/1]
190263/580/1.f:JCPJNN_23245 -            495 GH43_32.hmm          -            267   3.9e-21   80.2   2.7   1   1   7.2e-16   3.4e-13   54.1   0.0     1   108    64   205    64   221 0.92 [190263/580/1]
190263/520/1.f:GGDGDE_19915 -            549 GH43_32.hmm          -            267   4.3e-21   80.0   0.2   1   1   1.8e-18   8.7e-16   62.6   0.0     4   139   108   280   105   289 0.80 [190263/520/1]
190263/412/1.f:OOIBGL_09030 -            320 GH43_32.hmm          -            267   4.6e-21   79.9   1.4   1   1   4.9e-23   2.3e-20   77.6   0.3    34   263    65   305    53   309 0.81 [190263/412/1]
190263/502/1.f:NONHGB_14095 -            549 GH43_32.hmm          -            267   4.8e-21   79.8   0.7   1   1   2.5e-23   1.2e-20   78.6   0.4     5   266    59   305    55   306 0.82 [190263/502/1]
190263/369/1.f:JCDIFE_18065 -            500 GH43_32.hmm          -            267   6.1e-21   79.5   4.0   1   1   1.7e-16     8e-14   56.2   1.1     2   108    70   214    69   235 0.91 [190263/369/1]
190263/552/1.f:EMALNL_11310 -            558 GH43_32.hmm          -            267   6.2e-21   79.5   0.2   1   1   2.5e-23   1.2e-20   78.6   0.2     4   266    60   307    57   308 0.80 [190263/552/1]
190263/562/1.f:KJGNCK_25285 -            703 GH43_32.hmm          -            267   7.3e-21   79.3   8.7   1   1   4.5e-21   2.1e-18   71.2   7.4     2   266   436   693   435   694 0.80 [190263/562/1]
190263/369/1.f:JCDIFE_12790 -            817 GH43_32.hmm          -            267     8e-21   79.1  17.4   1   1   1.4e-16   6.6e-14   56.4   5.9     3   266    46   288    44   289 0.77 [190263/369/1]
190263/562/1.f:KJGNCK_11340 -            558 GH43_32.hmm          -            267   9.9e-21   78.8   0.2   1   1     4e-23   1.9e-20   77.9   0.2     4   266    60   307    57   308 0.80 [190263/562/1]
190263/502/1.f:NONHGB_05255 -            361 GH43_32.hmm          -            267     1e-20   78.8   3.7   1   1   9.9e-22   4.7e-19   73.3   3.4     4   264    52   309    49   312 0.76 [190263/502/1]
190263/404/1.f:BGJBIG_07300 -            558 GH43_32.hmm          -            267   1.1e-20   78.7   0.2   1   1   4.8e-23   2.2e-20   77.6   0.2     4   266    60   307    57   308 0.78 [190263/404/1]
190263/475/1.f:MCKEEP_07640 -            367 GH43_32.hmm          -            267   1.3e-20   78.4   0.5   1   1   3.4e-23   1.6e-20   78.1   0.5     1   265    53   339    53   341 0.82 [190263/475/1]
190263/573/1.f:LIDFCI_16805 -            367 GH43_32.hmm          -            267   1.3e-20   78.4   0.5   1   1   3.4e-23   1.6e-20   78.1   0.5     1   265    53   339    53   341 0.82 [190263/573/1]
190263/534/1.f:OHCFJE_02065 -            554 GH43_32.hmm          -            267   1.3e-20   78.4   0.4   1   1   4.4e-23   2.1e-20   77.8   0.4     3   265    57   303    55   305 0.79 [190263/534/1]
190263/545/1.f:NCJBIN_11650 -            554 GH43_32.hmm          -            267   1.3e-20   78.4   0.4   1   1   4.4e-23   2.1e-20   77.8   0.4     3   265    57   303    55   305 0.79 [190263/545/1]
190263/391/1.f:NONBJF_10790 -            554 GH43_32.hmm          -            267   1.3e-20   78.4   0.4   1   1   4.4e-23   2.1e-20   77.8   0.4     3   265    57   303    55   305 0.79 [190263/391/1]
190263/391/1.f:NONBJF_09835 -            499 GH43_32.hmm          -            267   1.4e-20   78.3   2.1   1   1     7e-23   3.3e-20   77.1   0.2     2   261    52   295    51   301 0.79 [190263/391/1]
190263/534/1.f:OHCFJE_02975 -            499 GH43_32.hmm          -            267   1.4e-20   78.3   2.1   1   1     7e-23   3.3e-20   77.1   0.2     2   261    52   295    51   301 0.79 [190263/534/1]
190263/545/1.f:NCJBIN_10675 -            499 GH43_32.hmm          -            267   1.4e-20   78.3   2.1   1   1     7e-23   3.3e-20   77.1   0.2     2   261    52   295    51   301 0.79 [190263/545/1]
190263/417/1.f:MHBJAE_04845 -            358 GH43_32.hmm          -            267   1.5e-20   78.2   2.6   1   1   3.8e-23   1.8e-20   77.9   2.6     3   264    57   340    54   343 0.80 [190263/417/1]
190263/396/1.f:KAAOMA_17065 -           1003 GH43_32.hmm          -            267   1.8e-20   78.0   3.9   1   1   5.9e-22   2.8e-19   74.1   0.8    11   227    70   282    51   298 0.80 [190263/396/1]
190263/401/1.f:DMFJNH_16010 -            513 GH43_32.hmm          -            267   2.2e-20   77.7   3.4   1   1   5.3e-17   2.5e-14   57.8   0.4     2   108    72   216    70   236 0.92 [190263/401/1]
190263/562/1.f:KJGNCK_15460 -            506 GH43_32.hmm          -            267   2.3e-20   77.6   2.7   1   1   3.6e-17   1.7e-14   58.4   0.4     2   108    65   209    63   214 0.93 [190263/562/1]
190263/475/1.f:MCKEEP_15310 -            506 GH43_32.hmm          -            267   2.3e-20   77.6   3.0   1   1   3.1e-17   1.4e-14   58.6   0.4     2   108    65   209    63   228 0.93 [190263/475/1]
190263/504/1.f:DOAHDM_15675 -            513 GH43_32.hmm          -            267   2.4e-20   77.6   3.5   1   1   5.3e-17   2.5e-14   57.8   0.4     2   108    72   216    70   236 0.92 [190263/504/1]
190263/399/1.f:CDLIDF_04455 -            335 GH43_32.hmm          -            267   2.5e-20   77.5   1.8   1   1   9.1e-23   4.3e-20   76.7   1.8     2   266    47   328    46   329 0.76 [190263/399/1]
190263/388/1.f:FDDJJK_10255 -            554 GH43_32.hmm          -            267   2.5e-20   77.5   0.4   1   1   8.6e-23     4e-20   76.8   0.4     2   265    56   303    55   305 0.78 [190263/388/1]
190263/490/1.f:OIBLLI_02545 -            512 GH43_32.hmm          -            267   2.6e-20   77.4   0.0   1   1   2.2e-17   1.1e-14   59.0   0.0     2   106    25   146    24   164 0.85 [190263/490/1]
190263/585/1.f:DLBDDB_08645 -            558 GH43_32.hmm          -            267   2.7e-20   77.4   0.2   1   1     1e-22   4.7e-20   76.6   0.2     4   266    60   307    57   308 0.80 [190263/585/1]
190263/475/1.f:MCKEEP_10240 -            558 GH43_32.hmm          -            267   3.1e-20   77.2   0.3   1   1   1.2e-22   5.8e-20   76.3   0.3     4   266    60   307    57   308 0.80 [190263/475/1]
190263/573/1.f:LIDFCI_00915 -            558 GH43_32.hmm          -            267   3.1e-20   77.2   0.2   1   1   1.3e-22     6e-20   76.3   0.2     4   266    60   307    57   308 0.79 [190263/573/1]
190263/520/1.f:GGDGDE_16915 -            320 GH43_32.hmm          -            267   3.2e-20   77.2   1.9   1   1   4.1e-22   1.9e-19   74.6   1.1    20   263    59   307    28   311 0.72 [190263/520/1]
190263/546/1.f:GEHMID_13755 -            317 GH43_32.hmm          -            267   3.8e-20   76.9   1.9   1   1   2.3e-22   1.1e-19   75.4   1.2    23   251    60   289    28   307 0.75 [190263/546/1]
190263/534/1.f:OHCFJE_00275 -            555 GH43_32.hmm          -            267   5.8e-20   76.3   0.7   1   1   2.4e-22   1.1e-19   75.3   0.7     2   266    57   305    56   306 0.80 [190263/534/1]
190263/504/1.f:DOAHDM_10665 -            558 GH43_32.hmm          -            267   5.9e-20   76.3   0.2   1   1   2.2e-22   1.1e-19   75.4   0.2     4   266    60   307    57   308 0.79 [190263/504/1]
190263/401/1.f:DMFJNH_10295 -            558 GH43_32.hmm          -            267   5.9e-20   76.3   0.2   1   1   2.2e-22     1e-19   75.5   0.2     4   266    60   307    57   308 0.79 [190263/401/1]
190263/583/1.f:BCCKNC_05030 -            348 GH43_32.hmm          -            267     6e-20   76.2   2.8   1   1   1.9e-16   8.7e-14   56.0   0.1     3   113    91   202    73   212 0.87 [190263/583/1]
190263/456/1.f:LKAJBD_17190 -            448 GH43_32.hmm          -            267   6.4e-20   76.2   6.8   1   1     2e-20   9.2e-18   69.1   6.7    10   206    64   238    45   296 0.76 [190263/456/1]
190263/388/1.f:FDDJJK_00175 -            527 GH43_32.hmm          -            267   7.1e-20   76.0   1.1   1   1   5.7e-21   2.7e-18   70.8   1.1     2   239    45   267    43   272 0.83 [190263/388/1]
190263/552/1.f:EMALNL_01575 -            510 GH43_32.hmm          -            267   8.5e-20   75.8   3.4   1   1     8e-22   3.8e-19   73.6   3.4     3   266    56   302    54   303 0.81 [190263/552/1]
190263/405/1.f:EHKDKA_11580 -            560 GH43_32.hmm          -            267   9.1e-20   75.7   0.4   1   1   3.1e-22   1.5e-19   75.0   0.4     2   266    59   308    58   309 0.83 [190263/405/1]
190263/552/1.f:EMALNL_01775 -            364 GH43_32.hmm          -            267   9.3e-20   75.6   9.4   1   1   5.4e-17   2.5e-14   57.8   3.7    11   106    80   192    52   212 0.83 [190263/552/1]
190263/488/1.f:DNPFAC_05395 -            358 GH43_32.hmm          -            267   9.7e-20   75.6   2.1   1   1   2.5e-22   1.2e-19   75.3   2.1     3   266    57   342    54   343 0.79 [190263/488/1]
190263/502/1.f:NONHGB_20365 -            495 GH43_32.hmm          -            267   1.1e-19   75.4   4.8   1   1   2.3e-17   1.1e-14   59.0   0.8     2   108    65   209    63   214 0.92 [190263/502/1]
190263/562/1.f:KJGNCK_14345 -            549 GH43_32.hmm          -            267   1.2e-19   75.3   0.6   1   1   7.9e-22   3.7e-19   73.6   0.4     3   265    57   304    55   305 0.77 [190263/562/1]
190263/405/1.f:EHKDKA_22070 -            495 GH43_32.hmm          -            267   1.5e-19   75.0   4.9   1   1   8.8e-18   4.2e-15   60.4   0.8     2   108    65   209    62   215 0.92 [190263/405/1]
190263/456/1.f:LKAJBD_06230 -            558 GH43_32.hmm          -            267   1.5e-19   74.9   0.2   1   1     6e-22   2.8e-19   74.0   0.2     4   266    61   308    58   309 0.76 [190263/456/1]
190263/437/1.f:LBKKEJ_07575 -            364 GH43_32.hmm          -            267   1.6e-19   74.9   4.3   1   1   3.9e-22   1.8e-19   74.6   4.3     3   265    55   339    52   341 0.82 [190263/437/1]
190263/437/1.f:LBKKEJ_14810 -            501 GH43_32.hmm          -            267   1.6e-19   74.8   1.2   1   1   3.3e-21   1.5e-18   71.6   0.5     2   249    54   284    53   300 0.82 [190263/437/1]
190263/552/1.f:EMALNL_14145 -            549 GH43_32.hmm          -            267   1.8e-19   74.7   0.6   1   1   9.8e-22   4.6e-19   73.3   0.5     3   265    57   304    54   305 0.75 [190263/552/1]
190263/456/1.f:LKAJBD_09325 -            495 GH43_32.hmm          -            267   1.8e-19   74.6   5.0   1   1   7.9e-17   3.7e-14   57.2   0.9     2   108    65   209    64   215 0.94 [190263/456/1]
190263/520/1.f:GGDGDE_09240 -            526 GH43_32.hmm          -            267   2.1e-19   74.4   1.5   1   1   4.1e-21     2e-18   71.3   1.5     2   264    34   279    33   281 0.80 [190263/520/1]
190263/585/1.f:DLBDDB_16965 -            548 GH43_32.hmm          -            267   2.7e-19   74.1   0.8   1   1   1.9e-21   8.9e-19   72.4   0.6     3   265    57   304    55   305 0.75 [190263/585/1]
190263/401/1.f:DMFJNH_03595 -           1544 GH43_32.hmm          -            267     3e-19   74.0   1.6   1   1   9.8e-22   4.6e-19   73.3   1.6     3   264    46   321    44   324 0.81 [190263/401/1]
190263/504/1.f:DOAHDM_04030 -           1544 GH43_32.hmm          -            267     3e-19   74.0   1.6   1   1   9.8e-22   4.6e-19   73.3   1.6     3   264    46   321    44   324 0.81 [190263/504/1]
190263/475/1.f:MCKEEP_14510 -            549 GH43_32.hmm          -            267     3e-19   74.0   0.8   1   1   2.1e-21     1e-18   72.2   0.5     3   265    57   304    55   305 0.78 [190263/475/1]
190263/409/1.f:AJJCMD_10620 -            408 GH43_32.hmm          -            267     3e-19   74.0   0.3   1   1   4.2e-21     2e-18   71.3   0.3    35   259    71   308    30   316 0.76 [190263/409/1]
190263/417/1.f:MHBJAE_04965 -            997 GH43_32.hmm          -            267   3.1e-19   73.9   4.1   1   1   6.6e-22   3.1e-19   73.9   4.1     2   266   388   657   387   658 0.79 [190263/417/1]
190263/391/1.f:NONBJF_00170 -            527 GH43_32.hmm          -            267   3.2e-19   73.9   0.9   1   1   2.6e-20   1.2e-17   68.7   0.9     2   239    45   267    43   272 0.83 [190263/391/1]
190263/534/1.f:OHCFJE_00170 -            527 GH43_32.hmm          -            267   3.2e-19   73.9   0.9   1   1   2.6e-20   1.2e-17   68.7   0.9     2   239    45   267    43   272 0.83 [190263/534/1]
190263/545/1.f:NCJBIN_00170 -            527 GH43_32.hmm          -            267   3.2e-19   73.9   0.9   1   1   2.6e-20   1.2e-17   68.7   0.9     2   239    45   267    43   272 0.83 [190263/545/1]
190263/384/1.f:CDKGIA_11810 -            549 GH43_32.hmm          -            267     4e-19   73.5   0.0   1   1   2.5e-21   1.2e-18   72.0   0.0     2   257    24   261    23   270 0.82 [190263/384/1]
190263/545/1.f:NCJBIN_10445 -            549 GH43_32.hmm          -            267   4.1e-19   73.5   0.8   1   1   1.6e-21   7.5e-19   72.6   0.8     2   243    63   300    62   307 0.79 [190263/545/1]
190263/391/1.f:NONBJF_09625 -            549 GH43_32.hmm          -            267   4.1e-19   73.5   0.8   1   1   1.6e-21   7.5e-19   72.6   0.8     2   243    63   300    62   307 0.79 [190263/391/1]
190263/534/1.f:OHCFJE_03255 -            549 GH43_32.hmm          -            267   4.2e-19   73.5   0.8   1   1   1.6e-21   7.5e-19   72.6   0.8     2   243    63   300    62   307 0.79 [190263/534/1]
190263/573/1.f:LIDFCI_04235 -            549 GH43_32.hmm          -            267   4.2e-19   73.5   0.4   1   1   2.3e-21   1.1e-18   72.1   0.3     3   265    57   304    54   305 0.75 [190263/573/1]
190263/466/1.f:PGJOII_00185 -            558 GH43_32.hmm          -            267   5.4e-19   73.1   0.1   1   1   2.2e-21     1e-18   72.2   0.1     4   265    61   307    58   309 0.77 [190263/466/1]
190263/546/1.f:GEHMID_03135 -            526 GH43_32.hmm          -            267   7.6e-19   72.6   1.1   1   1   2.3e-20   1.1e-17   68.8   0.6     2   247    26   272    25   282 0.80 [190263/546/1]
190263/552/1.f:EMALNL_07520 -            575 GH43_32.hmm          -            267   7.8e-19   72.6   1.2   1   1   6.5e-21     3e-18   70.7   0.1     2   254    83   345    82   357 0.79 [190263/552/1]
190263/502/1.f:NONHGB_10035 -            559 GH43_32.hmm          -            267   8.4e-19   72.5   0.2   1   1   3.3e-21   1.6e-18   71.6   0.2     4   265    61   307    58   309 0.80 [190263/502/1]
190263/580/1.f:JCPJNN_10115 -            541 GH43_32.hmm          -            267   9.8e-19   72.3   1.1   1   1   8.2e-16   3.9e-13   53.9   0.1     3   123    26   151    24   173 0.81 [190263/580/1]
190263/366/1.f:DBJPFP_05345 -            466 GH43_32.hmm          -            267   9.9e-19   72.3   2.0   1   1   2.8e-21   1.3e-18   71.8   2.0    35   266   188   443   146   444 0.76 [190263/366/1]
190263/580/1.f:JCPJNN_30780 -            332 GH43_32.hmm          -            267     1e-18   72.2   0.1   1   1   2.9e-21   1.4e-18   71.8   0.1     2   206    25   244    24   270 0.80 [190263/580/1]
190263/573/1.f:LIDFCI_16020 -            575 GH43_32.hmm          -            267   1.3e-18   71.8   2.5   1   1   4.1e-21   1.9e-18   71.3   0.1     2   254    83   345    82   357 0.79 [190263/573/1]
190263/475/1.f:MCKEEP_08320 -            575 GH43_32.hmm          -            267   1.6e-18   71.6   2.6   1   1   7.1e-21   3.4e-18   70.5   0.1     2   254    83   345    82   357 0.79 [190263/475/1]
190263/369/1.f:JCDIFE_10740 -            544 GH43_32.hmm          -            267   1.6e-18   71.6   0.6   1   1     9e-21   4.2e-18   70.2   0.6     4   266    53   300    50   301 0.76 [190263/369/1]
190263/420/1.f:GMHOLO_03385 -            338 GH43_32.hmm          -            267   1.7e-18   71.5   0.2   1   1   6.4e-21     3e-18   70.7   0.2     2   266    23   303    22   304 0.76 [190263/420/1]
190263/527/1.f:HGADJN_00795 -            338 GH43_32.hmm          -            267   2.1e-18   71.2   0.4   1   1   5.3e-21   2.5e-18   70.9   0.4     1   265    22   302    22   304 0.78 [190263/527/1]
190263/585/1.f:DLBDDB_19440 -            836 GH43_32.hmm          -            267   2.7e-18   70.8  10.3   1   1   9.6e-20   4.5e-17   66.8   6.7     2   265   287   541   286   543 0.84 [190263/585/1]
190263/443/1.f:LNLACP_05715 -            520 GH43_32.hmm          -            267   3.2e-18   70.6   0.6   1   1   5.7e-16   2.7e-13   54.4   0.1     2   113    24   144    23   183 0.80 [190263/443/1]
190263/401/1.f:DMFJNH_14545 -            549 GH43_32.hmm          -            267   3.4e-18   70.5   0.5   1   1   2.1e-20   9.8e-18   69.0   0.3     3   264    57   303    55   305 0.76 [190263/401/1]
190263/504/1.f:DOAHDM_14575 -            549 GH43_32.hmm          -            267   3.4e-18   70.5   0.5   1   1   2.1e-20   9.8e-18   69.0   0.3     3   264    57   303    55   305 0.76 [190263/504/1]
190263/541/1.f:IDEEIE_12540 -           1769 GH43_32.hmm          -            267   3.9e-18   70.3  12.6   1   1   2.6e-16   1.2e-13   55.5   4.6     3   247  1096  1365  1094  1373 0.72 [190263/541/1]
190263/369/1.f:JCDIFE_08905 -            570 GH43_32.hmm          -            267   4.1e-18   70.2   0.1   1   1   1.7e-20     8e-18   69.3   0.1     4   263    72   316    69   319 0.74 [190263/369/1]
190263/562/1.f:KJGNCK_25205 -            836 GH43_32.hmm          -            267   4.2e-18   70.2  16.1   1   1   3.4e-19   1.6e-16   65.0   6.1     2   265   287   541   286   543 0.84 [190263/562/1]
190263/552/1.f:EMALNL_01635 -            458 GH43_32.hmm          -            267   5.5e-18   69.8   5.8   1   1   8.8e-19   4.1e-16   63.7   4.3     9   109    63   179    55   246 0.77 [190263/552/1]
190263/595/1.f:HGDLEC_03290 -            559 GH43_32.hmm          -            267   5.6e-18   69.8   1.4   1   1   1.2e-20   5.7e-18   69.8   0.1     2   264    57   303    56   305 0.80 [190263/595/1]
190263/404/1.f:BGJBIG_02685 -           1544 GH43_32.hmm          -            267     6e-18   69.7   1.2   1   1   2.1e-20     1e-17   69.0   1.2     4   264    47   321    45   324 0.82 [190263/404/1]
190263/534/1.f:OHCFJE_01185 -            444 GH43_32.hmm          -            267   7.4e-18   69.4   0.3   1   1   3.4e-19   1.6e-16   65.0   0.3     2   265    47   297    46   299 0.77 [190263/534/1]
190263/409/1.f:AJJCMD_29510 -            293 GH43_32.hmm          -            267   7.5e-18   69.4   2.2   1   1   2.1e-20   9.9e-18   69.0   2.2     1   205    18   237    18   275 0.73 [190263/409/1]
190263/564/1.f:KIHMBJ_11625 -            334 GH43_32.hmm          -            267   8.4e-18   69.2   0.3   1   1   3.7e-20   1.8e-17   68.2   0.3     3   206    53   266    51   274 0.86 [190263/564/1]
190263/460/1.f:IHFGKI_01825 -            596 GH43_32.hmm          -            267   8.9e-18   69.1   1.4   1   1   6.6e-20   3.1e-17   67.3   1.4     3   263    66   320    63   323 0.79 [190263/460/1]
190263/391/1.f:NONBJF_00550 -            549 GH43_32.hmm          -            267   1.4e-17   68.4   0.2   1   1   7.2e-20   3.4e-17   67.2   0.2     4   266    58   305    54   306 0.76 [190263/391/1]
190263/534/1.f:OHCFJE_01315 -            549 GH43_32.hmm          -            267   1.5e-17   68.4   0.2   1   1   7.2e-20   3.4e-17   67.2   0.2     4   266    58   305    54   306 0.76 [190263/534/1]
190263/545/1.f:NCJBIN_00645 -            549 GH43_32.hmm          -            267   1.5e-17   68.4   0.2   1   1   7.2e-20   3.4e-17   67.2   0.2     4   266    58   305    54   306 0.76 [190263/545/1]
190263/552/1.f:EMALNL_01625 -            532 GH43_32.hmm          -            267   1.7e-17   68.2   1.4   1   1   1.4e-18   6.4e-16   63.0   1.4     2   237    47   268    45   274 0.80 [190263/552/1]
190263/388/1.f:FDDJJK_00610 -            549 GH43_32.hmm          -            267   1.7e-17   68.2   0.2   1   1   9.6e-20   4.5e-17   66.8   0.1     9   186    63   236    55   305 0.73 [190263/388/1]
190263/456/1.f:LKAJBD_02480 -            512 GH43_32.hmm          -            267   1.7e-17   68.2   0.7   1   1     8e-18   3.8e-15   60.5   0.7     2   263    32   282    31   286 0.78 [190263/456/1]
190263/552/1.f:EMALNL_07850 -            346 GH43_32.hmm          -            267     2e-17   68.0   5.7   1   1   2.4e-18   1.1e-15   62.2   5.0     3   207    80   273    59   322 0.79 [190263/552/1]
190263/401/1.f:DMFJNH_07530 -            355 GH43_32.hmm          -            267   2.3e-17   67.7   4.3   1   1   2.5e-18   1.2e-15   62.2   3.7     3   207    74   267    53   316 0.80 [190263/401/1]
190263/504/1.f:DOAHDM_08035 -            355 GH43_32.hmm          -            267   2.3e-17   67.7   4.3   1   1   2.5e-18   1.2e-15   62.2   3.7     3   207    74   267    53   316 0.80 [190263/504/1]
190263/461/1.f:DHPHOK_06210 -            523 GH43_32.hmm          -            267   2.5e-17   67.7   0.1   1   1   1.7e-18     8e-16   62.7   0.1     2   250    45   277    44   297 0.80 [190263/461/1]
190263/399/1.f:CDLIDF_16950 -            570 GH43_32.hmm          -            267   3.1e-17   67.3   0.5   1   1   2.7e-18   1.3e-15   62.0   0.1     2   255    76   337    75   348 0.80 [190263/399/1]
190263/401/1.f:DMFJNH_06260 -            365 GH43_32.hmm          -            267   3.2e-17   67.3   3.9   1   1     8e-20   3.8e-17   67.1   3.9     3   264    55   338    52   341 0.78 [190263/401/1]
190263/504/1.f:DOAHDM_06925 -            365 GH43_32.hmm          -            267   3.2e-17   67.3   3.9   1   1     8e-20   3.8e-17   67.1   3.9     3   264    55   338    52   341 0.78 [190263/504/1]
190263/562/1.f:KJGNCK_02165 -            348 GH43_32.hmm          -            267   3.6e-17   67.1   5.7   1   1   3.9e-18   1.8e-15   61.5   4.8     3   207    82   275    61   324 0.78 [190263/562/1]
190263/475/1.f:MCKEEP_08580 -            346 GH43_32.hmm          -            267   3.7e-17   67.1   5.1   1   1   4.4e-18   2.1e-15   61.4   4.4     3   207    80   273    59   325 0.79 [190263/475/1]
190263/562/1.f:KJGNCK_03380 -            318 GH43_32.hmm          -            267   4.2e-17   66.9   0.2   1   1   1.3e-17     6e-15   59.9   0.2     3   137    56   195    54   208 0.83 [190263/562/1]
190263/405/1.f:EHKDKA_02300 -            456 GH43_32.hmm          -            267   5.2e-17   66.6   3.9   1   1   7.5e-19   3.5e-16   63.9   3.9    10   266    61   302    40   303 0.75 [190263/405/1]
190263/502/1.f:NONHGB_07050 -            574 GH43_32.hmm          -            267   5.4e-17   66.6   5.5   1   1   1.1e-19   5.4e-17   66.6   5.5     1   244    61   287    61   313 0.77 [190263/502/1]
190263/456/1.f:LKAJBD_15320 -            449 GH43_32.hmm          -            267   5.9e-17   66.4   4.6   1   1     7e-19   3.3e-16   64.0   4.4    10   266    59   300    41   301 0.73 [190263/456/1]
190263/405/1.f:EHKDKA_02030 -            919 GH43_32.hmm          -            267     6e-17   66.4   0.1   1   1   1.9e-18   9.1e-16   62.5   0.1     2   257    86   345    85   356 0.74 [190263/405/1]
190263/585/1.f:DLBDDB_01460 -            348 GH43_32.hmm          -            267   6.1e-17   66.4   5.0   1   1   7.5e-18   3.5e-15   60.6   4.4     3   207    82   275    61   324 0.79 [190263/585/1]
190263/405/1.f:EHKDKA_07790 -            574 GH43_32.hmm          -            267   6.3e-17   66.3   6.7   1   1   1.8e-19   8.6e-17   65.9   5.4     1   245    61   288    61   313 0.77 [190263/405/1]
190263/409/1.f:AJJCMD_29650 -            537 GH43_32.hmm          -            267   6.3e-17   66.3   0.5   1   1   6.8e-19   3.2e-16   64.0   0.5     2   242    57   281    56   295 0.80 [190263/409/1]
190263/405/1.f:EHKDKA_05910 -            541 GH43_32.hmm          -            267   7.1e-17   66.2   1.0   1   1   4.7e-18   2.2e-15   61.3   0.9     2   206    49   245    47   252 0.81 [190263/405/1]
190263/404/1.f:BGJBIG_05365 -            340 GH43_32.hmm          -            267   7.3e-17   66.1   5.3   1   1   6.1e-18   2.9e-15   60.9   4.5     3   207    74   267    53   316 0.80 [190263/404/1]
190263/546/1.f:GEHMID_02780 -            535 GH43_32.hmm          -            267   1.1e-16   65.5   1.6   1   1   6.3e-19     3e-16   64.1   1.6     3   243    24   262    22   271 0.81 [190263/546/1]
190263/502/1.f:NONHGB_01905 -            919 GH43_32.hmm          -            267   1.2e-16   65.5   0.1   1   1   6.1e-18   2.9e-15   60.9   0.1     2   257    86   345    85   357 0.75 [190263/502/1]
190263/437/1.f:LBKKEJ_18100 -            570 GH43_32.hmm          -            267   1.6e-16   65.0   0.0   1   1   7.7e-19   3.6e-16   63.8   0.0     2   265    76   347    75   348 0.81 [190263/437/1]
190263/573/1.f:LIDFCI_15695 -            340 GH43_32.hmm          -            267     2e-16   64.7   3.6   1   1   2.8e-17   1.3e-14   58.8   3.0     3   206    74   266    53   313 0.79 [190263/573/1]
190263/417/1.f:MHBJAE_02445 -            573 GH43_32.hmm          -            267   2.2e-16   64.6   5.1   1   1   1.1e-18   5.2e-16   63.3   5.1     1   258    61   304    61   313 0.76 [190263/417/1]
190263/423/1.f:PDNKFB_07020 -            523 GH43_32.hmm          -            267   2.2e-16   64.6   0.1   1   1   8.2e-17   3.9e-14   57.2   0.0     2   106    24   137    23   176 0.85 [190263/423/1]
190263/531/1.f:KJIPPC_12190 -            488 GH43_32.hmm          -            267   2.3e-16   64.5   0.8   1   1     5e-19   2.3e-16   64.5   0.8    37   251   221   441   211   464 0.74 [190263/531/1]
190263/401/1.f:DMFJNH_26880 -            345 GH43_32.hmm          -            267   2.4e-16   64.4   2.9   1   1   1.5e-17   6.9e-15   59.6   2.5     5   247    80   308    56   324 0.74 [190263/401/1]
190263/504/1.f:DOAHDM_24865 -            345 GH43_32.hmm          -            267   2.4e-16   64.4   2.9   1   1   1.5e-17   6.9e-15   59.6   2.5     5   247    80   308    56   324 0.74 [190263/504/1]
190263/520/1.f:GGDGDE_19885 -            513 GH43_32.hmm          -            267   2.6e-16   64.3   0.2   1   1   1.4e-18   6.6e-16   63.0   0.2     3   243    25   262    23   287 0.74 [190263/520/1]
190263/433/1.f:ADFNDI_00225 -            483 GH43_32.hmm          -            267   2.9e-16   64.2   0.0   1   1   1.5e-18     7e-16   62.9   0.0    18   265    56   324    28   326 0.80 [190263/433/1]
190263/490/1.f:OIBLLI_09735 -            542 GH43_32.hmm          -            267     3e-16   64.1   0.8   1   1   1.5e-18   6.9e-16   62.9   0.8     3   265    32   278    30   279 0.79 [190263/490/1]
190263/488/1.f:DNPFAC_02720 -            573 GH43_32.hmm          -            267     3e-16   64.1   4.8   1   1   1.6e-18   7.7e-16   62.8   4.8     1   245    61   287    61   312 0.76 [190263/488/1]
190263/437/1.f:LBKKEJ_08355 -            555 GH43_32.hmm          -            267   3.4e-16   63.9   0.1   1   1   1.8e-18   8.5e-16   62.6   0.1     4   264    59   303    56   305 0.76 [190263/437/1]
190263/502/1.f:NONHGB_05230 -            533 GH43_32.hmm          -            267   3.6e-16   63.9   1.5   1   1   1.8e-17   8.7e-15   59.3   1.5     2   205    49   244    47   272 0.79 [190263/502/1]
190263/443/1.f:LNLACP_00190 -            487 GH43_32.hmm          -            267     4e-16   63.7   0.8   1   1   1.4e-18   6.7e-16   63.0   0.8    17   193    54   237    27   311 0.77 [190263/443/1]
190263/399/1.f:CDLIDF_13470 -            471 GH43_32.hmm          -            267   7.7e-16   62.8   7.8   1   1   1.7e-16     8e-14   56.2   0.3     6   111    63   187    61   206 0.85 [190263/399/1]
190263/520/1.f:GGDGDE_05930 -            521 GH43_32.hmm          -            267   8.1e-16   62.7   0.1   1   1   3.5e-16   1.7e-13   55.1   0.1     2   107    24   138    23   179 0.85 [190263/520/1]
190263/399/1.f:CDLIDF_10110 -            550 GH43_32.hmm          -            267   8.4e-16   62.6   0.6   1   1     3e-18   1.4e-15   61.9   0.6     3   266    58   306    56   307 0.79 [190263/399/1]
190263/475/1.f:MCKEEP_03210 -            365 GH43_32.hmm          -            267     1e-15   62.4   2.1   1   1   2.7e-18   1.3e-15   62.1   2.1     3   263    55   337    53   341 0.75 [190263/475/1]
190263/573/1.f:LIDFCI_20380 -            365 GH43_32.hmm          -            267     1e-15   62.4   2.1   1   1   2.7e-18   1.3e-15   62.1   2.1     3   263    55   337    53   341 0.75 [190263/573/1]
190263/391/1.f:NONBJF_03805 -            513 GH43_32.hmm          -            267   1.4e-15   61.9   1.8   1   1   7.9e-16   3.7e-13   54.0   0.4     2   107    54   167    53   182 0.89 [190263/391/1]
190263/545/1.f:NCJBIN_04485 -            513 GH43_32.hmm          -            267   1.4e-15   61.9   1.8   1   1   7.9e-16   3.7e-13   54.0   0.4     2   107    54   167    53   182 0.89 [190263/545/1]
190263/502/1.f:NONHGB_00155 -           1106 GH43_32.hmm          -            267   1.5e-15   61.8   5.6   1   1   1.7e-17     8e-15   59.4   5.2     3   250    80   313    59   330 0.76 [190263/502/1]
190263/405/1.f:EHKDKA_18135 -            520 GH43_32.hmm          -            267   1.6e-15   61.7   0.3   1   1   1.1e-16   5.1e-14   56.8   0.3     2   250    44   276    43   296 0.80 [190263/405/1]
190263/400/1.f:EIBLKL_09455 -            495 GH43_32.hmm          -            267   1.7e-15   61.6   0.9   1   1   6.7e-18   3.1e-15   60.8   0.9     1   237    22   246    22   254 0.80 [190263/400/1]
190263/534/1.f:OHCFJE_08385 -            513 GH43_32.hmm          -            267   2.2e-15   61.3   2.5   1   1   5.3e-16   2.5e-13   54.5   2.3     2   262    54   288    53   292 0.71 [190263/534/1]
190263/399/1.f:CDLIDF_13510 -            537 GH43_32.hmm          -            267   2.5e-15   61.1   2.0   1   1     1e-17   4.9e-15   60.1   2.0     2   241    45   281    44   292 0.79 [190263/399/1]
190263/369/1.f:JCDIFE_00110 -           1106 GH43_32.hmm          -            267   2.6e-15   61.1   3.6   1   1   9.2e-17   4.3e-14   57.0   3.3     3   206    79   271    58   278 0.81 [190263/369/1]
190263/437/1.f:LBKKEJ_05985 -            577 GH43_32.hmm          -            267   3.1e-15   60.8   1.7   1   1   6.5e-18   3.1e-15   60.8   1.7     1   266    63   316    63   317 0.78 [190263/437/1]
190263/405/1.f:EHKDKA_00150 -           1106 GH43_32.hmm          -            267   3.6e-15   60.6   5.0   1   1   4.1e-17     2e-14   58.2   4.7     3   250    80   313    59   330 0.76 [190263/405/1]
190263/461/1.f:DHPHOK_00425 -           1106 GH43_32.hmm          -            267   8.5e-15   59.3   4.2   1   1   2.3e-16   1.1e-13   55.7   3.7     3   206    79   271    58   276 0.80 [190263/461/1]
190263/545/1.f:NCJBIN_10530 -            544 GH43_32.hmm          -            267   9.3e-15   59.2   0.3   1   1   7.6e-17   3.6e-14   57.3   0.2     2   215    54   260    53   284 0.73 [190263/545/1]
190263/391/1.f:NONBJF_09700 -            544 GH43_32.hmm          -            267   9.5e-15   59.2   0.4   1   1   7.6e-17   3.6e-14   57.3   0.2     2   215    54   260    53   284 0.73 [190263/391/1]
190263/461/1.f:DHPHOK_03515 -            577 GH43_32.hmm          -            267   1.1e-14   59.0   8.3   1   1   4.8e-17   2.2e-14   58.0   5.5     1   244    63   289    63   316 0.74 [190263/461/1]
190263/534/1.f:OHCFJE_03150 -            544 GH43_32.hmm          -            267   1.1e-14   58.9   0.3   1   1   9.6e-17   4.5e-14   57.0   0.2     2   215    54   260    53   282 0.74 [190263/534/1]
190263/460/1.f:IHFGKI_10855 -            336 GH43_32.hmm          -            267   1.2e-14   58.8   0.4   1   1   3.4e-17   1.6e-14   58.4   0.4     1   266    41   330    41   331 0.77 [190263/460/1]
190263/580/1.f:JCPJNN_02360 -            556 GH43_32.hmm          -            267   1.5e-14   58.5   3.9   1   1   6.4e-17     3e-14   57.6   2.4     2   242    23   271    22   274 0.79 [190263/580/1]
190263/546/1.f:GEHMID_10190 -            652 GH43_32.hmm          -            267   1.6e-14   58.5   1.4   1   1   1.1e-16   5.2e-14   56.8   1.4     3   243    48   297    46   307 0.78 [190263/546/1]
190263/502/1.f:NONHGB_00355 -            164 GH43_32.hmm          -            267   2.1e-14   58.1   2.0   1   1   5.7e-17   2.7e-14   57.7   2.0     2   105    43   154    42   163 0.88 [190263/502/1]
190263/540/1.f:BCGFLB_03265 -            353 GH43_32.hmm          -            267   2.6e-14   57.7   0.0   1   1   6.8e-17   3.2e-14   57.5   0.0     2   204    79   293    78   333 0.82 [190263/540/1]
190263/388/1.f:FDDJJK_11145 -            625 GH43_32.hmm          -            267   2.8e-14   57.6   0.9   1   1   1.1e-16   5.3e-14   56.7   0.9     3    99   525   622   523   625 0.92 [190263/388/1]
190263/456/1.f:LKAJBD_08130 -            577 GH43_32.hmm          -            267   3.1e-14   57.5   0.0   1   1   1.5e-16   7.1e-14   56.3   0.0     1   249    88   341    88   363 0.75 [190263/456/1]
190263/580/1.f:JCPJNN_19970 -            471 GH43_32.hmm          -            267   3.3e-14   57.4   0.2   1   1   1.2e-16   5.6e-14   56.7   0.2     5   266    30   312    26   313 0.75 [190263/580/1]
190263/457/1.f:IIKDLL_04080 -            553 GH43_32.hmm          -            267   3.3e-14   57.4   1.8   1   1   1.5e-16   7.1e-14   56.3   0.8     3   264    52   297    50   299 0.79 [190263/457/1]
190263/368/1.f:HPMDBE_17840 -            597 GH43_32.hmm          -            267   5.5e-14   56.7   5.7   1   1   3.2e-16   1.5e-13   55.3   5.7     1   258    65   309    65   317 0.76 [190263/368/1]
190263/379/1.f:LOJHAC_19880 -            597 GH43_32.hmm          -            267   5.8e-14   56.6   5.7   1   1   3.2e-16   1.5e-13   55.3   5.7     1   258    65   309    65   317 0.76 [190263/379/1]
190263/516/1.f:MGNFBC_15810 -            597 GH43_32.hmm          -            267   5.8e-14   56.6   5.7   1   1   3.2e-16   1.5e-13   55.3   5.7     1   258    65   309    65   317 0.76 [190263/516/1]
190263/369/1.f:JCDIFE_02360 -            952 GH43_32.hmm          -            267   7.1e-14   56.3   2.2   1   1   4.2e-16     2e-13   54.9   0.6     2   145   521   696   520   724 0.83 [190263/369/1]
190263/475/1.f:MCKEEP_04660 -            702 GH43_32.hmm          -            267   7.2e-14   56.3   2.5   1   1   1.5e-16   7.2e-14   56.3   2.5     2   236   186   409   185   415 0.82 [190263/475/1]
190263/562/1.f:KJGNCK_05710 -            702 GH43_32.hmm          -            267   9.1e-14   56.0   2.1   1   1   1.9e-16   9.1e-14   56.0   2.1     2   236   186   409   185   415 0.82 [190263/562/1]
190263/437/1.f:LBKKEJ_07225 -            231 GH43_32.hmm          -            267   9.3e-14   55.9   0.9   1   1   7.6e-16   3.6e-13   54.0   0.8     2   107    60   173    59   219 0.86 [190263/437/1]
190263/552/1.f:EMALNL_07540 -            577 GH43_32.hmm          -            267   1.8e-13   55.0   0.0   1   1   6.7e-16   3.2e-13   54.2   0.0     1   250    88   342    88   363 0.75 [190263/552/1]
190263/368/1.f:HPMDBE_17820 -            764 GH43_32.hmm          -            267   3.4e-13   54.1   5.9   1   1   7.2e-16   3.4e-13   54.1   5.9     1   230   247   465   247   478 0.81 [190263/368/1]
190263/461/1.f:DHPHOK_02960 -            699 GH43_32.hmm          -            267   3.9e-13   53.9   3.6   1   1   8.3e-16   3.9e-13   53.9   3.6     1   237   182   407   182   422 0.80 [190263/461/1]
#
# Program:         hmmsearch
# Version:         3.3.2 (Nov 2020)
# Pipeline mode:   SEARCH
# Query file:      /kb/module/work/tmp/output.1725388484971/GH43_32/GH43_32.hmm
# Target file:     /kb/module/work/tmp/output.1725388484971/hCom2_RAST.fasta
# Option settings: /kb/module/hmmer/bin/hmmsearch --domtblout /kb/module/work/tmp/output.1725388484971/GH43_32/GH43_32-hCom2_RAST.hitout.txt --noali --notextw --domE 1e-15 /kb/module/work/tmp/output.1725388484971/GH43_32/GH43_32.hmm /kb/module/work/tmp/output.1725388484971/hCom2_RAST.fasta 
# Current dir:     /kb/module/work/tmp/output.1725388484971
# Date:            Tue Sep  3 18:53:06 2024
# [ok]
