#                                                                                   --- full sequence --- -------------- this domain -------------   hmm coord   ali coord   env coord
# target name               accession   tlen query name           accession   qlen   E-value  score  bias   #  of  c-Evalue  i-Evalue  score  bias  from    to  from    to  from    to  acc description of target
#       ------------------- ---------- ----- -------------------- ---------- ----- --------- ------ ----- --- --- --------- --------- ------ ----- ----- ----- ----- ----- ----- ----- ---- ---------------------
190263/399/1.f:CDLIDF_13450 -            857 GH43_17.hmm          -            266  2.4e-109  369.0   4.6   1   1  7.3e-100   3.8e-97  329.0   1.0     1   264   550   830   550   832 0.97 [190263/399/1]
190263/564/1.f:KIHMBJ_11625 -            334 GH43_17.hmm          -            266  2.5e-100  339.5   0.0   1   1  5.5e-103  2.9e-100  339.3   0.0     1   265    37   297    37   298 0.98 [190263/564/1]
190263/540/1.f:BCGFLB_03265 -            353 GH43_17.hmm          -            266   1.7e-99  336.7   0.0   1   1  3.8e-102     2e-99  336.5   0.0     1   265    64   326    64   327 0.98 [190263/540/1]
190263/390/1.f:OLPOLE_13405 -            303 GH43_17.hmm          -            266     9e-99  334.4   0.0   1   1    2e-101     1e-98  334.1   0.0     1   265     6   273     6   274 0.99 [190263/390/1]
190263/409/1.f:AJJCMD_29510 -            293 GH43_17.hmm          -            266   7.1e-97  328.1   1.1   1   1   1.5e-99     8e-97  328.0   1.1     1   265     6   269     6   270 0.96 [190263/409/1]
190263/401/1.f:DMFJNH_24345 -            327 GH43_17.hmm          -            266   1.6e-95  323.7   0.1   1   1   3.6e-98   1.9e-95  323.5   0.1     1   265    49   306    49   307 0.98 [190263/401/1]
190263/504/1.f:DOAHDM_23615 -            327 GH43_17.hmm          -            266   3.7e-95  322.5   0.1   1   1   8.5e-98   4.4e-95  322.2   0.1     1   265    49   306    49   307 0.98 [190263/504/1]
190263/388/1.f:FDDJJK_02665 -            333 GH43_17.hmm          -            266     6e-94  318.5   1.6   1   1   1.4e-96   7.1e-94  318.3   1.6     3   264    39   303    37   305 0.98 [190263/388/1]
190263/391/1.f:NONBJF_02550 -            333 GH43_17.hmm          -            266   8.8e-94  318.0   2.0   1   1     2e-96     1e-93  317.8   2.0     3   264    39   303    37   305 0.98 [190263/391/1]
190263/534/1.f:OHCFJE_09665 -            333 GH43_17.hmm          -            266   1.1e-93  317.7   1.9   1   1   2.5e-96   1.3e-93  317.4   1.9     3   264    39   303    37   305 0.98 [190263/534/1]
190263/545/1.f:NCJBIN_02925 -            333 GH43_17.hmm          -            266   1.1e-93  317.7   1.9   1   1   2.5e-96   1.3e-93  317.4   1.9     3   264    39   303    37   305 0.98 [190263/545/1]
190263/580/1.f:JCPJNN_30780 -            332 GH43_17.hmm          -            266     5e-93  315.5   0.0   1   1   1.2e-95   6.3e-93  315.2   0.0     3   264    12   274    10   276 0.96 [190263/580/1]
190263/405/1.f:EHKDKA_00220 -            327 GH43_17.hmm          -            266   7.1e-93  315.0   2.4   1   1   1.6e-95   8.3e-93  314.8   2.4     1   264    37   302    37   304 0.98 [190263/405/1]
190263/502/1.f:NONHGB_05455 -            352 GH43_17.hmm          -            266     2e-92  313.5   0.8   1   1   4.9e-95   2.6e-92  313.2   0.8     1   263    50   320    50   322 0.98 [190263/502/1]
190263/502/1.f:NONHGB_00245 -            326 GH43_17.hmm          -            266     5e-92  312.2   1.7   1   1   1.1e-94   5.9e-92  312.0   1.7     1   264    36   301    36   303 0.98 [190263/502/1]
190263/399/1.f:CDLIDF_02240 -            330 GH43_17.hmm          -            266   9.7e-92  311.3   2.9   1   1   2.2e-94   1.1e-91  311.1   2.9     1   264    35   300    35   302 0.98 [190263/399/1]
190263/562/1.f:KJGNCK_03380 -            318 GH43_17.hmm          -            266   4.1e-83  283.0   0.2   1   1   9.2e-86   4.8e-83  282.8   0.2     1   265    40   296    40   297 0.97 [190263/562/1]
190263/405/1.f:EHKDKA_06270 -            280 GH43_17.hmm          -            266   1.4e-71  245.2   1.3   1   1     3e-74   1.6e-71  245.0   1.3     1   222    50   279    50   280 0.98 [190263/405/1]
190263/522/1.f:NPJBCH_10320 -            621 GH43_17.hmm          -            266   9.5e-43  150.7   5.4   1   1   2.5e-30   1.3e-27  101.1   0.7     1   264   333   584   333   586 0.84 [190263/522/1]
190263/405/1.f:EHKDKA_15525 -           1120 GH43_17.hmm          -            266   6.4e-40  141.4  18.0   1   1   1.2e-16   6.4e-14   56.2   0.9     4   156   830   986   829  1006 0.81 [190263/405/1]
190263/390/1.f:OLPOLE_16250 -            304 GH43_17.hmm          -            266   3.5e-37  132.4   0.0   1   1   8.1e-40   4.2e-37  132.2   0.0     3   263    11   276     9   279 0.84 [190263/390/1]
190263/368/1.f:HPMDBE_02595 -            373 GH43_17.hmm          -            266   5.1e-37  131.9   0.3   1   1   2.5e-39   1.3e-36  130.6   0.3     2   262    40   336    39   340 0.84 [190263/368/1]
190263/379/1.f:LOJHAC_06040 -            373 GH43_17.hmm          -            266   5.9e-37  131.7   0.2   1   1   2.9e-39   1.5e-36  130.4   0.2     2   262    40   336    39   340 0.84 [190263/379/1]
190263/516/1.f:MGNFBC_09170 -            377 GH43_17.hmm          -            266   6.1e-37  131.6   0.2   1   1   2.9e-39   1.5e-36  130.3   0.2     2   262    44   340    43   344 0.84 [190263/516/1]
190263/401/1.f:DMFJNH_06495 -            637 GH43_17.hmm          -            266   1.5e-36  130.4   5.4   1   1   7.5e-22   3.9e-19   73.2   0.5    17   262    51   287    41   290 0.82 [190263/401/1]
190263/504/1.f:DOAHDM_07165 -            637 GH43_17.hmm          -            266   1.5e-36  130.4   5.4   1   1   7.5e-22   3.9e-19   73.2   0.5    17   262    51   287    41   290 0.82 [190263/504/1]
190263/564/1.f:KIHMBJ_07125 -            369 GH43_17.hmm          -            266   5.8e-35  125.1   0.5   1   1   1.4e-37   7.1e-35  124.9   0.5     2   263    65   325    64   328 0.87 [190263/564/1]
190263/522/1.f:NPJBCH_14225 -            324 GH43_17.hmm          -            266   9.6e-35  124.4   2.4   1   1   2.4e-37   1.2e-34  124.1   2.4     2   264    48   288    47   290 0.85 [190263/522/1]
190263/421/1.f:PBKEAC_07670 -            312 GH43_17.hmm          -            266   1.4e-34  123.9   0.2   1   1   3.2e-37   1.7e-34  123.7   0.2     2   265    26   274    25   275 0.86 [190263/421/1]
190263/365/1.f:JJMMAK_05415 -            370 GH43_17.hmm          -            266   1.8e-34  123.6   0.1   1   1   8.5e-37   4.4e-34  122.3   0.1     3   260    43   335    41   342 0.82 [190263/365/1]
190263/421/1.f:PBKEAC_07675 -            364 GH43_17.hmm          -            266     4e-34  122.4   0.5   1   1   2.4e-36   1.3e-33  120.8   0.5     4   262    30   321    27   324 0.82 [190263/421/1]
190263/461/1.f:DHPHOK_02850 -            367 GH43_17.hmm          -            266   4.6e-34  122.2   1.7   1   1   4.7e-36   2.5e-33  119.8   1.7     4   261    37   328    34   333 0.81 [190263/461/1]
190263/461/1.f:DHPHOK_05305 -            315 GH43_17.hmm          -            266   5.4e-34  122.0   2.9   1   1   1.4e-36   7.1e-34  121.6   2.9     4   265    37   277    35   278 0.87 [190263/461/1]
190263/497/1.f:HENFFC_06515 -            370 GH43_17.hmm          -            266   5.8e-34  121.9   0.1   1   1   2.8e-36   1.4e-33  120.6   0.1     2   260    42   335    41   342 0.81 [190263/497/1]
190263/366/1.f:DBJPFP_03145 -            351 GH43_17.hmm          -            266   6.3e-34  121.7   1.2   1   1   4.1e-36   2.1e-33  120.0   1.2     4   261    21   311    18   315 0.82 [190263/366/1]
190263/369/1.f:JCDIFE_02295 -            366 GH43_17.hmm          -            266   2.2e-33  119.9   1.8   1   1   2.3e-35   1.2e-32  117.6   1.8     4   261    36   327    33   332 0.81 [190263/369/1]
190263/417/1.f:MHBJAE_04970 -            322 GH43_17.hmm          -            266   3.6e-33  119.3   0.7   1   1   8.3e-36   4.3e-33  119.0   0.7     2   265    42   284    41   285 0.84 [190263/417/1]
190263/488/1.f:DNPFAC_05530 -            322 GH43_17.hmm          -            266   5.8e-33  118.6   0.9   1   1   1.3e-35     7e-33  118.3   0.9     2   265    42   284    41   285 0.85 [190263/488/1]
190263/540/1.f:BCGFLB_08610 -            357 GH43_17.hmm          -            266   7.2e-33  118.3   0.0   1   1   1.7e-35   8.7e-33  118.0   0.0     2   263    45   306    44   309 0.84 [190263/540/1]
190263/580/1.f:JCPJNN_18320 -            465 GH43_17.hmm          -            266   3.1e-31  112.9   0.2   1   1   1.1e-33   5.5e-31  112.1   0.2     3   263    28   288    27   291 0.81 [190263/580/1]
190263/405/1.f:EHKDKA_04830 -            320 GH43_17.hmm          -            266   3.4e-31  112.8   1.1   1   1   7.8e-34     4e-31  112.6   1.1     2   265    40   282    39   283 0.88 [190263/405/1]
190263/388/1.f:FDDJJK_11475 -            322 GH43_17.hmm          -            266   5.3e-31  112.2   0.8   1   1   1.2e-33   6.5e-31  111.9   0.8     2   265    42   284    41   285 0.85 [190263/388/1]
190263/391/1.f:NONBJF_11655 -            322 GH43_17.hmm          -            266   5.3e-31  112.2   0.8   1   1   1.2e-33   6.5e-31  111.9   0.8     2   265    42   284    41   285 0.85 [190263/391/1]
190263/534/1.f:OHCFJE_11925 -            322 GH43_17.hmm          -            266   5.3e-31  112.2   0.8   1   1   1.2e-33   6.5e-31  111.9   0.8     2   265    42   284    41   285 0.85 [190263/534/1]
190263/545/1.f:NCJBIN_12795 -            322 GH43_17.hmm          -            266   5.3e-31  112.2   0.8   1   1   1.2e-33   6.5e-31  111.9   0.8     2   265    42   284    41   285 0.85 [190263/545/1]
190263/366/1.f:DBJPFP_03100 -            318 GH43_17.hmm          -            266   5.9e-31  112.0   0.3   1   1   1.4e-33   7.2e-31  111.7   0.3     1   265    31   280    31   281 0.85 [190263/366/1]
190263/396/1.f:KAAOMA_17090 -            964 GH43_17.hmm          -            266     6e-31  112.0   4.5   1   1   1.2e-21   6.5e-19   72.5   0.3     3   263   633   903   631   906 0.78 [190263/396/1]
190263/472/1.f:NMGHJI_01025 -            318 GH43_17.hmm          -            266   3.3e-30  109.5   1.7   1   1     8e-33   4.2e-30  109.2   1.7     1   264    13   282    13   284 0.81 [190263/472/1]
190263/502/1.f:NONHGB_04390 -            315 GH43_17.hmm          -            266   4.5e-30  109.1   0.5   1   1   1.1e-32   5.5e-30  108.8   0.5     1   263    31   278    31   281 0.83 [190263/502/1]
190263/580/1.f:JCPJNN_23080 -            316 GH43_17.hmm          -            266   1.2e-29  107.8   0.2   1   1   2.8e-32   1.4e-29  107.5   0.2     2   265    14   283    13   284 0.87 [190263/580/1]
190263/365/1.f:JJMMAK_09110 -            331 GH43_17.hmm          -            266   2.4e-29  106.7   0.4   1   1   5.5e-32   2.9e-29  106.5   0.4     2   265    47   291    46   292 0.85 [190263/365/1]
190263/497/1.f:HENFFC_08175 -            313 GH43_17.hmm          -            266   3.5e-29  106.2   0.2   1   1     8e-32   4.2e-29  105.9   0.2     1   265    33   278    33   279 0.83 [190263/497/1]
190263/401/1.f:DMFJNH_03515 -            327 GH43_17.hmm          -            266   3.6e-29  106.1   2.2   1   1   8.8e-32   4.6e-29  105.8   2.2     1   263    44   290    44   293 0.85 [190263/401/1]
190263/504/1.f:DOAHDM_03950 -            327 GH43_17.hmm          -            266   3.6e-29  106.1   2.2   1   1   8.8e-32   4.6e-29  105.8   2.2     1   263    44   290    44   293 0.85 [190263/504/1]
190263/369/1.f:JCDIFE_04825 -            316 GH43_17.hmm          -            266   2.3e-28  103.5   0.5   1   1   5.3e-31   2.7e-28  103.3   0.5     1   263    31   279    31   282 0.84 [190263/369/1]
190263/520/1.f:GGDGDE_16915 -            320 GH43_17.hmm          -            266   9.9e-28  101.4   1.1   1   1   2.6e-30   1.4e-27  101.0   1.1     1   264    15   284    15   286 0.82 [190263/520/1]
190263/546/1.f:GEHMID_13755 -            317 GH43_17.hmm          -            266     1e-27  101.4   1.0   1   1   2.4e-30   1.3e-27  101.1   1.0     1   264    13   282    13   284 0.84 [190263/546/1]
190263/420/1.f:GMHOLO_03385 -            338 GH43_17.hmm          -            266     1e-27  101.4   0.3   1   1   2.4e-30   1.2e-27  101.1   0.3     1   265    10   278    10   279 0.83 [190263/420/1]
190263/405/1.f:EHKDKA_00245 -            643 GH43_17.hmm          -            266   1.6e-27  100.8   7.6   1   1   4.6e-17   2.4e-14   57.6   1.1     4   238   347   574   346   611 0.71 [190263/405/1]
190263/502/1.f:NONHGB_00270 -            643 GH43_17.hmm          -            266   3.1e-27   99.8   7.3   1   1   9.7e-17     5e-14   56.5   1.0     4   238   347   574   346   611 0.71 [190263/502/1]
190263/401/1.f:DMFJNH_03485 -            330 GH43_17.hmm          -            266   4.4e-27   99.3   2.7   1   1     1e-29   5.4e-27   99.0   2.7     1   263    46   293    46   296 0.84 [190263/401/1]
190263/504/1.f:DOAHDM_03935 -            330 GH43_17.hmm          -            266   4.4e-27   99.3   2.7   1   1     1e-29   5.4e-27   99.0   2.7     1   263    46   293    46   296 0.84 [190263/504/1]
190263/399/1.f:CDLIDF_03200 -            640 GH43_17.hmm          -            266     6e-27   98.9   8.1   1   1   1.1e-16   5.5e-14   56.4   1.3     4   264   342   604   341   606 0.74 [190263/399/1]
190263/365/1.f:JJMMAK_03125 -            313 GH43_17.hmm          -            266   6.6e-27   98.7   0.4   1   1   1.5e-29     8e-27   98.5   0.4     1   265    33   278    33   279 0.82 [190263/365/1]
190263/461/1.f:DHPHOK_00505 -            646 GH43_17.hmm          -            266   7.3e-27   98.6   6.1   1   1   7.4e-17   3.9e-14   56.9   1.5     4   230   350   569   349   613 0.71 [190263/461/1]
190263/534/1.f:OHCFJE_09710 -            647 GH43_17.hmm          -            266   1.1e-26   98.1   6.9   1   1   7.8e-17   4.1e-14   56.8   0.9     4   230   349   568   348   613 0.68 [190263/534/1]
190263/412/1.f:OOIBGL_09030 -            320 GH43_17.hmm          -            266   1.1e-26   97.9   0.6   1   1   2.8e-29   1.5e-26   97.6   0.6     1   264    13   282    13   284 0.80 [190263/412/1]
190263/461/1.f:DHPHOK_05310 -            322 GH43_17.hmm          -            266   1.5e-26   97.6   1.4   1   1   3.4e-29   1.8e-26   97.3   1.4     1   263    31   279    31   282 0.82 [190263/461/1]
190263/527/1.f:HGADJN_00795 -            338 GH43_17.hmm          -            266   1.7e-26   97.4   0.4   1   1   4.1e-29   2.1e-26   97.1   0.4     1   265    10   278    10   279 0.82 [190263/527/1]
190263/409/1.f:AJJCMD_10620 -            408 GH43_17.hmm          -            266   3.1e-26   96.5   0.4   1   1   7.9e-29   4.1e-26   96.1   0.4     3   264    19   289    18   291 0.85 [190263/409/1]
190263/391/1.f:NONBJF_02505 -            647 GH43_17.hmm          -            266   3.7e-26   96.3   6.9   1   1   7.9e-17   4.1e-14   56.8   0.8     4   230   349   568   348   613 0.68 [190263/391/1]
190263/545/1.f:NCJBIN_02880 -            647 GH43_17.hmm          -            266   3.7e-26   96.3   6.9   1   1   7.9e-17   4.1e-14   56.8   0.8     4   230   349   568   348   613 0.68 [190263/545/1]
190263/388/1.f:FDDJJK_02615 -            647 GH43_17.hmm          -            266   4.5e-26   96.0   4.9   1   1   2.2e-16   1.1e-13   55.3   0.3     4   230   349   568   348   613 0.69 [190263/388/1]
190263/541/1.f:IDEEIE_02105 -           1906 GH43_17.hmm          -            266   3.8e-25   93.0   4.7   1   1   8.2e-20   4.3e-17   66.6   0.3     3   263   689   975   688   978 0.84 [190263/541/1]
190263/562/1.f:KJGNCK_05400 -            318 GH43_17.hmm          -            266   5.6e-25   92.4   0.8   1   1   1.3e-27   6.9e-25   92.1   0.8     1   264    23   278    23   280 0.83 [190263/562/1]
190263/585/1.f:DLBDDB_04640 -            329 GH43_17.hmm          -            266   6.7e-25   92.2   1.9   1   1   1.7e-27     9e-25   91.7   1.9     3   264    38   289    36   291 0.83 [190263/585/1]
190263/401/1.f:DMFJNH_04555 -            329 GH43_17.hmm          -            266   1.3e-24   91.2   0.3   1   1   3.1e-27   1.6e-24   90.9   0.3     2   264    36   290    35   292 0.81 [190263/401/1]
190263/504/1.f:DOAHDM_05050 -            329 GH43_17.hmm          -            266   1.3e-24   91.2   0.3   1   1   3.1e-27   1.6e-24   90.9   0.3     2   264    36   290    35   292 0.81 [190263/504/1]
190263/460/1.f:IHFGKI_00025 -            986 GH43_17.hmm          -            266     2e-24   90.6   8.8   1   1   7.9e-18   4.1e-15   60.1   3.2    33   262    67   305    40   308 0.72 [190263/460/1]
190263/573/1.f:LIDFCI_18730 -            329 GH43_17.hmm          -            266   6.6e-24   88.9   1.2   1   1   1.6e-26   8.1e-24   88.6   1.2     2   264    35   289    34   291 0.83 [190263/573/1]
190263/531/1.f:KJIPPC_12190 -            488 GH43_17.hmm          -            266     8e-24   88.6   1.3   1   1   3.3e-26   1.7e-23   87.5   1.3     3   265   151   434   150   435 0.74 [190263/531/1]
190263/417/1.f:MHBJAE_08890 -            333 GH43_17.hmm          -            266     1e-23   88.3   1.1   1   1   3.9e-26     2e-23   87.3   1.1    15   262    50   286    41   289 0.82 [190263/417/1]
190263/475/1.f:MCKEEP_04910 -            329 GH43_17.hmm          -            266     1e-23   88.3   1.4   1   1   2.4e-26   1.3e-23   88.0   1.4     2   264    35   289    34   291 0.82 [190263/475/1]
190263/399/1.f:CDLIDF_13550 -            334 GH43_17.hmm          -            266   1.2e-23   88.1   0.0   1   1   4.4e-26   2.3e-23   87.1   0.0     3   264    42   308    40   310 0.78 [190263/399/1]
190263/488/1.f:DNPFAC_10005 -            330 GH43_17.hmm          -            266   1.3e-23   88.0   1.1   1   1   4.4e-26   2.3e-23   87.1   1.1    14   263    49   287    41   289 0.82 [190263/488/1]
190263/552/1.f:EMALNL_04920 -            329 GH43_17.hmm          -            266   1.7e-23   87.5   1.4   1   1   4.1e-26   2.2e-23   87.2   1.4     2   264    35   289    34   291 0.82 [190263/552/1]
190263/396/1.f:KAAOMA_17065 -           1003 GH43_17.hmm          -            266     2e-23   87.4   0.7   1   1   1.2e-25   6.2e-23   85.7   0.1    30   246    64   271    42   291 0.81 [190263/396/1]
190263/365/1.f:JJMMAK_06475 -            332 GH43_17.hmm          -            266   2.8e-23   86.9   0.6   1   1     1e-25   5.4e-23   85.9   0.6    16   263    53   290    44   293 0.83 [190263/365/1]
190263/405/1.f:EHKDKA_05920 -            453 GH43_17.hmm          -            266   5.7e-23   85.8   1.0   1   1   1.8e-25   9.4e-23   85.1   1.0    16   262    43   280    32   283 0.85 [190263/405/1]
190263/368/1.f:HPMDBE_07740 -            334 GH43_17.hmm          -            266     6e-23   85.8   0.7   1   1     2e-25   1.1e-22   85.0   0.7    15   230    54   254    46   295 0.80 [190263/368/1]
190263/379/1.f:LOJHAC_08255 -            334 GH43_17.hmm          -            266   6.3e-23   85.7   0.8   1   1   2.2e-25   1.2e-22   84.8   0.8    15   230    54   254    47   295 0.81 [190263/379/1]
190263/516/1.f:MGNFBC_06985 -            334 GH43_17.hmm          -            266   6.3e-23   85.7   0.8   1   1   2.2e-25   1.2e-22   84.8   0.8    15   230    54   254    47   295 0.81 [190263/516/1]
190263/562/1.f:KJGNCK_11030 -            785 GH43_17.hmm          -            266   8.9e-23   85.2   5.4   1   1   1.2e-16   6.3e-14   56.2   0.2     5   229   327   547   324   573 0.78 [190263/562/1]
190263/379/1.f:LOJHAC_13970 -            513 GH43_17.hmm          -            266   9.5e-23   85.1   0.2   1   1   4.2e-25   2.2e-22   83.9   0.2     3   262    34   276    33   280 0.85 [190263/379/1]
190263/552/1.f:EMALNL_10950 -            785 GH43_17.hmm          -            266   1.1e-22   84.9   4.9   1   1   2.6e-16   1.3e-13   55.1   0.1     5   229   327   547   324   557 0.75 [190263/552/1]
190263/502/1.f:NONHGB_05940 -            955 GH43_17.hmm          -            266   1.2e-22   84.8   6.7   1   1   3.7e-25   1.9e-22   84.1   6.7    33   264   653   907   632   909 0.77 [190263/502/1]
190263/516/1.f:MGNFBC_11300 -            513 GH43_17.hmm          -            266   1.4e-22   84.5   0.2   1   1     6e-25   3.1e-22   83.4   0.2     3   262    34   276    33   280 0.85 [190263/516/1]
190263/502/1.f:NONHGB_05240 -            453 GH43_17.hmm          -            266   1.6e-22   84.4   0.9   1   1   4.7e-25   2.5e-22   83.8   0.9    16   262    43   280    32   283 0.85 [190263/502/1]
190263/475/1.f:MCKEEP_09850 -            785 GH43_17.hmm          -            266   1.9e-22   84.1   4.9   1   1   6.1e-18   3.2e-15   60.4   0.1     5   229   327   546   324   556 0.79 [190263/475/1]
190263/366/1.f:DBJPFP_03110 -            311 GH43_17.hmm          -            266   2.1e-22   84.0   0.8   1   1     5e-25   2.6e-22   83.7   0.8     2   264    33   275    32   277 0.80 [190263/366/1]
190263/580/1.f:JCPJNN_28255 -            319 GH43_17.hmm          -            266   2.6e-22   83.7   1.9   1   1   8.5e-25   4.4e-22   82.9   1.9     5   262    30   272    27   276 0.79 [190263/580/1]
190263/562/1.f:KJGNCK_03010 -            388 GH43_17.hmm          -            266   2.8e-22   83.6   1.5   1   1   7.6e-25   3.9e-22   83.1   1.5    31   263    82   337    65   339 0.80 [190263/562/1]
190263/573/1.f:LIDFCI_13350 -            785 GH43_17.hmm          -            266   3.2e-22   83.4   6.0   1   1   2.5e-17   1.3e-14   58.4   0.1     5   229   327   546   324   557 0.77 [190263/573/1]
190263/368/1.f:HPMDBE_12540 -            513 GH43_17.hmm          -            266   4.1e-22   83.0   0.1   1   1   1.8e-24   9.2e-22   81.9   0.1     3   262    34   276    33   280 0.85 [190263/368/1]
190263/502/1.f:NONHGB_06000 -            375 GH43_17.hmm          -            266   4.4e-22   82.9   6.2   1   1   1.1e-24   5.8e-22   82.5   6.2    15   264    60   324    50   326 0.79 [190263/502/1]
190263/556/1.f:EMIPPF_02125 -            353 GH43_17.hmm          -            266   6.9e-22   82.3   0.8   1   1   1.8e-24   9.2e-22   81.9   0.8     5   264    44   308    41   310 0.80 [190263/556/1]
190263/391/1.f:NONBJF_00960 -            784 GH43_17.hmm          -            266   8.6e-22   82.0   5.3   1   1   1.7e-16   8.8e-14   55.7   0.7    14   229   334   547   324   575 0.76 [190263/391/1]
190263/556/1.f:EMIPPF_06030 -            332 GH43_17.hmm          -            266   9.5e-22   81.8   0.3   1   1   3.1e-24   1.6e-21   81.1   0.3    15   262    47   284    38   286 0.81 [190263/556/1]
190263/497/1.f:HENFFC_05550 -            332 GH43_17.hmm          -            266   9.9e-22   81.8   0.6   1   1   4.8e-24   2.5e-21   80.5   0.6    16   262    53   289    44   293 0.81 [190263/497/1]
190263/475/1.f:MCKEEP_07780 -            329 GH43_17.hmm          -            266     1e-21   81.7   0.2   1   1     3e-24   1.5e-21   81.1   0.2    17   263    51   288    41   290 0.83 [190263/475/1]
190263/534/1.f:OHCFJE_01725 -            784 GH43_17.hmm          -            266   1.3e-21   81.4   5.2   1   1   2.8e-16   1.4e-13   55.0   0.7    14   229   334   547   324   581 0.76 [190263/534/1]
190263/573/1.f:LIDFCI_16670 -            329 GH43_17.hmm          -            266   1.3e-21   81.4   0.1   1   1   3.8e-24     2e-21   80.8   0.1    17   263    51   288    41   290 0.83 [190263/573/1]
190263/552/1.f:EMALNL_07150 -            369 GH43_17.hmm          -            266   1.4e-21   81.3   2.1   1   1   3.7e-24   1.9e-21   80.8   2.1    30   263    62   318    41   320 0.79 [190263/552/1]
190263/545/1.f:NCJBIN_01075 -            784 GH43_17.hmm          -            266   1.5e-21   81.2   5.2   1   1   2.8e-16   1.4e-13   55.0   0.7    14   229   334   547   324   581 0.76 [190263/545/1]
190263/388/1.f:FDDJJK_00940 -            784 GH43_17.hmm          -            266   1.6e-21   81.0   6.6   1   1   1.9e-16     1e-13   55.5   1.2    14   229   334   547   324   558 0.75 [190263/388/1]
190263/391/1.f:NONBJF_04475 -            514 GH43_17.hmm          -            266   1.8e-21   80.9   0.1   1   1   5.4e-24   2.8e-21   80.3   0.1    27   264    57   288    37   290 0.83 [190263/391/1]
190263/545/1.f:NCJBIN_05140 -            514 GH43_17.hmm          -            266   1.8e-21   80.9   0.1   1   1   5.4e-24   2.8e-21   80.3   0.1    27   264    57   288    37   290 0.83 [190263/545/1]
190263/534/1.f:OHCFJE_07745 -            514 GH43_17.hmm          -            266   1.8e-21   80.9   0.1   1   1   5.4e-24   2.8e-21   80.3   0.1    27   264    57   288    37   290 0.83 [190263/534/1]
190263/475/1.f:MCKEEP_07775 -            369 GH43_17.hmm          -            266   2.1e-21   80.7   2.1   1   1   5.7e-24     3e-21   80.2   2.1    30   263    62   318    41   320 0.79 [190263/475/1]
190263/552/1.f:EMALNL_07155 -            329 GH43_17.hmm          -            266   2.3e-21   80.6   0.1   1   1   6.8e-24   3.5e-21   80.0   0.1    17   263    51   288    41   290 0.83 [190263/552/1]
190263/405/1.f:EHKDKA_05935 -            356 GH43_17.hmm          -            266   4.6e-21   79.6   2.0   1   1     2e-22   1.1e-19   75.1   1.9     9   262    45   284    39   286 0.79 [190263/405/1]
190263/437/1.f:LBKKEJ_07940 -            329 GH43_17.hmm          -            266   4.7e-21   79.5   0.5   1   1   1.5e-23   7.6e-21   78.9   0.5     3   265    39   290    37   291 0.78 [190263/437/1]
190263/475/1.f:MCKEEP_06920 -            361 GH43_17.hmm          -            266   5.2e-21   79.4   1.2   1   1   1.3e-21   6.9e-19   72.4   0.1     3   159    55   206    54   215 0.87 [190263/475/1]
190263/552/1.f:EMALNL_06310 -            361 GH43_17.hmm          -            266   5.2e-21   79.4   1.2   1   1   1.3e-21   6.9e-19   72.4   0.1     3   159    55   206    54   215 0.87 [190263/552/1]
190263/562/1.f:KJGNCK_03885 -            361 GH43_17.hmm          -            266   5.2e-21   79.4   1.2   1   1   1.3e-21   6.9e-19   72.4   0.1     3   159    55   206    54   215 0.87 [190263/562/1]
190263/573/1.f:LIDFCI_16675 -            369 GH43_17.hmm          -            266   5.6e-21   79.3   1.7   1   1   1.6e-23   8.1e-21   78.8   1.7    29   263    61   318    41   320 0.79 [190263/573/1]
190263/365/1.f:JJMMAK_00270 -            513 GH43_17.hmm          -            266   6.6e-21   79.1   0.9   1   1   4.4e-23   2.3e-20   77.3   0.9     3   263    35   278    34   281 0.84 [190263/365/1]
190263/401/1.f:DMFJNH_16020 -            314 GH43_17.hmm          -            266   7.5e-21   78.9   0.9   1   1   9.3e-22   4.8e-19   73.0   0.6     5   182    35   216    32   231 0.84 [190263/401/1]
190263/504/1.f:DOAHDM_15685 -            314 GH43_17.hmm          -            266   1.4e-20   78.0   0.8   1   1     2e-21   1.1e-18   71.8   0.6     5   180    35   214    32   229 0.84 [190263/504/1]
190263/497/1.f:HENFFC_12345 -            513 GH43_17.hmm          -            266   1.4e-20   77.9   0.9   1   1     9e-23   4.7e-20   76.3   0.9     3   263    35   278    34   281 0.84 [190263/497/1]
190263/369/1.f:JCDIFE_01260 -            334 GH43_17.hmm          -            266   1.7e-20   77.7   0.1   1   1   1.1e-22   5.5e-20   76.0   0.1    14   263    51   291    43   293 0.80 [190263/369/1]
190263/562/1.f:KJGNCK_03005 -            329 GH43_17.hmm          -            266   3.4e-20   76.7   0.3   1   1   1.3e-22     7e-20   75.7   0.3    17   262    51   287    43   290 0.79 [190263/562/1]
190263/399/1.f:CDLIDF_13570 -            659 GH43_17.hmm          -            266   3.5e-20   76.7   4.1   1   1   9.4e-22   4.9e-19   72.9   4.1     3   235   316   562   315   612 0.73 [190263/399/1]
190263/399/1.f:CDLIDF_16915 -            467 GH43_17.hmm          -            266   3.8e-20   76.6   1.8   1   1   3.3e-22   1.7e-19   74.4   1.7    11   262    56   293    46   296 0.86 [190263/399/1]
190263/461/1.f:DHPHOK_01440 -            334 GH43_17.hmm          -            266   3.9e-20   76.5   0.1   1   1   2.1e-22   1.1e-19   75.1   0.1    14   262    51   290    42   293 0.78 [190263/461/1]
190263/502/1.f:NONHGB_09350 -            326 GH43_17.hmm          -            266   4.5e-20   76.3   0.5   1   1   1.9e-22     1e-19   75.2   0.5    16   263    47   285     3   287 0.85 [190263/502/1]
190263/466/1.f:PGJOII_06060 -            340 GH43_17.hmm          -            266   5.6e-20   76.0   0.1   1   1   2.8e-22   1.4e-19   74.7   0.1    14   262    57   296    49   299 0.79 [190263/466/1]
190263/573/1.f:LIDFCI_15940 -            462 GH43_17.hmm          -            266     6e-20   75.9   2.1   1   1   1.9e-22   9.7e-20   75.2   2.1    14   242    44   266    35   291 0.80 [190263/573/1]
190263/502/1.f:NONHGB_05255 -            361 GH43_17.hmm          -            266   7.2e-20   75.7   1.7   1   1   2.5e-21   1.3e-18   71.6   1.5     9   262    45   284    39   286 0.77 [190263/502/1]
190263/552/1.f:EMALNL_07595 -            462 GH43_17.hmm          -            266   1.1e-19   75.0   2.2   1   1   3.5e-22   1.8e-19   74.3   2.2    14   242    44   266    35   291 0.80 [190263/552/1]
190263/552/1.f:EMALNL_09490 -           1085 GH43_17.hmm          -            266   1.4e-19   74.7   0.2   1   1   7.4e-22   3.9e-19   73.3   0.2    17   263   804  1041   796  1043 0.81 [190263/552/1]
190263/401/1.f:DMFJNH_06490 -            370 GH43_17.hmm          -            266     2e-19   74.2   4.3   1   1   5.3e-22   2.8e-19   73.7   4.3    34   263    65   317    43   319 0.74 [190263/401/1]
190263/504/1.f:DOAHDM_07160 -            370 GH43_17.hmm          -            266     2e-19   74.2   4.3   1   1   5.3e-22   2.8e-19   73.7   4.3    34   263    65   317    43   319 0.74 [190263/504/1]
190263/437/1.f:LBKKEJ_07955 -            352 GH43_17.hmm          -            266   2.3e-19   74.0   0.2   1   1   2.6e-21   1.4e-18   71.5   0.2    31   262    85   309    59   312 0.80 [190263/437/1]
190263/369/1.f:JCDIFE_18055 -            324 GH43_17.hmm          -            266   2.5e-19   73.9   0.6   1   1   1.8e-19   9.6e-17   65.4   0.4     5   181    45   225    42   240 0.77 [190263/369/1]
190263/488/1.f:DNPFAC_05425 -            368 GH43_17.hmm          -            266   3.3e-19   73.5   4.5   1   1   8.2e-22   4.2e-19   73.1   4.5    19   264    61   320    45   322 0.75 [190263/488/1]
190263/502/1.f:NONHGB_04290 -            343 GH43_17.hmm          -            266   3.4e-19   73.4   0.1   1   1   1.9e-18     1e-15   62.1   0.0    22   160    43   192    29   197 0.81 [190263/502/1]
190263/475/1.f:MCKEEP_08390 -            461 GH43_17.hmm          -            266   3.4e-19   73.4   1.9   1   1   1.1e-21   5.9e-19   72.7   1.9    10   242    41   265    33   290 0.78 [190263/475/1]
190263/456/1.f:LKAJBD_09335 -            322 GH43_17.hmm          -            266   3.8e-19   73.3   1.2   1   1   1.4e-20   7.3e-18   69.1   0.7     4   181    42   223    40   237 0.81 [190263/456/1]
190263/417/1.f:MHBJAE_04875 -            368 GH43_17.hmm          -            266   4.3e-19   73.1   5.1   1   1   1.1e-21   5.6e-19   72.7   5.1    19   264    61   320    45   322 0.75 [190263/417/1]
190263/456/1.f:LKAJBD_03935 -            334 GH43_17.hmm          -            266   4.6e-19   73.0   2.5   1   1   4.4e-20   2.3e-17   67.4   2.5    14   262    49   292    40   295 0.79 [190263/456/1]
190263/475/1.f:MCKEEP_15320 -            322 GH43_17.hmm          -            266   5.7e-19   72.7   1.6   1   1   1.2e-19   6.2e-17   66.0   1.6     5   182    43   224    40   287 0.84 [190263/475/1]
190263/405/1.f:EHKDKA_04770 -            343 GH43_17.hmm          -            266   8.2e-19   72.2   0.2   1   1   4.5e-18   2.3e-15   60.9   0.0    22   160    43   192     5   197 0.82 [190263/405/1]
190263/388/1.f:FDDJJK_00180 -            835 GH43_17.hmm          -            266   8.7e-19   72.1   3.5   1   1   4.6e-21   2.4e-18   70.7   3.9    10   261    45   291    37   295 0.75 [190263/388/1]
190263/562/1.f:KJGNCK_02445 -            464 GH43_17.hmm          -            266   1.3e-18   71.6   2.1   1   1   4.1e-21   2.1e-18   70.8   2.1    15   248    43   276    34   295 0.78 [190263/562/1]
190263/556/1.f:EMIPPF_01660 -            510 GH43_17.hmm          -            266   2.2e-18   70.8   0.2   1   1   1.7e-20   8.9e-18   68.8   0.2     3   262    32   274    31   277 0.80 [190263/556/1]
190263/522/1.f:NPJBCH_14230 -            340 GH43_17.hmm          -            266   2.9e-18   70.4   0.2   1   1   1.7e-18   8.9e-16   62.3   0.1     4   156    49   190    47   203 0.83 [190263/522/1]
190263/456/1.f:LKAJBD_15325 -            452 GH43_17.hmm          -            266   6.1e-18   69.3   1.2   1   1   1.9e-20   9.8e-18   68.7   1.2     9   262    36   279    28   281 0.81 [190263/456/1]
190263/475/1.f:MCKEEP_03215 -            330 GH43_17.hmm          -            266   8.1e-18   68.9   0.5   1   1   8.3e-20   4.3e-17   66.6   0.5    17   262    52   288    40   292 0.75 [190263/475/1]
190263/573/1.f:LIDFCI_20375 -            330 GH43_17.hmm          -            266   8.1e-18   68.9   0.5   1   1   8.3e-20   4.3e-17   66.6   0.5    17   262    52   288    40   292 0.75 [190263/573/1]
190263/502/1.f:NONHGB_20355 -            326 GH43_17.hmm          -            266   8.6e-18   68.9   1.4   1   1   3.1e-18   1.6e-15   61.4   1.4    34   162    77   206    12   291 0.75 [190263/502/1]
190263/552/1.f:EMALNL_07535 -            443 GH43_17.hmm          -            266   1.1e-17   68.5   1.9   1   1   4.3e-20   2.2e-17   67.5   1.9    16   235    44   238    33   261 0.85 [190263/552/1]
190263/562/1.f:KJGNCK_06460 -            335 GH43_17.hmm          -            266   1.2e-17   68.4   0.2   1   1   9.3e-17   4.8e-14   56.6   0.1     2   138    39   170    38   186 0.81 [190263/562/1]
190263/405/1.f:EHKDKA_22060 -            326 GH43_17.hmm          -            266   1.7e-17   67.9   1.3   1   1   5.8e-18     3e-15   60.5   1.0    34   161    77   205    44   231 0.73 [190263/405/1]
190263/401/1.f:DMFJNH_07485 -            333 GH43_17.hmm          -            266   2.5e-17   67.3   1.4   1   1   6.2e-19   3.2e-16   63.7   1.1     4   264    38   299    37   301 0.72 [190263/401/1]
190263/504/1.f:DOAHDM_07990 -            333 GH43_17.hmm          -            266   2.5e-17   67.3   1.4   1   1   6.2e-19   3.2e-16   63.7   1.1     4   264    38   299    37   301 0.72 [190263/504/1]
190263/488/1.f:DNPFAC_05395 -            358 GH43_17.hmm          -            266   2.9e-17   67.1   2.9   1   1   7.5e-20   3.9e-17   66.7   2.9    32   263    63   317    45   319 0.74 [190263/488/1]
190263/552/1.f:EMALNL_04005 -            335 GH43_17.hmm          -            266   4.1e-17   66.6   0.2   1   1   1.1e-16   5.9e-14   56.3   0.1     2   138    39   170    38   190 0.81 [190263/552/1]
190263/475/1.f:MCKEEP_08335 -            443 GH43_17.hmm          -            266   4.9e-17   66.4   2.9   1   1   2.3e-19   1.2e-16   65.1   2.9    16   234    44   237    33   250 0.84 [190263/475/1]
190263/475/1.f:MCKEEP_07640 -            367 GH43_17.hmm          -            266   6.2e-17   66.0   0.3   1   1   1.6e-19   8.4e-17   65.6   0.3    34   263    64   316    38   318 0.78 [190263/475/1]
190263/573/1.f:LIDFCI_16805 -            367 GH43_17.hmm          -            266   6.2e-17   66.0   0.3   1   1   1.6e-19   8.4e-17   65.6   0.3    34   263    64   316    38   318 0.78 [190263/573/1]
190263/552/1.f:EMALNL_01775 -            364 GH43_17.hmm          -            266   7.1e-17   65.8   7.2   1   1   1.7e-18   8.8e-16   62.3   7.2    15   263    52   295    42   298 0.76 [190263/552/1]
190263/526/1.f:GBBCGM_00835 -            366 GH43_17.hmm          -            266     8e-17   65.7   5.3   1   1     2e-19     1e-16   65.3   5.3    32   241    66   290    42   321 0.76 [190263/526/1]
190263/475/1.f:MCKEEP_03210 -            365 GH43_17.hmm          -            266   1.4e-16   64.9   2.0   1   1   3.7e-19   1.9e-16   64.4   2.0    33   264    63   317    43   318 0.77 [190263/475/1]
190263/573/1.f:LIDFCI_20380 -            365 GH43_17.hmm          -            266   1.4e-16   64.9   2.0   1   1   3.7e-19   1.9e-16   64.4   2.0    33   264    63   317    43   318 0.77 [190263/573/1]
190263/580/1.f:JCPJNN_09915 -            612 GH43_17.hmm          -            266   1.6e-16   64.7   0.9   1   1   5.1e-17   2.6e-14   57.4   0.8     3   261   294   564   292   567 0.76 [190263/580/1]
190263/404/1.f:BGJBIG_05315 -            334 GH43_17.hmm          -            266   1.6e-16   64.7   0.6   1   1   5.5e-19   2.9e-16   63.9   0.6     4   230    38   256    37   302 0.75 [190263/404/1]
190263/405/1.f:EHKDKA_05940 -            894 GH43_17.hmm          -            266   2.9e-16   63.9   0.2   1   1     1e-18   5.3e-16   63.0   0.2    15   234   484   690   474   708 0.81 [190263/405/1]
190263/526/1.f:GBBCGM_01160 -            327 GH43_17.hmm          -            266   2.9e-16   63.8   0.3   1   1   8.3e-17   4.3e-14   56.7   0.0     5   138    38   166    35   183 0.82 [190263/526/1]
190263/366/1.f:DBJPFP_01325 -            327 GH43_17.hmm          -            266   3.3e-16   63.7   0.0   1   1   2.7e-16   1.4e-13   55.0   0.0     3   158    35   180    33   193 0.87 [190263/366/1]
190263/399/1.f:CDLIDF_16920 -            441 GH43_17.hmm          -            266   3.9e-16   63.4   3.0   1   1   4.3e-18   2.2e-15   60.9   3.0    16   234    44   237    33   264 0.81 [190263/399/1]
190263/399/1.f:CDLIDF_04455 -            335 GH43_17.hmm          -            266   4.1e-16   63.4   0.7   1   1     1e-18   5.5e-16   62.9   0.7     3   248    36   280    34   309 0.71 [190263/399/1]
190263/460/1.f:IHFGKI_00020 -            443 GH43_17.hmm          -            266   5.3e-16   63.0   4.1   1   1   3.2e-18   1.6e-15   61.4   3.2     7   159    35   174    29   204 0.83 [190263/460/1]
190263/417/1.f:MHBJAE_04845 -            358 GH43_17.hmm          -            266   5.9e-16   62.8   3.4   1   1   1.6e-18   8.2e-16   62.4   3.4    32   264    63   318    45   319 0.74 [190263/417/1]
190263/573/1.f:LIDFCI_16005 -            475 GH43_17.hmm          -            266   6.4e-16   62.7   3.0   1   1   3.9e-18     2e-15   61.1   3.0    16   235    43   237    32   251 0.83 [190263/573/1]
190263/552/1.f:EMALNL_01635 -            458 GH43_17.hmm          -            266     1e-15   62.1   1.6   1   1   4.9e-18   2.6e-15   60.7   0.8    15   164    55   196    45   217 0.83 [190263/552/1]
190263/573/1.f:LIDFCI_13560 -            512 GH43_17.hmm          -            266   1.1e-15   61.9   0.8   1   1     1e-17   5.4e-15   59.7   0.8     4   262    35   277    32   281 0.78 [190263/573/1]
190263/502/1.f:NONHGB_05225 -            461 GH43_17.hmm          -            266   1.3e-15   61.7   0.2   1   1   4.8e-18   2.5e-15   60.8   0.1     9   212    41   238    35   273 0.82 [190263/502/1]
190263/456/1.f:LKAJBD_17190 -            448 GH43_17.hmm          -            266   1.8e-15   61.2   2.0   1   1   3.5e-18   1.8e-15   61.2   2.0    15   167    45   189    35   210 0.80 [190263/456/1]
190263/580/1.f:JCPJNN_19915 -            606 GH43_17.hmm          -            266   2.2e-15   61.0   0.0   1   1   9.4e-18   4.9e-15   59.8   0.0     5   263   285   559   282   561 0.82 [190263/580/1]
190263/404/1.f:BGJBIG_02685 -           1544 GH43_17.hmm          -            266   2.4e-15   60.8   2.3   1   1   8.6e-18   4.5e-15   60.0   2.3     5   265    37   304    34   305 0.72 [190263/404/1]
190263/366/1.f:DBJPFP_04310 -            332 GH43_17.hmm          -            266   2.7e-15   60.7   0.0   1   1   1.4e-16   7.2e-14   56.0   0.0     3   138    40   171    38   185 0.82 [190263/366/1]
190263/504/1.f:DOAHDM_10190 -            512 GH43_17.hmm          -            266   2.8e-15   60.6   3.4   1   1   3.5e-17   1.8e-14   57.9   2.2     5   262    36   277    33   281 0.73 [190263/504/1]
190263/369/1.f:JCDIFE_10525 -            515 GH43_17.hmm          -            266   2.9e-15   60.6   0.2   1   1   1.6e-17   8.1e-15   59.1   0.2     4   262    35   277    33   281 0.76 [190263/369/1]
190263/401/1.f:DMFJNH_03595 -           1544 GH43_17.hmm          -            266   3.3e-15   60.4   1.9   1   1   1.2e-17   6.4e-15   59.4   1.9     5   264    37   303    34   305 0.72 [190263/401/1]
190263/504/1.f:DOAHDM_04030 -           1544 GH43_17.hmm          -            266   3.3e-15   60.4   1.9   1   1   1.2e-17   6.4e-15   59.4   1.9     5   264    37   303    34   305 0.72 [190263/504/1]
190263/562/1.f:KJGNCK_10720 -            513 GH43_17.hmm          -            266   4.2e-15   60.0   0.8   1   1   4.4e-17   2.3e-14   57.6   0.6     5   230    36   238    15   280 0.72 [190263/562/1]
190263/401/1.f:DMFJNH_09845 -            512 GH43_17.hmm          -            266   5.3e-15   59.7   3.1   1   1   5.6e-17   2.9e-14   57.3   1.9     5   196    36   210    33   281 0.73 [190263/401/1]
190263/585/1.f:DLBDDB_05325 -            353 GH43_17.hmm          -            266   9.4e-15   58.9   0.8   1   1   1.7e-16   8.9e-14   55.7   0.8     5   159    51   192    48   311 0.64 [190263/585/1]
190263/552/1.f:EMALNL_01805 -            472 GH43_17.hmm          -            266   2.1e-14   57.8   0.2   1   1   8.1e-17   4.2e-14   56.8   0.2    16   221    46   246    35   268 0.82 [190263/552/1]
190263/475/1.f:MCKEEP_04050 -            354 GH43_17.hmm          -            266   2.9e-14   57.3   1.0   1   1   9.3e-16   4.8e-13   53.3   0.4     5   138    52   178    49   195 0.80 [190263/475/1]
190263/573/1.f:LIDFCI_19560 -            354 GH43_17.hmm          -            266   2.9e-14   57.3   1.0   1   1   9.3e-16   4.8e-13   53.3   0.4     5   138    52   178    49   195 0.80 [190263/573/1]
190263/562/1.f:KJGNCK_06070 -            318 GH43_17.hmm          -            266     3e-14   57.3   0.8   1   1   1.6e-16   8.5e-14   55.8   0.8     4   233    22   244    21   286 0.67 [190263/562/1]
190263/437/1.f:LBKKEJ_07575 -            364 GH43_17.hmm          -            266   6.3e-14   56.2   4.9   1   1   1.6e-16   8.3e-14   55.8   4.9    31   241    60   285    31   313 0.75 [190263/437/1]
190263/552/1.f:EMALNL_04325 -            332 GH43_17.hmm          -            266   7.3e-14   56.0   0.5   1   1   4.4e-16   2.3e-13   54.3   0.5     4   262    36   296    35   300 0.69 [190263/552/1]
190263/552/1.f:EMALNL_01505 -            461 GH43_17.hmm          -            266   1.1e-13   55.4   0.4   1   1   4.1e-16   2.1e-13   54.4   0.3    15   212    43   234    33   279 0.77 [190263/552/1]
190263/595/1.f:HGDLEC_10085 -            339 GH43_17.hmm          -            266   1.5e-13   54.9   0.2   1   1   4.1e-16   2.1e-13   54.5   0.2     3   236    32   267    31   308 0.69 [190263/595/1]
#
# Program:         hmmsearch
# Version:         3.3.2 (Nov 2020)
# Pipeline mode:   SEARCH
# Query file:      /kb/module/work/tmp/output.1725388484971/GH43_17/GH43_17.hmm
# Target file:     /kb/module/work/tmp/output.1725388484971/hCom2_RAST.fasta
# Option settings: /kb/module/hmmer/bin/hmmsearch --domtblout /kb/module/work/tmp/output.1725388484971/GH43_17/GH43_17-hCom2_RAST.hitout.txt --noali --notextw --domE 1e-15 /kb/module/work/tmp/output.1725388484971/GH43_17/GH43_17.hmm /kb/module/work/tmp/output.1725388484971/hCom2_RAST.fasta 
# Current dir:     /kb/module/work/tmp/output.1725388484971
# Date:            Tue Sep  3 18:52:22 2024
# [ok]
