#                                                                                   --- full sequence --- -------------- this domain -------------   hmm coord   ali coord   env coord
# target name               accession   tlen query name           accession   qlen   E-value  score  bias   #  of  c-Evalue  i-Evalue  score  bias  from    to  from    to  from    to  acc description of target
#       ------------------- ---------- ----- -------------------- ---------- ----- --------- ------ ----- --- --- --------- --------- ------ ----- ----- ----- ----- ----- ----- ----- ---- ---------------------
190263/401/1.f:DMFJNH_23900 -            697 GH43_2.hmm           -            273  1.4e-176  590.0   9.8   1   2   4.4e-50   2.5e-47  166.0   0.0    10   273    90   358    85   358 0.95 [190263/401/1]
190263/401/1.f:DMFJNH_23900 -            697 GH43_2.hmm           -            273  1.4e-176  590.0   9.8   2   2  8.6e-128    5e-125  420.9   6.7     1   273   423   689   423   689 0.99 [190263/401/1]
190263/504/1.f:DOAHDM_23140 -            697 GH43_2.hmm           -            273  2.4e-176  589.2   9.6   1   2   4.4e-50   2.5e-47  166.0   0.0    10   273    90   358    85   358 0.95 [190263/504/1]
190263/504/1.f:DOAHDM_23140 -            697 GH43_2.hmm           -            273  2.4e-176  589.2   9.6   2   2  1.5e-127  8.8e-125  420.1   6.5     1   273   423   689   423   689 0.99 [190263/504/1]
190263/562/1.f:KJGNCK_25285 -            703 GH43_2.hmm           -            273  1.1e-167  560.7   9.7   1   2     3e-43   1.7e-40  143.6   0.0    10   273    91   359    86   359 0.94 [190263/562/1]
190263/562/1.f:KJGNCK_25285 -            703 GH43_2.hmm           -            273  1.1e-167  560.7   9.7   2   2  3.5e-125    2e-122  412.3   7.3     1   273   424   695   424   695 0.98 [190263/562/1]
190263/585/1.f:DLBDDB_19510 -           1425 GH43_2.hmm           -            273    4e-164  549.1   9.6   1   3   2.3e-21   1.3e-18   71.8   0.0    10   128    90   256    84   260 0.94 [190263/585/1]
190263/585/1.f:DLBDDB_19510 -           1425 GH43_2.hmm           -            273    4e-164  549.1   9.6   2   3   1.5e-20   8.5e-18   69.2   0.0   171   273   265   358   251   358 0.90 [190263/585/1]
190263/585/1.f:DLBDDB_19510 -           1425 GH43_2.hmm           -            273    4e-164  549.1   9.6   3   3  1.1e-123  6.6e-121  407.4   7.2     1   273   423   694   423   694 0.98 [190263/585/1]
190263/502/1.f:NONHGB_02255 -            328 GH43_2.hmm           -            273  3.5e-123  414.8   9.5   1   1    7e-126  4.1e-123  414.6   9.5     1   273    49   320    49   320 0.98 [190263/502/1]
190263/405/1.f:EHKDKA_02510 -            328 GH43_2.hmm           -            273  3.9e-123  414.7   9.3   1   1  7.8e-126  4.5e-123  414.5   9.3     1   273    49   320    49   320 0.98 [190263/405/1]
190263/405/1.f:EHKDKA_02525 -            320 GH43_2.hmm           -            273  4.3e-120  404.7   7.4   1   1  8.6e-123    5e-120  404.5   7.4     1   273    39   309    39   309 0.99 [190263/405/1]
190263/456/1.f:LKAJBD_13615 -            322 GH43_2.hmm           -            273  2.4e-117  395.7   5.6   1   1  4.7e-120  2.7e-117  395.5   5.6     1   273    40   314    40   314 0.99 [190263/456/1]
190263/502/1.f:NONHGB_02290 -            322 GH43_2.hmm           -            273  6.4e-116  391.0   5.8   1   1  1.3e-118  7.3e-116  390.8   5.8     1   273    40   314    40   314 0.99 [190263/502/1]
190263/502/1.f:NONHGB_05445 -            443 GH43_2.hmm           -            273  1.4e-115  389.9   1.4   1   1    3e-118  1.7e-115  389.6   1.4     1   273    31   300    31   300 0.99 [190263/502/1]
190263/405/1.f:EHKDKA_06255 -            443 GH43_2.hmm           -            273  2.2e-115  389.3   1.0   1   1  4.6e-118  2.7e-115  388.9   1.0     1   273    31   300    31   300 0.99 [190263/405/1]
190263/456/1.f:LKAJBD_03940 -            442 GH43_2.hmm           -            273  9.7e-114  383.8   0.6   1   1  2.1e-116  1.2e-113  383.5   0.6     1   273    30   299    30   299 0.99 [190263/456/1]
190263/460/1.f:IHFGKI_14510 -            838 GH43_2.hmm           -            273  4.8e-111  375.0   0.5   1   1  1.2e-113  7.2e-111  374.4   0.5     1   273    28   298    28   298 0.98 [190263/460/1]
190263/502/1.f:NONHGB_02285 -            549 GH43_2.hmm           -            273  1.1e-107  363.9   5.2   1   1  3.1e-110  1.8e-107  363.3   5.2     1   273   266   538   266   538 0.97 [190263/502/1]
190263/585/1.f:DLBDDB_19440 -            836 GH43_2.hmm           -            273   8.2e-98  331.6   6.0   1   1  3.4e-100     2e-97  330.4   6.0     1   271   275   542   275   543 0.97 [190263/585/1]
190263/562/1.f:KJGNCK_25205 -            836 GH43_2.hmm           -            273   1.1e-96  327.9   5.9   1   1   1.9e-99   1.1e-96  327.9   5.9     1   271   275   542   275   544 0.96 [190263/562/1]
190263/399/1.f:CDLIDF_13470 -            471 GH43_2.hmm           -            273   1.5e-89  304.5   6.8   1   1   2.9e-92   1.7e-89  304.3   5.9     1   272    36   348    36   349 0.96 [190263/399/1]
190263/401/1.f:DMFJNH_06495 -            637 GH43_2.hmm           -            273   3.4e-74  254.2  12.4   1   2   6.3e-52   3.7e-49  172.0   2.3     2   272    40   311    39   312 0.87 [190263/401/1]
190263/401/1.f:DMFJNH_06495 -            637 GH43_2.hmm           -            273   3.4e-74  254.2  12.4   2   2   2.1e-26   1.2e-23   88.4   0.2    35   268   369   615   363   618 0.84 [190263/401/1]
190263/504/1.f:DOAHDM_07165 -            637 GH43_2.hmm           -            273   3.4e-74  254.2  12.4   1   2   6.3e-52   3.7e-49  172.0   2.3     2   272    40   311    39   312 0.87 [190263/504/1]
190263/504/1.f:DOAHDM_07165 -            637 GH43_2.hmm           -            273   3.4e-74  254.2  12.4   2   2   2.1e-26   1.2e-23   88.4   0.2    35   268   369   615   363   618 0.84 [190263/504/1]
190263/502/1.f:NONHGB_11150 -            325 GH43_2.hmm           -            273   7.5e-71  243.2   1.1   1   2   6.6e-40   3.9e-37  132.6   0.4     2   151    15   160    14   174 0.91 [190263/502/1]
190263/502/1.f:NONHGB_11150 -            325 GH43_2.hmm           -            273   7.5e-71  243.2   1.1   2   2   7.6e-33   4.4e-30  109.5   0.0   147   272   186   316   179   317 0.90 [190263/502/1]
190263/456/1.f:LKAJBD_08240 -            323 GH43_2.hmm           -            273   1.5e-70  242.2   2.7   1   2   2.5e-40   1.4e-37  134.0   1.3     2   151    15   160    14   172 0.91 [190263/456/1]
190263/456/1.f:LKAJBD_08240 -            323 GH43_2.hmm           -            273   1.5e-70  242.2   2.7   2   2   2.5e-32   1.5e-29  107.7   0.0   146   272   184   315   174   316 0.91 [190263/456/1]
190263/502/1.f:NONHGB_20355 -            326 GH43_2.hmm           -            273   2.3e-70  241.6   1.9   1   1   4.7e-73   2.7e-70  241.4   1.9     1   273    45   314    45   314 0.92 [190263/502/1]
190263/595/1.f:HGDLEC_08780 -            320 GH43_2.hmm           -            273   3.4e-70  241.0   3.5   1   2   2.3e-41   1.3e-38  137.4   1.6     2   150    13   157    12   171 0.91 [190263/595/1]
190263/595/1.f:HGDLEC_08780 -            320 GH43_2.hmm           -            273   3.4e-70  241.0   3.5   2   2   4.5e-31   2.6e-28  103.7   0.0   148   272   184   312   174   313 0.90 [190263/595/1]
190263/460/1.f:IHFGKI_00025 -            986 GH43_2.hmm           -            273   3.6e-70  241.0  15.1   1   1   4.4e-58   2.6e-55  192.2   8.7     1   273    38   328    38   328 0.92 [190263/460/1]
190263/405/1.f:EHKDKA_12835 -            325 GH43_2.hmm           -            273   8.1e-70  239.8   1.7   1   2   2.4e-39   1.4e-36  130.8   0.5     2   151    15   160    14   173 0.91 [190263/405/1]
190263/405/1.f:EHKDKA_12835 -            325 GH43_2.hmm           -            273   8.1e-70  239.8   1.7   2   2   1.6e-32   9.6e-30  108.4   0.0   148   272   187   316   182   317 0.90 [190263/405/1]
190263/475/1.f:MCKEEP_22420 -            325 GH43_2.hmm           -            273   8.4e-70  239.7   3.2   1   2   4.7e-40   2.7e-37  133.1   3.2     2   152    15   161    14   181 0.91 [190263/475/1]
190263/475/1.f:MCKEEP_22420 -            325 GH43_2.hmm           -            273   8.4e-70  239.7   3.2   2   2   1.8e-31     1e-28  105.0   0.0   147   272   185   315   176   316 0.92 [190263/475/1]
190263/552/1.f:EMALNL_01465 -            320 GH43_2.hmm           -            273   9.7e-70  239.5   1.8   1   2   5.5e-41   3.2e-38  136.2   1.1     2   152    11   157    10   178 0.90 [190263/552/1]
190263/552/1.f:EMALNL_01465 -            320 GH43_2.hmm           -            273   9.7e-70  239.5   1.8   2   2   1.1e-30   6.5e-28  102.4   0.0   147   273   181   312   174   312 0.90 [190263/552/1]
190263/475/1.f:MCKEEP_15320 -            322 GH43_2.hmm           -            273   1.3e-69  239.2   1.3   1   1   2.6e-72   1.5e-69  238.9   1.3     1   273    41   310    41   310 0.93 [190263/475/1]
190263/405/1.f:EHKDKA_22060 -            326 GH43_2.hmm           -            273   1.6e-69  238.9   1.9   1   1   3.2e-72   1.9e-69  238.6   1.9     1   273    45   314    45   314 0.92 [190263/405/1]
190263/388/1.f:FDDJJK_00215 -            323 GH43_2.hmm           -            273   1.8e-69  238.7   1.0   1   2   7.8e-40   4.6e-37  132.4   0.5     2   151    15   160    14   173 0.91 [190263/388/1]
190263/388/1.f:FDDJJK_00215 -            323 GH43_2.hmm           -            273   1.8e-69  238.7   1.0   2   2   1.8e-31     1e-28  105.0   0.0   147   272   185   315   176   316 0.91 [190263/388/1]
190263/401/1.f:DMFJNH_16020 -            314 GH43_2.hmm           -            273   2.2e-69  238.4   2.2   1   1   4.4e-72   2.6e-69  238.2   2.2     1   273    33   302    33   302 0.92 [190263/401/1]
190263/391/1.f:NONBJF_00200 -            323 GH43_2.hmm           -            273   2.6e-69  238.1   0.6   1   2   1.3e-39   7.5e-37  131.7   0.3     2   151    15   160    14   176 0.90 [190263/391/1]
190263/391/1.f:NONBJF_00200 -            323 GH43_2.hmm           -            273   2.6e-69  238.1   0.6   2   2   1.8e-31     1e-28  105.0   0.0   147   272   185   315   176   316 0.91 [190263/391/1]
190263/534/1.f:OHCFJE_00200 -            323 GH43_2.hmm           -            273   2.8e-69  238.0   0.7   1   2   1.2e-39   6.8e-37  131.8   0.3     2   151    15   160    14   181 0.90 [190263/534/1]
190263/534/1.f:OHCFJE_00200 -            323 GH43_2.hmm           -            273   2.8e-69  238.0   0.7   2   2   1.8e-31   1.1e-28  104.9   0.0   147   272   185   315   176   316 0.91 [190263/534/1]
190263/545/1.f:NCJBIN_00200 -            323 GH43_2.hmm           -            273   2.8e-69  238.0   0.7   1   2   1.2e-39   6.8e-37  131.8   0.3     2   151    15   160    14   181 0.90 [190263/545/1]
190263/545/1.f:NCJBIN_00200 -            323 GH43_2.hmm           -            273   2.8e-69  238.0   0.7   2   2   1.8e-31   1.1e-28  104.9   0.0   147   272   185   315   176   316 0.91 [190263/545/1]
190263/552/1.f:EMALNL_22610 -            325 GH43_2.hmm           -            273   3.5e-69  237.7   3.3   1   2   2.9e-39   1.7e-36  130.5   2.8     2   151    15   160    14   173 0.91 [190263/552/1]
190263/552/1.f:EMALNL_22610 -            325 GH43_2.hmm           -            273   3.5e-69  237.7   3.3   2   2     1e-31   5.9e-29  105.8   0.0   147   272   185   315   176   316 0.92 [190263/552/1]
190263/562/1.f:KJGNCK_24730 -            325 GH43_2.hmm           -            273   3.5e-69  237.7   3.3   1   2   2.9e-39   1.7e-36  130.5   2.8     2   151    15   160    14   173 0.91 [190263/562/1]
190263/562/1.f:KJGNCK_24730 -            325 GH43_2.hmm           -            273   3.5e-69  237.7   3.3   2   2     1e-31   5.9e-29  105.8   0.0   147   272   185   315   176   316 0.92 [190263/562/1]
190263/583/1.f:BCCKNC_05030 -            348 GH43_2.hmm           -            273   3.7e-69  237.6   4.6   1   1   7.6e-72   4.4e-69  237.4   4.6     1   273    60   332    60   332 0.92 [190263/583/1]
190263/573/1.f:LIDFCI_11875 -            325 GH43_2.hmm           -            273   4.1e-69  237.5   3.2   1   2     8e-40   4.7e-37  132.4   3.0     2   152    15   161    14   181 0.91 [190263/573/1]
190263/573/1.f:LIDFCI_11875 -            325 GH43_2.hmm           -            273   4.1e-69  237.5   3.2   2   2   4.5e-31   2.6e-28  103.7   0.0   147   272   185   315   176   316 0.92 [190263/573/1]
190263/399/1.f:CDLIDF_16880 -            325 GH43_2.hmm           -            273   8.8e-69  236.4   0.7   1   2   1.2e-38   6.9e-36  128.5   0.3     2   151    15   160    14   173 0.91 [190263/399/1]
190263/399/1.f:CDLIDF_16880 -            325 GH43_2.hmm           -            273   8.8e-69  236.4   0.7   2   2   6.3e-32   3.7e-29  106.4   0.0   147   272   185   314   179   315 0.95 [190263/399/1]
190263/504/1.f:DOAHDM_15685 -            314 GH43_2.hmm           -            273   1.5e-68  235.6   1.8   1   1     3e-71   1.8e-68  235.4   1.8     1   273    33   302    33   302 0.92 [190263/504/1]
190263/456/1.f:LKAJBD_09335 -            322 GH43_2.hmm           -            273   5.4e-68  233.8   1.6   1   1   1.1e-70   6.3e-68  233.6   1.6     2   273    42   310    41   310 0.92 [190263/456/1]
190263/405/1.f:EHKDKA_05920 -            453 GH43_2.hmm           -            273   1.6e-67  232.3   1.5   1   1   3.6e-70   2.1e-67  231.9   1.5     1   272    32   304    32   305 0.92 [190263/405/1]
190263/404/1.f:BGJBIG_08440 -            479 GH43_2.hmm           -            273   1.8e-67  232.1   2.4   1   1   3.8e-70   2.2e-67  231.8   2.4     2   273    58   322    57   322 0.91 [190263/404/1]
190263/369/1.f:JCDIFE_18055 -            324 GH43_2.hmm           -            273   1.9e-67  232.0   0.2   1   1   3.8e-70   2.2e-67  231.8   0.2     2   273    44   312    43   312 0.92 [190263/369/1]
190263/456/1.f:LKAJBD_15325 -            452 GH43_2.hmm           -            273   2.6e-67  231.6   0.4   1   1   6.6e-70   3.9e-67  231.0   0.4     1   272    30   303    30   304 0.93 [190263/456/1]
190263/534/1.f:OHCFJE_01190 -            304 GH43_2.hmm           -            273   1.4e-66  229.2   5.5   1   1   2.7e-69   1.6e-66  229.0   5.5     1   271    33   295    33   297 0.93 [190263/534/1]
190263/460/1.f:IHFGKI_13230 -            320 GH43_2.hmm           -            273   1.4e-66  229.1   8.8   1   2   1.9e-39   1.1e-36  131.1   2.7     2   151    13   158    12   175 0.90 [190263/460/1]
190263/460/1.f:IHFGKI_13230 -            320 GH43_2.hmm           -            273   1.4e-66  229.1   8.8   2   2   1.6e-30   9.1e-28  101.9   0.4   157   271   203   311   183   313 0.86 [190263/460/1]
190263/388/1.f:FDDJJK_00180 -            835 GH43_2.hmm           -            273   3.1e-66  228.0   3.7   1   1   9.6e-69   5.6e-66  227.2   3.7     1   273    38   317    38   317 0.94 [190263/388/1]
190263/573/1.f:LIDFCI_15940 -            462 GH43_2.hmm           -            273   4.6e-66  227.5   3.5   1   1     2e-68   1.2e-65  226.1   3.5     1   273    35   314    35   314 0.94 [190263/573/1]
190263/552/1.f:EMALNL_07595 -            462 GH43_2.hmm           -            273   8.1e-66  226.7   3.5   1   1   3.6e-68   2.1e-65  225.3   3.5     1   273    35   314    35   314 0.94 [190263/552/1]
190263/502/1.f:NONHGB_05240 -            453 GH43_2.hmm           -            273   4.8e-65  224.1   0.9   1   1   1.1e-67   6.4e-65  223.7   0.9     1   272    32   304    32   305 0.92 [190263/502/1]
190263/475/1.f:MCKEEP_08390 -            461 GH43_2.hmm           -            273   1.7e-64  222.3   3.1   1   1   7.5e-67   4.4e-64  221.0   3.1     1   273    34   313    34   313 0.93 [190263/475/1]
190263/399/1.f:CDLIDF_16915 -            467 GH43_2.hmm           -            273   1.9e-64  222.2   0.8   1   1   4.3e-67   2.5e-64  221.8   0.8     1   272    46   317    46   318 0.93 [190263/399/1]
190263/540/1.f:BCGFLB_08615 -            439 GH43_2.hmm           -            273   6.6e-64  220.4   0.3   1   1   1.4e-66   7.9e-64  220.2   0.3     2   272    31   291    30   292 0.91 [190263/540/1]
190263/502/1.f:NONHGB_05225 -            461 GH43_2.hmm           -            273   1.2e-63  219.6   0.8   1   1   2.7e-66   1.6e-63  219.2   0.8     1   273    35   316    35   316 0.92 [190263/502/1]
190263/405/1.f:EHKDKA_05935 -            356 GH43_2.hmm           -            273   1.7e-63  219.1   0.1   1   1   3.5e-66     2e-63  218.8   0.1     1   272    39   312    39   313 0.92 [190263/405/1]
190263/552/1.f:EMALNL_01505 -            461 GH43_2.hmm           -            273   2.1e-63  218.8   1.6   1   1   4.8e-66   2.8e-63  218.4   1.6     1   273    33   312    33   312 0.91 [190263/552/1]
190263/396/1.f:KAAOMA_17065 -           1003 GH43_2.hmm           -            273     1e-62  216.5   1.1   1   1   1.8e-65     1e-62  216.5   1.1     1   273    39   314    39   314 0.92 [190263/396/1]
190263/405/1.f:EHKDKA_05940 -            894 GH43_2.hmm           -            273   1.6e-62  215.9   3.9   1   1   5.2e-65     3e-62  215.0   3.9     1   273   474   749   474   749 0.91 [190263/405/1]
190263/552/1.f:EMALNL_01775 -            364 GH43_2.hmm           -            273   1.8e-62  215.7   0.9   1   1   3.6e-65   2.1e-62  215.5   0.9     1   273    42   323    42   323 0.91 [190263/552/1]
190263/502/1.f:NONHGB_05255 -            361 GH43_2.hmm           -            273   4.4e-62  214.4   0.1   1   1     9e-65   5.3e-62  214.2   0.1     1   272    39   312    39   313 0.91 [190263/502/1]
190263/399/1.f:CDLIDF_16920 -            441 GH43_2.hmm           -            273   5.3e-62  214.2   7.0   1   1   1.3e-64   7.7e-62  213.6   7.0     1   273    33   296    33   296 0.92 [190263/399/1]
190263/456/1.f:LKAJBD_17190 -            448 GH43_2.hmm           -            273   4.9e-61  211.0   6.7   1   1   1.1e-63   6.4e-61  210.6   6.7     1   273    35   297    35   297 0.93 [190263/456/1]
190263/534/1.f:OHCFJE_01185 -            444 GH43_2.hmm           -            273   6.7e-61  210.5   0.1   1   1   1.4e-63   8.3e-61  210.2   0.1     3   272    37   299    35   300 0.91 [190263/534/1]
190263/369/1.f:JCDIFE_03180 -            326 GH43_2.hmm           -            273   1.5e-60  209.4   1.1   1   2   1.3e-30   7.8e-28  102.1   0.4     2   151    18   162    17   176 0.85 [190263/369/1]
190263/369/1.f:JCDIFE_03180 -            326 GH43_2.hmm           -            273   1.5e-60  209.4   1.1   2   2   7.7e-32   4.5e-29  106.2   0.0   147   272   187   316   178   317 0.93 [190263/369/1]
190263/552/1.f:EMALNL_01805 -            472 GH43_2.hmm           -            273   2.3e-60  208.8   1.1   1   1   4.8e-63   2.8e-60  208.5   1.1     1   273    35   316    35   316 0.90 [190263/552/1]
190263/552/1.f:EMALNL_07535 -            443 GH43_2.hmm           -            273   2.4e-60  208.7   6.6   1   1   5.5e-63   3.2e-60  208.3   6.6     1   273    33   296    33   296 0.93 [190263/552/1]
190263/475/1.f:MCKEEP_08335 -            443 GH43_2.hmm           -            273     4e-60  208.0   6.6   1   1   8.9e-63   5.2e-60  207.6   6.6     1   273    33   296    33   296 0.93 [190263/475/1]
190263/562/1.f:KJGNCK_02445 -            464 GH43_2.hmm           -            273   1.4e-59  206.2   7.8   1   1   4.3e-60   2.5e-57  198.8   7.8     1   272    33   316    33   317 0.94 [190263/562/1]
190263/573/1.f:LIDFCI_16005 -            475 GH43_2.hmm           -            273   1.7e-59  205.9   6.9   1   1   3.8e-62   2.2e-59  205.6   6.9     1   273    32   295    32   295 0.93 [190263/573/1]
190263/456/1.f:LKAJBD_15320 -            449 GH43_2.hmm           -            273   2.9e-59  205.2   3.3   1   1   6.7e-62   3.9e-59  204.8   3.3     1   273    28   302    28   302 0.91 [190263/456/1]
190263/405/1.f:EHKDKA_02300 -            456 GH43_2.hmm           -            273     4e-59  204.7   1.5   1   1   8.9e-62   5.2e-59  204.4   1.5     1   273    30   304    30   304 0.91 [190263/405/1]
190263/456/1.f:LKAJBD_03935 -            334 GH43_2.hmm           -            273   5.9e-59  204.2   0.0   1   1   1.2e-61   6.8e-59  204.0   0.0     1   273    40   321    40   321 0.90 [190263/456/1]
190263/456/1.f:LKAJBD_13210 -            507 GH43_2.hmm           -            273   1.5e-58  202.8   6.0   1   1   5.4e-61   3.1e-58  201.8   6.0     1   273    56   359    56   359 0.93 [190263/456/1]
190263/460/1.f:IHFGKI_00020 -            443 GH43_2.hmm           -            273     9e-58  200.3   4.6   1   1   2.5e-60   1.5e-57  199.6   4.6     1   273    29   290    29   290 0.93 [190263/460/1]
190263/552/1.f:EMALNL_01635 -            458 GH43_2.hmm           -            273   1.4e-57  199.6   4.2   1   1   3.2e-60   1.9e-57  199.3   4.2     1   273    45   307    45   307 0.93 [190263/552/1]
190263/546/1.f:GEHMID_15115 -            415 GH43_2.hmm           -            273   4.2e-57  198.1   0.3   1   1   1.2e-59   7.3e-57  197.3   0.3     3   272    13   274    12   275 0.90 [190263/546/1]
190263/405/1.f:EHKDKA_02295 -            470 GH43_2.hmm           -            273   1.9e-54  189.4   2.8   1   1   4.1e-57   2.4e-54  189.1   2.8     1   273    36   320    36   320 0.92 [190263/405/1]
190263/405/1.f:EHKDKA_15525 -           1120 GH43_2.hmm           -            273     3e-51  178.9  24.0   1   1   7.4e-40   4.3e-37  132.5   6.8    10   272   840  1111   829  1112 0.83 [190263/405/1]
190263/466/1.f:PGJOII_06060 -            340 GH43_2.hmm           -            273   7.8e-51  177.5   0.2   1   1   1.6e-53   9.2e-51  177.3   0.2     2   272    49   320    48   321 0.87 [190263/466/1]
190263/437/1.f:LBKKEJ_07955 -            352 GH43_2.hmm           -            273   7.9e-51  177.5   2.2   1   1   1.7e-53     1e-50  177.2   2.2    24   272    75   333    39   334 0.82 [190263/437/1]
190263/369/1.f:JCDIFE_01260 -            334 GH43_2.hmm           -            273   7.9e-51  177.5   0.1   1   1   1.6e-53   9.2e-51  177.3   0.1     2   272    43   314    42   315 0.87 [190263/369/1]
190263/475/1.f:MCKEEP_03215 -            330 GH43_2.hmm           -            273     4e-50  175.2   2.3   1   1     8e-53   4.7e-50  175.0   2.3     2   273    41   313    40   313 0.86 [190263/475/1]
190263/573/1.f:LIDFCI_20375 -            330 GH43_2.hmm           -            273     4e-50  175.2   2.3   1   1     8e-53   4.7e-50  175.0   2.3     2   273    41   313    40   313 0.86 [190263/573/1]
190263/461/1.f:DHPHOK_01440 -            334 GH43_2.hmm           -            273   4.7e-50  175.0   0.1   1   1   9.5e-53   5.5e-50  174.8   0.1     2   272    43   314    42   315 0.87 [190263/461/1]
190263/522/1.f:NPJBCH_10320 -            621 GH43_2.hmm           -            273     4e-49  171.9   8.7   1   2   5.4e-26   3.1e-23   87.0   0.1    37   266    64   307    56   313 0.77 [190263/522/1]
190263/522/1.f:NPJBCH_10320 -            621 GH43_2.hmm           -            273     4e-49  171.9   8.7   2   2   8.5e-24     5e-21   79.8   0.1    35   272   357   605   351   606 0.77 [190263/522/1]
190263/365/1.f:JJMMAK_06475 -            332 GH43_2.hmm           -            273   1.3e-48  170.2   3.9   1   1   2.7e-51   1.6e-48  170.0   3.9     2   272    43   313    42   314 0.85 [190263/365/1]
190263/497/1.f:HENFFC_05550 -            332 GH43_2.hmm           -            273   2.8e-48  169.2   2.6   1   1   5.7e-51   3.3e-48  168.9   2.6     2   272    43   313    42   314 0.86 [190263/497/1]
190263/475/1.f:MCKEEP_07780 -            329 GH43_2.hmm           -            273   4.2e-48  168.6   2.1   1   1   8.4e-51   4.9e-48  168.4   2.1     2   272    40   311    39   312 0.86 [190263/475/1]
190263/552/1.f:EMALNL_09490 -           1085 GH43_2.hmm           -            273   5.6e-48  168.2   0.9   1   1   9.5e-51   5.6e-48  168.2   0.9     2   272   793  1064   792  1065 0.87 [190263/552/1]
190263/541/1.f:IDEEIE_02100 -           1952 GH43_2.hmm           -            273   1.6e-47  166.7  17.1   1   1   1.4e-44   8.4e-42  147.9   1.3     2   272  1552  1854  1551  1855 0.85 [190263/541/1]
190263/573/1.f:LIDFCI_16670 -            329 GH43_2.hmm           -            273   1.8e-47  166.5   1.8   1   1   3.5e-50   2.1e-47  166.3   1.8     2   272    40   311    39   312 0.86 [190263/573/1]
190263/552/1.f:EMALNL_07155 -            329 GH43_2.hmm           -            273     2e-47  166.3   1.7   1   1   4.1e-50   2.4e-47  166.1   1.7     2   272    40   311    39   312 0.86 [190263/552/1]
190263/562/1.f:KJGNCK_03005 -            329 GH43_2.hmm           -            273   5.5e-47  164.9   1.2   1   1   1.1e-49   6.4e-47  164.7   1.2     2   272    40   311    39   312 0.87 [190263/562/1]
190263/556/1.f:EMIPPF_06030 -            332 GH43_2.hmm           -            273   4.9e-46  161.8   0.3   1   1   9.7e-49   5.7e-46  161.6   0.3     2   272    38   308    37   309 0.86 [190263/556/1]
190263/488/1.f:DNPFAC_10005 -            330 GH43_2.hmm           -            273   2.5e-45  159.5   5.7   1   1   5.2e-48     3e-45  159.2   5.7     2   272    41   310    40   311 0.85 [190263/488/1]
190263/417/1.f:MHBJAE_08890 -            333 GH43_2.hmm           -            273   1.6e-43  153.6   4.6   1   1   3.3e-46   1.9e-43  153.3   4.6     2   272    41   310    40   311 0.84 [190263/417/1]
190263/502/1.f:NONHGB_09350 -            326 GH43_2.hmm           -            273   2.5e-43  152.9   5.6   1   1   5.1e-46     3e-43  152.7   5.6     2   272    37   308    36   309 0.86 [190263/502/1]
190263/368/1.f:HPMDBE_07740 -            334 GH43_2.hmm           -            273   6.5e-43  151.6   4.5   1   1   1.3e-45   7.7e-43  151.3   4.5     2   272    45   316    44   317 0.84 [190263/368/1]
190263/379/1.f:LOJHAC_08255 -            334 GH43_2.hmm           -            273   7.1e-43  151.4   4.9   1   1   1.5e-45   8.5e-43  151.2   4.9     2   272    45   316    44   317 0.84 [190263/379/1]
190263/516/1.f:MGNFBC_06985 -            334 GH43_2.hmm           -            273   7.1e-43  151.4   4.9   1   1   1.5e-45   8.5e-43  151.2   4.9     2   272    45   316    44   317 0.84 [190263/516/1]
190263/527/1.f:HGADJN_08265 -           2030 GH43_2.hmm           -            273   4.4e-41  145.5  16.2   1   1   5.1e-42     3e-39  139.6   1.2     2   272  1573  1869  1572  1870 0.80 [190263/527/1]
190263/369/1.f:JCDIFE_12795 -            333 GH43_2.hmm           -            273   5.1e-41  145.4   8.4   1   1   1.3e-43   7.8e-41  144.7   8.4    11   272    54   324    42   325 0.82 [190263/369/1]
190263/580/1.f:JCPJNN_13240 -            439 GH43_2.hmm           -            273   6.7e-41  145.0   0.2   1   1   1.7e-43     1e-40  144.4   0.2     3   273    14   285    13   285 0.79 [190263/580/1]
190263/412/1.f:OOIBGL_08970 -            536 GH43_2.hmm           -            273   1.2e-40  144.1   9.8   1   1     3e-43   1.7e-40  143.6   9.8     3   272    83   376    81   377 0.85 [190263/412/1]
190263/399/1.f:CDLIDF_03200 -            640 GH43_2.hmm           -            273   2.5e-40  143.1  21.4   1   1   6.6e-42   3.8e-39  139.2   5.3    11   273   353   632   341   632 0.82 [190263/399/1]
190263/534/1.f:OHCFJE_09710 -            647 GH43_2.hmm           -            273   4.3e-40  142.3  17.4   1   1   3.8e-41   2.2e-38  136.7   1.4    11   273   360   639   348   639 0.81 [190263/534/1]
190263/412/1.f:OOIBGL_02545 -            442 GH43_2.hmm           -            273   7.7e-40  141.5   0.4   1   1   1.9e-42   1.1e-39  140.9   0.4     3   273    14   289    13   289 0.82 [190263/412/1]
190263/461/1.f:DHPHOK_00505 -            646 GH43_2.hmm           -            273   7.9e-40  141.4  13.7   1   1   1.5e-40   8.7e-38  134.7   1.5    11   273   361   638   350   638 0.79 [190263/461/1]
190263/520/1.f:GGDGDE_19915 -            549 GH43_2.hmm           -            273   8.2e-40  141.4   0.4   1   1     2e-42   1.2e-39  140.9   0.4     2   273    96   401    95   401 0.79 [190263/520/1]
190263/552/1.f:EMALNL_04325 -            332 GH43_2.hmm           -            273   1.5e-39  140.5   3.5   1   1   3.2e-42   1.8e-39  140.2   3.5    11   272    47   323    35   324 0.81 [190263/552/1]
190263/391/1.f:NONBJF_02505 -            647 GH43_2.hmm           -            273   1.7e-39  140.4  20.3   1   1   3.3e-41   1.9e-38  136.9   1.4    11   273   360   639   348   639 0.81 [190263/391/1]
190263/545/1.f:NCJBIN_02880 -            647 GH43_2.hmm           -            273   1.7e-39  140.4  20.3   1   1   3.3e-41   1.9e-38  136.9   1.4    11   273   360   639   348   639 0.81 [190263/545/1]
190263/388/1.f:FDDJJK_02615 -            647 GH43_2.hmm           -            273   3.3e-39  139.4  20.2   1   1   7.3e-41   4.2e-38  135.8   1.6    11   273   360   639   348   639 0.81 [190263/388/1]
190263/401/1.f:DMFJNH_07485 -            333 GH43_2.hmm           -            273   4.7e-39  138.9   2.0   1   1   9.8e-42   5.7e-39  138.6   2.0    12   273    50   325    37   325 0.80 [190263/401/1]
190263/504/1.f:DOAHDM_07990 -            333 GH43_2.hmm           -            273   4.7e-39  138.9   2.0   1   1   9.8e-42   5.7e-39  138.6   2.0    12   273    50   325    37   325 0.80 [190263/504/1]
190263/400/1.f:EIBLKL_04555 -            450 GH43_2.hmm           -            273   5.2e-39  138.8   0.1   1   1   1.3e-41   7.5e-39  138.2   0.1     3   273    14   297    13   297 0.85 [190263/400/1]
190263/404/1.f:BGJBIG_05315 -            334 GH43_2.hmm           -            273   8.5e-39  138.1   1.3   1   1   1.9e-41   1.1e-38  137.7   1.3    12   273    50   326    38   326 0.81 [190263/404/1]
190263/405/1.f:EHKDKA_00245 -            643 GH43_2.hmm           -            273   1.9e-38  136.9  17.2   1   1   9.2e-40   5.4e-37  132.2   1.8    12   273   359   635   347   635 0.81 [190263/405/1]
190263/562/1.f:KJGNCK_06070 -            318 GH43_2.hmm           -            273   2.4e-38  136.6   3.0   1   1   4.8e-41   2.8e-38  136.4   3.0    11   272    33   309    21   310 0.80 [190263/562/1]
190263/502/1.f:NONHGB_00270 -            643 GH43_2.hmm           -            273   4.3e-38  135.7  19.4   1   1   4.6e-40   2.7e-37  133.2   1.9    12   273   359   635   347   635 0.81 [190263/502/1]
190263/580/1.f:JCPJNN_25895 -            306 GH43_2.hmm           -            273   3.8e-36  129.4   0.1   1   1   7.4e-39   4.3e-36  129.2   0.1     2   272    20   297    19   298 0.83 [190263/580/1]
190263/388/1.f:FDDJJK_05830 -            800 GH43_2.hmm           -            273   8.1e-36  128.3   5.1   1   1   4.5e-38   2.6e-35  126.6   5.1     2   272    39   303    38   304 0.78 [190263/388/1]
190263/534/1.f:OHCFJE_06600 -            800 GH43_2.hmm           -            273   1.3e-35  127.6   4.6   1   1   6.8e-38     4e-35  126.0   4.6     2   272    39   303    38   304 0.78 [190263/534/1]
190263/527/1.f:HGADJN_00650 -           1137 GH43_2.hmm           -            273   2.8e-35  126.5   3.9   1   2   2.3e-18   1.3e-15   62.0   1.0     1   155    97   265    97   287 0.81 [190263/527/1]
190263/527/1.f:HGADJN_00650 -           1137 GH43_2.hmm           -            273   2.8e-35  126.5   3.9   2   2     4e-19   2.4e-16   64.5   0.0   167   269   333   441   319   443 0.90 [190263/527/1]
190263/405/1.f:EHKDKA_01815 -            800 GH43_2.hmm           -            273   1.6e-34  124.1   2.8   1   1   8.1e-37   4.7e-34  122.5   2.8     2   273    39   304    38   304 0.79 [190263/405/1]
190263/502/1.f:NONHGB_02360 -            411 GH43_2.hmm           -            273   2.1e-34  123.7   0.0   1   1   4.6e-35   2.7e-32  116.8   0.0    10   273    90   358    85   358 0.91 [190263/502/1]
190263/391/1.f:NONBJF_06480 -            802 GH43_2.hmm           -            273   1.1e-33  121.3   1.8   1   1     5e-36   2.9e-33  119.9   1.8     2   272    39   303    38   304 0.78 [190263/391/1]
190263/545/1.f:NCJBIN_06345 -            802 GH43_2.hmm           -            273   1.1e-33  121.3   1.8   1   1     5e-36   2.9e-33  119.9   1.8     2   272    39   303    38   304 0.78 [190263/545/1]
190263/405/1.f:EHKDKA_02580 -            410 GH43_2.hmm           -            273   1.2e-33  121.2   0.0   1   1   3.1e-34   1.8e-31  114.0   0.0    10   273    90   358    85   358 0.92 [190263/405/1]
190263/514/1.f:MMHOAN_12840 -            484 GH43_2.hmm           -            273   1.6e-33  120.8   5.0   1   1   1.6e-35   9.6e-33  118.2   5.0     3   272    19   320    18   321 0.84 [190263/514/1]
190263/502/1.f:NONHGB_01690 -            800 GH43_2.hmm           -            273     2e-33  120.4   2.5   1   1   1.2e-35   6.9e-33  118.7   2.5     2   273    39   304    38   304 0.77 [190263/502/1]
190263/595/1.f:HGDLEC_06255 -            812 GH43_2.hmm           -            273   3.6e-33  119.6   0.5   1   1     3e-35   1.7e-32  117.4   0.5     2   272    40   305    39   306 0.74 [190263/595/1]
190263/580/1.f:JCPJNN_06555 -            510 GH43_2.hmm           -            273   3.6e-33  119.6   0.1   1   1   9.9e-36   5.8e-33  118.9   0.1     3   272    19   341    18   342 0.86 [190263/580/1]
190263/546/1.f:GEHMID_20355 -            481 GH43_2.hmm           -            273   5.3e-33  119.1   1.8   1   1     3e-35   1.7e-32  117.4   1.8     3   267    18   314    17   320 0.82 [190263/546/1]
190263/541/1.f:IDEEIE_12540 -           1769 GH43_2.hmm           -            273   9.8e-33  118.2   9.4   1   1   5.6e-35   3.3e-32  116.5   4.1     2   272  1085  1390  1084  1391 0.80 [190263/541/1]
190263/412/1.f:OOIBGL_02455 -            466 GH43_2.hmm           -            273   1.4e-31  114.4   2.7   1   1   3.5e-34   2.1e-31  113.8   2.7     3   272    19   314    18   315 0.86 [190263/412/1]
190263/379/1.f:LOJHAC_06040 -            373 GH43_2.hmm           -            273   1.6e-31  114.2   5.7   1   1   4.7e-19   2.7e-16   64.2   0.1    34   147    65   180    60   209 0.81 [190263/379/1]
190263/516/1.f:MGNFBC_09170 -            377 GH43_2.hmm           -            273   1.7e-31  114.1   5.7   1   1   4.8e-19   2.8e-16   64.2   0.1    34   147    69   184    64   213 0.81 [190263/516/1]
190263/497/1.f:HENFFC_06515 -            370 GH43_2.hmm           -            273   2.8e-31  113.4   7.2   1   1     3e-18   1.7e-15   61.6   0.0    34   169    67   204    62   213 0.81 [190263/497/1]
190263/399/1.f:CDLIDF_06485 -            815 GH43_2.hmm           -            273   4.8e-31  112.6   3.7   1   1   3.4e-33     2e-30  110.6   3.7     2   272    51   316    50   317 0.77 [190263/399/1]
190263/433/1.f:ADFNDI_00225 -            483 GH43_2.hmm           -            273     6e-31  112.3   3.2   1   1   9.8e-18   5.7e-15   59.9   0.1     3   142    19   162    17   174 0.85 [190263/433/1]
190263/368/1.f:HPMDBE_02595 -            373 GH43_2.hmm           -            273   7.6e-31  112.0   5.2   1   1   1.9e-18   1.1e-15   62.3   0.1    34   147    65   180    59   210 0.81 [190263/368/1]
190263/365/1.f:JJMMAK_05415 -            370 GH43_2.hmm           -            273   8.9e-31  111.8   4.8   1   1   3.1e-17   1.8e-14   58.3   0.0    33   170    66   205    61   214 0.81 [190263/365/1]
190263/520/1.f:GGDGDE_20475 -           1286 GH43_2.hmm           -            273   4.8e-30  109.4   1.5   1   1   8.2e-33   4.8e-30  109.4   1.5     3   272   839  1134   838  1135 0.89 [190263/520/1]
190263/580/1.f:JCPJNN_19970 -            471 GH43_2.hmm           -            273   2.3e-29  107.1   1.1   1   1   5.7e-32   3.3e-29  106.6   1.1     3   272    18   313    17   314 0.87 [190263/580/1]
190263/461/1.f:DHPHOK_05210 -            538 GH43_2.hmm           -            273   6.6e-29  105.6   0.2   1   1   1.7e-31     1e-28  105.0   0.2    12   250    53   325    41   345 0.80 [190263/461/1]
190263/437/1.f:LBKKEJ_07930 -            327 GH43_2.hmm           -            273     7e-29  105.5   0.0   1   1   2.1e-30   1.2e-27  101.5   0.0    37   269    58   303    52   305 0.84 [190263/437/1]
190263/461/1.f:DHPHOK_02850 -            367 GH43_2.hmm           -            273   1.7e-28  104.3   5.9   1   1   2.1e-19   1.2e-16   65.4   2.2    34   144    59   173    46   199 0.83 [190263/461/1]
190263/369/1.f:JCDIFE_04825 -            316 GH43_2.hmm           -            273   2.1e-28  104.0   0.3   1   1   5.4e-31   3.2e-28  103.4   0.3    35   273    58   302    34   302 0.82 [190263/369/1]
190263/369/1.f:JCDIFE_04695 -            538 GH43_2.hmm           -            273   2.1e-28  103.9   0.3   1   1   5.6e-31   3.3e-28  103.3   0.3    12   250    53   325    41   345 0.80 [190263/369/1]
190263/366/1.f:DBJPFP_03145 -            351 GH43_2.hmm           -            273   2.3e-28  103.8   5.5   1   1   9.9e-20   5.8e-17   66.5   1.5     9   143    29   154    21   171 0.83 [190263/366/1]
190263/580/1.f:JCPJNN_28255 -            319 GH43_2.hmm           -            273   3.1e-28  103.4   3.7   1   1     1e-30   5.9e-28  102.5   3.7     2   270    29   293    28   297 0.83 [190263/580/1]
190263/475/1.f:MCKEEP_06920 -            361 GH43_2.hmm           -            273   3.3e-28  103.3   5.5   1   1   3.2e-29   1.9e-26   97.6   2.6    38   272    82   336    77   337 0.81 [190263/475/1]
190263/552/1.f:EMALNL_06310 -            361 GH43_2.hmm           -            273   3.3e-28  103.3   5.5   1   1   3.2e-29   1.9e-26   97.6   2.6    38   272    82   336    77   337 0.81 [190263/552/1]
190263/562/1.f:KJGNCK_03885 -            361 GH43_2.hmm           -            273   3.3e-28  103.3   5.5   1   1   3.2e-29   1.9e-26   97.6   2.6    38   272    82   336    77   337 0.81 [190263/562/1]
190263/369/1.f:JCDIFE_02295 -            366 GH43_2.hmm           -            273   3.5e-28  103.3   7.1   1   1   7.8e-20   4.5e-17   66.8   0.5    35   144    59   172    55   199 0.81 [190263/369/1]
190263/580/1.f:JCPJNN_18320 -            465 GH43_2.hmm           -            273   5.9e-28  102.5   0.1   1   1   1.1e-28   6.5e-26   95.8   0.0    38   272    54   311    48   312 0.81 [190263/580/1]
190263/580/1.f:JCPJNN_09535 -            494 GH43_2.hmm           -            273   1.4e-27  101.3   0.2   1   1   2.8e-29   1.6e-26   97.8   0.2     3   272    31   334    30   335 0.83 [190263/580/1]
190263/502/1.f:NONHGB_04390 -            315 GH43_2.hmm           -            273   2.8e-27  100.3   2.3   1   1   6.3e-30   3.7e-27   99.9   2.3    34   272    53   300    36   301 0.83 [190263/502/1]
190263/513/1.f:MKNBNH_07470 -            556 GH43_2.hmm           -            273   3.1e-27  100.1  10.5   1   1   2.4e-16   1.4e-13   55.3   3.8     3   144    18   163    17   205 0.78 [190263/513/1]
190263/497/1.f:HENFFC_08175 -            313 GH43_2.hmm           -            273   4.2e-27   99.7   3.3   1   1   1.3e-29   7.8e-27   98.8   3.3    30   264    52   291    39   297 0.82 [190263/497/1]
190263/520/1.f:GGDGDE_19905 -            468 GH43_2.hmm           -            273   4.2e-27   99.7   1.1   1   1   9.7e-30   5.6e-27   99.3   1.1     3   273    18   314    17   314 0.87 [190263/520/1]
190263/520/1.f:GGDGDE_20440 -            465 GH43_2.hmm           -            273   4.3e-27   99.7   2.0   1   1     1e-29     6e-27   99.2   2.0     3   272    18   313    17   314 0.87 [190263/520/1]
190263/562/1.f:KJGNCK_06175 -            497 GH43_2.hmm           -            273   5.9e-27   99.2   1.1   1   1   1.3e-29   7.7e-27   98.8   1.1     1   270    64   356    64   358 0.79 [190263/562/1]
190263/461/1.f:DHPHOK_05310 -            322 GH43_2.hmm           -            273     9e-27   98.6   2.7   1   1   2.7e-29   1.6e-26   97.8   2.6     8   255    40   285    33   302 0.78 [190263/461/1]
190263/443/1.f:LNLACP_00190 -            487 GH43_2.hmm           -            273   1.1e-26   98.3   1.3   1   1   3.4e-29     2e-26   97.5   1.3     3   273    18   312    17   312 0.83 [190263/443/1]
190263/421/1.f:PBKEAC_07675 -            364 GH43_2.hmm           -            273   1.6e-26   97.8   3.5   1   1   6.6e-18   3.8e-15   60.5   0.4    35   143    53   163    36   175 0.85 [190263/421/1]
190263/369/1.f:JCDIFE_04830 -            333 GH43_2.hmm           -            273   2.1e-26   97.4   1.8   1   1   6.3e-27   3.7e-24   90.1   0.1    38   270    69   314    62   316 0.82 [190263/369/1]
190263/365/1.f:JJMMAK_09110 -            331 GH43_2.hmm           -            273   3.2e-26   96.8   3.7   1   1   8.2e-29   4.8e-26   96.2   3.6    35   266    70   306    56   310 0.83 [190263/365/1]
190263/461/1.f:DHPHOK_05315 -            335 GH43_2.hmm           -            273   4.1e-26   96.5   4.8   1   1   1.6e-27   9.6e-25   92.0   0.3    38   270    71   316    66   318 0.83 [190263/461/1]
190263/401/1.f:DMFJNH_03485 -            330 GH43_2.hmm           -            273   4.4e-26   96.3   4.6   1   1   1.2e-28   7.3e-26   95.6   4.4    34   255    72   297    48   315 0.79 [190263/401/1]
190263/504/1.f:DOAHDM_03935 -            330 GH43_2.hmm           -            273   4.4e-26   96.3   4.6   1   1   1.2e-28   7.3e-26   95.6   4.4    34   255    72   297    48   315 0.79 [190263/504/1]
190263/488/1.f:DNPFAC_05475 -            325 GH43_2.hmm           -            273   4.8e-26   96.2   2.0   1   1   8.1e-27   4.7e-24   89.7   0.1    38   268    58   301    51   304 0.83 [190263/488/1]
190263/522/1.f:NPJBCH_14230 -            340 GH43_2.hmm           -            273   4.8e-26   96.2   0.5   1   1   1.3e-24   7.5e-22   82.5   0.3    38   270    74   320    68   321 0.84 [190263/522/1]
190263/585/1.f:DLBDDB_05325 -            353 GH43_2.hmm           -            273   6.5e-26   95.8   4.2   1   1   1.1e-26   6.6e-24   89.2   0.9    39   272    74   331    72   332 0.83 [190263/585/1]
190263/417/1.f:MHBJAE_04920 -            325 GH43_2.hmm           -            273     1e-25   95.2   2.7   1   1   1.1e-26   6.2e-24   89.3   0.1    38   269    58   302    51   304 0.82 [190263/417/1]
190263/365/1.f:JJMMAK_00270 -            513 GH43_2.hmm           -            273   1.4e-25   94.7   0.7   1   1   3.8e-28   2.2e-25   94.1   0.7    28   253    52   279    40   300 0.82 [190263/365/1]
190263/522/1.f:NPJBCH_14225 -            324 GH43_2.hmm           -            273   1.8e-25   94.4   3.0   1   1   3.1e-28   1.8e-25   94.4   3.0    36   272    72   309    65   310 0.83 [190263/522/1]
190263/497/1.f:HENFFC_12345 -            513 GH43_2.hmm           -            273     2e-25   94.2   0.7   1   1   5.2e-28     3e-25   93.6   0.7    27   253    51   279    40   300 0.81 [190263/497/1]
190263/401/1.f:DMFJNH_03515 -            327 GH43_2.hmm           -            273     2e-25   94.2   6.4   1   1   5.3e-28   3.1e-25   93.6   6.1    31   252    66   291    46   312 0.80 [190263/401/1]
190263/504/1.f:DOAHDM_03950 -            327 GH43_2.hmm           -            273     2e-25   94.2   6.4   1   1   5.3e-28   3.1e-25   93.6   6.1    31   252    66   291    46   312 0.80 [190263/504/1]
190263/526/1.f:GBBCGM_01160 -            327 GH43_2.hmm           -            273   2.6e-25   93.8   1.6   1   1   9.8e-27   5.7e-24   89.4   0.3    35   269    59   307    54   309 0.80 [190263/526/1]
190263/366/1.f:DBJPFP_01325 -            327 GH43_2.hmm           -            273     4e-25   93.2   0.1   1   1   3.8e-24   2.2e-21   80.9   0.0    40   218    64   244    56   305 0.80 [190263/366/1]
190263/365/1.f:JJMMAK_03125 -            313 GH43_2.hmm           -            273     4e-25   93.2   3.4   1   1   1.2e-27   7.1e-25   92.4   3.4    30   264    52   291    39   296 0.80 [190263/365/1]
190263/396/1.f:KAAOMA_02915 -           1286 GH43_2.hmm           -            273   4.3e-25   93.1   0.9   1   1   1.6e-27   9.6e-25   92.0   0.9     2   266   845  1151   844  1156 0.74 [190263/396/1]
190263/562/1.f:KJGNCK_06460 -            335 GH43_2.hmm           -            273   9.8e-25   91.9   1.4   1   1   6.1e-26   3.5e-23   86.8   0.1    38   272    66   314    61   315 0.83 [190263/562/1]
190263/475/1.f:MCKEEP_04050 -            354 GH43_2.hmm           -            273   1.1e-24   91.8   2.9   1   1   3.5e-25     2e-22   84.3   0.4    39   271    75   331    73   332 0.81 [190263/475/1]
190263/573/1.f:LIDFCI_19560 -            354 GH43_2.hmm           -            273   1.1e-24   91.8   2.9   1   1   3.5e-25     2e-22   84.3   0.4    39   271    75   331    73   332 0.81 [190263/573/1]
190263/400/1.f:EIBLKL_03920 -            703 GH43_2.hmm           -            273   1.8e-24   91.1   0.3   1   1   5.3e-27   3.1e-24   90.3   0.3     2   269    91   395    90   400 0.80 [190263/400/1]
190263/504/1.f:DOAHDM_07920 -            461 GH43_2.hmm           -            273     2e-24   90.9   4.4   1   1   4.9e-27   2.9e-24   90.4   4.4     2   273    37   302    36   302 0.79 [190263/504/1]
190263/502/1.f:NONHGB_05900 -            462 GH43_2.hmm           -            273   2.1e-24   90.8   4.5   1   1   5.4e-27   3.2e-24   90.3   4.5     2   273    39   304    38   304 0.79 [190263/502/1]
190263/502/1.f:NONHGB_04370 -            334 GH43_2.hmm           -            273   2.7e-24   90.5   4.9   1   1   4.1e-26   2.4e-23   87.4   0.7    38   269    70   314    64   316 0.81 [190263/502/1]
190263/461/1.f:DHPHOK_02915 -            946 GH43_2.hmm           -            273   3.6e-24   90.1   2.4   1   1   9.5e-27   5.5e-24   89.5   2.4     2   270   505   805   504   807 0.76 [190263/461/1]
190263/552/1.f:EMALNL_04005 -            335 GH43_2.hmm           -            273   3.7e-24   90.0   2.0   1   1   1.7e-25   9.7e-23   85.4   0.2    39   272    67   314    62   315 0.83 [190263/552/1]
190263/573/1.f:LIDFCI_13560 -            512 GH43_2.hmm           -            273     5e-24   89.6   3.1   1   1   1.3e-26   7.5e-24   89.0   3.1    28   249    51   276    41   295 0.83 [190263/573/1]
190263/365/1.f:JJMMAK_00705 -            985 GH43_2.hmm           -            273   5.7e-24   89.4   0.9   1   1   6.2e-25   3.6e-22   83.5   0.0    38   268   719   962   714   965 0.80 [190263/365/1]
190263/391/1.f:NONBJF_00960 -            784 GH43_2.hmm           -            273   6.1e-24   89.3  10.2   1   1   1.2e-26   6.9e-24   89.2   5.5     2   273   326   611   325   611 0.82 [190263/391/1]
190263/502/1.f:NONHGB_04285 -            308 GH43_2.hmm           -            273   6.9e-24   89.2   5.8   1   1   1.3e-25   7.4e-23   85.8   1.3    38   269    44   288    38   290 0.82 [190263/502/1]
190263/540/1.f:BCGFLB_08610 -            357 GH43_2.hmm           -            273   1.1e-23   88.4   0.0   1   1   3.7e-26   2.2e-23   87.5   0.0    14   272    50   331    39   332 0.81 [190263/540/1]
190263/366/1.f:DBJPFP_11310 -            329 GH43_2.hmm           -            273   1.2e-23   88.4   0.0   1   1   7.6e-26   4.4e-23   86.5   0.0    37   266    65   306    58   311 0.76 [190263/366/1]
190263/401/1.f:DMFJNH_03530 -            325 GH43_2.hmm           -            273   1.2e-23   88.3   1.5   1   1   4.3e-24   2.5e-21   80.8   0.2    38   237    61   264    54   303 0.81 [190263/401/1]
190263/504/1.f:DOAHDM_03970 -            325 GH43_2.hmm           -            273   1.2e-23   88.3   1.5   1   1   4.3e-24   2.5e-21   80.8   0.2    38   237    61   264    54   303 0.81 [190263/504/1]
190263/585/1.f:DLBDDB_18765 -             98 GH43_2.hmm           -            273   1.3e-23   88.2   0.9   1   1   2.5e-26   1.5e-23   88.1   0.9   178   272     1    88     1    89 0.95 [190263/585/1]
190263/545/1.f:NCJBIN_01075 -            784 GH43_2.hmm           -            273   1.3e-23   88.2  10.2   1   1   2.6e-26   1.5e-23   88.0   5.5     2   273   326   611   325   611 0.82 [190263/545/1]
190263/534/1.f:OHCFJE_01725 -            784 GH43_2.hmm           -            273   1.4e-23   88.2  10.2   1   1   2.6e-26   1.5e-23   88.0   5.5     2   273   326   611   325   611 0.82 [190263/534/1]
190263/405/1.f:EHKDKA_04765 -            325 GH43_2.hmm           -            273   1.7e-23   87.8   3.5   1   1   1.4e-24   8.1e-22   82.4   0.3    38   269    61   305    53   307 0.81 [190263/405/1]
190263/562/1.f:KJGNCK_10720 -            513 GH43_2.hmm           -            273   2.2e-23   87.5   3.2   1   1   6.1e-26   3.6e-23   86.8   3.2    28   220    51   245    40   286 0.83 [190263/562/1]
190263/502/1.f:NONHGB_08195 -            785 GH43_2.hmm           -            273     3e-23   87.1   7.5   1   1   3.2e-25   1.8e-22   84.5   1.9     2   273   326   611   325   611 0.78 [190263/502/1]
190263/388/1.f:FDDJJK_00940 -            784 GH43_2.hmm           -            273   3.1e-23   87.0  10.7   1   1   6.2e-26   3.6e-23   86.8   6.0     2   273   326   611   325   611 0.81 [190263/388/1]
190263/421/1.f:PBKEAC_07670 -            312 GH43_2.hmm           -            273   3.3e-23   86.9   0.3   1   1   1.2e-25   6.7e-23   85.9   0.1    67   216    80   235    47   240 0.77 [190263/421/1]
190263/556/1.f:EMIPPF_09145 -            341 GH43_2.hmm           -            273   3.4e-23   86.9   0.3   1   1   2.4e-23   1.4e-20   78.3   0.1    39   217    82   258    76   320 0.84 [190263/556/1]
190263/461/1.f:DHPHOK_05305 -            315 GH43_2.hmm           -            273   3.6e-23   86.8   5.2   1   1   9.4e-26   5.5e-23   86.2   2.3    36   215    59   237    53   242 0.82 [190263/461/1]
190263/369/1.f:JCDIFE_02360 -            952 GH43_2.hmm           -            273     4e-23   86.7   2.4   1   1   1.1e-25   6.2e-23   86.0   2.4     2   270   511   811   510   813 0.76 [190263/369/1]
190263/396/1.f:KAAOMA_13260 -            748 GH43_2.hmm           -            273     8e-23   85.7   0.4   1   1   2.5e-25   1.5e-22   84.8   0.4     2   271    73   377    72   378 0.76 [190263/396/1]
190263/400/1.f:EIBLKL_09340 -            713 GH43_2.hmm           -            273   1.4e-22   84.9   0.5   1   1   4.1e-25   2.4e-22   84.1   0.5     2   269    99   405    98   408 0.76 [190263/400/1]
190263/379/1.f:LOJHAC_13970 -            513 GH43_2.hmm           -            273     3e-22   83.8   1.2   1   1   7.6e-25   4.4e-22   83.2   1.2    29   238    52   264    41   287 0.82 [190263/379/1]
190263/417/1.f:MHBJAE_04970 -            322 GH43_2.hmm           -            273     3e-22   83.8   4.0   1   1   1.1e-24   6.3e-22   82.7   4.1    32   270    62   302    50   305 0.79 [190263/417/1]
190263/405/1.f:EHKDKA_04770 -            343 GH43_2.hmm           -            273   4.6e-22   83.2   0.6   1   1   1.1e-23   6.4e-21   79.4   0.1    41   271    69   324    64   325 0.82 [190263/405/1]
190263/475/1.f:MCKEEP_09850 -            785 GH43_2.hmm           -            273   4.7e-22   83.1   5.8   1   1   6.6e-24   3.8e-21   80.2   2.5     2   273   326   610   325   610 0.80 [190263/475/1]
190263/516/1.f:MGNFBC_11300 -            513 GH43_2.hmm           -            273   5.7e-22   82.9   0.8   1   1   1.5e-24   8.5e-22   82.3   0.8    29   219    52   244    41   285 0.83 [190263/516/1]
190263/390/1.f:OLPOLE_16250 -            304 GH43_2.hmm           -            273   5.9e-22   82.8   0.2   1   1   3.4e-22     2e-19   74.5   0.0    36   264    36   289    33   298 0.75 [190263/390/1]
190263/388/1.f:FDDJJK_11480 -            333 GH43_2.hmm           -            273   7.9e-22   82.4   4.3   1   1   2.1e-24   1.2e-21   81.8   0.2    38   270    69   314    62   315 0.80 [190263/388/1]
190263/573/1.f:LIDFCI_13350 -            785 GH43_2.hmm           -            273     1e-21   82.0   7.5   1   1   5.1e-23     3e-20   77.2   2.6     2   273   326   610   325   610 0.78 [190263/573/1]
190263/504/1.f:DOAHDM_10190 -            512 GH43_2.hmm           -            273   1.2e-21   81.8   2.5   1   1   3.1e-24   1.8e-21   81.2   2.5    28   247    51   274    40   289 0.83 [190263/504/1]
190263/534/1.f:OHCFJE_11930 -            333 GH43_2.hmm           -            273   1.2e-21   81.8   4.0   1   1   3.6e-24   2.1e-21   81.0   0.3    38   270    69   314    63   315 0.80 [190263/534/1]
190263/545/1.f:NCJBIN_12800 -            333 GH43_2.hmm           -            273   1.2e-21   81.8   4.0   1   1   3.6e-24   2.1e-21   81.0   0.3    38   270    69   314    63   315 0.80 [190263/545/1]
190263/391/1.f:NONBJF_11660 -            333 GH43_2.hmm           -            273   1.3e-21   81.7   4.1   1   1   3.5e-24   2.1e-21   81.0   0.2    38   270    69   314    64   315 0.80 [190263/391/1]
190263/368/1.f:HPMDBE_12540 -            513 GH43_2.hmm           -            273   1.4e-21   81.5   0.8   1   1   3.7e-24   2.1e-21   81.0   0.8    29   219    52   244    41   285 0.83 [190263/368/1]
190263/502/1.f:NONHGB_04290 -            343 GH43_2.hmm           -            273     2e-21   81.1   0.5   1   1   3.9e-23   2.3e-20   77.6   0.1    41   271    69   324    64   325 0.82 [190263/502/1]
190263/401/1.f:DMFJNH_07415 -            360 GH43_2.hmm           -            273   2.2e-21   81.0   1.8   1   1   8.1e-24   4.7e-21   79.9   1.7   106   273    35   201    12   201 0.81 [190263/401/1]
190263/401/1.f:DMFJNH_09845 -            512 GH43_2.hmm           -            273   3.2e-21   80.4   2.5   1   1   8.2e-24   4.8e-21   79.8   2.5    28   247    51   273    40   289 0.82 [190263/401/1]
190263/497/1.f:HENFFC_10575 -            995 GH43_2.hmm           -            273   3.3e-21   80.4   3.9   1   1   4.3e-23   2.5e-20   77.5   0.3    37   269   728   973   705   975 0.77 [190263/497/1]
190263/365/1.f:JJMMAK_09115 -            354 GH43_2.hmm           -            273   5.2e-21   79.7   3.1   1   1   3.7e-23   2.2e-20   77.7   2.8     3   272    54   335    51   336 0.82 [190263/365/1]
190263/564/1.f:KIHMBJ_07125 -            369 GH43_2.hmm           -            273   8.1e-21   79.1   1.7   1   1   2.5e-23   1.5e-20   78.2   0.4    36   272    90   350    80   351 0.76 [190263/564/1]
190263/369/1.f:JCDIFE_10525 -            515 GH43_2.hmm           -            273   1.2e-20   78.5   2.2   1   1   3.1e-23   1.8e-20   77.9   2.2    27   222    50   247    38   298 0.81 [190263/369/1]
190263/490/1.f:OIBLLI_02545 -            512 GH43_2.hmm           -            273   1.3e-20   78.5   0.0   1   1   3.4e-23     2e-20   77.8   0.0    29   249    32   258    20   284 0.78 [190263/490/1]
190263/488/1.f:DNPFAC_05530 -            322 GH43_2.hmm           -            273   1.6e-20   78.1   3.5   1   1   3.9e-23   2.3e-20   77.6   3.5    33   266    63   298    45   304 0.75 [190263/488/1]
190263/366/1.f:DBJPFP_03100 -            318 GH43_2.hmm           -            273   2.7e-20   77.4   1.6   1   1   4.9e-23   2.9e-20   77.3   0.8    57   216    63   241    53   263 0.83 [190263/366/1]
190263/562/1.f:KJGNCK_11030 -            785 GH43_2.hmm           -            273   4.2e-20   76.8   6.6   1   1   1.3e-21   7.5e-19   72.6   1.9     2   273   326   611   325   611 0.78 [190263/562/1]
190263/366/1.f:DBJPFP_04310 -            332 GH43_2.hmm           -            273   5.1e-20   76.5   0.0   1   1   1.4e-20   8.1e-18   69.3   0.0    40   238    68   263    63   310 0.82 [190263/366/1]
190263/556/1.f:EMIPPF_01660 -            510 GH43_2.hmm           -            273   1.5e-19   75.0   0.0   1   1   3.4e-22     2e-19   74.5   0.0    27   238    48   261    37   292 0.82 [190263/556/1]
190263/400/1.f:EIBLKL_03925 -            464 GH43_2.hmm           -            273   1.5e-19   74.9   0.0   1   1     4e-22   2.3e-19   74.3   0.0     2   270    24   327    23   329 0.72 [190263/400/1]
190263/552/1.f:EMALNL_10950 -            785 GH43_2.hmm           -            273     2e-19   74.5   6.5   1   1   6.8e-21     4e-18   70.3   1.9     2   273   326   611   325   611 0.77 [190263/552/1]
190263/552/1.f:EMALNL_01555 -            675 GH43_2.hmm           -            273   3.7e-19   73.7   1.4   1   1   1.6e-20   9.6e-18   69.0   1.4    12   249    55   347    38   362 0.77 [190263/552/1]
190263/405/1.f:EHKDKA_04830 -            320 GH43_2.hmm           -            273   7.8e-19   72.6   2.6   1   1   1.3e-21   7.8e-19   72.6   2.6    38   270    66   300    55   303 0.76 [190263/405/1]
190263/401/1.f:DMFJNH_26880 -            345 GH43_2.hmm           -            273   7.9e-19   72.6   3.6   1   1   6.5e-21   3.8e-18   70.3   0.4    37   220    89   272    76   311 0.85 [190263/401/1]
190263/504/1.f:DOAHDM_24865 -            345 GH43_2.hmm           -            273   7.9e-19   72.6   3.6   1   1   6.5e-21   3.8e-18   70.3   0.4    37   220    89   272    76   311 0.85 [190263/504/1]
190263/562/1.f:KJGNCK_02365 -            692 GH43_2.hmm           -            273   1.6e-18   71.5   0.1   1   1     2e-20   1.1e-17   68.8   0.1    12   249    70   362    53   383 0.77 [190263/562/1]
190263/506/1.f:IKGMED_03615 -            381 GH43_2.hmm           -            273   1.7e-18   71.5   2.1   1   1   3.2e-18   1.9e-15   61.5   0.1    36   216    80   307    71   311 0.86 [190263/506/1]
190263/585/1.f:DLBDDB_04640 -            329 GH43_2.hmm           -            273   2.5e-18   70.9   8.5   1   1   2.1e-20   1.2e-17   68.7   7.7    52   256    82   293    57   310 0.76 [190263/585/1]
190263/366/1.f:DBJPFP_03110 -            311 GH43_2.hmm           -            273   4.7e-18   70.0   0.9   1   1   1.1e-20   6.4e-18   69.6   0.4    36   217    57   238    47   295 0.83 [190263/366/1]
190263/388/1.f:FDDJJK_11475 -            322 GH43_2.hmm           -            273   7.9e-18   69.3   5.0   1   1   3.4e-20     2e-17   68.0   5.4    36   215    66   244    51   305 0.81 [190263/388/1]
190263/391/1.f:NONBJF_11655 -            322 GH43_2.hmm           -            273   7.9e-18   69.3   5.0   1   1   3.4e-20     2e-17   68.0   5.4    36   215    66   244    51   305 0.81 [190263/391/1]
190263/534/1.f:OHCFJE_11925 -            322 GH43_2.hmm           -            273   7.9e-18   69.3   5.0   1   1   3.4e-20     2e-17   68.0   5.4    36   215    66   244    51   305 0.81 [190263/534/1]
190263/545/1.f:NCJBIN_12795 -            322 GH43_2.hmm           -            273   7.9e-18   69.3   5.0   1   1   3.4e-20     2e-17   68.0   5.4    36   215    66   244    51   305 0.81 [190263/545/1]
190263/541/1.f:IDEEIE_11705 -           1057 GH43_2.hmm           -            273     1e-17   68.9   5.2   1   1     4e-20   2.4e-17   67.7   5.2    35   232   171   423   158   452 0.82 [190263/541/1]
190263/456/1.f:LKAJBD_00290 -            707 GH43_2.hmm           -            273   2.2e-17   67.8   4.3   1   1   6.5e-19   3.8e-16   63.8   1.6    12   250    83   374    66   395 0.79 [190263/456/1]
190263/405/1.f:EHKDKA_05525 -            333 GH43_2.hmm           -            273   2.3e-17   67.8   1.2   1   1   5.7e-18   3.3e-15   60.7   0.0    41   269    68   307    58   309 0.76 [190263/405/1]
190263/399/1.f:CDLIDF_04455 -            335 GH43_2.hmm           -            273   4.5e-17   66.8   1.6   1   1   1.8e-19     1e-16   65.6   1.5    34   228    55   286    42   329 0.75 [190263/399/1]
190263/461/1.f:DHPHOK_05300 -            880 GH43_2.hmm           -            273     5e-17   66.7   6.3   1   1   1.1e-19   6.7e-17   66.3   5.6    39   213    56   242    43   260 0.83 [190263/461/1]
190263/502/1.f:NONHGB_05195 -            694 GH43_2.hmm           -            273   5.7e-17   66.5   1.0   1   1   1.7e-18     1e-15   62.4   0.3    12   250    69   362    52   378 0.80 [190263/502/1]
190263/534/1.f:OHCFJE_11920 -            877 GH43_2.hmm           -            273   5.9e-17   66.4   5.0   1   1     3e-19   1.7e-16   64.9   5.0    38   212    55   241    37   252 0.87 [190263/534/1]
190263/391/1.f:NONBJF_04475 -            514 GH43_2.hmm           -            273     1e-16   65.7   0.0   1   1   2.6e-19   1.5e-16   65.1   0.0    32   272    58   310    48   311 0.85 [190263/391/1]
190263/534/1.f:OHCFJE_07745 -            514 GH43_2.hmm           -            273     1e-16   65.7   0.0   1   1   2.6e-19   1.5e-16   65.1   0.0    32   272    58   310    48   311 0.85 [190263/534/1]
190263/545/1.f:NCJBIN_05140 -            514 GH43_2.hmm           -            273     1e-16   65.7   0.0   1   1   2.6e-19   1.5e-16   65.1   0.0    32   272    58   310    48   311 0.85 [190263/545/1]
190263/379/1.f:LOJHAC_19880 -            597 GH43_2.hmm           -            273   1.1e-16   65.5   2.4   1   1   2.2e-19   1.3e-16   65.3   0.5   109   272   134   318   104   319 0.81 [190263/379/1]
190263/516/1.f:MGNFBC_15810 -            597 GH43_2.hmm           -            273   1.1e-16   65.5   2.4   1   1   2.2e-19   1.3e-16   65.3   0.5   109   272   134   318   104   319 0.81 [190263/516/1]
190263/368/1.f:HPMDBE_17840 -            597 GH43_2.hmm           -            273   1.2e-16   65.5   2.4   1   1   2.2e-19   1.3e-16   65.3   0.5   109   272   134   318   104   319 0.81 [190263/368/1]
190263/457/1.f:IIKDLL_11780 -            646 GH43_2.hmm           -            273   1.4e-16   65.2   0.2   1   1   2.3e-19   1.4e-16   65.2   0.2    37   272   169   409   152   410 0.76 [190263/457/1]
190263/506/1.f:IKGMED_03620 -            369 GH43_2.hmm           -            273   1.5e-16   65.1   3.6   1   1   1.2e-17   7.3e-15   59.6   0.4    36   216    79   295    73   299 0.88 [190263/506/1]
190263/405/1.f:EHKDKA_05880 -            694 GH43_2.hmm           -            273   1.5e-16   65.1   1.3   1   1   4.2e-18   2.5e-15   61.1   0.4    12   249    69   361    52   376 0.80 [190263/405/1]
190263/391/1.f:NONBJF_11650 -            877 GH43_2.hmm           -            273   1.7e-16   64.9   1.7   1   1   2.9e-19   1.7e-16   64.9   1.7    39   212    56   241    48   252 0.85 [190263/391/1]
190263/391/1.f:NONBJF_09445 -            955 GH43_2.hmm           -            273   3.3e-16   64.0   2.8   1   1   7.8e-19   4.5e-16   63.5   0.5    37   252    69   276    45   293 0.82 [190263/391/1]
190263/534/1.f:OHCFJE_03435 -            955 GH43_2.hmm           -            273   3.3e-16   64.0   2.8   1   1   7.8e-19   4.5e-16   63.5   0.5    37   252    69   276    45   293 0.82 [190263/534/1]
190263/545/1.f:NCJBIN_10260 -            955 GH43_2.hmm           -            273   3.4e-16   64.0   2.8   1   1   7.8e-19   4.5e-16   63.5   0.5    37   252    69   276    45   293 0.82 [190263/545/1]
190263/404/1.f:BGJBIG_07265 -            528 GH43_2.hmm           -            273   3.4e-16   63.9   1.0   1   1   9.3e-19   5.4e-16   63.3   1.0    38   247    72   287    53   295 0.83 [190263/404/1]
190263/388/1.f:FDDJJK_11470 -            877 GH43_2.hmm           -            273   4.3e-16   63.6   4.7   1   1   2.2e-18   1.3e-15   62.1   4.7    38   212    55   241    37   252 0.85 [190263/388/1]
190263/545/1.f:NCJBIN_12790 -            877 GH43_2.hmm           -            273   4.3e-16   63.6   4.7   1   1   2.2e-18   1.3e-15   62.1   4.7    38   212    55   241    37   252 0.85 [190263/545/1]
190263/417/1.f:MHBJAE_06245 -            526 GH43_2.hmm           -            273   4.7e-16   63.5   0.6   1   1   1.3e-18   7.6e-16   62.8   0.6    38   247    70   285    56   293 0.84 [190263/417/1]
190263/475/1.f:MCKEEP_08580 -            346 GH43_2.hmm           -            273   5.7e-16   63.2   3.8   1   1   2.3e-18   1.3e-15   62.0   0.2    36   219    90   273    71   284 0.81 [190263/475/1]
190263/405/1.f:EHKDKA_00150 -           1106 GH43_2.hmm           -            273   6.6e-16   63.0   2.1   1   1   6.4e-18   3.7e-15   60.5   0.2    36   220    90   274    69   293 0.81 [190263/405/1]
190263/502/1.f:NONHGB_00155 -           1106 GH43_2.hmm           -            273   6.7e-16   63.0   2.9   1   1   4.1e-18   2.4e-15   61.1   0.3    36   220    90   274    71   289 0.81 [190263/502/1]
190263/552/1.f:EMALNL_03945 -            633 GH43_2.hmm           -            273   7.9e-16   62.7   0.6   1   1   5.3e-18   3.1e-15   60.8   0.6    37   272   353   613   329   614 0.73 [190263/552/1]
190263/562/1.f:KJGNCK_05400 -            318 GH43_2.hmm           -            273   9.4e-16   62.5   9.6   1   1   1.5e-17     9e-15   59.3   9.1    67   254    80   288    26   311 0.71 [190263/562/1]
190263/585/1.f:DLBDDB_01460 -            348 GH43_2.hmm           -            273   1.5e-15   61.9   3.3   1   1   7.7e-18   4.5e-15   60.3   0.2    36   219    92   275    73   287 0.81 [190263/585/1]
190263/552/1.f:EMALNL_07850 -            346 GH43_2.hmm           -            273   1.6e-15   61.8   4.4   1   1   2.8e-18   1.6e-15   61.7   0.3    36   219    90   273    69   283 0.81 [190263/552/1]
190263/417/1.f:MHBJAE_02445 -            573 GH43_2.hmm           -            273   1.9e-15   61.5   0.2   1   1   3.2e-18   1.9e-15   61.5   0.2   103   272   122   313   102   314 0.79 [190263/417/1]
190263/562/1.f:KJGNCK_02165 -            348 GH43_2.hmm           -            273   1.9e-15   61.5   0.3   1   1   3.3e-18   1.9e-15   61.5   0.3    36   219    92   275    77   284 0.81 [190263/562/1]
190263/488/1.f:DNPFAC_02720 -            573 GH43_2.hmm           -            273     2e-15   61.4   1.1   1   1   5.6e-18   3.3e-15   60.7   0.1   109   272   129   313   110   314 0.79 [190263/488/1]
190263/391/1.f:NONBJF_09835 -            499 GH43_2.hmm           -            273   2.1e-15   61.4   0.2   1   1   6.6e-18   3.8e-15   60.5   0.0    66   266    88   295    48   302 0.69 [190263/391/1]
190263/534/1.f:OHCFJE_02975 -            499 GH43_2.hmm           -            273   2.1e-15   61.4   0.2   1   1   6.6e-18   3.8e-15   60.5   0.0    66   266    88   295    48   302 0.69 [190263/534/1]
190263/545/1.f:NCJBIN_10675 -            499 GH43_2.hmm           -            273   2.1e-15   61.4   0.2   1   1   6.6e-18   3.8e-15   60.5   0.0    66   266    88   295    48   302 0.69 [190263/545/1]
190263/488/1.f:DNPFAC_07140 -            526 GH43_2.hmm           -            273   2.5e-15   61.1   0.5   1   1   6.7e-18   3.9e-15   60.5   0.5    38   247    70   285    56   293 0.84 [190263/488/1]
190263/404/1.f:BGJBIG_05365 -            340 GH43_2.hmm           -            273   3.6e-15   60.6   4.1   1   1   8.1e-18   4.7e-15   60.2   0.4    36   219    84   267    61   278 0.81 [190263/404/1]
190263/461/1.f:DHPHOK_03515 -            577 GH43_2.hmm           -            273   4.8e-15   60.2   1.1   1   1     3e-17   1.8e-14   58.3   0.1   108   272   131   316   118   317 0.80 [190263/461/1]
190263/401/1.f:DMFJNH_07530 -            355 GH43_2.hmm           -            273   5.2e-15   60.1   2.2   1   1   5.9e-17   3.4e-14   57.4   0.2    36   219    84   267    62   278 0.81 [190263/401/1]
190263/504/1.f:DOAHDM_08035 -            355 GH43_2.hmm           -            273   5.2e-15   60.1   2.2   1   1   5.9e-17   3.4e-14   57.4   0.2    36   219    84   267    62   278 0.81 [190263/504/1]
190263/546/1.f:GEHMID_03135 -            526 GH43_2.hmm           -            273   5.9e-15   59.9   0.1   1   1   2.1e-17   1.2e-14   58.8   0.1    34   215    38   228    24   264 0.84 [190263/546/1]
190263/401/1.f:DMFJNH_04555 -            329 GH43_2.hmm           -            273   9.9e-15   59.1   7.7   1   1   1.8e-16     1e-13   55.8   7.2    35   253    61   291    38   322 0.67 [190263/401/1]
190263/504/1.f:DOAHDM_05050 -            329 GH43_2.hmm           -            273   9.9e-15   59.1   7.7   1   1   1.8e-16     1e-13   55.8   7.2    35   253    61   291    38   322 0.67 [190263/504/1]
190263/562/1.f:KJGNCK_06510 -            633 GH43_2.hmm           -            273   1.2e-14   58.8   0.7   1   1   8.4e-17   4.9e-14   56.9   0.6    37   272   353   613   328   614 0.72 [190263/562/1]
190263/399/1.f:CDLIDF_16935 -            535 GH43_2.hmm           -            273   1.3e-14   58.7   1.7   1   1     4e-17   2.3e-14   57.9   1.7    38   244    70   274    53   285 0.77 [190263/399/1]
190263/552/1.f:EMALNL_02625 -            463 GH43_2.hmm           -            273   1.3e-14   58.7   2.8   1   1   9.8e-17   5.7e-14   56.6   2.8    31   228    73   262    48   277 0.77 [190263/552/1]
190263/401/1.f:DMFJNH_07430 -            453 GH43_2.hmm           -            273   1.4e-14   58.7   2.3   1   1   3.6e-17   2.1e-14   58.1   2.3    40   250     5   214     2   225 0.83 [190263/401/1]
190263/504/1.f:DOAHDM_07935 -            453 GH43_2.hmm           -            273   1.4e-14   58.7   2.3   1   1   3.6e-17   2.1e-14   58.1   2.3    40   250     5   214     2   225 0.83 [190263/504/1]
190263/417/1.f:MHBJAE_04965 -            997 GH43_2.hmm           -            273   1.5e-14   58.5   8.9   1   1     2e-16   1.2e-13   55.6   9.0    39   272   409   658   401   659 0.80 [190263/417/1]
190263/461/1.f:DHPHOK_00425 -           1106 GH43_2.hmm           -            273   2.1e-14   58.0   4.3   1   1     1e-16   6.1e-14   56.5   3.5    36   219    89   272    57   283 0.83 [190263/461/1]
190263/388/1.f:FDDJJK_00175 -            527 GH43_2.hmm           -            273   2.8e-14   57.7   2.0   1   1   9.1e-17   5.3e-14   56.7   0.2    28   246    51   270    44   276 0.79 [190263/388/1]
190263/585/1.f:DLBDDB_15915 -            162 GH43_2.hmm           -            273   2.9e-14   57.6   0.0   1   1   6.7e-17   3.9e-14   57.2   0.0     3   111    50   151    48   156 0.90 [190263/585/1]
190263/552/1.f:EMALNL_01625 -            532 GH43_2.hmm           -            273   3.2e-14   57.5   0.4   1   1   9.7e-17   5.7e-14   56.6   0.4    27   246    52   272    45   278 0.79 [190263/552/1]
190263/534/1.f:OHCFJE_08385 -            513 GH43_2.hmm           -            273   3.2e-14   57.5   0.4   1   1   1.2e-16   7.1e-14   56.3   0.1    38   249    69   272    44   289 0.84 [190263/534/1]
190263/502/1.f:NONHGB_06005 -            379 GH43_2.hmm           -            273   3.3e-14   57.4   0.1   1   1   1.7e-16   9.7e-14   55.9   0.0    38   217   101   286    93   309 0.80 [190263/502/1]
190263/504/1.f:DOAHDM_03725 -            514 GH43_2.hmm           -            273   3.5e-14   57.3   0.3   1   1   1.5e-16     9e-14   56.0   0.1    36   250    68   274    45   284 0.85 [190263/504/1]
190263/401/1.f:DMFJNH_03265 -            514 GH43_2.hmm           -            273   3.5e-14   57.3   0.3   1   1   1.5e-16     9e-14   56.0   0.1    36   250    68   274    45   284 0.85 [190263/401/1]
190263/399/1.f:CDLIDF_02555 -            456 GH43_2.hmm           -            273   4.6e-14   56.9   1.8   1   1   2.1e-16   1.2e-13   55.6   1.7    30   227    63   252    39   262 0.80 [190263/399/1]
190263/461/1.f:DHPHOK_03510 -            578 GH43_2.hmm           -            273   4.7e-14   56.9   0.4   1   1   2.3e-16   1.3e-13   55.4   0.1   108   272   129   314   102   315 0.82 [190263/461/1]
190263/391/1.f:NONBJF_03805 -            513 GH43_2.hmm           -            273     5e-14   56.8   0.4   1   1     2e-16   1.2e-13   55.6   0.1    38   249    69   272    44   289 0.83 [190263/391/1]
190263/545/1.f:NCJBIN_04485 -            513 GH43_2.hmm           -            273     5e-14   56.8   0.4   1   1     2e-16   1.2e-13   55.6   0.1    38   249    69   272    44   289 0.83 [190263/545/1]
190263/573/1.f:LIDFCI_15695 -            340 GH43_2.hmm           -            273   6.3e-14   56.5   2.4   1   1   5.4e-16   3.1e-13   54.2   0.1    36   219    84   267    66   276 0.81 [190263/573/1]
190263/461/1.f:DHPHOK_17575 -            979 GH43_2.hmm           -            273   6.6e-14   56.4   0.4   1   1   2.2e-16   1.3e-13   55.5   0.4    29   250   531   753   519   767 0.75 [190263/461/1]
190263/475/1.f:MCKEEP_04910 -            329 GH43_2.hmm           -            273   6.6e-14   56.4  11.8   1   1   8.1e-16   4.7e-13   53.6  11.8    35   251    60   289    36   320 0.67 [190263/475/1]
190263/502/1.f:NONHGB_05230 -            533 GH43_2.hmm           -            273   6.9e-14   56.4   0.7   1   1   2.1e-16   1.2e-13   55.6   0.7    28   225    55   252    44   275 0.79 [190263/502/1]
190263/391/1.f:NONBJF_00170 -            527 GH43_2.hmm           -            273   7.7e-14   56.2   1.9   1   1   2.8e-16   1.6e-13   55.2   0.1    28   246    51   270    44   276 0.79 [190263/391/1]
190263/534/1.f:OHCFJE_00170 -            527 GH43_2.hmm           -            273   7.7e-14   56.2   1.9   1   1   2.8e-16   1.6e-13   55.2   0.1    28   246    51   270    44   276 0.79 [190263/534/1]
190263/545/1.f:NCJBIN_00170 -            527 GH43_2.hmm           -            273   7.7e-14   56.2   1.9   1   1   2.8e-16   1.6e-13   55.2   0.1    28   246    51   270    44   276 0.79 [190263/545/1]
190263/399/1.f:CDLIDF_13550 -            334 GH43_2.hmm           -            273   7.7e-14   56.2   0.5   1   1     2e-16   1.2e-13   55.6   0.5    36   219    71   255    44   326 0.76 [190263/399/1]
190263/573/1.f:LIDFCI_18730 -            329 GH43_2.hmm           -            273   7.8e-14   56.2  11.6   1   1   8.4e-16   4.9e-13   53.6  11.6    35   251    60   289    35   320 0.68 [190263/573/1]
190263/437/1.f:LBKKEJ_05985 -            577 GH43_2.hmm           -            273     8e-14   56.2   3.4   1   1   5.7e-16   3.3e-13   54.1   0.7   113   272   136   317   119   318 0.79 [190263/437/1]
190263/502/1.f:NONHGB_07050 -            574 GH43_2.hmm           -            273   8.1e-14   56.1   3.2   1   1   2.3e-16   1.4e-13   55.4   0.5   119   272   140   314   120   315 0.78 [190263/502/1]
190263/520/1.f:GGDGDE_09245 -            630 GH43_2.hmm           -            273   8.2e-14   56.1   0.2   1   1     3e-16   1.7e-13   55.1   0.0    40   272   170   406   151   407 0.76 [190263/520/1]
190263/552/1.f:EMALNL_04920 -            329 GH43_2.hmm           -            273   8.7e-14   56.0  11.7   1   1   9.8e-16   5.7e-13   53.4  11.7    35   251    60   289    36   320 0.67 [190263/552/1]
190263/405/1.f:EHKDKA_07790 -            574 GH43_2.hmm           -            273   9.7e-14   55.9   0.6   1   1   1.7e-16   9.7e-14   55.9   0.6   118   272   139   314   117   315 0.78 [190263/405/1]
190263/399/1.f:CDLIDF_10095 -            833 GH43_2.hmm           -            273   1.1e-13   55.6   2.3   1   1     2e-16   1.1e-13   55.6   2.3    66   272    78   289    56   290 0.82 [190263/399/1]
190263/520/1.f:GGDGDE_04270 -            498 GH43_2.hmm           -            273   1.3e-13   55.4   1.2   1   1   3.6e-16   2.1e-13   54.8   1.2    26   224    26   224    12   255 0.79 [190263/520/1]
190263/369/1.f:JCDIFE_12790 -            817 GH43_2.hmm           -            273   1.3e-13   55.4  10.9   1   1   9.6e-16   5.6e-13   53.4   2.1    27   272    50   289    39   290 0.78 [190263/369/1]
190263/502/1.f:NONHGB_20365 -            495 GH43_2.hmm           -            273   1.6e-13   55.1   1.2   1   1   4.5e-16   2.6e-13   54.5   1.2     3   272    56   363    41   364 0.83 [190263/502/1]
190263/423/1.f:PDNKFB_00445 -            498 GH43_2.hmm           -            273   1.7e-13   55.1   1.3   1   1   4.6e-16   2.7e-13   54.4   1.3    26   224    26   224    14   255 0.80 [190263/423/1]
190263/502/1.f:NONHGB_00185 -            709 GH43_2.hmm           -            273   1.8e-13   55.0   2.2   1   1   9.5e-16   5.5e-13   53.4   0.7    34   227   323   508   312   524 0.77 [190263/502/1]
190263/490/1.f:OIBLLI_09735 -            542 GH43_2.hmm           -            273     2e-13   54.8   1.1   1   1   5.4e-16   3.1e-13   54.2   0.3    41   234    50   243    31   271 0.72 [190263/490/1]
190263/405/1.f:EHKDKA_05910 -            541 GH43_2.hmm           -            273   2.2e-13   54.7   0.6   1   1   6.5e-16   3.8e-13   53.9   0.6    28   225    55   252    41   275 0.79 [190263/405/1]
190263/369/1.f:JCDIFE_18065 -            500 GH43_2.hmm           -            273   3.7e-13   54.0   0.1   1   1   8.8e-16   5.1e-13   53.5   0.1     3   272    61   368    59   369 0.81 [190263/369/1]
#
# Program:         hmmsearch
# Version:         3.3.2 (Nov 2020)
# Pipeline mode:   SEARCH
# Query file:      /kb/module/work/tmp/output.1725388484971/GH43_2/GH43_2.hmm
# Target file:     /kb/module/work/tmp/output.1725388484971/hCom2_RAST.fasta
# Option settings: /kb/module/hmmer/bin/hmmsearch --domtblout /kb/module/work/tmp/output.1725388484971/GH43_2/GH43_2-hCom2_RAST.hitout.txt --noali --notextw --domE 1e-15 /kb/module/work/tmp/output.1725388484971/GH43_2/GH43_2.hmm /kb/module/work/tmp/output.1725388484971/hCom2_RAST.fasta 
# Current dir:     /kb/module/work/tmp/output.1725388484971
# Date:            Tue Sep  3 18:51:33 2024
# [ok]
