#                                                                                   --- full sequence --- -------------- this domain -------------   hmm coord   ali coord   env coord
# target name               accession   tlen query name           accession   qlen   E-value  score  bias   #  of  c-Evalue  i-Evalue  score  bias  from    to  from    to  from    to  acc description of target
#       ------------------- ---------- ----- -------------------- ---------- ----- --------- ------ ----- --- --- --------- --------- ------ ----- ----- ----- ----- ----- ----- ----- ---- ---------------------
190263/541/1.f:IDEEIE_12540 -           1769 GH43_10.hmm          -            271  6.3e-130  437.2  13.9   1   2   1.8e-90   9.3e-88  298.9   4.0     1   271    43   326    43   326 0.94 [190263/541/1]
190263/541/1.f:IDEEIE_12540 -           1769 GH43_10.hmm          -            271  6.3e-130  437.2  13.9   2   2   5.4e-43   2.8e-40  143.2   2.3     2   266  1076  1386  1075  1390 0.90 [190263/541/1]
190263/460/1.f:IHFGKI_00025 -            986 GH43_10.hmm          -            271  4.4e-121  408.2  10.8   1   2   5.2e-23   2.6e-20   77.7   3.6     1   269    29   327    29   330 0.83 [190263/460/1]
190263/460/1.f:IHFGKI_00025 -            986 GH43_10.hmm          -            271  4.4e-121  408.2  10.8   2   2    2e-101     1e-98  334.9   0.7     2   271   480   744   479   744 0.98 [190263/460/1]
190263/502/1.f:NONHGB_14095 -            549 GH43_10.hmm          -            271  4.3e-110  372.2   1.3   1   1  1.1e-112  5.9e-110  371.7   1.3     2   271    38   307    37   307 0.99 [190263/502/1]
190263/405/1.f:EHKDKA_15365 -            549 GH43_10.hmm          -            271  1.4e-109  370.4   1.4   1   1  3.8e-112  1.9e-109  370.0   1.4     2   271    38   307    37   307 0.99 [190263/405/1]
190263/552/1.f:EMALNL_14145 -            549 GH43_10.hmm          -            271  1.3e-108  367.3   2.2   1   1  3.8e-111    2e-108  366.7   2.2     1   271    37   307    37   307 0.99 [190263/552/1]
190263/369/1.f:JCDIFE_10740 -            544 GH43_10.hmm          -            271  1.8e-108  366.8   1.2   1   1  6.3e-111  3.2e-108  366.0   1.2     2   271    33   302    32   302 0.99 [190263/369/1]
190263/562/1.f:KJGNCK_14345 -            549 GH43_10.hmm          -            271  2.7e-108  366.3   2.1   1   1  7.6e-111  3.9e-108  365.7   2.1     1   271    37   307    37   307 0.98 [190263/562/1]
190263/401/1.f:DMFJNH_14545 -            549 GH43_10.hmm          -            271  6.8e-108  364.9   1.3   1   1  1.9e-110  9.6e-108  364.5   1.3     1   271    37   307    37   307 0.99 [190263/401/1]
190263/504/1.f:DOAHDM_14575 -            549 GH43_10.hmm          -            271  6.8e-108  364.9   1.3   1   1  1.9e-110  9.6e-108  364.5   1.3     1   271    37   307    37   307 0.99 [190263/504/1]
190263/475/1.f:MCKEEP_14510 -            549 GH43_10.hmm          -            271  2.5e-107  363.1   2.2   1   1  6.9e-110  3.5e-107  362.6   2.2     1   271    37   307    37   307 0.99 [190263/475/1]
190263/388/1.f:FDDJJK_10255 -            554 GH43_10.hmm          -            271  2.8e-107  362.9   0.4   1   1  7.5e-110  3.8e-107  362.5   0.4     1   271    37   306    37   306 0.97 [190263/388/1]
190263/585/1.f:DLBDDB_16965 -            548 GH43_10.hmm          -            271  3.1e-107  362.8   2.1   1   1  8.7e-110  4.4e-107  362.3   2.1     1   271    37   307    37   307 0.99 [190263/585/1]
190263/573/1.f:LIDFCI_04235 -            549 GH43_10.hmm          -            271  3.2e-107  362.7   1.7   1   1    9e-110  4.6e-107  362.2   1.7     1   271    37   307    37   307 0.99 [190263/573/1]
190263/399/1.f:CDLIDF_10110 -            550 GH43_10.hmm          -            271  3.9e-107  362.5   0.8   1   1    1e-109  5.2e-107  362.1   0.8     1   271    38   308    38   308 0.99 [190263/399/1]
190263/552/1.f:EMALNL_11310 -            558 GH43_10.hmm          -            271  3.9e-107  362.5   0.3   1   1  1.1e-109  5.5e-107  362.0   0.3     1   271    39   309    39   309 0.97 [190263/552/1]
190263/562/1.f:KJGNCK_11340 -            558 GH43_10.hmm          -            271  4.1e-107  362.4   0.2   1   1  1.2e-109  5.9e-107  361.9   0.2     1   271    39   309    39   309 0.97 [190263/562/1]
190263/585/1.f:DLBDDB_08645 -            558 GH43_10.hmm          -            271  4.7e-107  362.2   0.2   1   1  1.3e-109  6.7e-107  361.7   0.2     1   271    39   309    39   309 0.97 [190263/585/1]
190263/404/1.f:BGJBIG_07300 -            558 GH43_10.hmm          -            271  5.2e-107  362.1   0.3   1   1  1.4e-109  7.2e-107  361.6   0.3     1   271    39   309    39   309 0.97 [190263/404/1]
190263/391/1.f:NONBJF_10790 -            554 GH43_10.hmm          -            271  6.5e-107  361.7   0.4   1   1  1.7e-109  8.7e-107  361.3   0.4     1   271    37   306    37   306 0.97 [190263/391/1]
190263/534/1.f:OHCFJE_02065 -            554 GH43_10.hmm          -            271  6.5e-107  361.7   0.4   1   1  1.7e-109  8.7e-107  361.3   0.4     1   271    37   306    37   306 0.97 [190263/534/1]
190263/545/1.f:NCJBIN_11650 -            554 GH43_10.hmm          -            271  6.5e-107  361.7   0.4   1   1  1.7e-109  8.7e-107  361.3   0.4     1   271    37   306    37   306 0.97 [190263/545/1]
190263/405/1.f:EHKDKA_11580 -            560 GH43_10.hmm          -            271  1.3e-106  360.8   0.2   1   1  3.4e-109  1.7e-106  360.3   0.2     1   271    40   310    40   310 0.97 [190263/405/1]
190263/388/1.f:FDDJJK_00610 -            549 GH43_10.hmm          -            271  1.8e-106  360.3   0.5   1   1  6.6e-109  3.4e-106  359.4   0.6     2   271    38   307    37   307 0.99 [190263/388/1]
190263/401/1.f:DMFJNH_10295 -            558 GH43_10.hmm          -            271  1.8e-106  360.2   0.1   1   1  5.2e-109  2.6e-106  359.7   0.1     1   271    39   309    39   309 0.97 [190263/401/1]
190263/573/1.f:LIDFCI_00915 -            558 GH43_10.hmm          -            271  4.2e-106  359.1   0.2   1   1  1.2e-108  5.9e-106  358.6   0.2     1   271    39   309    39   309 0.97 [190263/573/1]
190263/504/1.f:DOAHDM_10665 -            558 GH43_10.hmm          -            271  5.2e-106  358.8   0.1   1   1  1.5e-108  7.5e-106  358.3   0.1     1   271    39   309    39   309 0.97 [190263/504/1]
190263/475/1.f:MCKEEP_10240 -            558 GH43_10.hmm          -            271  7.8e-106  358.2   0.4   1   1  2.2e-108  1.1e-105  357.7   0.4     1   271    39   309    39   309 0.97 [190263/475/1]
190263/490/1.f:OIBLLI_09735 -            542 GH43_10.hmm          -            271  1.1e-105  357.7   2.5   1   1  2.9e-108  1.5e-105  357.3   2.5     1   271    12   281    12   281 0.98 [190263/490/1]
190263/502/1.f:NONHGB_10035 -            559 GH43_10.hmm          -            271  1.2e-105  357.6   0.1   1   1  3.6e-108  1.8e-105  357.0   0.1     1   271    40   310    40   310 0.97 [190263/502/1]
190263/466/1.f:PGJOII_00185 -            558 GH43_10.hmm          -            271  1.6e-105  357.2   0.2   1   1  4.5e-108  2.3e-105  356.6   0.2     1   271    40   310    40   310 0.97 [190263/466/1]
190263/391/1.f:NONBJF_00550 -            549 GH43_10.hmm          -            271  1.8e-105  357.0   0.5   1   1  6.5e-108  3.3e-105  356.1   0.5     2   271    38   307    37   307 0.99 [190263/391/1]
190263/534/1.f:OHCFJE_01315 -            549 GH43_10.hmm          -            271  1.9e-105  357.0   0.5   1   1  6.5e-108  3.3e-105  356.1   0.5     2   271    38   307    37   307 0.99 [190263/534/1]
190263/545/1.f:NCJBIN_00645 -            549 GH43_10.hmm          -            271  1.9e-105  357.0   0.5   1   1  6.5e-108  3.3e-105  356.1   0.5     2   271    38   307    37   307 0.99 [190263/545/1]
190263/456/1.f:LKAJBD_06230 -            558 GH43_10.hmm          -            271  3.9e-105  355.9   0.3   1   1  1.1e-107  5.5e-105  355.4   0.3     1   271    40   310    40   310 0.97 [190263/456/1]
190263/369/1.f:JCDIFE_08905 -            570 GH43_10.hmm          -            271  8.1e-105  354.9   0.1   1   1  2.3e-107  1.2e-104  354.3   0.1     1   271    51   321    51   321 0.97 [190263/369/1]
190263/534/1.f:OHCFJE_00275 -            555 GH43_10.hmm          -            271  3.4e-104  352.8   0.9   1   1  9.7e-107  4.9e-104  352.3   0.9     1   271    38   307    38   307 0.97 [190263/534/1]
190263/595/1.f:HGDLEC_03290 -            559 GH43_10.hmm          -            271  5.9e-104  352.0   0.2   1   1    2e-106    1e-103  351.2   0.2     1   271    38   307    38   307 0.98 [190263/595/1]
190263/520/1.f:GGDGDE_09240 -            526 GH43_10.hmm          -            271  9.7e-104  351.3   2.2   1   1  3.3e-106  1.7e-103  350.5   2.2     1   271    15   283    15   283 0.98 [190263/520/1]
190263/457/1.f:IIKDLL_04080 -            553 GH43_10.hmm          -            271  2.9e-103  349.7   2.3   1   1    1e-105  5.3e-103  348.9   2.3     2   271    33   301    32   301 0.98 [190263/457/1]
190263/437/1.f:LBKKEJ_08355 -            555 GH43_10.hmm          -            271  1.2e-102  347.7   0.1   1   1  3.8e-105  1.9e-102  347.1   0.1     1   271    38   307    38   307 0.97 [190263/437/1]
190263/405/1.f:EHKDKA_02035 -            519 GH43_10.hmm          -            271  3.3e-102  346.3   1.8   1   1  8.7e-105  4.5e-102  345.9   1.8     1   271    27   294    27   294 0.97 [190263/405/1]
190263/391/1.f:NONBJF_09700 -            544 GH43_10.hmm          -            271  5.9e-102  345.5   0.5   1   1  1.8e-104    9e-102  344.9   0.5     1   271    35   303    35   303 0.97 [190263/391/1]
190263/545/1.f:NCJBIN_10530 -            544 GH43_10.hmm          -            271  9.5e-102  344.8   0.5   1   1  2.8e-104  1.5e-101  344.2   0.5     1   271    35   303    35   303 0.97 [190263/545/1]
190263/502/1.f:NONHGB_01910 -            519 GH43_10.hmm          -            271  1.9e-101  343.8   2.1   1   1    6e-104  3.1e-101  343.1   2.1     2   271    28   294    27   294 0.97 [190263/502/1]
190263/534/1.f:OHCFJE_03150 -            544 GH43_10.hmm          -            271  3.5e-101  342.9   0.6   1   1    1e-103  5.4e-101  342.3   0.6     1   271    35   303    35   303 0.97 [190263/534/1]
190263/502/1.f:NONHGB_05935 -            517 GH43_10.hmm          -            271  2.7e-100  340.0   1.0   1   1  5.3e-103  2.7e-100  340.0   1.0     1   271    34   298    34   298 0.97 [190263/502/1]
190263/562/1.f:KJGNCK_02385 -            543 GH43_10.hmm          -            271  6.3e-100  338.8   1.3   1   1    2e-102     1e-99  338.1   1.3     1   271    44   309    44   309 0.98 [190263/562/1]
190263/400/1.f:EIBLKL_09335 -            592 GH43_10.hmm          -            271  6.8e-100  338.7   3.0   1   1  1.3e-102  6.8e-100  338.7   3.0     1   271    72   341    72   341 0.98 [190263/400/1]
190263/488/1.f:DNPFAC_07140 -            526 GH43_10.hmm          -            271  8.6e-100  338.4   1.2   1   1  2.4e-102   1.2e-99  337.8   1.2     1   271    35   309    35   309 0.96 [190263/488/1]
190263/417/1.f:MHBJAE_06245 -            526 GH43_10.hmm          -            271   2.7e-99  336.7   2.3   1   1  7.8e-102     4e-99  336.2   1.6     1   271    35   309    35   309 0.96 [190263/417/1]
190263/388/1.f:FDDJJK_00175 -            527 GH43_10.hmm          -            271   4.3e-99  336.1   0.7   1   1  1.4e-101   7.1e-99  335.4   0.2     2   271    27   294    26   294 0.97 [190263/388/1]
190263/456/1.f:LKAJBD_08190 -            797 GH43_10.hmm          -            271   6.8e-99  335.4   0.4   1   1    3e-101   1.5e-98  334.3   0.4     1   271    28   295    28   295 0.98 [190263/456/1]
190263/391/1.f:NONBJF_00170 -            527 GH43_10.hmm          -            271   8.3e-99  335.1   0.5   1   1  2.5e-101   1.3e-98  334.5   0.1     2   271    27   294    26   294 0.97 [190263/391/1]
190263/534/1.f:OHCFJE_00170 -            527 GH43_10.hmm          -            271   8.3e-99  335.1   0.5   1   1  2.5e-101   1.3e-98  334.5   0.1     2   271    27   294    26   294 0.97 [190263/534/1]
190263/545/1.f:NCJBIN_00170 -            527 GH43_10.hmm          -            271   8.3e-99  335.1   0.5   1   1  2.5e-101   1.3e-98  334.5   0.1     2   271    27   294    26   294 0.97 [190263/545/1]
190263/399/1.f:CDLIDF_16935 -            535 GH43_10.hmm          -            271   9.5e-99  335.0   1.8   1   1  2.8e-101   1.4e-98  334.4   1.8     2   271    36   300    35   300 0.98 [190263/399/1]
190263/534/1.f:OHCFJE_08385 -            513 GH43_10.hmm          -            271   3.1e-98  333.3   0.8   1   1    1e-100   5.2e-98  332.5   0.8     2   271    36   294    35   294 0.97 [190263/534/1]
190263/460/1.f:IHFGKI_01825 -            596 GH43_10.hmm          -            271   3.9e-98  333.0   2.4   1   1  1.6e-100     8e-98  331.9   2.4     1   270    46   324    46   324 0.93 [190263/460/1]
190263/391/1.f:NONBJF_03805 -            513 GH43_10.hmm          -            271   4.4e-98  332.8   0.7   1   1  1.5e-100   7.5e-98  332.0   0.7     2   271    36   294    35   294 0.97 [190263/391/1]
190263/545/1.f:NCJBIN_04485 -            513 GH43_10.hmm          -            271   4.4e-98  332.8   0.7   1   1  1.5e-100   7.5e-98  332.0   0.7     2   271    36   294    35   294 0.97 [190263/545/1]
190263/384/1.f:CDKGIA_11810 -            549 GH43_10.hmm          -            271   5.5e-98  332.5   0.0   1   1  1.4e-100   7.1e-98  332.1   0.0     1   271     5   272     5   272 0.98 [190263/384/1]
190263/396/1.f:KAAOMA_19120 -           1075 GH43_10.hmm          -            271   6.4e-98  332.2   3.2   1   1  1.2e-100   6.4e-98  332.2   3.2     2   271    45   313    44   313 0.98 [190263/396/1]
190263/552/1.f:EMALNL_01625 -            532 GH43_10.hmm          -            271   7.6e-98  332.0   0.2   1   1  2.2e-100   1.1e-97  331.5   0.2     2   271    29   296    28   296 0.97 [190263/552/1]
190263/409/1.f:AJJCMD_29650 -            537 GH43_10.hmm          -            271   2.3e-97  330.4   0.0   1   1  5.7e-100   2.9e-97  330.1   0.0     1   271    38   305    38   305 0.98 [190263/409/1]
190263/423/1.f:PDNKFB_00445 -            498 GH43_10.hmm          -            271   4.2e-97  329.5   1.2   1   1  8.3e-100   4.2e-97  329.5   1.2     2   271     4   272     3   272 0.98 [190263/423/1]
190263/401/1.f:DMFJNH_03265 -            514 GH43_10.hmm          -            271   5.8e-97  329.1   1.2   1   1   1.1e-99   5.8e-97  329.1   1.2     2   271    37   295    36   295 0.97 [190263/401/1]
190263/504/1.f:DOAHDM_03725 -            514 GH43_10.hmm          -            271   5.8e-97  329.1   1.2   1   1   1.1e-99   5.8e-97  329.1   1.2     2   271    37   295    36   295 0.97 [190263/504/1]
190263/520/1.f:GGDGDE_04270 -            498 GH43_10.hmm          -            271   7.7e-97  328.7   2.2   1   1   2.3e-99   1.2e-96  328.1   1.2     2   271     4   272     3   272 0.98 [190263/520/1]
190263/405/1.f:EHKDKA_05910 -            541 GH43_10.hmm          -            271     1e-96  328.3   0.7   1   1   2.8e-99   1.4e-96  327.8   0.7     1   271    30   298    30   298 0.97 [190263/405/1]
190263/404/1.f:BGJBIG_07265 -            528 GH43_10.hmm          -            271   2.8e-96  326.9   2.1   1   1   7.2e-99   3.7e-96  326.5   2.1     1   271    37   311    37   311 0.95 [190263/404/1]
190263/405/1.f:EHKDKA_03295 -            725 GH43_10.hmm          -            271   5.7e-96  325.8   4.2   1   1     2e-98     1e-95  325.0   4.2     1   271   103   369   103   369 0.98 [190263/405/1]
190263/502/1.f:NONHGB_05230 -            533 GH43_10.hmm          -            271   1.7e-95  324.3   0.8   1   1   4.8e-98   2.5e-95  323.8   0.8     1   271    30   298    30   298 0.97 [190263/502/1]
190263/520/1.f:GGDGDE_19895 -            538 GH43_10.hmm          -            271   2.2e-95  323.9   2.5   1   1     1e-96   5.2e-94  319.4   0.3     2   271    12   280    11   280 0.98 [190263/520/1]
190263/527/1.f:HGADJN_01625 -            529 GH43_10.hmm          -            271   3.1e-95  323.4   0.1   1   1   1.5e-97   7.9e-95  322.1   0.0     1   271     6   276     6   276 0.98 [190263/527/1]
190263/552/1.f:EMALNL_10855 -            668 GH43_10.hmm          -            271   8.9e-95  321.9   5.1   1   1   2.3e-97   1.2e-94  321.6   3.3     1   271    47   313    47   313 0.98 [190263/552/1]
190263/562/1.f:KJGNCK_10930 -            668 GH43_10.hmm          -            271   1.1e-94  321.6   5.4   1   1   2.3e-97   1.2e-94  321.6   3.3     1   271    47   313    47   313 0.98 [190263/562/1]
190263/391/1.f:NONBJF_09445 -            955 GH43_10.hmm          -            271   2.3e-94  320.6   2.5   1   1   1.4e-96   7.4e-94  318.9   2.2     2   271    37   295    36   295 0.97 [190263/391/1]
190263/534/1.f:OHCFJE_03435 -            955 GH43_10.hmm          -            271   2.3e-94  320.6   2.5   1   1   1.4e-96   7.4e-94  318.9   2.2     2   271    37   295    36   295 0.97 [190263/534/1]
190263/545/1.f:NCJBIN_10260 -            955 GH43_10.hmm          -            271   2.3e-94  320.6   2.5   1   1   1.4e-96   7.4e-94  318.9   2.2     2   271    37   295    36   295 0.97 [190263/545/1]
190263/520/1.f:GGDGDE_19865 -            524 GH43_10.hmm          -            271   2.8e-94  320.3   0.7   1   1   9.5e-97   4.9e-94  319.5   0.7     2   269     5   276     4   277 0.98 [190263/520/1]
190263/420/1.f:GMHOLO_01510 -            529 GH43_10.hmm          -            271   3.4e-94  320.0   0.0   1   1   1.1e-96   5.9e-94  319.2   0.0     1   271     6   276     6   276 0.98 [190263/420/1]
190263/552/1.f:EMALNL_07510 -            532 GH43_10.hmm          -            271   5.5e-94  319.3   0.0   1   1   1.4e-96   7.3e-94  318.9   0.0     1   271    28   297    28   297 0.97 [190263/552/1]
190263/573/1.f:LIDFCI_16030 -            532 GH43_10.hmm          -            271   5.6e-94  319.3   0.0   1   1   1.4e-96   7.3e-94  318.9   0.0     1   271    28   297    28   297 0.97 [190263/573/1]
190263/475/1.f:MCKEEP_08310 -            532 GH43_10.hmm          -            271     2e-93  317.5   0.0   1   1   5.2e-96   2.7e-93  317.1   0.0     1   271    28   297    28   297 0.97 [190263/475/1]
190263/405/1.f:EHKDKA_05820 -           1205 GH43_10.hmm          -            271   2.9e-93  317.0   4.0   1   1   1.1e-95   5.4e-93  316.1   4.0     1   271   424   678   424   678 0.99 [190263/405/1]
190263/502/1.f:NONHGB_05050 -           1205 GH43_10.hmm          -            271   4.1e-93  316.5   4.2   1   1   1.4e-95   7.3e-93  315.7   4.2     1   271   424   678   424   678 0.99 [190263/502/1]
190263/460/1.f:IHFGKI_00035 -            712 GH43_10.hmm          -            271   1.5e-87  298.2   5.9   1   1   3.5e-77   1.8e-74  255.4   1.1     1   227    51   267    51   278 0.94 [190263/460/1]
190263/405/1.f:EHKDKA_02305 -            697 GH43_10.hmm          -            271   1.1e-85  292.1   3.6   1   1   3.8e-76   1.9e-73  252.0   0.3     1   232    34   252    34   273 0.93 [190263/405/1]
190263/580/1.f:JCPJNN_19935 -            504 GH43_10.hmm          -            271   4.7e-85  290.0   0.0   1   1   1.2e-87   5.9e-85  289.7   0.0     1   271     4   273     4   273 0.97 [190263/580/1]
190263/456/1.f:LKAJBD_15330 -            693 GH43_10.hmm          -            271   7.6e-85  289.4   2.4   1   1   2.1e-75   1.1e-72  249.5   0.1     1   236    32   261    32   285 0.91 [190263/456/1]
190263/595/1.f:HGDLEC_05000 -            699 GH43_10.hmm          -            271   2.3e-84  287.8   5.2   1   1   4.2e-83   2.1e-80  274.8   5.2     1   271    43   335    43   335 0.96 [190263/595/1]
190263/562/1.f:KJGNCK_02440 -           1354 GH43_10.hmm          -            271   5.6e-84  286.5   3.8   1   1     9e-74   4.6e-71  244.2   1.1     1   231    34   254    34   266 0.94 [190263/562/1]
190263/456/1.f:LKAJBD_08635 -            554 GH43_10.hmm          -            271   6.9e-84  286.2   0.1   1   1   2.1e-86   1.1e-83  285.6   0.1     1   271    28   308    28   308 0.94 [190263/456/1]
190263/502/1.f:NONHGB_05895 -            526 GH43_10.hmm          -            271   7.5e-78  266.4   0.2   1   1     2e-80     1e-77  266.0   0.2     2   271    41   308    40   308 0.95 [190263/502/1]
190263/401/1.f:DMFJNH_07430 -            453 GH43_10.hmm          -            271   2.2e-70  242.0   3.4   1   1   5.9e-73     3e-70  241.5   3.4    35   271     2   235     1   235 0.96 [190263/401/1]
190263/504/1.f:DOAHDM_07935 -            453 GH43_10.hmm          -            271   2.2e-70  242.0   3.4   1   1   5.9e-73     3e-70  241.5   3.4    35   271     2   235     1   235 0.96 [190263/504/1]
190263/399/1.f:CDLIDF_13450 -            857 GH43_10.hmm          -            271   1.8e-69  238.9   0.1   1   1   8.4e-61   4.3e-58  201.6   0.0     1   271    25   312    25   312 0.88 [190263/399/1]
190263/401/1.f:DMFJNH_06495 -            637 GH43_10.hmm          -            271   7.8e-67  230.3  10.5   1   2   9.4e-34   4.8e-31  112.9   1.9     2   269    32   311    31   312 0.85 [190263/401/1]
190263/401/1.f:DMFJNH_06495 -            637 GH43_10.hmm          -            271   7.8e-67  230.3  10.5   2   2   1.3e-36   6.7e-34  122.3   1.6     2   271   339   620   338   620 0.78 [190263/401/1]
190263/504/1.f:DOAHDM_07165 -            637 GH43_10.hmm          -            271   7.8e-67  230.3  10.5   1   2   9.4e-34   4.8e-31  112.9   1.9     2   269    32   311    31   312 0.85 [190263/504/1]
190263/504/1.f:DOAHDM_07165 -            637 GH43_10.hmm          -            271   7.8e-67  230.3  10.5   2   2   1.3e-36   6.7e-34  122.3   1.6     2   271   339   620   338   620 0.78 [190263/504/1]
190263/405/1.f:EHKDKA_15525 -           1120 GH43_10.hmm          -            271   4.4e-65  224.5  36.3   1   2   1.9e-43   9.8e-41  144.7   9.3     4   270    26   287    24   288 0.88 [190263/405/1]
190263/405/1.f:EHKDKA_15525 -           1120 GH43_10.hmm          -            271   4.4e-65  224.5  36.3   2   2   8.7e-23   4.5e-20   77.0   3.8     1   257   821  1092   821  1111 0.77 [190263/405/1]
190263/522/1.f:NPJBCH_10320 -            621 GH43_10.hmm          -            271   4.2e-64  221.3   5.3   1   2   3.7e-35   1.9e-32  117.5   1.4     1   271    31   314    31   314 0.81 [190263/522/1]
190263/522/1.f:NPJBCH_10320 -            621 GH43_10.hmm          -            271   4.2e-64  221.3   5.3   2   2   1.8e-31   9.1e-29  105.5   0.1     9   268   335   603   327   605 0.84 [190263/522/1]
190263/437/1.f:LBKKEJ_07225 -            231 GH43_10.hmm          -            271   1.3e-62  216.5   0.1   1   1   2.8e-65   1.5e-62  216.3   0.1     2   202    42   231    41   231 0.95 [190263/437/1]
190263/580/1.f:JCPJNN_10115 -            541 GH43_10.hmm          -            271   1.7e-61  212.8   0.6   1   1   4.5e-64   2.3e-61  212.4   0.6     1   271     6   287     6   287 0.91 [190263/580/1]
190263/443/1.f:LNLACP_05715 -            520 GH43_10.hmm          -            271     2e-61  212.5   0.1   1   1   4.8e-64   2.5e-61  212.3   0.1     1   271     5   291     5   291 0.89 [190263/443/1]
190263/520/1.f:GGDGDE_05930 -            521 GH43_10.hmm          -            271     2e-58  202.7   0.0   1   1     5e-61   2.6e-58  202.4   0.0     1   271     5   291     5   291 0.87 [190263/520/1]
190263/490/1.f:OIBLLI_09290 -            540 GH43_10.hmm          -            271     2e-58  202.7   0.1   1   1   6.9e-61   3.5e-58  201.9   0.1     1   271     4   282     4   282 0.87 [190263/490/1]
190263/457/1.f:IIKDLL_11780 -            646 GH43_10.hmm          -            271   2.1e-58  202.6   0.2   1   1   7.8e-61     4e-58  201.7   0.2     1   271   135   411   135   411 0.87 [190263/457/1]
190263/595/1.f:HGDLEC_08325 -            561 GH43_10.hmm          -            271   2.4e-58  202.5   0.1   1   1   7.1e-61   3.6e-58  201.9   0.1     2   271    49   341    48   341 0.89 [190263/595/1]
190263/429/1.f:OMPHBF_13095 -            519 GH43_10.hmm          -            271   2.5e-58  202.4   0.0   1   1   6.7e-61   3.4e-58  202.0   0.0     2   271     5   281     4   281 0.90 [190263/429/1]
190263/461/1.f:DHPHOK_06210 -            523 GH43_10.hmm          -            271     3e-58  202.2   0.0   1   1   8.2e-61   4.2e-58  201.7   0.0     1   271    26   300    26   300 0.88 [190263/461/1]
190263/520/1.f:GGDGDE_19885 -            513 GH43_10.hmm          -            271   1.7e-57  199.6   0.1   1   1   4.6e-60   2.4e-57  199.2   0.1     2   271     6   290     5   290 0.87 [190263/520/1]
190263/552/1.f:EMALNL_04305 -            529 GH43_10.hmm          -            271   3.2e-57  198.8   0.0   1   1   8.2e-60   4.2e-57  198.4   0.0     1   271    28   305    28   305 0.88 [190263/552/1]
190263/580/1.f:JCPJNN_30525 -            501 GH43_10.hmm          -            271   4.3e-57  198.4   0.0   1   1   1.1e-59   5.8e-57  197.9   0.0     1   271     4   279     4   279 0.90 [190263/580/1]
190263/546/1.f:GEHMID_03135 -            526 GH43_10.hmm          -            271   4.7e-57  198.2   0.5   1   1   1.4e-59   7.4e-57  197.6   0.5     2   270     8   297     7   297 0.87 [190263/546/1]
190263/409/1.f:AJJCMD_17550 -            503 GH43_10.hmm          -            271   1.5e-56  196.6   0.9   1   1   3.8e-59     2e-56  196.2   0.9     1   271     4   279     4   279 0.90 [190263/409/1]
190263/507/1.f:KPMKPI_02035 -            512 GH43_10.hmm          -            271   2.3e-56  196.0   0.7   1   1     9e-59   4.6e-56  195.0   0.0     1   271     4   287     4   287 0.90 [190263/507/1]
190263/405/1.f:EHKDKA_18135 -            520 GH43_10.hmm          -            271     4e-56  195.2   0.1   1   1   1.2e-58   5.9e-56  194.6   0.1     1   271    25   299    25   299 0.88 [190263/405/1]
190263/460/1.f:IHFGKI_14400 -            556 GH43_10.hmm          -            271   6.2e-56  194.5   0.0   1   1     2e-58     1e-55  193.8   0.0     2   271    48   340    47   340 0.88 [190263/460/1]
190263/423/1.f:PDNKFB_07020 -            523 GH43_10.hmm          -            271   6.5e-56  194.5   0.0   1   1   1.7e-58   8.7e-56  194.1   0.0     1   271     5   291     5   291 0.90 [190263/423/1]
190263/490/1.f:OIBLLI_02545 -            512 GH43_10.hmm          -            271     9e-56  194.0   0.1   1   1   3.2e-58   1.6e-55  193.2   0.1     2   270     7   285     6   286 0.86 [190263/490/1]
190263/437/1.f:LBKKEJ_18205 -            520 GH43_10.hmm          -            271   1.3e-55  193.5   0.0   1   1   3.4e-58   1.8e-55  193.1   0.0     1   271    24   298    24   298 0.89 [190263/437/1]
190263/562/1.f:KJGNCK_06145 -            530 GH43_10.hmm          -            271   1.3e-55  193.5   0.0   1   1   3.3e-58   1.7e-55  193.1   0.0     1   271    29   306    29   306 0.88 [190263/562/1]
190263/546/1.f:GEHMID_02780 -            535 GH43_10.hmm          -            271   3.6e-55  192.0   1.0   1   1   1.3e-57   6.9e-55  191.1   1.0     2   270     5   303     4   303 0.88 [190263/546/1]
190263/562/1.f:KJGNCK_06150 -            521 GH43_10.hmm          -            271   8.4e-55  190.8   0.1   1   1   2.7e-57   1.4e-54  190.1   0.1     2   271    25   298    24   298 0.90 [190263/562/1]
190263/552/1.f:EMALNL_04300 -            526 GH43_10.hmm          -            271   8.5e-55  190.8   0.1   1   1   2.8e-57   1.4e-54  190.1   0.1     2   271    25   298    24   298 0.90 [190263/552/1]
190263/399/1.f:CDLIDF_13510 -            537 GH43_10.hmm          -            271   2.1e-54  189.5   0.8   1   1   6.3e-57   3.2e-54  188.9   0.8     1   267    26   307    26   311 0.86 [190263/399/1]
190263/520/1.f:GGDGDE_09245 -            630 GH43_10.hmm          -            271   3.2e-54  188.9   0.0   1   1   9.3e-57   4.8e-54  188.4   0.0     2   271   134   408   133   408 0.86 [190263/520/1]
190263/573/1.f:LIDFCI_15995 -            577 GH43_10.hmm          -            271   3.7e-54  188.7   0.1   1   1   1.2e-56   6.2e-54  188.0   0.1     2   271    70   365    69   365 0.90 [190263/573/1]
190263/405/1.f:EHKDKA_12840 -            882 GH43_10.hmm          -            271   3.9e-54  188.7   0.0   1   1   2.4e-56   1.2e-53  187.0   0.0     2   270   385   678   384   679 0.89 [190263/405/1]
190263/456/1.f:LKAJBD_08130 -            577 GH43_10.hmm          -            271   4.5e-54  188.4   0.4   1   1   1.6e-56   8.1e-54  187.6   0.1     2   271    70   365    69   365 0.90 [190263/456/1]
190263/552/1.f:EMALNL_07540 -            577 GH43_10.hmm          -            271   7.8e-54  187.7   0.1   1   1   2.2e-56   1.1e-53  187.1   0.1     2   271    70   365    69   365 0.89 [190263/552/1]
190263/456/1.f:LKAJBD_02480 -            512 GH43_10.hmm          -            271   1.4e-53  186.8   0.1   1   1   3.9e-56     2e-53  186.3   0.1     1   271    13   288    13   288 0.88 [190263/456/1]
190263/502/1.f:NONHGB_11155 -            910 GH43_10.hmm          -            271   1.4e-53  186.8   0.0   1   1   8.8e-55   4.5e-52  181.9   0.0     1   270   410   704   410   705 0.89 [190263/502/1]
190263/388/1.f:FDDJJK_00210 -            632 GH43_10.hmm          -            271   9.8e-52  180.8   0.2   1   1   6.9e-54   3.5e-51  178.9   0.1     2   271   125   420   124   420 0.90 [190263/388/1]
190263/391/1.f:NONBJF_00195 -            632 GH43_10.hmm          -            271   1.8e-51  180.0   0.1   1   1   5.6e-54   2.9e-51  179.2   0.1     2   271   125   420   124   420 0.90 [190263/391/1]
190263/545/1.f:NCJBIN_00195 -            632 GH43_10.hmm          -            271   1.8e-51  180.0   0.1   1   1   5.6e-54   2.9e-51  179.2   0.1     2   271   125   420   124   420 0.90 [190263/545/1]
190263/534/1.f:OHCFJE_00195 -            632 GH43_10.hmm          -            271   1.8e-51  179.9   0.1   1   1   5.6e-54   2.9e-51  179.2   0.1     2   271   125   420   124   420 0.90 [190263/534/1]
190263/409/1.f:AJJCMD_00315 -            525 GH43_10.hmm          -            271     2e-51  179.8   0.2   1   1     5e-52   2.6e-49  172.8   0.0     1   271     5   298     5   298 0.85 [190263/409/1]
190263/391/1.f:NONBJF_09625 -            549 GH43_10.hmm          -            271   3.1e-51  179.1   0.0   1   1     1e-53   5.2e-51  178.4   0.0     2   271    45   329    44   329 0.85 [190263/391/1]
190263/545/1.f:NCJBIN_10445 -            549 GH43_10.hmm          -            271   3.1e-51  179.1   0.0   1   1     1e-53   5.2e-51  178.4   0.0     2   271    45   329    44   329 0.85 [190263/545/1]
190263/534/1.f:OHCFJE_03255 -            549 GH43_10.hmm          -            271   3.1e-51  179.1   0.0   1   1     1e-53   5.2e-51  178.4   0.0     2   271    45   329    44   329 0.85 [190263/534/1]
190263/580/1.f:JCPJNN_02360 -            556 GH43_10.hmm          -            271   5.3e-51  178.4   1.2   1   1   6.8e-53   3.5e-50  175.7   0.9     1   270     4   313     4   313 0.84 [190263/580/1]
190263/546/1.f:GEHMID_10190 -            652 GH43_10.hmm          -            271   9.1e-51  177.6   0.7   1   1   1.8e-52   9.1e-50  174.3   0.7     1   270    28   338    28   338 0.86 [190263/546/1]
190263/475/1.f:MCKEEP_08320 -            575 GH43_10.hmm          -            271   1.4e-50  177.0   1.5   1   1   1.9e-52   9.9e-50  174.2   0.2     2   271    65   359    64   359 0.85 [190263/475/1]
190263/573/1.f:LIDFCI_16020 -            575 GH43_10.hmm          -            271   2.2e-50  176.3   1.8   1   1   1.9e-52   9.5e-50  174.3   0.2     2   271    65   359    64   359 0.85 [190263/573/1]
190263/405/1.f:EHKDKA_12800 -            530 GH43_10.hmm          -            271   2.6e-50  176.1   0.6   1   1   7.7e-53   3.9e-50  175.5   0.0     1   270     5   293     5   293 0.87 [190263/405/1]
190263/552/1.f:EMALNL_07520 -            575 GH43_10.hmm          -            271   2.7e-50  176.1   1.4   1   1   3.5e-52   1.8e-49  173.4   0.2     2   271    65   359    64   359 0.86 [190263/552/1]
190263/420/1.f:GMHOLO_02150 -            543 GH43_10.hmm          -            271   3.1e-50  175.9   1.1   1   1     1e-52   5.1e-50  175.1   1.1     2   271     5   304     4   304 0.87 [190263/420/1]
190263/409/1.f:AJJCMD_07230 -            533 GH43_10.hmm          -            271   3.7e-50  175.6   0.0   1   1   1.2e-52   6.3e-50  174.9   0.0     2   270    11   297    10   297 0.85 [190263/409/1]
190263/437/1.f:LBKKEJ_18100 -            570 GH43_10.hmm          -            271   4.3e-50  175.4   0.0   1   1   1.4e-52   7.3e-50  174.6   0.0     3   271    59   350    57   350 0.88 [190263/437/1]
190263/447/1.f:OLODHC_01285 -            525 GH43_10.hmm          -            271   6.6e-50  174.8   0.5   1   1   8.8e-52   4.5e-49  172.0   0.0     2   270     6   292     5   292 0.86 [190263/447/1]
190263/527/1.f:HGADJN_02425 -            543 GH43_10.hmm          -            271   8.3e-50  174.5   1.8   1   1   2.7e-52   1.4e-49  173.7   1.8     2   271     5   304     4   304 0.87 [190263/527/1]
190263/520/1.f:GGDGDE_20565 -            540 GH43_10.hmm          -            271   1.3e-49  173.8   0.8   1   1   2.6e-52   1.3e-49  173.8   0.8     1   271     5   305     5   305 0.87 [190263/520/1]
190263/405/1.f:EHKDKA_02030 -            919 GH43_10.hmm          -            271   2.1e-49  173.2   1.9   1   1   2.9e-51   1.5e-48  170.4   0.1     2   271    68   362    67   362 0.86 [190263/405/1]
190263/420/1.f:GMHOLO_01490 -            543 GH43_10.hmm          -            271   3.1e-49  172.6   0.8   1   1     1e-51   5.3e-49  171.8   0.8     2   271     5   304     4   304 0.87 [190263/420/1]
190263/527/1.f:HGADJN_01610 -            543 GH43_10.hmm          -            271   3.1e-49  172.6   0.8   1   1     1e-51   5.3e-49  171.8   0.8     2   271     5   304     4   304 0.87 [190263/527/1]
190263/502/1.f:NONHGB_01905 -            919 GH43_10.hmm          -            271   3.3e-49  172.5   2.2   1   1   2.7e-51   1.4e-48  170.4   0.1     2   271    68   362    67   362 0.85 [190263/502/1]
190263/520/1.f:GGDGDE_09840 -            508 GH43_10.hmm          -            271   5.9e-48  168.4   0.2   1   1   1.7e-50   8.6e-48  167.8   0.2     1   270     4   285     4   286 0.83 [190263/520/1]
190263/399/1.f:CDLIDF_16950 -            570 GH43_10.hmm          -            271   1.8e-47  166.8   0.3   1   1   5.6e-50   2.9e-47  166.1   0.0     2   271    58   350    57   350 0.88 [190263/399/1]
190263/461/1.f:DHPHOK_17575 -            979 GH43_10.hmm          -            271     3e-47  166.1   2.5   1   1   5.8e-50     3e-47  166.1   2.5     1   270   505   776   505   777 0.87 [190263/461/1]
190263/527/1.f:HGADJN_02320 -            543 GH43_10.hmm          -            271   3.7e-47  165.8   1.4   1   1   1.1e-49   5.8e-47  165.1   1.4     1   271     4   303     4   303 0.85 [190263/527/1]
190263/502/1.f:NONHGB_00190 -            517 GH43_10.hmm          -            271   1.6e-46  163.6   1.3   1   1   3.2e-49   1.6e-46  163.6   1.3     2   270    41   311    40   312 0.86 [190263/502/1]
190263/399/1.f:CDLIDF_10095 -            833 GH43_10.hmm          -            271   1.9e-46  163.5  22.2   1   1   5.6e-46   2.9e-43  153.0   7.1     4   270    26   290    24   291 0.90 [190263/399/1]
190263/455/1.f:GDGJDA_02905 -            549 GH43_10.hmm          -            271   2.7e-46  163.0   1.1   1   1   2.9e-46   1.5e-43  154.0   1.0     2   217     4   228     3   235 0.89 [190263/455/1]
190263/420/1.f:GMHOLO_06770 -            548 GH43_10.hmm          -            271   2.7e-45  159.7   0.5   1   1     3e-43   1.6e-40  144.1   0.3     2   216     4   227     3   244 0.88 [190263/420/1]
190263/527/1.f:HGADJN_07100 -            548 GH43_10.hmm          -            271   2.7e-45  159.7   0.5   1   1     3e-43   1.6e-40  144.1   0.3     2   216     4   227     3   244 0.88 [190263/527/1]
190263/391/1.f:NONBJF_02560 -            817 GH43_10.hmm          -            271     6e-45  158.5  24.4   1   1   7.2e-44   3.7e-41  146.1   9.0     4   270    25   286    23   287 0.88 [190263/391/1]
190263/400/1.f:EIBLKL_09455 -            495 GH43_10.hmm          -            271   6.7e-45  158.4   0.7   1   1     2e-47     1e-44  157.8   0.7     1   268     4   280     4   281 0.81 [190263/400/1]
190263/545/1.f:NCJBIN_02935 -            817 GH43_10.hmm          -            271   7.9e-45  158.1  24.8   1   1   7.2e-44   3.7e-41  146.1   9.0     4   270    25   286    23   287 0.88 [190263/545/1]
190263/534/1.f:OHCFJE_09655 -            818 GH43_10.hmm          -            271   8.2e-45  158.1  24.8   1   1   7.2e-44   3.7e-41  146.1   9.0     4   270    26   287    24   288 0.88 [190263/534/1]
190263/401/1.f:DMFJNH_07380 -            811 GH43_10.hmm          -            271   1.3e-44  157.4  23.7   1   1   8.1e-44   4.1e-41  145.9   9.5     4   270    26   287    24   288 0.88 [190263/401/1]
190263/504/1.f:DOAHDM_07895 -            811 GH43_10.hmm          -            271   1.3e-44  157.4  23.7   1   1   8.1e-44   4.1e-41  145.9   9.5     4   270    26   287    24   288 0.88 [190263/504/1]
190263/369/1.f:JCDIFE_12790 -            817 GH43_10.hmm          -            271     2e-44  156.8  27.3   1   1   1.3e-45   6.4e-43  151.9   8.6     4   270    29   290    27   291 0.88 [190263/369/1]
190263/433/1.f:ADFNDI_03705 -            548 GH43_10.hmm          -            271   3.8e-44  155.9   0.1   1   1   7.6e-44   3.9e-41  146.0   0.1     1   217     3   228     3   235 0.89 [190263/433/1]
190263/541/1.f:IDEEIE_12865 -            548 GH43_10.hmm          -            271   4.4e-44  155.7   0.1   1   1   7.9e-43   4.1e-40  142.7   0.1     2   218     4   229     3   238 0.89 [190263/541/1]
190263/388/1.f:FDDJJK_02675 -            818 GH43_10.hmm          -            271     5e-44  155.5  24.6   1   1   1.2e-42   5.9e-40  142.2   8.3     4   270    26   287    24   288 0.87 [190263/388/1]
190263/552/1.f:EMALNL_01575 -            510 GH43_10.hmm          -            271   6.8e-44  155.1   2.9   1   1   1.3e-46   6.8e-44  155.1   2.9     3   270    38   304    37   304 0.89 [190263/552/1]
190263/497/1.f:HENFFC_12345 -            513 GH43_10.hmm          -            271   1.1e-43  154.4   0.8   1   1   2.1e-46   1.1e-43  154.4   0.8     1   271    27   303    27   303 0.85 [190263/497/1]
190263/365/1.f:JJMMAK_00270 -            513 GH43_10.hmm          -            271     2e-43  153.5   0.9   1   1   3.9e-46     2e-43  153.5   0.9     1   271    27   303    27   303 0.85 [190263/365/1]
190263/368/1.f:HPMDBE_12540 -            513 GH43_10.hmm          -            271   1.8e-41  147.1   1.3   1   1   4.9e-44   2.5e-41  146.6   1.3     1   271    26   302    26   302 0.86 [190263/368/1]
190263/391/1.f:NONBJF_09835 -            499 GH43_10.hmm          -            271   1.8e-41  147.1   0.1   1   1   1.2e-43   6.4e-41  145.3   0.1     4   270    36   302    35   302 0.86 [190263/391/1]
190263/534/1.f:OHCFJE_02975 -            499 GH43_10.hmm          -            271   1.8e-41  147.1   0.1   1   1   1.2e-43   6.4e-41  145.3   0.1     4   270    36   302    35   302 0.86 [190263/534/1]
190263/545/1.f:NCJBIN_10675 -            499 GH43_10.hmm          -            271   1.8e-41  147.1   0.1   1   1   1.2e-43   6.4e-41  145.3   0.1     4   270    36   302    35   302 0.86 [190263/545/1]
190263/382/1.f:JACGKO_03555 -            556 GH43_10.hmm          -            271   4.9e-41  145.7   0.5   1   1   4.1e-37   2.1e-34  123.9   0.1     2   217     6   228     5   233 0.86 [190263/382/1]
190263/516/1.f:MGNFBC_11300 -            513 GH43_10.hmm          -            271     5e-41  145.7   1.4   1   1   1.4e-43   7.2e-41  145.1   1.4     1   271    26   302    26   302 0.86 [190263/516/1]
190263/379/1.f:LOJHAC_13970 -            513 GH43_10.hmm          -            271   8.9e-41  144.8   1.9   1   1   2.4e-43   1.3e-40  144.4   1.9     1   271    26   302    26   302 0.86 [190263/379/1]
190263/573/1.f:LIDFCI_13560 -            512 GH43_10.hmm          -            271   2.9e-40  143.2   1.7   1   1   8.5e-43   4.4e-40  142.6   1.7     2   270    27   302    26   303 0.85 [190263/573/1]
190263/504/1.f:DOAHDM_10190 -            512 GH43_10.hmm          -            271   2.9e-40  143.2   1.4   1   1   1.1e-42   5.6e-40  142.2   1.4     1   270    26   302    26   302 0.86 [190263/504/1]
190263/401/1.f:DMFJNH_09845 -            512 GH43_10.hmm          -            271   3.1e-40  143.1   1.3   1   1   1.2e-42   6.3e-40  142.1   1.3     1   270    26   302    26   302 0.86 [190263/401/1]
190263/556/1.f:EMIPPF_01660 -            510 GH43_10.hmm          -            271   7.1e-40  141.9   0.0   1   1     2e-42     1e-39  141.4   0.0     1   269    24   297    24   299 0.85 [190263/556/1]
190263/437/1.f:LBKKEJ_14810 -            501 GH43_10.hmm          -            271     2e-39  140.4   0.0   1   1   9.7e-42     5e-39  139.1   0.0     4   270    38   304    37   304 0.84 [190263/437/1]
190263/562/1.f:KJGNCK_10720 -            513 GH43_10.hmm          -            271   5.3e-39  139.0   3.5   1   1   1.7e-41   8.5e-39  138.4   1.8     2   270    27   302    26   303 0.84 [190263/562/1]
190263/366/1.f:DBJPFP_11310 -            329 GH43_10.hmm          -            271     6e-39  138.9   0.1   1   1   1.7e-41   8.7e-39  138.3   0.1     1   271    33   313    33   313 0.80 [190263/366/1]
190263/502/1.f:NONHGB_00355 -            164 GH43_10.hmm          -            271     1e-38  138.1   5.0   1   1   2.4e-41   1.2e-38  137.8   5.0     2   135    25   155    24   162 0.93 [190263/502/1]
190263/552/1.f:EMALNL_04005 -            335 GH43_10.hmm          -            271   2.9e-37  133.3   1.6   1   1   7.8e-40     4e-37  132.9   1.6     1   271    32   316    32   316 0.80 [190263/552/1]
190263/369/1.f:JCDIFE_10525 -            515 GH43_10.hmm          -            271   3.5e-37  133.1   1.4   1   1   6.8e-40   3.5e-37  133.1   1.4     1   270    26   302    26   302 0.83 [190263/369/1]
190263/562/1.f:KJGNCK_06460 -            335 GH43_10.hmm          -            271   3.5e-37  133.1   1.3   1   1   9.3e-40   4.8e-37  132.6   1.3     1   271    32   316    32   316 0.79 [190263/562/1]
190263/585/1.f:DLBDDB_05325 -            353 GH43_10.hmm          -            271   4.4e-37  132.7   6.1   1   1   1.5e-39   7.5e-37  132.0   6.1     2   271    42   333    41   333 0.77 [190263/585/1]
190263/520/1.f:GGDGDE_19915 -            549 GH43_10.hmm          -            271   9.8e-37  131.6   0.2   1   1   3.7e-39   1.9e-36  130.6   0.2     2   267    87   397    86   400 0.85 [190263/520/1]
190263/475/1.f:MCKEEP_04050 -            354 GH43_10.hmm          -            271   1.7e-36  130.8   6.2   1   1   5.5e-39   2.8e-36  130.1   6.2     2   271    43   334    42   334 0.78 [190263/475/1]
190263/573/1.f:LIDFCI_19560 -            354 GH43_10.hmm          -            271   1.7e-36  130.8   6.2   1   1   5.5e-39   2.8e-36  130.1   6.2     2   271    43   334    42   334 0.78 [190263/573/1]
190263/545/1.f:NCJBIN_05140 -            514 GH43_10.hmm          -            271   2.2e-36  130.4   0.1   1   1   6.1e-39   3.1e-36  130.0   0.1     2   271    30   312    29   312 0.84 [190263/545/1]
190263/391/1.f:NONBJF_04475 -            514 GH43_10.hmm          -            271   2.2e-36  130.4   0.1   1   1   6.1e-39   3.1e-36  130.0   0.1     2   271    30   312    29   312 0.84 [190263/391/1]
190263/534/1.f:OHCFJE_07745 -            514 GH43_10.hmm          -            271   2.2e-36  130.4   0.1   1   1   6.1e-39   3.1e-36  130.0   0.1     2   271    30   312    29   312 0.84 [190263/534/1]
190263/405/1.f:EHKDKA_04765 -            325 GH43_10.hmm          -            271     4e-35  126.3   1.9   1   1   1.2e-37   6.2e-35  125.7   1.9     1   271    27   309    27   309 0.79 [190263/405/1]
190263/502/1.f:NONHGB_04285 -            308 GH43_10.hmm          -            271   5.3e-35  125.9   3.4   1   1   1.7e-37   8.6e-35  125.2   3.4     1   271    10   292    10   292 0.79 [190263/502/1]
190263/461/1.f:DHPHOK_05315 -            335 GH43_10.hmm          -            271     1e-34  125.0   2.1   1   1   3.1e-37   1.6e-34  124.3   2.1     1   271    37   319    37   319 0.79 [190263/461/1]
190263/365/1.f:JJMMAK_06475 -            332 GH43_10.hmm          -            271     1e-34  124.9   3.6   1   1   2.6e-37   1.3e-34  124.6   3.6     2   269    35   313    34   314 0.86 [190263/365/1]
190263/365/1.f:JJMMAK_00705 -            985 GH43_10.hmm          -            271   1.4e-34  124.5   0.8   1   1   6.7e-37   3.4e-34  123.2   0.5     1   271   685   967   685   967 0.78 [190263/365/1]
190263/526/1.f:GBBCGM_01160 -            327 GH43_10.hmm          -            271   1.4e-34  124.5   0.6   1   1   4.2e-37   2.1e-34  123.9   0.6     2   271    29   311    28   311 0.79 [190263/526/1]
190263/497/1.f:HENFFC_05550 -            332 GH43_10.hmm          -            271   4.9e-34  122.7   2.7   1   1   1.2e-36   6.3e-34  122.4   2.7     2   269    35   313    34   314 0.87 [190263/497/1]
190263/417/1.f:MHBJAE_04920 -            325 GH43_10.hmm          -            271   8.6e-34  121.9   2.0   1   1   2.6e-36   1.3e-33  121.3   2.0     2   271    25   306    24   306 0.77 [190263/417/1]
190263/552/1.f:EMALNL_03945 -            633 GH43_10.hmm          -            271   9.2e-34  121.8   0.9   1   1   2.9e-36   1.5e-33  121.2   0.9     1   271   319   615   319   615 0.78 [190263/552/1]
190263/437/1.f:LBKKEJ_07930 -            327 GH43_10.hmm          -            271   1.2e-33  121.4   0.2   1   1   3.3e-36   1.7e-33  121.0   0.2     2   271    26   307    25   307 0.78 [190263/437/1]
190263/488/1.f:DNPFAC_05475 -            325 GH43_10.hmm          -            271   1.8e-33  120.9   1.4   1   1   5.6e-36   2.8e-33  120.2   1.4     2   271    25   306    24   306 0.76 [190263/488/1]
190263/391/1.f:NONBJF_11660 -            333 GH43_10.hmm          -            271   2.1e-33  120.6   2.1   1   1   6.6e-36   3.4e-33  120.0   2.1     1   271    35   317    35   317 0.80 [190263/391/1]
190263/534/1.f:OHCFJE_11930 -            333 GH43_10.hmm          -            271   2.1e-33  120.6   2.1   1   1   6.6e-36   3.4e-33  120.0   2.1     1   271    35   317    35   317 0.80 [190263/534/1]
190263/545/1.f:NCJBIN_12800 -            333 GH43_10.hmm          -            271   2.1e-33  120.6   2.1   1   1   6.6e-36   3.4e-33  120.0   2.1     1   271    35   317    35   317 0.80 [190263/545/1]
190263/404/1.f:BGJBIG_08440 -            479 GH43_10.hmm          -            271   2.6e-33  120.4   1.5   1   1   7.5e-36   3.8e-33  119.8   1.5    33   269    87   321    67   322 0.85 [190263/404/1]
190263/366/1.f:DBJPFP_01325 -            327 GH43_10.hmm          -            271   2.7e-33  120.3   0.0   1   1     8e-36   4.1e-33  119.7   0.0     1   271    27   310    27   310 0.79 [190263/366/1]
190263/497/1.f:HENFFC_10575 -            995 GH43_10.hmm          -            271   5.4e-33  119.3   1.5   1   1   1.7e-35   8.7e-33  118.6   0.6     1   271   695   977   695   977 0.78 [190263/497/1]
190263/401/1.f:DMFJNH_03530 -            325 GH43_10.hmm          -            271   5.6e-33  119.3   2.0   1   1   1.7e-35   8.9e-33  118.6   2.0     1   271    27   309    27   309 0.78 [190263/401/1]
190263/504/1.f:DOAHDM_03970 -            325 GH43_10.hmm          -            271   5.6e-33  119.3   2.0   1   1   1.7e-35   8.9e-33  118.6   2.0     1   271    27   309    27   309 0.78 [190263/504/1]
190263/388/1.f:FDDJJK_11480 -            333 GH43_10.hmm          -            271   6.1e-33  119.2   2.1   1   1   1.9e-35   9.6e-33  118.5   2.1     2   271    36   317    35   317 0.80 [190263/388/1]
190263/562/1.f:KJGNCK_06510 -            633 GH43_10.hmm          -            271   6.3e-33  119.1   1.0   1   1   1.9e-35   9.7e-33  118.5   1.0     1   271   319   615   319   615 0.78 [190263/562/1]
190263/556/1.f:EMIPPF_09145 -            341 GH43_10.hmm          -            271   1.2e-32  118.2   0.5   1   1   3.8e-35   1.9e-32  117.5   0.5     1   271    45   324    45   324 0.78 [190263/556/1]
190263/522/1.f:NPJBCH_14230 -            340 GH43_10.hmm          -            271   1.7e-32  117.7   2.8   1   1   6.2e-35   3.2e-32  116.8   2.8     2   271    41   323    40   323 0.80 [190263/522/1]
190263/502/1.f:NONHGB_04370 -            334 GH43_10.hmm          -            271   1.9e-32  117.6   1.8   1   1   5.4e-35   2.8e-32  117.0   1.8     2   271    37   318    36   318 0.77 [190263/502/1]
190263/540/1.f:BCGFLB_08615 -            439 GH43_10.hmm          -            271   2.6e-32  117.1   0.2   1   1   7.2e-35   3.7e-32  116.6   0.2    34   268    61   290    38   292 0.86 [190263/540/1]
190263/369/1.f:JCDIFE_04830 -            333 GH43_10.hmm          -            271   3.4e-32  116.7   0.9   1   1     1e-34   5.2e-32  116.1   0.9     2   271    36   317    35   317 0.78 [190263/369/1]
190263/502/1.f:NONHGB_05225 -            461 GH43_10.hmm          -            271   1.4e-31  114.6   0.4   1   1   4.4e-34   2.3e-31  114.0   0.4    35   269    71   315    26   316 0.83 [190263/502/1]
190263/365/1.f:JJMMAK_09115 -            354 GH43_10.hmm          -            271   7.5e-31  112.3   3.6   1   1   2.4e-33   1.2e-30  111.6   3.6     2   271    45   337    44   337 0.79 [190263/365/1]
190263/475/1.f:MCKEEP_07780 -            329 GH43_10.hmm          -            271   1.4e-30  111.4   1.4   1   1   3.3e-33   1.7e-30  111.1   1.4     2   269    32   311    31   312 0.83 [190263/475/1]
190263/562/1.f:KJGNCK_03005 -            329 GH43_10.hmm          -            271   1.5e-30  111.4   0.9   1   1   3.5e-33   1.8e-30  111.1   0.9     2   268    32   310    31   312 0.84 [190263/562/1]
190263/552/1.f:EMALNL_01805 -            472 GH43_10.hmm          -            271   2.6e-30  110.5   0.5   1   1   1.5e-32   7.8e-30  109.0   0.2    35   269    71   315    26   316 0.83 [190263/552/1]
190263/475/1.f:MCKEEP_06920 -            361 GH43_10.hmm          -            271     3e-30  110.3   4.3   1   1   1.3e-32   6.9e-30  109.1   4.3     2   271    48   338    47   338 0.81 [190263/475/1]
190263/552/1.f:EMALNL_06310 -            361 GH43_10.hmm          -            271     3e-30  110.3   4.3   1   1   1.3e-32   6.9e-30  109.1   4.3     2   271    48   338    47   338 0.81 [190263/552/1]
190263/562/1.f:KJGNCK_03885 -            361 GH43_10.hmm          -            271     3e-30  110.3   4.3   1   1   1.3e-32   6.9e-30  109.1   4.3     2   271    48   338    47   338 0.81 [190263/562/1]
190263/552/1.f:EMALNL_07155 -            329 GH43_10.hmm          -            271   3.3e-30  110.2   1.1   1   1   8.1e-33   4.1e-30  109.9   1.1     2   269    32   311    31   312 0.83 [190263/552/1]
190263/405/1.f:EHKDKA_05525 -            333 GH43_10.hmm          -            271   4.2e-30  109.9   1.6   1   1   1.4e-32   7.3e-30  109.1   1.6     1   271    31   311    31   311 0.81 [190263/405/1]
190263/573/1.f:LIDFCI_16670 -            329 GH43_10.hmm          -            271     6e-30  109.3   1.2   1   1   1.4e-32   7.4e-30  109.0   1.2     2   269    32   311    31   312 0.83 [190263/573/1]
190263/552/1.f:EMALNL_01505 -            461 GH43_10.hmm          -            271   1.3e-29  108.2   1.1   1   1     4e-32     2e-29  107.6   1.1    36   268    70   310    24   312 0.85 [190263/552/1]
190263/488/1.f:DNPFAC_10005 -            330 GH43_10.hmm          -            271   1.7e-29  107.9   4.4   1   1   4.2e-32   2.1e-29  107.5   4.4     2   270    33   311    32   311 0.84 [190263/488/1]
190263/379/1.f:LOJHAC_08255 -            334 GH43_10.hmm          -            271   4.4e-29  106.5   3.2   1   1   1.1e-31   5.8e-29  106.1   3.2     2   267    37   313    36   316 0.83 [190263/379/1]
190263/516/1.f:MGNFBC_06985 -            334 GH43_10.hmm          -            271   4.4e-29  106.5   3.2   1   1   1.1e-31   5.8e-29  106.1   3.2     2   267    37   313    36   316 0.83 [190263/516/1]
190263/552/1.f:EMALNL_07535 -            443 GH43_10.hmm          -            271   4.7e-29  106.4   6.4   1   1   1.5e-31   7.5e-29  105.7   6.4     1   267    24   292    24   295 0.79 [190263/552/1]
190263/534/1.f:OHCFJE_01185 -            444 GH43_10.hmm          -            271   5.2e-29  106.2   0.0   1   1   1.4e-31   7.2e-29  105.8   0.0    35   269    67   299    45   300 0.87 [190263/534/1]
190263/368/1.f:HPMDBE_07740 -            334 GH43_10.hmm          -            271   5.7e-29  106.1   3.0   1   1   1.5e-31   7.5e-29  105.7   3.0     2   267    37   313    36   316 0.83 [190263/368/1]
190263/417/1.f:MHBJAE_08890 -            333 GH43_10.hmm          -            271   6.4e-29  106.0   4.4   1   1   1.7e-31   8.5e-29  105.6   4.4     2   270    33   311    32   311 0.83 [190263/417/1]
190263/475/1.f:MCKEEP_08335 -            443 GH43_10.hmm          -            271   7.1e-29  105.8   6.3   1   1   2.1e-31   1.1e-28  105.2   6.3     1   267    24   292    24   295 0.79 [190263/475/1]
190263/475/1.f:MCKEEP_09850 -            785 GH43_10.hmm          -            271   8.8e-29  105.5   8.4   1   1   8.4e-29   4.3e-26   96.7   0.9     2   269   318   608   317   609 0.80 [190263/475/1]
190263/405/1.f:EHKDKA_00245 -            643 GH43_10.hmm          -            271   1.1e-28  105.2  14.5   1   1   5.4e-23   2.8e-20   77.6   1.3     2   269   339   634   338   635 0.82 [190263/405/1]
190263/502/1.f:NONHGB_04390 -            315 GH43_10.hmm          -            271   1.3e-28  105.0   0.7   1   1   3.6e-31   1.8e-28  104.5   0.7     9   266    33   296    29   299 0.82 [190263/502/1]
190263/401/1.f:DMFJNH_03515 -            327 GH43_10.hmm          -            271   1.4e-28  104.8   4.5   1   1   3.9e-31     2e-28  104.4   4.5     9   250    46   289    40   309 0.82 [190263/401/1]
190263/504/1.f:DOAHDM_03950 -            327 GH43_10.hmm          -            271   1.4e-28  104.8   4.5   1   1   3.9e-31     2e-28  104.4   4.5     9   250    46   289    40   309 0.82 [190263/504/1]
190263/391/1.f:NONBJF_06480 -            802 GH43_10.hmm          -            271   1.4e-28  104.8   0.5   1   1   3.3e-30   1.7e-27  101.3   0.5     2   266    31   299    30   303 0.80 [190263/391/1]
190263/401/1.f:DMFJNH_23900 -            697 GH43_10.hmm          -            271   1.7e-28  104.6   6.0   1   1   7.9e-31     4e-28  103.3   6.0    30   266   452   684   414   688 0.82 [190263/401/1]
190263/545/1.f:NCJBIN_06345 -            802 GH43_10.hmm          -            271   1.7e-28  104.6   0.5   1   1   3.3e-30   1.7e-27  101.3   0.5     2   266    31   299    30   303 0.80 [190263/545/1]
190263/573/1.f:LIDFCI_16005 -            475 GH43_10.hmm          -            271   1.9e-28  104.4   6.9   1   1   5.9e-31     3e-28  103.8   6.9     1   250    23   266    23   294 0.78 [190263/573/1]
190263/405/1.f:EHKDKA_05940 -            894 GH43_10.hmm          -            271     2e-28  104.4   2.8   1   1   6.9e-31   3.5e-28  103.5   2.8     2   266   466   744   465   748 0.78 [190263/405/1]
190263/461/1.f:DHPHOK_00505 -            646 GH43_10.hmm          -            271   2.7e-28  103.9  12.8   1   1   5.3e-22   2.7e-19   74.4   2.2     2   268   342   636   341   638 0.82 [190263/461/1]
190263/504/1.f:DOAHDM_23140 -            697 GH43_10.hmm          -            271   2.7e-28  103.9   5.9   1   1   1.3e-30   6.4e-28  102.7   5.9    30   266   452   684   414   688 0.82 [190263/504/1]
190263/401/1.f:DMFJNH_03485 -            330 GH43_10.hmm          -            271     3e-28  103.8   3.6   1   1     8e-31   4.1e-28  103.3   3.6     9   251    48   293    45   314 0.81 [190263/401/1]
190263/504/1.f:DOAHDM_03935 -            330 GH43_10.hmm          -            271     3e-28  103.8   3.6   1   1     8e-31   4.1e-28  103.3   3.6     9   251    48   293    45   314 0.81 [190263/504/1]
190263/369/1.f:JCDIFE_04825 -            316 GH43_10.hmm          -            271   3.1e-28  103.7   1.1   1   1   8.5e-31   4.4e-28  103.2   1.1     9   267    33   298    28   300 0.81 [190263/369/1]
190263/502/1.f:NONHGB_00270 -            643 GH43_10.hmm          -            271   3.7e-28  103.5  14.7   1   1   9.8e-23     5e-20   76.8   1.4     2   268   339   633   338   635 0.82 [190263/502/1]
190263/475/1.f:MCKEEP_03215 -            330 GH43_10.hmm          -            271   3.9e-28  103.4   2.5   1   1   9.6e-31   4.9e-28  103.1   2.5     1   269    32   312    32   313 0.85 [190263/475/1]
190263/573/1.f:LIDFCI_20375 -            330 GH43_10.hmm          -            271   3.9e-28  103.4   2.5   1   1   9.6e-31   4.9e-28  103.1   2.5     1   269    32   312    32   313 0.85 [190263/573/1]
190263/399/1.f:CDLIDF_16920 -            441 GH43_10.hmm          -            271   4.5e-28  103.2   6.0   1   1   1.2e-30   6.2e-28  102.7   6.0     3   268    26   294    24   296 0.79 [190263/399/1]
190263/552/1.f:EMALNL_09490 -           1085 GH43_10.hmm          -            271   4.8e-28  103.1   1.9   1   1   1.8e-30   9.1e-28  102.2   1.9     2   269   785  1064   784  1065 0.84 [190263/552/1]
190263/456/1.f:LKAJBD_17190 -            448 GH43_10.hmm          -            271     5e-28  103.0   6.9   1   1   1.4e-30   6.9e-28  102.6   6.9     3   268    28   295    26   297 0.81 [190263/456/1]
190263/564/1.f:KIHMBJ_07125 -            369 GH43_10.hmm          -            271   5.9e-28  102.8   0.3   1   1   1.5e-30   7.6e-28  102.4   0.3     9   256    66   330    53   345 0.83 [190263/564/1]
190263/456/1.f:LKAJBD_13210 -            507 GH43_10.hmm          -            271   6.6e-28  102.6   4.6   1   1   3.5e-19   1.8e-16   65.1   0.0   116   255   199   331   181   358 0.84 [190263/456/1]
190263/585/1.f:DLBDDB_04640 -            329 GH43_10.hmm          -            271     8e-28  102.4   3.4   1   1   2.1e-30   1.1e-27  101.9   3.4    10   267    39   307    34   310 0.80 [190263/585/1]
190263/534/1.f:OHCFJE_01190 -            304 GH43_10.hmm          -            271     1e-27  102.0   4.6   1   1   3.1e-30   1.6e-27  101.4   4.6     1   268    24   295    24   296 0.81 [190263/534/1]
190263/475/1.f:MCKEEP_08340 -            476 GH43_10.hmm          -            271   1.4e-27  101.6   0.1   1   1   4.9e-30   2.5e-27  100.7   0.0    91   271    57   264    45   264 0.87 [190263/475/1]
190263/534/1.f:OHCFJE_06600 -            800 GH43_10.hmm          -            271   1.7e-27  101.3   2.1   1   1   3.7e-29   1.9e-26   97.9   2.1     2   266    31   299    30   303 0.79 [190263/534/1]
190263/552/1.f:EMALNL_01635 -            458 GH43_10.hmm          -            271   1.9e-27  101.1   6.4   1   1   5.1e-30   2.6e-27  100.7   6.4     3   269    38   306    36   307 0.80 [190263/552/1]
190263/562/1.f:KJGNCK_08870 -            361 GH43_10.hmm          -            271     2e-27  101.1   0.0   1   1   1.5e-29   7.8e-27   99.1   0.0    33   249    89   295    67   304 0.88 [190263/562/1]
190263/583/1.f:BCCKNC_05030 -            348 GH43_10.hmm          -            271     2e-27  101.1   0.8   1   1   7.4e-30   3.8e-27  100.2   0.8     2   267    52   328    51   331 0.78 [190263/583/1]
190263/497/1.f:HENFFC_08175 -            313 GH43_10.hmm          -            271   2.2e-27  101.0   1.1   1   1     6e-30   3.1e-27  100.4   1.1     9   264    35   292    31   298 0.80 [190263/497/1]
190263/366/1.f:DBJPFP_04310 -            332 GH43_10.hmm          -            271   2.2e-27  100.9   0.1   1   1   6.1e-30   3.1e-27  100.4   0.1     1   271    32   315    32   315 0.75 [190263/366/1]
190263/365/1.f:JJMMAK_09110 -            331 GH43_10.hmm          -            271   2.3e-27  100.9   0.9   1   1   6.4e-30   3.2e-27  100.4   0.9    10   251    49   290    41   309 0.83 [190263/365/1]
190263/461/1.f:DHPHOK_05310 -            322 GH43_10.hmm          -            271   3.3e-27  100.4   2.5   1   1   8.9e-30   4.6e-27   99.9   2.5     9   262    33   293    24   300 0.79 [190263/461/1]
190263/399/1.f:CDLIDF_04455 -            335 GH43_10.hmm          -            271   3.9e-27  100.1   3.1   1   1   1.2e-29   6.3e-27   99.4   3.1     9   271    36   331    30   331 0.74 [190263/399/1]
190263/396/1.f:KAAOMA_17065 -           1003 GH43_10.hmm          -            271   4.1e-27  100.0   4.0   1   1   8.9e-29   4.6e-26   96.6   0.6     2   251    31   294    30   313 0.82 [190263/396/1]
190263/388/1.f:FDDJJK_05830 -            800 GH43_10.hmm          -            271   4.9e-27   99.8   2.1   1   1     1e-28   5.2e-26   96.4   2.1     2   266    31   299    30   303 0.79 [190263/388/1]
190263/556/1.f:EMIPPF_06030 -            332 GH43_10.hmm          -            271     5e-27   99.7   0.6   1   1   1.2e-29   6.3e-27   99.4   0.6     2   267    30   305    29   309 0.83 [190263/556/1]
190263/456/1.f:LKAJBD_03940 -            442 GH43_10.hmm          -            271   5.9e-27   99.5   0.2   1   1   1.8e-29   9.1e-27   98.9   0.2    31   258    63   289    21   297 0.82 [190263/456/1]
190263/502/1.f:NONHGB_04290 -            343 GH43_10.hmm          -            271   6.2e-27   99.4   2.0   1   1   1.9e-29   9.8e-27   98.8   2.0     2   271    36   326    35   326 0.77 [190263/502/1]
190263/502/1.f:NONHGB_05445 -            443 GH43_10.hmm          -            271     7e-27   99.3   0.3   1   1   2.3e-29   1.2e-26   98.5   0.3    31   254    64   286    22   298 0.81 [190263/502/1]
190263/466/1.f:PGJOII_06060 -            340 GH43_10.hmm          -            271   1.1e-26   98.6   0.4   1   1   2.8e-29   1.5e-26   98.2   0.4     2   266    41   316    40   320 0.82 [190263/466/1]
190263/405/1.f:EHKDKA_06255 -            443 GH43_10.hmm          -            271   1.3e-26   98.4   0.2   1   1   4.1e-29   2.1e-26   97.7   0.2    31   252    64   284    22   296 0.81 [190263/405/1]
190263/573/1.f:LIDFCI_13350 -            785 GH43_10.hmm          -            271   1.4e-26   98.3  10.2   1   1   2.5e-27   1.3e-24   91.9   1.4     2   257   318   594   317   609 0.77 [190263/573/1]
190263/365/1.f:JJMMAK_03125 -            313 GH43_10.hmm          -            271   1.5e-26   98.1   1.5   1   1   4.1e-29   2.1e-26   97.7   1.5     9   264    35   292    29   298 0.78 [190263/365/1]
190263/562/1.f:KJGNCK_05400 -            318 GH43_10.hmm          -            271   1.7e-26   98.0   1.1   1   1   4.5e-29   2.3e-26   97.6   1.1     9   264    25   293    22   300 0.84 [190263/562/1]
190263/369/1.f:JCDIFE_01260 -            334 GH43_10.hmm          -            271   1.8e-26   97.9   0.2   1   1   4.8e-29   2.4e-26   97.5   0.2     2   266    35   310    34   314 0.82 [190263/369/1]
190263/401/1.f:DMFJNH_04555 -            329 GH43_10.hmm          -            271     2e-26   97.8   1.0   1   1   5.2e-29   2.6e-26   97.4   1.0     9   264    37   305    33   312 0.82 [190263/401/1]
190263/504/1.f:DOAHDM_05050 -            329 GH43_10.hmm          -            271     2e-26   97.8   1.0   1   1   5.2e-29   2.6e-26   97.4   1.0     9   264    37   305    33   312 0.82 [190263/504/1]
190263/405/1.f:EHKDKA_02525 -            320 GH43_10.hmm          -            271   2.1e-26   97.7   6.1   1   1   3.4e-28   1.7e-25   94.7   6.7    30   267    68   305    31   308 0.80 [190263/405/1]
190263/405/1.f:EHKDKA_05920 -            453 GH43_10.hmm          -            271   2.3e-26   97.6   3.1   1   1   6.2e-29   3.2e-26   97.1   3.1     1   269    23   304    23   305 0.82 [190263/405/1]
190263/417/1.f:MHBJAE_04970 -            322 GH43_10.hmm          -            271   2.6e-26   97.4   1.7   1   1   7.5e-29   3.8e-26   96.9   1.7    11   255    45   288    40   305 0.82 [190263/417/1]
190263/405/1.f:EHKDKA_04770 -            343 GH43_10.hmm          -            271   2.8e-26   97.3   2.1   1   1   8.9e-29   4.6e-26   96.6   2.1     2   271    36   326    35   326 0.77 [190263/405/1]
190263/552/1.f:EMALNL_10950 -            785 GH43_10.hmm          -            271   2.8e-26   97.3   8.1   1   1     1e-25   5.2e-23   86.6   0.8     2   269   318   609   317   610 0.79 [190263/552/1]
190263/388/1.f:FDDJJK_11145 -            625 GH43_10.hmm          -            271     3e-26   97.2   0.8   1   1   1.4e-28     7e-26   96.0   0.8     1   129   505   623   505   625 0.91 [190263/388/1]
190263/534/1.f:OHCFJE_09710 -            647 GH43_10.hmm          -            271   3.3e-26   97.1  12.7   1   1   9.9e-21     5e-18   70.2   1.3     2   269   341   638   340   639 0.79 [190263/534/1]
190263/585/1.f:DLBDDB_19510 -           1425 GH43_10.hmm          -            271   3.3e-26   97.1   5.7   1   1   1.2e-28     6e-26   96.2   5.7    30   260   452   683   415   693 0.81 [190263/585/1]
190263/580/1.f:JCPJNN_28255 -            319 GH43_10.hmm          -            271   3.5e-26   97.0   1.2   1   1     9e-29   4.6e-26   96.6   1.2     2   258    22   279    21   292 0.85 [190263/580/1]
190263/461/1.f:DHPHOK_01440 -            334 GH43_10.hmm          -            271   3.7e-26   96.9   0.2   1   1   9.5e-29   4.8e-26   96.5   0.2     2   266    35   310    34   314 0.82 [190263/461/1]
190263/562/1.f:KJGNCK_11030 -            785 GH43_10.hmm          -            271   3.7e-26   96.9   8.2   1   1   1.3e-25   6.9e-23   86.2   0.8     2   269   318   609   317   610 0.79 [190263/562/1]
190263/405/1.f:EHKDKA_01815 -            800 GH43_10.hmm          -            271   3.8e-26   96.9   3.3   1   1   1.8e-28   9.2e-26   95.6   1.1     2   267    31   300    30   303 0.79 [190263/405/1]
190263/488/1.f:DNPFAC_05530 -            322 GH43_10.hmm          -            271     5e-26   96.5   2.0   1   1   1.4e-28   7.1e-26   96.0   2.0    11   255    45   288    40   305 0.82 [190263/488/1]
190263/502/1.f:NONHGB_08195 -            785 GH43_10.hmm          -            271   5.4e-26   96.4   9.8   1   1   9.4e-25   4.8e-22   83.4   1.0     2   268   318   609   317   611 0.77 [190263/502/1]
190263/460/1.f:IHFGKI_00020 -            443 GH43_10.hmm          -            271   5.7e-26   96.3   4.9   1   1   2.4e-28   1.2e-25   95.2   4.9     3   251    22   270    20   289 0.76 [190263/460/1]
190263/391/1.f:NONBJF_02505 -            647 GH43_10.hmm          -            271   5.8e-26   96.3  13.3   1   1   1.4e-20   7.2e-18   69.7   1.2     2   269   341   638   340   639 0.79 [190263/391/1]
190263/545/1.f:NCJBIN_02880 -            647 GH43_10.hmm          -            271   5.8e-26   96.3  13.3   1   1   1.4e-20   7.2e-18   69.7   1.2     2   269   341   638   340   639 0.79 [190263/545/1]
190263/461/1.f:DHPHOK_05305 -            315 GH43_10.hmm          -            271   6.6e-26   96.1   2.8   1   1   1.9e-28   9.7e-26   95.5   2.8    10   267    37   294    17   299 0.80 [190263/461/1]
190263/502/1.f:NONHGB_05240 -            453 GH43_10.hmm          -            271   9.2e-26   95.6   2.4   1   1   2.5e-28   1.3e-25   95.1   2.4     1   269    23   304    23   305 0.82 [190263/502/1]
190263/562/1.f:KJGNCK_25285 -            703 GH43_10.hmm          -            271   1.4e-25   95.0   7.2   1   1     7e-28   3.6e-25   93.7   7.2    30   266   453   690   415   694 0.80 [190263/562/1]
190263/405/1.f:EHKDKA_02510 -            328 GH43_10.hmm          -            271   1.5e-25   94.9   8.8   1   1   4.6e-28   2.3e-25   94.3   8.8    30   268    78   318    40   320 0.82 [190263/405/1]
190263/546/1.f:GEHMID_15115 -            415 GH43_10.hmm          -            271   1.9e-25   94.6   1.0   1   1   6.6e-28   3.4e-25   93.8   0.3    29   268    38   273     1   275 0.78 [190263/546/1]
190263/405/1.f:EHKDKA_04830 -            320 GH43_10.hmm          -            271     2e-25   94.5   1.9   1   1   5.8e-28     3e-25   93.9   1.9    11   268    43   300    37   301 0.80 [190263/405/1]
190263/460/1.f:IHFGKI_14510 -            838 GH43_10.hmm          -            271   2.1e-25   94.5   0.2   1   1   6.8e-28   3.5e-25   93.7   0.2    31   264    61   291    19   297 0.80 [190263/460/1]
190263/562/1.f:KJGNCK_02445 -            464 GH43_10.hmm          -            271   2.3e-25   94.3   5.0   1   1   5.2e-28   2.6e-25   94.1   3.9     1   268    24   315    24   317 0.80 [190263/562/1]
190263/421/1.f:PBKEAC_07670 -            312 GH43_10.hmm          -            271   2.5e-25   94.2   0.1   1   1   6.3e-28   3.2e-25   93.8   0.1    10   264    28   288    23   294 0.77 [190263/421/1]
190263/388/1.f:FDDJJK_02615 -            647 GH43_10.hmm          -            271   2.8e-25   94.0  13.8   1   1   1.1e-19   5.4e-17   66.9   1.4     2   269   341   638   340   639 0.79 [190263/388/1]
190263/437/1.f:LBKKEJ_07955 -            352 GH43_10.hmm          -            271   3.1e-25   93.9   0.5   1   1   3.7e-27   1.9e-24   91.3   0.5    28   269    83   333    31   334 0.79 [190263/437/1]
190263/502/1.f:NONHGB_02255 -            328 GH43_10.hmm          -            271   4.3e-25   93.4   8.9   1   1   1.3e-27   6.6e-25   92.8   8.9    30   268    78   318    40   320 0.81 [190263/502/1]
190263/456/1.f:LKAJBD_13615 -            322 GH43_10.hmm          -            271   6.1e-25   92.9   5.5   1   1   3.2e-27   1.6e-24   91.5   5.5    30   252    69   292    31   313 0.79 [190263/456/1]
190263/475/1.f:MCKEEP_04910 -            329 GH43_10.hmm          -            271   6.3e-25   92.9   2.9   1   1   1.6e-27   8.3e-25   92.5   2.9     9   264    36   304    33   311 0.81 [190263/475/1]
190263/552/1.f:EMALNL_04920 -            329 GH43_10.hmm          -            271   6.4e-25   92.8   2.8   1   1   1.7e-27   8.6e-25   92.4   2.8     9   264    36   304    33   311 0.80 [190263/552/1]
190263/573/1.f:LIDFCI_18730 -            329 GH43_10.hmm          -            271   6.7e-25   92.8   2.5   1   1   1.7e-27   8.9e-25   92.4   2.5     9   264    36   304    33   311 0.81 [190263/573/1]
190263/456/1.f:LKAJBD_15325 -            452 GH43_10.hmm          -            271   7.3e-25   92.7   1.0   1   1   3.2e-27   1.7e-24   91.5   1.3     1   269    21   303    21   304 0.80 [190263/456/1]
190263/540/1.f:BCGFLB_08610 -            357 GH43_10.hmm          -            271   1.9e-24   91.3   0.0   1   1   5.4e-27   2.8e-24   90.8   0.0    10   262    47   317    42   331 0.82 [190263/540/1]
190263/401/1.f:DMFJNH_16020 -            314 GH43_10.hmm          -            271   2.1e-24   91.2   0.8   1   1     2e-25     1e-22   85.6   0.8     2   268    25   300    24   302 0.76 [190263/401/1]
190263/552/1.f:EMALNL_07595 -            462 GH43_10.hmm          -            271   2.5e-24   90.9   1.2   1   1   1.2e-26   6.2e-24   89.6   1.2    30   269    62   313    26   316 0.79 [190263/552/1]
190263/502/1.f:NONHGB_01690 -            800 GH43_10.hmm          -            271   2.6e-24   90.9   3.6   1   1   9.3e-27   4.8e-24   90.0   0.8     2   267    31   300    30   303 0.79 [190263/502/1]
190263/573/1.f:LIDFCI_15940 -            462 GH43_10.hmm          -            271   3.4e-24   90.5   1.2   1   1   1.7e-26   8.7e-24   89.1   1.2    30   269    62   313    26   316 0.79 [190263/573/1]
190263/437/1.f:LBKKEJ_07940 -            329 GH43_10.hmm          -            271   3.5e-24   90.4   2.1   1   1   9.2e-27   4.7e-24   90.0   2.1     9   267    39   307    35   310 0.80 [190263/437/1]
190263/504/1.f:DOAHDM_15685 -            314 GH43_10.hmm          -            271   4.5e-24   90.1   0.5   1   1   4.6e-25   2.4e-22   84.4   0.5     2   268    25   300    25   302 0.75 [190263/504/1]
190263/475/1.f:MCKEEP_15320 -            322 GH43_10.hmm          -            271   4.6e-24   90.0   0.7   1   1   1.4e-25   7.2e-23   86.1   0.7     2   268    33   308    32   310 0.79 [190263/475/1]
190263/502/1.f:NONHGB_02290 -            322 GH43_10.hmm          -            271   7.4e-24   89.4   5.7   1   1   3.8e-26   1.9e-23   88.0   5.7    30   250    69   290    31   313 0.78 [190263/502/1]
190263/456/1.f:LKAJBD_09335 -            322 GH43_10.hmm          -            271   9.9e-24   88.9   1.9   1   1   3.3e-26   1.7e-23   88.2   1.9     2   268    33   308    32   310 0.82 [190263/456/1]
190263/405/1.f:EHKDKA_02295 -            470 GH43_10.hmm          -            271     1e-23   88.9   1.2   1   1   3.2e-26   1.6e-23   88.2   1.2    29   254    65   291    29   319 0.81 [190263/405/1]
190263/388/1.f:FDDJJK_00180 -            835 GH43_10.hmm          -            271   1.3e-23   88.5   1.7   1   1   5.1e-26   2.6e-23   87.6   1.7    27   269    62   316    29   319 0.76 [190263/388/1]
190263/502/1.f:NONHGB_09350 -            326 GH43_10.hmm          -            271   1.6e-23   88.3   4.4   1   1   4.1e-26   2.1e-23   87.9   4.4     2   267    29   305    28   309 0.82 [190263/502/1]
190263/412/1.f:OOIBGL_02545 -            442 GH43_10.hmm          -            271   1.6e-23   88.3   0.1   1   1   4.4e-26   2.3e-23   87.8   0.1    40   267    51   285    44   289 0.85 [190263/412/1]
190263/399/1.f:CDLIDF_16915 -            467 GH43_10.hmm          -            271   1.7e-23   88.2   0.5   1   1   5.1e-26   2.6e-23   87.6   0.5     1   267    37   314    37   320 0.79 [190263/399/1]
190263/405/1.f:EHKDKA_22060 -            326 GH43_10.hmm          -            271     2e-23   88.0   2.5   1   1   1.8e-25   9.3e-23   85.8   2.4     2   268    37   312    36   314 0.77 [190263/405/1]
190263/388/1.f:FDDJJK_00940 -            784 GH43_10.hmm          -            271   2.3e-23   87.7   9.8   1   1   5.8e-24     3e-21   80.8   3.5     2   267   318   607   317   610 0.73 [190263/388/1]
190263/522/1.f:NPJBCH_14225 -            324 GH43_10.hmm          -            271   2.9e-23   87.4   3.4   1   1   8.7e-26   4.4e-23   86.8   3.4    10   267    50   306    43   309 0.79 [190263/522/1]
190263/400/1.f:EIBLKL_04555 -            450 GH43_10.hmm          -            271   3.5e-23   87.2   0.0   1   1   9.9e-26   5.1e-23   86.6   0.0    40   266    51   292    48   297 0.85 [190263/400/1]
190263/541/1.f:IDEEIE_02100 -           1952 GH43_10.hmm          -            271   3.8e-23   87.0  30.6   1   1     1e-22   5.3e-20   76.7   1.2     2   264  1544  1848  1543  1855 0.73 [190263/541/1]
190263/595/1.f:HGDLEC_06255 -            812 GH43_10.hmm          -            271   3.8e-23   87.0   0.3   1   1     7e-25   3.6e-22   83.8   0.3     2   264    32   299    31   305 0.80 [190263/595/1]
190263/580/1.f:JCPJNN_13240 -            439 GH43_10.hmm          -            271   5.2e-23   86.6   0.1   1   1   1.6e-25   8.3e-23   85.9   0.1    40   265    51   279    44   284 0.86 [190263/580/1]
190263/369/1.f:JCDIFE_12795 -            333 GH43_10.hmm          -            271   5.6e-23   86.5   4.8   1   1   1.4e-25     7e-23   86.2   4.8     2   265    35   319    34   324 0.76 [190263/369/1]
190263/502/1.f:NONHGB_20355 -            326 GH43_10.hmm          -            271   6.3e-23   86.3   2.4   1   1   3.8e-25     2e-22   84.7   2.4    30   268    74   312    36   314 0.76 [190263/502/1]
190263/475/1.f:MCKEEP_08390 -            461 GH43_10.hmm          -            271   6.6e-23   86.2   1.4   1   1   3.2e-25   1.6e-22   85.0   1.4    31   269    62   312    25   315 0.80 [190263/475/1]
190263/388/1.f:FDDJJK_11475 -            322 GH43_10.hmm          -            271     1e-22   85.6   3.4   1   1   6.4e-25   3.3e-22   84.0   3.4    11   268    45   302    41   305 0.81 [190263/388/1]
190263/391/1.f:NONBJF_11655 -            322 GH43_10.hmm          -            271     1e-22   85.6   3.4   1   1   6.4e-25   3.3e-22   84.0   3.4    11   268    45   302    41   305 0.81 [190263/391/1]
190263/534/1.f:OHCFJE_11925 -            322 GH43_10.hmm          -            271     1e-22   85.6   3.4   1   1   6.4e-25   3.3e-22   84.0   3.4    11   268    45   302    41   305 0.81 [190263/534/1]
190263/545/1.f:NCJBIN_12795 -            322 GH43_10.hmm          -            271     1e-22   85.6   3.4   1   1   6.4e-25   3.3e-22   84.0   3.4    11   268    45   302    41   305 0.81 [190263/545/1]
190263/366/1.f:DBJPFP_03100 -            318 GH43_10.hmm          -            271   1.1e-22   85.5   0.3   1   1   2.7e-25   1.4e-22   85.2   0.3    10   250    34   277    29   299 0.79 [190263/366/1]
190263/545/1.f:NCJBIN_01075 -            784 GH43_10.hmm          -            271   2.1e-22   84.6  10.8   1   1     2e-23     1e-20   79.1   3.3     2   267   318   607   317   610 0.72 [190263/545/1]
190263/391/1.f:NONBJF_00960 -            784 GH43_10.hmm          -            271   2.3e-22   84.4  10.8   1   1     2e-23     1e-20   79.0   3.3     2   267   318   607   317   610 0.72 [190263/391/1]
190263/534/1.f:OHCFJE_01725 -            784 GH43_10.hmm          -            271   2.4e-22   84.4  10.8   1   1     2e-23     1e-20   79.1   3.3     2   267   318   607   317   610 0.72 [190263/534/1]
190263/504/1.f:DOAHDM_07920 -            461 GH43_10.hmm          -            271   3.5e-22   83.8   0.6   1   1   2.1e-24     1e-21   82.3   0.6     2   268    29   300    25   302 0.78 [190263/504/1]
190263/399/1.f:CDLIDF_06485 -            815 GH43_10.hmm          -            271   4.5e-22   83.5   1.1   1   1   1.2e-23     6e-21   79.8   1.1     2   267    43   313    42   316 0.80 [190263/399/1]
190263/405/1.f:EHKDKA_07790 -            574 GH43_10.hmm          -            271     6e-22   83.1   3.5   1   1   1.6e-24   8.2e-22   82.6   1.0    10   266    52   310    45   315 0.83 [190263/405/1]
190263/405/1.f:EHKDKA_05935 -            356 GH43_10.hmm          -            271   9.8e-22   82.4   0.1   1   1   2.8e-21   1.4e-18   72.0   0.0    40   258    77   299    75   312 0.80 [190263/405/1]
190263/502/1.f:NONHGB_05900 -            462 GH43_10.hmm          -            271   1.1e-21   82.3   0.5   1   1   4.1e-24   2.1e-21   81.3   0.5     2   268    31   302    28   304 0.79 [190263/502/1]
190263/369/1.f:JCDIFE_18055 -            324 GH43_10.hmm          -            271   1.5e-21   81.8   0.9   1   1     6e-24     3e-21   80.8   0.9     2   268    35   310    34   312 0.77 [190263/369/1]
190263/527/1.f:HGADJN_08265 -           2030 GH43_10.hmm          -            271   2.6e-21   81.0   2.2   1   1     5e-24   2.6e-21   81.0   2.2     2   250  1565  1839  1564  1849 0.73 [190263/527/1]
190263/396/1.f:KAAOMA_02915 -           1286 GH43_10.hmm          -            271   2.8e-21   80.9   1.8   1   1   1.1e-23   5.4e-21   80.0   1.8    34   269   882  1156   836  1157 0.83 [190263/396/1]
190263/502/1.f:NONHGB_05255 -            361 GH43_10.hmm          -            271   3.3e-21   80.7   0.1   1   1   4.7e-21   2.4e-18   71.3   0.0    40   258    77   299    75   312 0.80 [190263/502/1]
190263/580/1.f:JCPJNN_18320 -            465 GH43_10.hmm          -            271   4.9e-21   80.1   0.1   1   1   1.4e-23   7.2e-21   79.6   0.1    10   251    29   292    21   310 0.84 [190263/580/1]
190263/368/1.f:HPMDBE_17840 -            597 GH43_10.hmm          -            271   6.2e-21   79.8   1.2   1   1   4.9e-23   2.5e-20   77.8   1.2     6   263    52   311    47   318 0.81 [190263/368/1]
190263/379/1.f:LOJHAC_19880 -            597 GH43_10.hmm          -            271   6.2e-21   79.8   1.2   1   1   4.9e-23   2.5e-20   77.8   1.2     6   263    52   311    47   318 0.81 [190263/379/1]
190263/516/1.f:MGNFBC_15810 -            597 GH43_10.hmm          -            271   6.2e-21   79.8   1.2   1   1   4.9e-23   2.5e-20   77.8   1.2     6   263    52   311    47   318 0.81 [190263/516/1]
190263/502/1.f:NONHGB_02285 -            549 GH43_10.hmm          -            271   7.1e-21   79.6   2.2   1   1   2.5e-23   1.3e-20   78.7   2.2    32   255   300   520   293   537 0.76 [190263/502/1]
190263/405/1.f:EHKDKA_02300 -            456 GH43_10.hmm          -            271   9.7e-21   79.1   3.3   1   1   2.5e-23   1.3e-20   78.7   1.2     1   269    21   303    21   304 0.77 [190263/405/1]
190263/502/1.f:NONHGB_07050 -            574 GH43_10.hmm          -            271   9.8e-21   79.1   1.6   1   1   1.9e-23   9.8e-21   79.1   1.6    10   265    52   309    45   315 0.82 [190263/502/1]
190263/488/1.f:DNPFAC_02720 -            573 GH43_10.hmm          -            271   1.1e-20   79.0   1.3   1   1   1.2e-22   6.3e-20   76.5   1.3    10   267    52   310    45   314 0.81 [190263/488/1]
190263/562/1.f:KJGNCK_25205 -            836 GH43_10.hmm          -            271   1.4e-20   78.6   3.7   1   1   8.2e-23   4.2e-20   77.1   3.7    31   267   305   540   272   543 0.81 [190263/562/1]
190263/366/1.f:DBJPFP_03145 -            351 GH43_10.hmm          -            271   1.5e-20   78.5   0.1   1   1   5.2e-23   2.7e-20   77.7   0.1     9   269    20   334    13   335 0.80 [190263/366/1]
190263/421/1.f:PBKEAC_07675 -            364 GH43_10.hmm          -            271     2e-20   78.1   0.1   1   1   6.4e-23   3.3e-20   77.4   0.1     9   268    29   342    22   343 0.81 [190263/421/1]
190263/475/1.f:MCKEEP_22420 -            325 GH43_10.hmm          -            271   2.5e-20   77.8   0.0   1   1   1.1e-22   5.6e-20   76.6   0.0    66   268    76   314    49   315 0.86 [190263/475/1]
190263/461/1.f:DHPHOK_03515 -            577 GH43_10.hmm          -            271   2.7e-20   77.7   1.4   1   1   2.2e-22   1.1e-19   75.6   1.4    10   247    54   290    47   317 0.81 [190263/461/1]
190263/573/1.f:LIDFCI_11875 -            325 GH43_10.hmm          -            271   3.6e-20   77.3   0.0   1   1   1.7e-22   8.6e-20   76.0   0.0    70   268    80   314    53   315 0.86 [190263/573/1]
190263/417/1.f:MHBJAE_02445 -            573 GH43_10.hmm          -            271     4e-20   77.1   1.8   1   1   5.2e-22   2.7e-19   74.4   1.8    10   266    52   309    45   314 0.81 [190263/417/1]
190263/585/1.f:DLBDDB_19440 -            836 GH43_10.hmm          -            271   5.3e-20   76.7   3.6   1   1   2.6e-22   1.3e-19   75.4   3.6    31   268   305   542   272   544 0.80 [190263/585/1]
190263/595/1.f:HGDLEC_08780 -            320 GH43_10.hmm          -            271   9.8e-20   75.8   0.1   1   1   4.7e-22   2.4e-19   74.6   0.0    71   268    79   310    72   312 0.89 [190263/595/1]
190263/461/1.f:DHPHOK_02915 -            946 GH43_10.hmm          -            271   1.2e-19   75.5   2.7   1   1   5.5e-22   2.8e-19   74.3   2.7    25   251   535   785   495   806 0.82 [190263/461/1]
190263/379/1.f:LOJHAC_06040 -            373 GH43_10.hmm          -            271   1.4e-19   75.3   0.3   1   1   4.6e-22   2.4e-19   74.6   0.3     7   268    39   357    34   359 0.81 [190263/379/1]
190263/516/1.f:MGNFBC_09170 -            377 GH43_10.hmm          -            271   1.5e-19   75.3   0.3   1   1   4.8e-22   2.5e-19   74.5   0.3     7   268    43   361    38   363 0.81 [190263/516/1]
190263/460/1.f:IHFGKI_13230 -            320 GH43_10.hmm          -            271   1.9e-19   74.9   0.2   1   1   7.5e-22   3.9e-19   73.9   0.1    71   268    79   311    61   313 0.87 [190263/460/1]
190263/437/1.f:LBKKEJ_05985 -            577 GH43_10.hmm          -            271     2e-19   74.8   0.1   1   1   2.3e-21   1.2e-18   72.3   0.1    10   269    54   316    47   318 0.77 [190263/437/1]
190263/552/1.f:EMALNL_22610 -            325 GH43_10.hmm          -            271   4.6e-19   73.6   0.0   1   1   2.1e-21   1.1e-18   72.4   0.0    68   268    78   314    49   315 0.86 [190263/552/1]
190263/562/1.f:KJGNCK_24730 -            325 GH43_10.hmm          -            271   4.6e-19   73.6   0.0   1   1   2.1e-21   1.1e-18   72.4   0.0    68   268    78   314    49   315 0.86 [190263/562/1]
190263/502/1.f:NONHGB_11150 -            325 GH43_10.hmm          -            271   4.8e-19   73.6   0.1   1   1   1.6e-21   8.1e-19   72.8   0.1    69   258    79   300    53   316 0.85 [190263/502/1]
190263/456/1.f:LKAJBD_08240 -            323 GH43_10.hmm          -            271   5.1e-19   73.5   0.3   1   1   1.7e-21   8.7e-19   72.7   0.3    68   267    78   312    46   315 0.86 [190263/456/1]
190263/368/1.f:HPMDBE_02595 -            373 GH43_10.hmm          -            271   6.8e-19   73.1   0.4   1   1   2.3e-21   1.2e-18   72.3   0.4     7   268    39   357    34   359 0.81 [190263/368/1]
190263/401/1.f:DMFJNH_07485 -            333 GH43_10.hmm          -            271     7e-19   73.0   1.1   1   1   1.6e-21   8.4e-19   72.8   1.1     2   269    30   324    29   325 0.82 [190263/401/1]
190263/504/1.f:DOAHDM_07990 -            333 GH43_10.hmm          -            271     7e-19   73.0   1.1   1   1   1.6e-21   8.4e-19   72.8   1.1     2   269    30   324    29   325 0.82 [190263/504/1]
190263/369/1.f:JCDIFE_02360 -            952 GH43_10.hmm          -            271   8.1e-19   72.8   3.5   1   1   4.7e-21   2.4e-18   71.3   3.5    25   250   541   786   501   811 0.81 [190263/369/1]
190263/456/1.f:LKAJBD_15320 -            449 GH43_10.hmm          -            271     1e-18   72.5   2.8   1   1   2.5e-21   1.3e-18   72.2   1.7     2   269    20   301    19   302 0.75 [190263/456/1]
190263/562/1.f:KJGNCK_06175 -            497 GH43_10.hmm          -            271   1.5e-18   71.9   1.3   1   1   4.5e-21   2.3e-18   71.3   1.3    26   250    96   331    56   357 0.86 [190263/562/1]
190263/405/1.f:EHKDKA_12835 -            325 GH43_10.hmm          -            271   1.6e-18   71.9   0.0   1   1   6.6e-21   3.4e-18   70.8   0.0    69   258    79   300    63   313 0.87 [190263/405/1]
190263/552/1.f:EMALNL_01775 -            364 GH43_10.hmm          -            271   1.7e-18   71.8   1.7   1   1   5.7e-21   2.9e-18   71.0   1.7    38   252    85   296    33   322 0.77 [190263/552/1]
190263/504/1.f:DOAHDM_15675 -            513 GH43_10.hmm          -            271   3.5e-18   70.7   1.8   1   1   9.6e-20   4.9e-17   67.0   1.8     9   227    61   310    58   372 0.68 [190263/504/1]
190263/456/1.f:LKAJBD_03935 -            334 GH43_10.hmm          -            271   4.4e-18   70.4   0.2   1   1   3.8e-20     2e-17   68.3   0.3    40   268    85   319    32   321 0.79 [190263/456/1]
190263/369/1.f:JCDIFE_02295 -            366 GH43_10.hmm          -            271   5.4e-18   70.1   0.7   1   1   1.6e-20   8.4e-18   69.5   0.7     9   269    35   350    28   351 0.79 [190263/369/1]
190263/401/1.f:DMFJNH_16010 -            513 GH43_10.hmm          -            271   6.7e-18   69.8   1.8   1   1   1.8e-19   9.1e-17   66.1   1.8     9   227    61   310    58   372 0.69 [190263/401/1]
190263/390/1.f:OLPOLE_16250 -            304 GH43_10.hmm          -            271     7e-18   69.8   0.0   1   1   3.3e-20   1.7e-17   68.5   0.0    15   268    18   296    10   297 0.83 [190263/390/1]
190263/502/1.f:NONHGB_06005 -            379 GH43_10.hmm          -            271   7.8e-18   69.6   0.5   1   1   3.8e-20     2e-17   68.3   0.1    34   250    99   313    67   323 0.81 [190263/502/1]
190263/400/1.f:EIBLKL_03920 -            703 GH43_10.hmm          -            271   9.4e-18   69.3   0.8   1   1   3.2e-20   1.6e-17   68.6   0.8    26   250   119   371    93   392 0.85 [190263/400/1]
190263/497/1.f:HENFFC_06515 -            370 GH43_10.hmm          -            271     1e-17   69.2   0.9   1   1     4e-20     2e-17   68.2   0.9     8   250    42   338    36   360 0.74 [190263/497/1]
190263/552/1.f:EMALNL_01465 -            320 GH43_10.hmm          -            271   1.1e-17   69.1   0.4   1   1   3.3e-20   1.7e-17   68.5   0.4    69   268    75   310    44   312 0.85 [190263/552/1]
190263/388/1.f:FDDJJK_00215 -            323 GH43_10.hmm          -            271   1.3e-17   68.9   0.4   1   1   3.9e-20     2e-17   68.3   0.1    70   250    80   291    46   315 0.86 [190263/388/1]
190263/396/1.f:KAAOMA_13260 -            748 GH43_10.hmm          -            271   1.5e-17   68.7   1.1   1   1   7.6e-19   3.9e-16   64.0   0.4    25   249   103   350    99   351 0.80 [190263/396/1]
190263/461/1.f:DHPHOK_02850 -            367 GH43_10.hmm          -            271   1.6e-17   68.6   0.5   1   1   5.2e-20   2.7e-17   67.9   0.5     9   255    36   334    29   351 0.76 [190263/461/1]
190263/391/1.f:NONBJF_00200 -            323 GH43_10.hmm          -            271   1.9e-17   68.4   0.2   1   1   6.1e-20   3.1e-17   67.6   0.1    70   250    80   291    47   315 0.85 [190263/391/1]
190263/534/1.f:OHCFJE_00200 -            323 GH43_10.hmm          -            271     2e-17   68.2   0.3   1   1   6.4e-20   3.3e-17   67.6   0.1    70   250    80   291    47   315 0.85 [190263/534/1]
190263/545/1.f:NCJBIN_00200 -            323 GH43_10.hmm          -            271     2e-17   68.2   0.3   1   1   6.4e-20   3.3e-17   67.6   0.1    70   250    80   291    47   315 0.85 [190263/545/1]
190263/562/1.f:KJGNCK_05450 -            376 GH43_10.hmm          -            271   2.4e-17   68.0   8.3   1   1   5.5e-20   2.8e-17   67.8   6.1    32   269    87   365    81   366 0.78 [190263/562/1]
190263/365/1.f:JJMMAK_05415 -            370 GH43_10.hmm          -            271   4.9e-17   67.0   0.4   1   1   1.8e-19   9.5e-17   66.1   0.4     7   250    41   338    36   360 0.74 [190263/365/1]
190263/399/1.f:CDLIDF_16880 -            325 GH43_10.hmm          -            271   5.4e-17   66.8   0.0   1   1   1.8e-19     9e-17   66.1   0.0    67   266    77   310    47   314 0.82 [190263/399/1]
190263/366/1.f:DBJPFP_03110 -            311 GH43_10.hmm          -            271   8.9e-17   66.1   1.6   1   1   6.9e-19   3.5e-16   64.2   1.6    10   269    35   295    32   298 0.79 [190263/366/1]
190263/443/1.f:LNLACP_00190 -            487 GH43_10.hmm          -            271   9.3e-17   66.1   0.3   1   1   3.2e-19   1.7e-16   65.3   0.3    40   257    55   296    44   311 0.76 [190263/443/1]
190263/460/1.f:IHFGKI_10855 -            336 GH43_10.hmm          -            271   1.1e-16   65.8   2.6   1   1   5.5e-19   2.8e-16   64.5   2.6    10   270    32   332    24   332 0.80 [190263/460/1]
190263/580/1.f:JCPJNN_25895 -            306 GH43_10.hmm          -            271   1.2e-16   65.8   0.1   1   1   3.9e-19     2e-16   65.0   0.1     1   249    11   266    11   297 0.81 [190263/580/1]
190263/401/1.f:DMFJNH_04485 -            376 GH43_10.hmm          -            271   1.7e-16   65.2   5.8   1   1   3.3e-19   1.7e-16   65.2   5.8    32   269    87   365    81   366 0.77 [190263/401/1]
190263/504/1.f:DOAHDM_04985 -            376 GH43_10.hmm          -            271   1.7e-16   65.2   5.8   1   1   3.3e-19   1.7e-16   65.2   5.8    32   269    87   365    81   366 0.77 [190263/504/1]
190263/388/1.f:FDDJJK_05195 -            511 GH43_10.hmm          -            271   2.1e-16   64.9   3.5   1   1   2.9e-18   1.5e-15   62.1   3.5     8   216    71   308    69   383 0.71 [190263/388/1]
190263/475/1.f:MCKEEP_04830 -            395 GH43_10.hmm          -            271     3e-16   64.4   8.5   1   1   2.8e-18   1.4e-15   62.2   8.5    32   269   106   384    80   385 0.78 [190263/475/1]
190263/573/1.f:LIDFCI_18785 -            376 GH43_10.hmm          -            271   3.4e-16   64.2   8.9   1   1   3.3e-18   1.7e-15   61.9   9.0    32   269    87   365    61   366 0.78 [190263/573/1]
190263/401/1.f:DMFJNH_07415 -            360 GH43_10.hmm          -            271   3.9e-16   64.0   0.1   1   1   1.5e-18   7.9e-16   63.0   0.1   100   268    30   199     6   201 0.78 [190263/401/1]
190263/580/1.f:JCPJNN_23245 -            495 GH43_10.hmm          -            271   4.9e-16   63.7   0.2   1   1   5.2e-18   2.6e-15   61.3   0.0     9   217    54   285    49   314 0.78 [190263/580/1]
190263/562/1.f:KJGNCK_15460 -            506 GH43_10.hmm          -            271   6.1e-16   63.4   3.5   1   1   1.4e-17   7.3e-15   59.9   3.5     9   229    54   303    51   365 0.69 [190263/562/1]
190263/388/1.f:FDDJJK_11150 -            343 GH43_10.hmm          -            271   7.3e-16   63.2   2.6   1   1   3.9e-18     2e-15   61.7   0.2   147   270     1   140     1   141 0.83 [190263/388/1]
190263/400/1.f:EIBLKL_09340 -            713 GH43_10.hmm          -            271     8e-16   63.0   0.8   1   1   2.8e-18   1.4e-15   62.2   0.8    26   202   127   311   103   386 0.86 [190263/400/1]
190263/461/1.f:DHPHOK_03510 -            578 GH43_10.hmm          -            271   9.5e-16   62.8   1.4   1   1   1.1e-17   5.9e-15   60.2   0.2    10   267    53   311    48   316 0.73 [190263/461/1]
190263/405/1.f:EHKDKA_05095 -            568 GH43_10.hmm          -            271   9.9e-16   62.7   0.5   1   1   9.1e-18   4.6e-15   60.5   0.5     6   270    43   305    38   306 0.78 [190263/405/1]
190263/404/1.f:BGJBIG_05315 -            334 GH43_10.hmm          -            271     1e-15   62.6   0.8   1   1   2.6e-18   1.3e-15   62.3   0.8     2   266    30   321    29   325 0.76 [190263/404/1]
190263/552/1.f:EMALNL_04875 -            395 GH43_10.hmm          -            271   1.4e-15   62.2   8.5   1   1   1.3e-17   6.7e-15   60.0   8.5    32   269   106   384    80   385 0.78 [190263/552/1]
190263/475/1.f:MCKEEP_15310 -            506 GH43_10.hmm          -            271   1.7e-15   62.0   5.9   1   1   8.8e-18   4.5e-15   60.6   3.1     9   229    54   303    51   365 0.69 [190263/475/1]
190263/502/1.f:NONHGB_06145 -            601 GH43_10.hmm          -            271   1.9e-15   61.8   1.1   1   1   1.3e-17   6.7e-15   60.0   1.1    10   267    54   334    50   337 0.80 [190263/502/1]
190263/534/1.f:OHCFJE_07285 -            511 GH43_10.hmm          -            271   2.1e-15   61.7   3.1   1   1   3.8e-17     2e-14   58.5   3.1     9   271    72   383    67   383 0.66 [190263/534/1]
190263/433/1.f:ADFNDI_00225 -            483 GH43_10.hmm          -            271     3e-15   61.1   0.0   1   1   1.4e-16   7.3e-14   56.6   0.0    40   269    56   325    15   325 0.78 [190263/433/1]
190263/399/1.f:CDLIDF_13570 -            659 GH43_10.hmm          -            271   3.3e-15   61.0   6.0   1   1   6.6e-17   3.4e-14   57.7   5.4    29   217   346   560   304   565 0.78 [190263/399/1]
190263/400/1.f:EIBLKL_03925 -            464 GH43_10.hmm          -            271   3.9e-15   60.8   0.0   1   1   1.4e-17     7e-15   59.9   0.0    30   250    59   302    48   327 0.82 [190263/400/1]
190263/369/1.f:JCDIFE_18065 -            500 GH43_10.hmm          -            271   4.4e-15   60.6   3.2   1   1   9.9e-17     5e-14   57.1   3.2     8   271    58   370    55   370 0.72 [190263/369/1]
190263/545/1.f:NCJBIN_05645 -            511 GH43_10.hmm          -            271   4.7e-15   60.5   3.0   1   1   8.7e-17   4.5e-14   57.3   3.0     9   271    72   383    67   383 0.66 [190263/545/1]
190263/456/1.f:LKAJBD_09325 -            495 GH43_10.hmm          -            271   7.7e-15   59.8   2.9   1   1   1.3e-16   6.7e-14   56.7   2.1     9   271    54   365    51   365 0.68 [190263/456/1]
190263/399/1.f:CDLIDF_13470 -            471 GH43_10.hmm          -            271   9.9e-15   59.4   8.7   1   1   1.5e-16   7.6e-14   56.5   8.4    33   224    68   273    27   349 0.71 [190263/399/1]
190263/585/1.f:DLBDDB_16140 -            494 GH43_10.hmm          -            271   1.4e-14   59.0   5.9   1   1   4.3e-16   2.2e-13   55.0   1.2    18   252    48   288    24   311 0.75 [190263/585/1]
190263/502/1.f:NONHGB_20365 -            495 GH43_10.hmm          -            271   1.5e-14   58.8   3.7   1   1   4.5e-16   2.3e-13   55.0   3.7     8   271    53   365    50   365 0.65 [190263/502/1]
190263/405/1.f:EHKDKA_22070 -            495 GH43_10.hmm          -            271   1.9e-14   58.5   3.0   1   1   3.5e-16   1.8e-13   55.3   2.1     9   271    54   365    51   365 0.64 [190263/405/1]
190263/514/1.f:MMHOAN_12840 -            484 GH43_10.hmm          -            271   3.2e-14   57.7   0.1   1   1   2.6e-16   1.4e-13   55.7   0.0    41   233    57   270    25   301 0.79 [190263/514/1]
190263/391/1.f:NONBJF_05450 -            511 GH43_10.hmm          -            271   4.2e-14   57.4   2.9   1   1   7.8e-16     4e-13   54.2   2.9     9   271    72   383    67   383 0.66 [190263/391/1]
190263/417/1.f:MHBJAE_04965 -            997 GH43_10.hmm          -            271   4.9e-14   57.2   3.6   1   1   1.2e-16   6.2e-14   56.8   2.0    73   267   436   655   401   658 0.78 [190263/417/1]
190263/507/1.f:KPMKPI_02845 -            319 GH43_10.hmm          -            271   5.9e-14   56.9   0.7   1   1   2.3e-16   1.2e-13   55.9   0.7    19   229    27   251    18   275 0.77 [190263/507/1]
190263/461/1.f:DHPHOK_02960 -            699 GH43_10.hmm          -            271   5.9e-14   56.9   1.5   1   1   8.6e-16   4.4e-13   54.0   0.3    10   269   173   437   169   438 0.76 [190263/461/1]
190263/562/1.f:KJGNCK_02165 -            348 GH43_10.hmm          -            271   6.1e-14   56.8   3.2   1   1   2.1e-16   1.1e-13   56.0   0.4    32   218    90   274    83   325 0.78 [190263/562/1]
190263/401/1.f:DMFJNH_07530 -            355 GH43_10.hmm          -            271   7.6e-14   56.5   1.5   1   1   6.4e-16   3.3e-13   54.5   0.2    32   218    82   266    75   320 0.78 [190263/401/1]
190263/504/1.f:DOAHDM_08035 -            355 GH43_10.hmm          -            271   7.6e-14   56.5   1.5   1   1   6.4e-16   3.3e-13   54.5   0.2    32   218    82   266    75   320 0.78 [190263/504/1]
190263/552/1.f:EMALNL_07850 -            346 GH43_10.hmm          -            271   8.7e-14   56.3   3.0   1   1   3.3e-16   1.7e-13   55.4   0.4    32   218    88   272    81   323 0.78 [190263/552/1]
190263/502/1.f:NONHGB_00155 -           1106 GH43_10.hmm          -            271   1.1e-13   56.0   1.9   1   1   2.1e-16   1.1e-13   56.0   1.9    31   249    87   306    83   322 0.77 [190263/502/1]
190263/585/1.f:DLBDDB_01460 -            348 GH43_10.hmm          -            271   1.2e-13   55.9   2.6   1   1     6e-16     3e-13   54.5   0.1    32   218    90   274    83   320 0.77 [190263/585/1]
190263/475/1.f:MCKEEP_08580 -            346 GH43_10.hmm          -            271   1.6e-13   55.5   3.2   1   1   5.9e-16     3e-13   54.6   0.2    32   218    88   272    81   314 0.77 [190263/475/1]
190263/405/1.f:EHKDKA_00150 -           1106 GH43_10.hmm          -            271   2.1e-13   55.1   1.7   1   1   4.1e-16   2.1e-13   55.1   1.7    31   249    87   306    83   322 0.76 [190263/405/1]
190263/369/1.f:JCDIFE_03180 -            326 GH43_10.hmm          -            271   2.3e-13   55.0   0.0   1   1   8.6e-16   4.4e-13   54.0   0.0    66   255    79   297    11   316 0.84 [190263/369/1]
#
# Program:         hmmsearch
# Version:         3.3.2 (Nov 2020)
# Pipeline mode:   SEARCH
# Query file:      /kb/module/work/tmp/output.1725388484971/GH43_10/GH43_10.hmm
# Target file:     /kb/module/work/tmp/output.1725388484971/hCom2_RAST.fasta
# Option settings: /kb/module/hmmer/bin/hmmsearch --domtblout /kb/module/work/tmp/output.1725388484971/GH43_10/GH43_10-hCom2_RAST.hitout.txt --noali --notextw --domE 1e-15 /kb/module/work/tmp/output.1725388484971/GH43_10/GH43_10.hmm /kb/module/work/tmp/output.1725388484971/hCom2_RAST.fasta 
# Current dir:     /kb/module/work/tmp/output.1725388484971
# Date:            Tue Sep  3 18:52:00 2024
# [ok]
