#                                                                                   --- full sequence --- -------------- this domain -------------   hmm coord   ali coord   env coord
# target name               accession   tlen query name           accession   qlen   E-value  score  bias   #  of  c-Evalue  i-Evalue  score  bias  from    to  from    to  from    to  acc description of target
#       ------------------- ---------- ----- -------------------- ---------- ----- --------- ------ ----- --- --- --------- --------- ------ ----- ----- ----- ----- ----- ----- ----- ---- ---------------------
190263/399/1.f:CDLIDF_13450 -            857 GH43_12.hmm          -            281  1.3e-123  416.5   0.5   1   1  6.6e-117  3.5e-114  385.5   0.1     1   281    25   312    25   312 0.98 [190263/399/1]
190263/520/1.f:GGDGDE_19885 -            513 GH43_12.hmm          -            281  2.2e-121  409.1   0.2   1   1  5.2e-124  2.8e-121  408.8   0.2     2   281     6   290     5   290 0.99 [190263/520/1]
190263/490/1.f:OIBLLI_09290 -            540 GH43_12.hmm          -            281  2.5e-120  405.7   0.1   1   1  8.1e-123  4.3e-120  404.9   0.1     1   281     4   282     4   282 0.99 [190263/490/1]
190263/580/1.f:JCPJNN_10115 -            541 GH43_12.hmm          -            281  4.2e-119  401.6   1.2   1   1  1.1e-121  6.1e-119  401.1   1.2     1   281     6   287     6   287 0.98 [190263/580/1]
190263/461/1.f:DHPHOK_06210 -            523 GH43_12.hmm          -            281  7.7e-119  400.8   0.1   1   1    2e-121  1.1e-118  400.3   0.1     1   281    26   300    26   300 0.98 [190263/461/1]
190263/520/1.f:GGDGDE_05930 -            521 GH43_12.hmm          -            281  9.4e-119  400.5   0.0   1   1  4.3e-121  2.3e-118  399.2   0.0     1   281     5   291     5   291 0.99 [190263/520/1]
190263/443/1.f:LNLACP_05715 -            520 GH43_12.hmm          -            281  2.7e-118  399.0   0.1   1   1  6.4e-121  3.4e-118  398.7   0.1     1   281     5   291     5   291 0.99 [190263/443/1]
190263/405/1.f:EHKDKA_18135 -            520 GH43_12.hmm          -            281  9.2e-118  397.3   0.3   1   1  2.5e-120  1.3e-117  396.7   0.3     1   281    25   299    25   299 0.98 [190263/405/1]
190263/429/1.f:OMPHBF_13095 -            519 GH43_12.hmm          -            281  3.8e-117  395.3   0.1   1   1    1e-119  5.4e-117  394.7   0.1     2   281     5   281     4   281 0.99 [190263/429/1]
190263/423/1.f:PDNKFB_07020 -            523 GH43_12.hmm          -            281  1.2e-116  393.6   0.1   1   1  4.1e-119  2.2e-116  392.7   0.1     1   281     5   291     5   291 0.99 [190263/423/1]
190263/546/1.f:GEHMID_03135 -            526 GH43_12.hmm          -            281  1.6e-116  393.2   0.6   1   1  4.7e-119  2.5e-116  392.5   0.4     2   280     8   297     7   314 0.98 [190263/546/1]
190263/409/1.f:AJJCMD_17550 -            503 GH43_12.hmm          -            281  4.9e-116  391.6   1.3   1   1  2.6e-118  1.4e-115  390.1   1.9     1   281     4   279     4   279 0.98 [190263/409/1]
190263/562/1.f:KJGNCK_06150 -            521 GH43_12.hmm          -            281  8.8e-116  390.8   0.1   1   1  2.3e-118  1.2e-115  390.3   0.1     2   281    25   298    24   298 0.99 [190263/562/1]
190263/552/1.f:EMALNL_04300 -            526 GH43_12.hmm          -            281  9.1e-116  390.7   0.1   1   1  2.4e-118  1.3e-115  390.2   0.1     2   281    25   298    24   298 0.99 [190263/552/1]
190263/437/1.f:LBKKEJ_18205 -            520 GH43_12.hmm          -            281  7.3e-115  387.8   0.1   1   1  1.8e-117  9.6e-115  387.4   0.1     1   281    24   298    24   298 0.98 [190263/437/1]
190263/399/1.f:CDLIDF_13510 -            537 GH43_12.hmm          -            281  4.1e-114  385.3   0.6   1   1  1.1e-116  5.9e-114  384.8   0.6     1   277    26   307    26   312 0.98 [190263/399/1]
190263/580/1.f:JCPJNN_30525 -            501 GH43_12.hmm          -            281  3.6e-113  382.2   0.2   1   1  9.4e-116  5.1e-113  381.7   0.2     1   281     4   279     4   279 0.98 [190263/580/1]
190263/507/1.f:KPMKPI_02035 -            512 GH43_12.hmm          -            281  3.7e-113  382.2   0.0   1   1  1.3e-115  6.9e-113  381.3   0.0     1   281     4   287     4   287 0.98 [190263/507/1]
190263/534/1.f:OHCFJE_03255 -            549 GH43_12.hmm          -            281  5.3e-113  381.6   0.0   1   1  1.5e-115  7.9e-113  381.1   0.0     2   281    45   329    44   329 0.99 [190263/534/1]
190263/391/1.f:NONBJF_09625 -            549 GH43_12.hmm          -            281  5.3e-113  381.6   0.0   1   1  1.5e-115  7.9e-113  381.1   0.0     2   281    45   329    44   329 0.99 [190263/391/1]
190263/545/1.f:NCJBIN_10445 -            549 GH43_12.hmm          -            281  5.3e-113  381.6   0.0   1   1  1.5e-115  7.9e-113  381.1   0.0     2   281    45   329    44   329 0.99 [190263/545/1]
190263/456/1.f:LKAJBD_08130 -            577 GH43_12.hmm          -            281  1.7e-111  376.7   0.2   1   1  4.4e-114  2.4e-111  376.2   0.2     2   281    70   365    69   365 0.98 [190263/456/1]
190263/405/1.f:EHKDKA_12840 -            882 GH43_12.hmm          -            281  4.2e-111  375.4   0.0   1   1  1.2e-113  6.6e-111  374.8   0.0     2   280   385   678   384   679 0.97 [190263/405/1]
190263/552/1.f:EMALNL_07540 -            577 GH43_12.hmm          -            281  5.3e-111  375.1   0.1   1   1  1.4e-113  7.5e-111  374.6   0.1     2   281    70   365    69   365 0.97 [190263/552/1]
190263/573/1.f:LIDFCI_15995 -            577 GH43_12.hmm          -            281  5.9e-111  374.9   0.1   1   1  1.7e-113  9.4e-111  374.3   0.1     2   281    70   365    69   365 0.97 [190263/573/1]
190263/520/1.f:GGDGDE_09840 -            508 GH43_12.hmm          -            281    2e-110  373.2   0.1   1   1  5.4e-113  2.9e-110  372.7   0.1     1   280     4   285     4   286 0.98 [190263/520/1]
190263/456/1.f:LKAJBD_02480 -            512 GH43_12.hmm          -            281    6e-110  371.6   0.2   1   1  1.4e-112  7.7e-110  371.3   0.2     1   281    13   288    13   288 0.97 [190263/456/1]
190263/502/1.f:NONHGB_11155 -            910 GH43_12.hmm          -            281    1e-109  370.9   0.0   1   1  2.8e-112  1.5e-109  370.3   0.0     1   280   410   704   410   705 0.97 [190263/502/1]
190263/388/1.f:FDDJJK_00210 -            632 GH43_12.hmm          -            281  3.5e-109  369.1   0.1   1   1  9.3e-112    5e-109  368.6   0.1     2   281   125   420   124   420 0.97 [190263/388/1]
190263/391/1.f:NONBJF_00195 -            632 GH43_12.hmm          -            281  4.4e-109  368.8   0.1   1   1  1.1e-111  5.9e-109  368.4   0.1     2   281   125   420   124   420 0.97 [190263/391/1]
190263/545/1.f:NCJBIN_00195 -            632 GH43_12.hmm          -            281  4.4e-109  368.8   0.1   1   1  1.1e-111  5.9e-109  368.4   0.1     2   281   125   420   124   420 0.97 [190263/545/1]
190263/534/1.f:OHCFJE_00195 -            632 GH43_12.hmm          -            281  4.4e-109  368.8   0.1   1   1  1.1e-111  5.9e-109  368.4   0.1     2   281   125   420   124   420 0.97 [190263/534/1]
190263/595/1.f:HGDLEC_08325 -            561 GH43_12.hmm          -            281    1e-108  367.6   0.0   1   1    3e-111  1.6e-108  366.9   0.0     2   281    49   341    48   341 0.98 [190263/595/1]
190263/409/1.f:AJJCMD_00315 -            525 GH43_12.hmm          -            281  3.8e-108  365.7   0.2   1   1  1.8e-110  9.5e-108  364.4   0.0     1   281     5   298     5   298 0.95 [190263/409/1]
190263/399/1.f:CDLIDF_16950 -            570 GH43_12.hmm          -            281  4.9e-107  362.1   0.1   1   1  1.8e-109  9.9e-107  361.1   0.0     2   281    58   350    57   350 0.97 [190263/399/1]
190263/552/1.f:EMALNL_04305 -            529 GH43_12.hmm          -            281  7.1e-107  361.5   0.1   1   1  1.8e-109  9.5e-107  361.1   0.1     1   281    28   305    28   305 0.97 [190263/552/1]
190263/475/1.f:MCKEEP_08320 -            575 GH43_12.hmm          -            281    1e-106  361.0   0.3   1   1  6.8e-109  3.7e-106  359.2   0.1     2   281    65   359    64   359 0.97 [190263/475/1]
190263/573/1.f:LIDFCI_16020 -            575 GH43_12.hmm          -            281  1.4e-106  360.6   0.2   1   1  6.4e-109  3.4e-106  359.3   0.1     2   281    65   359    64   359 0.97 [190263/573/1]
190263/552/1.f:EMALNL_07520 -            575 GH43_12.hmm          -            281  2.2e-106  359.9   0.3   1   1  1.1e-108  5.7e-106  358.6   0.1     2   281    65   359    64   359 0.97 [190263/552/1]
190263/460/1.f:IHFGKI_14400 -            556 GH43_12.hmm          -            281  5.8e-106  358.5   0.0   1   1  1.8e-108  9.8e-106  357.8   0.0     2   281    48   340    47   340 0.98 [190263/460/1]
190263/400/1.f:EIBLKL_09455 -            495 GH43_12.hmm          -            281  7.6e-106  358.2   0.1   1   1  2.1e-108  1.1e-105  357.6   0.1     1   278     4   280     4   282 0.98 [190263/400/1]
190263/405/1.f:EHKDKA_02030 -            919 GH43_12.hmm          -            281  2.5e-105  356.5   0.1   1   1  1.1e-107    6e-105  355.2   0.0     2   281    68   362    67   362 0.97 [190263/405/1]
190263/562/1.f:KJGNCK_06145 -            530 GH43_12.hmm          -            281  3.6e-105  356.0   0.0   1   1  8.8e-108  4.7e-105  355.6   0.0     1   281    29   306    29   306 0.97 [190263/562/1]
190263/502/1.f:NONHGB_01905 -            919 GH43_12.hmm          -            281  3.7e-105  355.9   0.1   1   1  3.3e-107  1.8e-104  353.7   0.0     2   281    68   362    67   362 0.97 [190263/502/1]
190263/437/1.f:LBKKEJ_18100 -            570 GH43_12.hmm          -            281  4.5e-105  355.6   0.0   1   1  1.3e-107    7e-105  355.0   0.0     2   281    58   350    57   350 0.97 [190263/437/1]
190263/447/1.f:OLODHC_01285 -            525 GH43_12.hmm          -            281   5.2e-99  335.7   0.0   1   1  2.4e-101   1.3e-98  334.4   0.0     2   280     6   292     5   302 0.96 [190263/447/1]
190263/420/1.f:GMHOLO_02125 -            564 GH43_12.hmm          -            281   2.5e-97  330.2   0.0   1   1  9.4e-100     5e-97  329.2   0.0     1   278     8   362     8   367 0.94 [190263/420/1]
190263/527/1.f:HGADJN_02400 -            564 GH43_12.hmm          -            281   3.1e-97  329.9   0.0   1   1   1.5e-99     8e-97  328.6   0.0     1   278     8   362     8   367 0.94 [190263/527/1]
190263/409/1.f:AJJCMD_07230 -            533 GH43_12.hmm          -            281     7e-97  328.7   0.0   1   1     2e-99   1.1e-96  328.2   0.0     2   280    11   297    10   307 0.96 [190263/409/1]
190263/490/1.f:OIBLLI_02545 -            512 GH43_12.hmm          -            281   3.4e-92  313.4   0.0   1   1   8.9e-95   4.8e-92  312.9   0.0     2   280     7   285     6   294 0.98 [190263/490/1]
190263/457/1.f:IIKDLL_11780 -            646 GH43_12.hmm          -            281   1.5e-91  311.3   0.0   1   1     4e-94   2.2e-91  310.7   0.0     1   281   135   411   135   411 0.98 [190263/457/1]
190263/405/1.f:EHKDKA_12800 -            530 GH43_12.hmm          -            281   3.2e-91  310.2   0.1   1   1   1.1e-93   5.7e-91  309.4   0.1     1   280     5   293     5   303 0.96 [190263/405/1]
190263/546/1.f:GEHMID_02780 -            535 GH43_12.hmm          -            281   4.6e-90  306.4   0.4   1   1   1.2e-92   6.3e-90  305.9   0.2     2   280     5   303     4   313 0.96 [190263/546/1]
190263/520/1.f:GGDGDE_09245 -            630 GH43_12.hmm          -            281   1.7e-86  294.7   0.0   1   1   4.6e-89   2.5e-86  294.1   0.0     2   281   134   408   133   408 0.98 [190263/520/1]
190263/420/1.f:GMHOLO_01490 -            543 GH43_12.hmm          -            281   1.2e-84  288.6   0.5   1   1   2.8e-87   1.5e-84  288.3   0.5     2   281     5   304     4   304 0.95 [190263/420/1]
190263/527/1.f:HGADJN_01610 -            543 GH43_12.hmm          -            281   1.2e-84  288.6   0.5   1   1   2.8e-87   1.5e-84  288.3   0.5     2   281     5   304     4   304 0.95 [190263/527/1]
190263/420/1.f:GMHOLO_02150 -            543 GH43_12.hmm          -            281   9.6e-84  285.7   0.8   1   1   2.4e-86   1.3e-83  285.2   0.8     2   281     5   304     4   304 0.95 [190263/420/1]
190263/527/1.f:HGADJN_02425 -            543 GH43_12.hmm          -            281   2.6e-83  284.3   1.3   1   1   6.4e-86   3.4e-83  283.8   1.3     2   281     5   304     4   304 0.95 [190263/527/1]
190263/580/1.f:JCPJNN_02360 -            556 GH43_12.hmm          -            281   6.9e-83  282.8   0.2   1   1   1.9e-85     1e-82  282.3   0.2     1   280     4   313     4   325 0.93 [190263/580/1]
190263/455/1.f:GDGJDA_02905 -            549 GH43_12.hmm          -            281   2.3e-81  277.8   0.1   1   1   1.9e-83     1e-80  275.7   0.1     2   280     4   312     3   313 0.93 [190263/455/1]
190263/546/1.f:GEHMID_10190 -            652 GH43_12.hmm          -            281   3.1e-81  277.4   0.3   1   1   9.8e-84   5.2e-81  276.7   0.3     1   280    28   338    28   347 0.92 [190263/546/1]
190263/541/1.f:IDEEIE_12865 -            548 GH43_12.hmm          -            281   6.3e-81  276.4   0.0   1   1   5.1e-83   2.8e-80  274.3   0.0     2   280     4   312     3   313 0.93 [190263/541/1]
190263/433/1.f:ADFNDI_03705 -            548 GH43_12.hmm          -            281   1.1e-80  275.6   0.0   1   1   9.2e-83   4.9e-80  273.5   0.0     1   280     3   312     3   327 0.93 [190263/433/1]
190263/420/1.f:GMHOLO_06770 -            548 GH43_12.hmm          -            281   6.6e-80  273.1   0.1   1   1   6.3e-82   3.4e-79  270.7   0.1     2   280     4   312     3   329 0.93 [190263/420/1]
190263/527/1.f:HGADJN_07100 -            548 GH43_12.hmm          -            281   6.6e-80  273.1   0.1   1   1   6.3e-82   3.4e-79  270.7   0.1     2   280     4   312     3   329 0.93 [190263/527/1]
190263/520/1.f:GGDGDE_20565 -            540 GH43_12.hmm          -            281   2.4e-79  271.2   0.6   1   1   5.8e-82   3.1e-79  270.9   0.6     1   281     5   305     5   305 0.93 [190263/520/1]
190263/527/1.f:HGADJN_02320 -            543 GH43_12.hmm          -            281   1.9e-78  268.3   1.5   1   1   4.8e-81   2.6e-78  267.8   1.5     1   281     4   303     4   303 0.93 [190263/527/1]
190263/405/1.f:EHKDKA_15525 -           1120 GH43_12.hmm          -            281   1.1e-73  252.7  15.7   1   2   1.1e-55   6.2e-53  184.6   5.1     4   280    26   287    23   296 0.91 [190263/405/1]
190263/405/1.f:EHKDKA_15525 -           1120 GH43_12.hmm          -            281   1.1e-73  252.7  15.7   2   2   3.6e-19   1.9e-16   64.8   0.3     1   277   821  1108   821  1111 0.71 [190263/405/1]
190263/475/1.f:MCKEEP_08340 -            476 GH43_12.hmm          -            281   4.9e-72  247.2   0.0   1   1   1.6e-74   8.5e-72  246.5   0.0    83   281    54   264    31   264 0.96 [190263/475/1]
190263/382/1.f:JACGKO_03555 -            556 GH43_12.hmm          -            281     3e-69  238.1   0.6   1   1   1.9e-71     1e-68  236.3   0.6     2   280     6   313     5   314 0.92 [190263/382/1]
190263/522/1.f:NPJBCH_10320 -            621 GH43_12.hmm          -            281   1.5e-58  203.0   0.9   1   2   4.8e-31   2.6e-28  103.8   0.3     1   281    31   314    31   314 0.82 [190263/522/1]
190263/522/1.f:NPJBCH_10320 -            621 GH43_12.hmm          -            281   1.5e-58  203.0   0.9   2   2     3e-29   1.6e-26   97.9   0.0    10   258   336   588   327   606 0.81 [190263/522/1]
190263/399/1.f:CDLIDF_10095 -            833 GH43_12.hmm          -            281   6.4e-58  200.9   7.3   1   1   3.7e-59     2e-56  196.0   3.3     4   280    26   290    23   291 0.87 [190263/399/1]
190263/502/1.f:NONHGB_00355 -            164 GH43_12.hmm          -            281   2.7e-57  198.9   0.9   1   1   5.5e-60   2.9e-57  198.8   0.9     2   133    25   157    24   164 0.98 [190263/502/1]
190263/369/1.f:JCDIFE_12790 -            817 GH43_12.hmm          -            281   5.1e-56  194.7  10.4   1   1   1.2e-57   6.5e-55  191.1   3.7     4   280    29   290    26   299 0.89 [190263/369/1]
190263/552/1.f:EMALNL_01575 -            510 GH43_12.hmm          -            281     6e-56  194.5   2.7   1   1   1.2e-58   6.6e-56  194.3   1.7     3   280    38   304    36   305 0.87 [190263/552/1]
190263/502/1.f:NONHGB_00190 -            517 GH43_12.hmm          -            281   1.5e-55  193.2   0.6   1   1   4.7e-58   2.5e-55  192.4   0.6     2   280    41   311    40   315 0.84 [190263/502/1]
190263/401/1.f:DMFJNH_07380 -            811 GH43_12.hmm          -            281   3.3e-55  192.0   9.2   1   1   3.9e-55   2.1e-52  182.8   5.3     4   280    26   287    23   296 0.90 [190263/401/1]
190263/504/1.f:DOAHDM_07895 -            811 GH43_12.hmm          -            281   3.3e-55  192.0   9.2   1   1   3.9e-55   2.1e-52  182.8   5.3     4   280    26   287    23   296 0.90 [190263/504/1]
190263/391/1.f:NONBJF_02560 -            817 GH43_12.hmm          -            281   1.9e-54  189.5  10.6   1   1   4.4e-55   2.3e-52  182.7   4.5     4   280    25   286    22   295 0.92 [190263/391/1]
190263/534/1.f:OHCFJE_09655 -            818 GH43_12.hmm          -            281   1.9e-54  189.5  10.6   1   1   4.4e-55   2.4e-52  182.7   4.5     4   280    26   287    23   296 0.92 [190263/534/1]
190263/545/1.f:NCJBIN_02935 -            817 GH43_12.hmm          -            281   1.9e-54  189.5  10.6   1   1   4.4e-55   2.3e-52  182.7   4.5     4   280    25   286    22   295 0.92 [190263/545/1]
190263/388/1.f:FDDJJK_02675 -            818 GH43_12.hmm          -            281   4.5e-54  188.3  11.1   1   1   1.7e-54   8.9e-52  180.8   4.3     4   280    26   287    23   296 0.92 [190263/388/1]
190263/461/1.f:DHPHOK_17575 -            979 GH43_12.hmm          -            281   6.9e-54  187.7   1.8   1   1   2.3e-56   1.2e-53  186.9   1.8     1   280   505   776   505   780 0.84 [190263/461/1]
190263/595/1.f:HGDLEC_03290 -            559 GH43_12.hmm          -            281   9.6e-54  187.2   0.6   1   1   4.7e-56   2.5e-53  185.9   0.6     1   281    38   307    38   307 0.93 [190263/595/1]
190263/405/1.f:EHKDKA_15365 -            549 GH43_12.hmm          -            281   8.8e-53  184.1   1.8   1   1   3.2e-55   1.7e-52  183.1   1.8     2   281    38   307    37   307 0.91 [190263/405/1]
190263/552/1.f:EMALNL_11310 -            558 GH43_12.hmm          -            281   1.3e-52  183.6   0.5   1   1   3.4e-55   1.8e-52  183.0   0.5     1   281    39   309    39   309 0.92 [190263/552/1]
190263/562/1.f:KJGNCK_11340 -            558 GH43_12.hmm          -            281   1.6e-52  183.2   0.5   1   1   4.4e-55   2.3e-52  182.7   0.5     1   281    39   309    39   309 0.92 [190263/562/1]
190263/585/1.f:DLBDDB_08645 -            558 GH43_12.hmm          -            281   1.9e-52  182.9   0.5   1   1   5.3e-55   2.9e-52  182.4   0.5     1   281    39   309    39   309 0.92 [190263/585/1]
190263/404/1.f:BGJBIG_07300 -            558 GH43_12.hmm          -            281   2.5e-52  182.6   0.6   1   1   6.7e-55   3.6e-52  182.1   0.6     1   281    39   309    39   309 0.92 [190263/404/1]
190263/401/1.f:DMFJNH_06495 -            637 GH43_12.hmm          -            281   3.3e-52  182.2   2.3   1   2   6.9e-27   3.7e-24   90.1   0.2     2   278    32   310    31   312 0.82 [190263/401/1]
190263/401/1.f:DMFJNH_06495 -            637 GH43_12.hmm          -            281   3.3e-52  182.2   2.3   2   2   1.7e-27   9.2e-25   92.1   0.2     2   281   339   620   338   620 0.80 [190263/401/1]
190263/504/1.f:DOAHDM_07165 -            637 GH43_12.hmm          -            281   3.3e-52  182.2   2.3   1   2   6.9e-27   3.7e-24   90.1   0.2     2   278    32   310    31   312 0.82 [190263/504/1]
190263/504/1.f:DOAHDM_07165 -            637 GH43_12.hmm          -            281   3.3e-52  182.2   2.3   2   2   1.7e-27   9.2e-25   92.1   0.2     2   281   339   620   338   620 0.80 [190263/504/1]
190263/502/1.f:NONHGB_14095 -            549 GH43_12.hmm          -            281   3.5e-52  182.1   1.3   1   1   1.3e-54   6.8e-52  181.2   1.3     2   281    38   307    37   307 0.91 [190263/502/1]
190263/475/1.f:MCKEEP_10240 -            558 GH43_12.hmm          -            281   5.3e-52  181.5   0.5   1   1   1.4e-54   7.6e-52  181.0   0.5     1   281    39   309    39   309 0.92 [190263/475/1]
190263/388/1.f:FDDJJK_10255 -            554 GH43_12.hmm          -            281   8.4e-52  180.9   0.5   1   1   2.4e-54   1.3e-51  180.3   0.5     1   281    37   306    37   306 0.91 [190263/388/1]
190263/369/1.f:JCDIFE_08905 -            570 GH43_12.hmm          -            281   1.5e-51  180.1   0.3   1   1     4e-54   2.1e-51  179.5   0.3     1   281    51   321    51   321 0.92 [190263/369/1]
190263/391/1.f:NONBJF_10790 -            554 GH43_12.hmm          -            281   1.7e-51  179.8   0.6   1   1   4.9e-54   2.6e-51  179.2   0.6     1   281    37   306    37   306 0.91 [190263/391/1]
190263/534/1.f:OHCFJE_02065 -            554 GH43_12.hmm          -            281   1.7e-51  179.8   0.6   1   1   4.9e-54   2.6e-51  179.2   0.6     1   281    37   306    37   306 0.91 [190263/534/1]
190263/545/1.f:NCJBIN_11650 -            554 GH43_12.hmm          -            281   1.7e-51  179.8   0.6   1   1   4.9e-54   2.6e-51  179.2   0.6     1   281    37   306    37   306 0.91 [190263/545/1]
190263/573/1.f:LIDFCI_00915 -            558 GH43_12.hmm          -            281   1.8e-51  179.7   0.4   1   1   5.1e-54   2.7e-51  179.2   0.4     1   281    39   309    39   309 0.92 [190263/573/1]
190263/490/1.f:OIBLLI_09735 -            542 GH43_12.hmm          -            281   2.2e-51  179.5   2.2   1   1   1.9e-53     1e-50  177.3   2.2     1   281    12   281    12   281 0.93 [190263/490/1]
190263/391/1.f:NONBJF_09835 -            499 GH43_12.hmm          -            281   3.8e-51  178.7   0.1   1   1   1.1e-53     6e-51  178.1   0.1     4   280    36   302    34   313 0.88 [190263/391/1]
190263/534/1.f:OHCFJE_02975 -            499 GH43_12.hmm          -            281   3.8e-51  178.7   0.1   1   1   1.1e-53     6e-51  178.1   0.1     4   280    36   302    34   313 0.88 [190263/534/1]
190263/545/1.f:NCJBIN_10675 -            499 GH43_12.hmm          -            281   3.8e-51  178.7   0.1   1   1   1.1e-53     6e-51  178.1   0.1     4   280    36   302    34   313 0.88 [190263/545/1]
190263/552/1.f:EMALNL_14145 -            549 GH43_12.hmm          -            281   6.6e-51  177.9   1.1   1   1   3.1e-53   1.7e-50  176.6   1.1     1   281    37   307    37   307 0.91 [190263/552/1]
190263/562/1.f:KJGNCK_14345 -            549 GH43_12.hmm          -            281   7.6e-51  177.7   0.9   1   1   3.1e-53   1.7e-50  176.6   0.9     1   281    37   307    37   307 0.91 [190263/562/1]
190263/405/1.f:EHKDKA_11580 -            560 GH43_12.hmm          -            281   1.1e-50  177.2   0.6   1   1   3.1e-53   1.6e-50  176.6   0.6     1   281    40   310    40   310 0.92 [190263/405/1]
190263/456/1.f:LKAJBD_06230 -            558 GH43_12.hmm          -            281   1.2e-50  177.1   0.4   1   1   3.3e-53   1.8e-50  176.5   0.4     1   281    40   310    40   310 0.92 [190263/456/1]
190263/466/1.f:PGJOII_00185 -            558 GH43_12.hmm          -            281   1.5e-50  176.8   0.3   1   1   4.4e-53   2.4e-50  176.1   0.3     1   281    40   310    40   310 0.92 [190263/466/1]
190263/545/1.f:NCJBIN_10530 -            544 GH43_12.hmm          -            281   1.7e-50  176.5   0.5   1   1   3.4e-52   1.9e-49  173.2   0.5     1   281    35   303    35   303 0.87 [190263/545/1]
190263/391/1.f:NONBJF_09700 -            544 GH43_12.hmm          -            281   2.3e-50  176.1   0.5   1   1   4.5e-52   2.4e-49  172.8   0.5     1   281    35   303    35   303 0.87 [190263/391/1]
190263/388/1.f:FDDJJK_00610 -            549 GH43_12.hmm          -            281   2.6e-50  176.0   1.1   1   1   6.3e-52   3.4e-49  172.3   1.1     2   281    38   307    37   307 0.92 [190263/388/1]
190263/502/1.f:NONHGB_10035 -            559 GH43_12.hmm          -            281   2.9e-50  175.8   0.4   1   1   8.1e-53   4.4e-50  175.2   0.4     1   281    40   310    40   310 0.92 [190263/502/1]
190263/534/1.f:OHCFJE_03150 -            544 GH43_12.hmm          -            281   3.8e-50  175.4   0.2   1   1   1.2e-51   6.6e-49  171.4   0.2     1   281    35   303    35   303 0.84 [190263/534/1]
190263/409/1.f:AJJCMD_29650 -            537 GH43_12.hmm          -            281   5.6e-50  174.9   0.0   1   1   1.9e-52   9.9e-50  174.1   0.0     1   281    38   305    38   305 0.93 [190263/409/1]
190263/401/1.f:DMFJNH_10295 -            558 GH43_12.hmm          -            281   6.4e-50  174.7   0.4   1   1   1.9e-52     1e-49  174.0   0.4     1   281    39   309    39   309 0.92 [190263/401/1]
190263/437/1.f:LBKKEJ_14810 -            501 GH43_12.hmm          -            281   8.4e-50  174.3   0.1   1   1   2.5e-52   1.4e-49  173.6   0.1     4   280    38   304    36   313 0.88 [190263/437/1]
190263/520/1.f:GGDGDE_09240 -            526 GH43_12.hmm          -            281   1.2e-49  173.8   0.6   1   1   3.1e-52   1.7e-49  173.3   0.6     1   281    15   283    15   283 0.92 [190263/520/1]
190263/475/1.f:MCKEEP_14510 -            549 GH43_12.hmm          -            281   1.3e-49  173.7   0.9   1   1   4.9e-52   2.6e-49  172.7   0.9     1   281    37   307    37   307 0.90 [190263/475/1]
190263/401/1.f:DMFJNH_14545 -            549 GH43_12.hmm          -            281   1.6e-49  173.3   0.4   1   1   5.3e-52   2.9e-49  172.5   0.4     1   281    37   307    37   307 0.90 [190263/401/1]
190263/504/1.f:DOAHDM_14575 -            549 GH43_12.hmm          -            281   1.6e-49  173.3   0.4   1   1   5.3e-52   2.9e-49  172.5   0.4     1   281    37   307    37   307 0.90 [190263/504/1]
190263/504/1.f:DOAHDM_10665 -            558 GH43_12.hmm          -            281   1.7e-49  173.3   0.3   1   1     5e-52   2.7e-49  172.6   0.3     1   281    39   309    39   309 0.92 [190263/504/1]
190263/585/1.f:DLBDDB_16965 -            548 GH43_12.hmm          -            281   2.5e-49  172.7   0.7   1   1     9e-52   4.8e-49  171.8   0.7     1   281    37   307    37   307 0.90 [190263/585/1]
190263/573/1.f:LIDFCI_04235 -            549 GH43_12.hmm          -            281     4e-49  172.1   0.6   1   1   1.4e-51   7.7e-49  171.1   0.6     1   281    37   307    37   307 0.90 [190263/573/1]
190263/534/1.f:OHCFJE_00275 -            555 GH43_12.hmm          -            281   4.2e-49  172.0   1.2   1   1   1.5e-51   7.9e-49  171.1   1.2     1   281    38   307    38   307 0.92 [190263/534/1]
190263/369/1.f:JCDIFE_10740 -            544 GH43_12.hmm          -            281   6.3e-49  171.4   1.0   1   1   2.3e-51   1.2e-48  170.5   1.0     2   281    33   302    32   302 0.91 [190263/369/1]
190263/384/1.f:CDKGIA_11810 -            549 GH43_12.hmm          -            281   8.1e-49  171.1   0.0   1   1   2.4e-51   1.3e-48  170.4   0.0     1   281     5   272     5   272 0.90 [190263/384/1]
190263/457/1.f:IIKDLL_04080 -            553 GH43_12.hmm          -            281   1.6e-48  170.1   2.2   1   1   1.3e-50   6.8e-48  168.0   2.2     2   281    33   301    32   301 0.93 [190263/457/1]
190263/391/1.f:NONBJF_00550 -            549 GH43_12.hmm          -            281   1.9e-48  169.9   0.7   1   1   4.5e-50   2.4e-47  166.2   0.7     2   281    38   307    37   307 0.91 [190263/391/1]
190263/534/1.f:OHCFJE_01315 -            549 GH43_12.hmm          -            281   1.9e-48  169.8   0.7   1   1   4.5e-50   2.4e-47  166.2   0.7     2   281    38   307    37   307 0.91 [190263/534/1]
190263/545/1.f:NCJBIN_00645 -            549 GH43_12.hmm          -            281   1.9e-48  169.8   0.7   1   1   4.5e-50   2.4e-47  166.2   0.7     2   281    38   307    37   307 0.91 [190263/545/1]
190263/460/1.f:IHFGKI_00025 -            986 GH43_12.hmm          -            281   6.6e-48  168.1   3.5   1   1   3.1e-36   1.7e-33  120.8   0.3     2   281   480   744   479   744 0.88 [190263/460/1]
190263/437/1.f:LBKKEJ_08355 -            555 GH43_12.hmm          -            281   8.5e-48  167.7   0.3   1   1   2.3e-50   1.2e-47  167.2   0.3     1   281    38   307    38   307 0.92 [190263/437/1]
190263/488/1.f:DNPFAC_07140 -            526 GH43_12.hmm          -            281     3e-47  165.9   0.6   1   1   7.5e-50   4.1e-47  165.5   0.6     1   281    35   309    35   309 0.86 [190263/488/1]
190263/417/1.f:MHBJAE_06245 -            526 GH43_12.hmm          -            281   5.9e-47  164.9   0.4   1   1   1.6e-49   8.8e-47  164.4   0.4     1   281    35   309    35   309 0.86 [190263/417/1]
190263/399/1.f:CDLIDF_10110 -            550 GH43_12.hmm          -            281   7.8e-47  164.6   0.6   1   1   4.2e-49   2.2e-46  163.1   0.6     1   281    38   308    38   308 0.90 [190263/399/1]
190263/404/1.f:BGJBIG_07265 -            528 GH43_12.hmm          -            281   1.3e-46  163.9   0.6   1   1   3.6e-49   1.9e-46  163.3   0.6     1   281    37   311    37   311 0.86 [190263/404/1]
190263/460/1.f:IHFGKI_01825 -            596 GH43_12.hmm          -            281   1.4e-44  157.2   0.6   1   1   5.9e-47   3.1e-44  156.0   0.6     1   280    46   324    46   325 0.88 [190263/460/1]
190263/497/1.f:HENFFC_12345 -            513 GH43_12.hmm          -            281     7e-44  154.9   0.2   1   1   2.1e-46   1.1e-43  154.2   0.2     1   281    27   303    27   303 0.88 [190263/497/1]
190263/365/1.f:JJMMAK_00270 -            513 GH43_12.hmm          -            281   2.1e-43  153.3   0.2   1   1   6.6e-46   3.5e-43  152.6   0.2     1   281    27   303    27   303 0.88 [190263/365/1]
190263/534/1.f:OHCFJE_08385 -            513 GH43_12.hmm          -            281   2.5e-43  153.1   0.6   1   1   6.7e-46   3.6e-43  152.5   0.6     2   281    36   294    35   294 0.92 [190263/534/1]
190263/391/1.f:NONBJF_03805 -            513 GH43_12.hmm          -            281   3.3e-43  152.7   0.6   1   1   8.8e-46   4.7e-43  152.1   0.6     2   281    36   294    35   294 0.92 [190263/391/1]
190263/545/1.f:NCJBIN_04485 -            513 GH43_12.hmm          -            281   3.3e-43  152.7   0.6   1   1   8.8e-46   4.7e-43  152.1   0.6     2   281    36   294    35   294 0.92 [190263/545/1]
190263/504/1.f:DOAHDM_03725 -            514 GH43_12.hmm          -            281   1.8e-41  147.0   0.9   1   1     5e-44   2.7e-41  146.4   0.9     2   281    37   295    36   295 0.91 [190263/504/1]
190263/401/1.f:DMFJNH_03265 -            514 GH43_12.hmm          -            281   1.8e-41  147.0   0.9   1   1     5e-44   2.7e-41  146.4   0.9     2   281    37   295    36   295 0.91 [190263/401/1]
190263/405/1.f:EHKDKA_03295 -            725 GH43_12.hmm          -            281   1.9e-41  146.9   0.4   1   1   8.2e-44   4.4e-41  145.7   0.4     1   281   103   369   103   369 0.84 [190263/405/1]
190263/368/1.f:HPMDBE_12540 -            513 GH43_12.hmm          -            281   2.7e-41  146.4   0.3   1   1   5.1e-44   2.7e-41  146.4   0.3     1   281    26   302    26   302 0.89 [190263/368/1]
190263/379/1.f:LOJHAC_13970 -            513 GH43_12.hmm          -            281   4.8e-41  145.6   0.3   1   1   8.9e-44   4.8e-41  145.6   0.3     1   281    26   302    26   302 0.89 [190263/379/1]
190263/562/1.f:KJGNCK_10930 -            668 GH43_12.hmm          -            281   1.3e-40  144.1   0.4   1   1   4.9e-43   2.6e-40  143.1   0.4     1   281    47   313    47   313 0.84 [190263/562/1]
190263/516/1.f:MGNFBC_11300 -            513 GH43_12.hmm          -            281   1.4e-40  144.0   0.3   1   1   2.6e-43   1.4e-40  144.0   0.3     1   281    26   302    26   302 0.89 [190263/516/1]
190263/552/1.f:EMALNL_10855 -            668 GH43_12.hmm          -            281   1.4e-40  144.0   0.4   1   1   4.9e-43   2.6e-40  143.1   0.4     1   281    47   313    47   313 0.84 [190263/552/1]
190263/391/1.f:NONBJF_09445 -            955 GH43_12.hmm          -            281   8.2e-40  141.5   3.3   1   1   1.8e-42   9.9e-40  141.3   1.9     2   281    37   295    36   295 0.91 [190263/391/1]
190263/534/1.f:OHCFJE_03435 -            955 GH43_12.hmm          -            281   8.2e-40  141.5   3.3   1   1   1.8e-42   9.9e-40  141.3   1.9     2   281    37   295    36   295 0.91 [190263/534/1]
190263/545/1.f:NCJBIN_10260 -            955 GH43_12.hmm          -            281   8.3e-40  141.5   3.3   1   1   1.8e-42   9.9e-40  141.3   1.9     2   281    37   295    36   295 0.91 [190263/545/1]
190263/460/1.f:IHFGKI_00035 -            712 GH43_12.hmm          -            281   4.4e-39  139.1   2.7   1   1   1.1e-36   6.1e-34  122.3   0.2     2   214    52   258    51   278 0.84 [190263/460/1]
190263/502/1.f:NONHGB_05935 -            517 GH43_12.hmm          -            281     6e-39  138.7   0.2   1   1   1.9e-41     1e-38  138.0   0.2     1   281    34   298    34   298 0.90 [190263/502/1]
190263/502/1.f:NONHGB_05895 -            526 GH43_12.hmm          -            281     8e-39  138.3   0.2   1   1   2.8e-41   1.5e-38  137.4   0.2     2   281    41   308    40   308 0.85 [190263/502/1]
190263/456/1.f:LKAJBD_15330 -            693 GH43_12.hmm          -            281   1.1e-38  137.8   1.1   1   1   4.6e-36   2.5e-33  120.3   0.0     2   214    33   239    32   251 0.84 [190263/456/1]
190263/405/1.f:EHKDKA_02305 -            697 GH43_12.hmm          -            281   1.9e-38  137.0   1.4   1   1   4.4e-36   2.4e-33  120.3   0.0     2   214    35   241    34   254 0.83 [190263/405/1]
190263/388/1.f:FDDJJK_00175 -            527 GH43_12.hmm          -            281   1.5e-37  134.1   0.3   1   1   5.2e-40   2.8e-37  133.2   0.1     2   281    27   294    26   294 0.86 [190263/388/1]
190263/562/1.f:KJGNCK_02440 -           1354 GH43_12.hmm          -            281   1.9e-37  133.7   2.4   1   1   1.1e-35   5.9e-33  119.0   0.1     2   214    35   241    34   254 0.86 [190263/562/1]
190263/423/1.f:PDNKFB_00445 -            498 GH43_12.hmm          -            281     2e-37  133.7   0.4   1   1   1.4e-39   7.8e-37  131.8   0.3     2   281     4   272     3   272 0.86 [190263/423/1]
190263/391/1.f:NONBJF_00170 -            527 GH43_12.hmm          -            281   4.2e-37  132.6   0.2   1   1   1.7e-39   9.1e-37  131.5   0.1     2   281    27   294    26   294 0.86 [190263/391/1]
190263/534/1.f:OHCFJE_00170 -            527 GH43_12.hmm          -            281   4.2e-37  132.6   0.2   1   1   1.7e-39   9.1e-37  131.5   0.1     2   281    27   294    26   294 0.86 [190263/534/1]
190263/545/1.f:NCJBIN_00170 -            527 GH43_12.hmm          -            281   4.2e-37  132.6   0.2   1   1   1.7e-39   9.1e-37  131.5   0.1     2   281    27   294    26   294 0.86 [190263/545/1]
190263/552/1.f:EMALNL_01625 -            532 GH43_12.hmm          -            281   6.9e-37  131.9   0.1   1   1   3.2e-39   1.7e-36  130.6   0.0     2   281    29   296    28   296 0.87 [190263/552/1]
190263/595/1.f:HGDLEC_05000 -            699 GH43_12.hmm          -            281   1.1e-36  131.2   3.3   1   1   3.5e-38   1.9e-35  127.2   3.3     2   281    44   335    43   335 0.86 [190263/595/1]
190263/556/1.f:EMIPPF_01660 -            510 GH43_12.hmm          -            281   1.3e-36  131.0   0.0   1   1   3.8e-39   2.1e-36  130.4   0.0     1   278    24   296    24   300 0.86 [190263/556/1]
190263/405/1.f:EHKDKA_02035 -            519 GH43_12.hmm          -            281   5.6e-36  128.9   1.5   1   1   3.8e-38     2e-35  127.1   1.5     1   281    27   294    27   294 0.81 [190263/405/1]
190263/527/1.f:HGADJN_01625 -            529 GH43_12.hmm          -            281   1.5e-35  127.5   0.1   1   1     9e-38   4.9e-35  125.9   0.0     2   281     7   276     6   276 0.85 [190263/527/1]
190263/520/1.f:GGDGDE_04270 -            498 GH43_12.hmm          -            281     2e-35  127.1   0.2   1   1   8.4e-38   4.5e-35  126.0   0.2     2   281     4   272     3   272 0.86 [190263/520/1]
190263/562/1.f:KJGNCK_02385 -            543 GH43_12.hmm          -            281   2.3e-35  126.9   0.1   1   1   7.8e-38   4.2e-35  126.1   0.1     1   281    44   309    44   309 0.87 [190263/562/1]
190263/420/1.f:GMHOLO_01510 -            529 GH43_12.hmm          -            281   4.9e-35  125.9   0.1   1   1   3.6e-37   1.9e-34  123.9   0.0     2   281     7   276     6   276 0.85 [190263/420/1]
190263/400/1.f:EIBLKL_09335 -            592 GH43_12.hmm          -            281   5.7e-35  125.6   0.3   1   1   2.4e-37   1.3e-34  124.5   0.2     1   281    72   341    72   341 0.86 [190263/400/1]
190263/502/1.f:NONHGB_05050 -           1205 GH43_12.hmm          -            281   2.7e-34  123.4   1.7   1   1   7.3e-37   3.9e-34  122.9   0.5     1   281   424   678   424   678 0.88 [190263/502/1]
190263/405/1.f:EHKDKA_05820 -           1205 GH43_12.hmm          -            281   4.5e-34  122.7   1.8   1   1   1.1e-36   5.8e-34  122.3   0.5     1   281   424   678   424   678 0.89 [190263/405/1]
190263/502/1.f:NONHGB_01910 -            519 GH43_12.hmm          -            281   6.4e-34  122.2   2.1   1   1     4e-36   2.1e-33  120.5   2.1     2   281    28   294    27   294 0.80 [190263/502/1]
190263/573/1.f:LIDFCI_13560 -            512 GH43_12.hmm          -            281     8e-34  121.9   0.4   1   1   2.2e-36   1.2e-33  121.3   0.4     2   280    27   302    26   306 0.86 [190263/573/1]
190263/504/1.f:DOAHDM_10190 -            512 GH43_12.hmm          -            281   8.7e-34  121.7   0.4   1   1   2.4e-36   1.3e-33  121.2   0.4     1   280    26   302    26   303 0.86 [190263/504/1]
190263/520/1.f:GGDGDE_19895 -            538 GH43_12.hmm          -            281   9.8e-34  121.6   0.1   1   1   4.9e-36   2.6e-33  120.2   0.0     2   281    12   280    11   280 0.85 [190263/520/1]
190263/437/1.f:LBKKEJ_07225 -            231 GH43_12.hmm          -            281     1e-33  121.5   0.1   1   1   2.1e-36   1.2e-33  121.4   0.1     2   195    42   229    41   231 0.92 [190263/437/1]
190263/562/1.f:KJGNCK_10720 -            513 GH43_12.hmm          -            281   1.1e-33  121.4   0.3   1   1   3.4e-36   1.8e-33  120.7   0.3     2   280    27   302    26   303 0.85 [190263/562/1]
190263/456/1.f:LKAJBD_08190 -            797 GH43_12.hmm          -            281   1.5e-33  121.0   0.2   1   1   2.6e-35   1.4e-32  117.8   0.4     1   281    28   295    28   295 0.82 [190263/456/1]
190263/405/1.f:EHKDKA_05910 -            541 GH43_12.hmm          -            281   2.2e-33  120.4   0.1   1   1     7e-36   3.8e-33  119.7   0.1     1   281    30   298    30   298 0.86 [190263/405/1]
190263/401/1.f:DMFJNH_09845 -            512 GH43_12.hmm          -            281   2.7e-33  120.2   0.4   1   1   7.2e-36   3.9e-33  119.6   0.4     1   280    26   302    26   303 0.86 [190263/401/1]
190263/502/1.f:NONHGB_05230 -            533 GH43_12.hmm          -            281   3.7e-33  119.7   0.1   1   1   1.2e-35   6.7e-33  118.8   0.1     1   281    30   298    30   298 0.86 [190263/502/1]
190263/399/1.f:CDLIDF_16935 -            535 GH43_12.hmm          -            281     5e-33  119.3   0.1   1   1   1.6e-35   8.6e-33  118.5   0.1     2   281    36   300    35   300 0.86 [190263/399/1]
190263/520/1.f:GGDGDE_19865 -            524 GH43_12.hmm          -            281   1.4e-32  117.8   0.3   1   1   2.9e-34   1.6e-31  114.3   0.3     2   277     5   274     4   277 0.73 [190263/520/1]
190263/573/1.f:LIDFCI_16030 -            532 GH43_12.hmm          -            281   2.8e-32  116.8   0.0   1   1   7.7e-35   4.1e-32  116.3   0.0     1   281    28   297    28   297 0.84 [190263/573/1]
190263/552/1.f:EMALNL_07510 -            532 GH43_12.hmm          -            281   2.8e-32  116.8   0.0   1   1   7.7e-35   4.1e-32  116.3   0.0     1   281    28   297    28   297 0.84 [190263/552/1]
190263/369/1.f:JCDIFE_10525 -            515 GH43_12.hmm          -            281     6e-32  115.7   0.3   1   1   3.9e-34   2.1e-31  113.9   0.2     1   280    26   302    26   303 0.86 [190263/369/1]
190263/541/1.f:IDEEIE_12540 -           1769 GH43_12.hmm          -            281   7.4e-32  115.4   0.4   1   1   4.4e-28   2.3e-25   94.1   0.3     1   281    43   326    43   326 0.79 [190263/541/1]
190263/475/1.f:MCKEEP_08310 -            532 GH43_12.hmm          -            281   8.1e-32  115.3   0.0   1   1   2.2e-34   1.2e-31  114.7   0.0     1   281    28   297    28   297 0.84 [190263/475/1]
190263/396/1.f:KAAOMA_19120 -           1075 GH43_12.hmm          -            281   1.1e-31  114.9   0.3   1   1   5.9e-34   3.2e-31  113.3   0.3     2   281    45   313    44   313 0.88 [190263/396/1]
190263/391/1.f:NONBJF_04475 -            514 GH43_12.hmm          -            281   1.3e-31  114.6   0.0   1   1   3.1e-34   1.7e-31  114.2   0.0     2   281    30   312    29   312 0.85 [190263/391/1]
190263/534/1.f:OHCFJE_07745 -            514 GH43_12.hmm          -            281   1.3e-31  114.6   0.0   1   1   3.1e-34   1.7e-31  114.2   0.0     2   281    30   312    29   312 0.85 [190263/534/1]
190263/545/1.f:NCJBIN_05140 -            514 GH43_12.hmm          -            281   1.3e-31  114.6   0.0   1   1   3.1e-34   1.7e-31  114.2   0.0     2   281    30   312    29   312 0.85 [190263/545/1]
190263/365/1.f:JJMMAK_09115 -            354 GH43_12.hmm          -            281   4.5e-30  109.6   0.2   1   1     1e-32   5.4e-30  109.3   0.2     2   281    45   337    44   337 0.84 [190263/365/1]
190263/552/1.f:EMALNL_04005 -            335 GH43_12.hmm          -            281   1.7e-29  107.6   0.3   1   1   3.9e-32   2.1e-29  107.4   0.3     1   281    32   316    32   316 0.84 [190263/552/1]
190263/475/1.f:MCKEEP_04050 -            354 GH43_12.hmm          -            281   2.6e-29  107.1   0.5   1   1   5.9e-32   3.2e-29  106.8   0.5     2   281    43   334    42   334 0.80 [190263/475/1]
190263/573/1.f:LIDFCI_19560 -            354 GH43_12.hmm          -            281   2.6e-29  107.1   0.5   1   1   5.9e-32   3.2e-29  106.8   0.5     2   281    43   334    42   334 0.80 [190263/573/1]
190263/562/1.f:KJGNCK_06460 -            335 GH43_12.hmm          -            281   4.7e-29  106.2   0.2   1   1   1.1e-31   5.6e-29  106.0   0.2     1   281    32   316    32   316 0.84 [190263/562/1]
190263/401/1.f:DMFJNH_03530 -            325 GH43_12.hmm          -            281   9.1e-29  105.3   0.1   1   1     2e-31   1.1e-28  105.0   0.1     1   281    27   309    27   309 0.83 [190263/401/1]
190263/504/1.f:DOAHDM_03970 -            325 GH43_12.hmm          -            281   9.1e-29  105.3   0.1   1   1     2e-31   1.1e-28  105.0   0.1     1   281    27   309    27   309 0.83 [190263/504/1]
190263/585/1.f:DLBDDB_05325 -            353 GH43_12.hmm          -            281   1.9e-28  104.2   0.7   1   1   4.4e-31   2.3e-28  103.9   0.7     2   281    42   333    41   333 0.79 [190263/585/1]
190263/502/1.f:NONHGB_04285 -            308 GH43_12.hmm          -            281   3.4e-28  103.4   0.1   1   1   7.7e-31   4.1e-28  103.1   0.1     1   281    10   292    10   292 0.82 [190263/502/1]
190263/388/1.f:FDDJJK_11145 -            625 GH43_12.hmm          -            281   5.3e-28  102.8   0.2   1   1   1.4e-30   7.7e-28  102.2   0.2     1   124   505   622   505   625 0.91 [190263/388/1]
190263/365/1.f:JJMMAK_00705 -            985 GH43_12.hmm          -            281   7.5e-28  102.3   0.1   1   1   2.3e-30   1.2e-27  101.6   0.1     1   281   685   967   685   967 0.82 [190263/365/1]
190263/502/1.f:NONHGB_04390 -            315 GH43_12.hmm          -            281   7.8e-28  102.2   0.0   1   1   1.8e-30   9.7e-28  101.9   0.0    12   257    36   282    32   298 0.80 [190263/502/1]
190263/497/1.f:HENFFC_10575 -            995 GH43_12.hmm          -            281   1.3e-27  101.4   0.2   1   1   4.4e-30   2.3e-27  100.6   0.2     1   281   695   977   695   977 0.81 [190263/497/1]
190263/401/1.f:DMFJNH_07430 -            453 GH43_12.hmm          -            281   1.7e-27  101.1   0.4   1   1   4.4e-30   2.4e-27  100.6   0.4    35   281     2   235     1   235 0.84 [190263/401/1]
190263/504/1.f:DOAHDM_07935 -            453 GH43_12.hmm          -            281   1.7e-27  101.1   0.4   1   1   4.4e-30   2.4e-27  100.6   0.4    35   281     2   235     1   235 0.84 [190263/504/1]
190263/585/1.f:DLBDDB_04640 -            329 GH43_12.hmm          -            281   2.7e-27  100.4   0.7   1   1   6.6e-30   3.5e-27  100.1   0.7     8   252    37   287    35   310 0.83 [190263/585/1]
190263/405/1.f:EHKDKA_04765 -            325 GH43_12.hmm          -            281   3.6e-27  100.0   0.1   1   1   8.3e-30   4.5e-27   99.7   0.1     1   281    27   309    27   309 0.82 [190263/405/1]
190263/366/1.f:DBJPFP_11310 -            329 GH43_12.hmm          -            281     1e-26   98.6   0.1   1   1   2.3e-29   1.2e-26   98.3   0.1     1   281    33   313    33   313 0.86 [190263/366/1]
190263/580/1.f:JCPJNN_19935 -            504 GH43_12.hmm          -            281   1.9e-26   97.7   0.0   1   1   4.9e-29   2.6e-26   97.2   0.0     1   281     4   273     4   273 0.88 [190263/580/1]
190263/461/1.f:DHPHOK_05315 -            335 GH43_12.hmm          -            281     2e-26   97.6   0.1   1   1   4.5e-29   2.4e-26   97.3   0.1     1   281    37   319    37   319 0.82 [190263/461/1]
190263/526/1.f:GBBCGM_01160 -            327 GH43_12.hmm          -            281     2e-26   97.6   0.4   1   1   4.6e-29   2.5e-26   97.3   0.4     2   281    29   311    28   311 0.81 [190263/526/1]
190263/437/1.f:LBKKEJ_07940 -            329 GH43_12.hmm          -            281   4.1e-26   96.6   0.2   1   1     1e-28   5.3e-26   96.2   0.2     9   252    39   287    36   310 0.82 [190263/437/1]
190263/369/1.f:JCDIFE_04830 -            333 GH43_12.hmm          -            281   5.7e-26   96.1   0.1   1   1   1.3e-28     7e-26   95.8   0.1     2   281    36   317    35   317 0.82 [190263/369/1]
190263/401/1.f:DMFJNH_04555 -            329 GH43_12.hmm          -            281   8.4e-26   95.6   0.2   1   1   2.1e-28   1.1e-25   95.1   0.2     9   253    37   289    33   304 0.81 [190263/401/1]
190263/504/1.f:DOAHDM_05050 -            329 GH43_12.hmm          -            281   8.4e-26   95.6   0.2   1   1   2.1e-28   1.1e-25   95.1   0.2     9   253    37   289    33   304 0.81 [190263/504/1]
190263/502/1.f:NONHGB_04370 -            334 GH43_12.hmm          -            281   1.2e-25   95.1   0.2   1   1   2.7e-28   1.4e-25   94.8   0.2     2   281    37   318    36   318 0.82 [190263/502/1]
190263/401/1.f:DMFJNH_03515 -            327 GH43_12.hmm          -            281   1.9e-25   94.4   0.3   1   1   4.7e-28   2.5e-25   94.0   0.3    10   257    47   294    45   304 0.82 [190263/401/1]
190263/504/1.f:DOAHDM_03950 -            327 GH43_12.hmm          -            281   1.9e-25   94.4   0.3   1   1   4.7e-28   2.5e-25   94.0   0.3    10   257    47   294    45   304 0.82 [190263/504/1]
190263/401/1.f:DMFJNH_03485 -            330 GH43_12.hmm          -            281   3.5e-25   93.5   0.4   1   1   8.7e-28   4.7e-25   93.1   0.4    10   253    49   293    47   306 0.79 [190263/401/1]
190263/504/1.f:DOAHDM_03935 -            330 GH43_12.hmm          -            281   3.5e-25   93.5   0.4   1   1   8.7e-28   4.7e-25   93.1   0.4    10   253    49   293    47   306 0.79 [190263/504/1]
190263/552/1.f:EMALNL_04920 -            329 GH43_12.hmm          -            281     4e-25   93.3   0.3   1   1   9.8e-28   5.3e-25   92.9   0.3     8   257    35   292    33   308 0.84 [190263/552/1]
190263/475/1.f:MCKEEP_04910 -            329 GH43_12.hmm          -            281   5.3e-25   92.9   0.3   1   1   1.3e-27     7e-25   92.5   0.3     8   257    35   292    33   308 0.84 [190263/475/1]
190263/391/1.f:NONBJF_11660 -            333 GH43_12.hmm          -            281   6.5e-25   92.6   0.2   1   1   1.5e-27     8e-25   92.3   0.2     1   281    35   317    35   317 0.81 [190263/391/1]
190263/534/1.f:OHCFJE_11930 -            333 GH43_12.hmm          -            281   6.5e-25   92.6   0.2   1   1   1.5e-27     8e-25   92.3   0.2     1   281    35   317    35   317 0.81 [190263/534/1]
190263/545/1.f:NCJBIN_12800 -            333 GH43_12.hmm          -            281   6.5e-25   92.6   0.2   1   1   1.5e-27     8e-25   92.3   0.2     1   281    35   317    35   317 0.81 [190263/545/1]
190263/562/1.f:KJGNCK_05400 -            318 GH43_12.hmm          -            281   6.9e-25   92.5   0.1   1   1   1.7e-27   9.1e-25   92.2   0.1    10   257    26   281    23   298 0.80 [190263/562/1]
190263/522/1.f:NPJBCH_14230 -            340 GH43_12.hmm          -            281     8e-25   92.3   0.4   1   1   1.8e-27   9.6e-25   92.1   0.4     2   281    41   323    40   323 0.82 [190263/522/1]
190263/365/1.f:JJMMAK_09110 -            331 GH43_12.hmm          -            281   8.6e-25   92.2   0.1   1   1   2.1e-27   1.1e-24   91.8   0.1    11   257    50   293    42   309 0.77 [190263/365/1]
190263/497/1.f:HENFFC_05550 -            332 GH43_12.hmm          -            281   8.7e-25   92.2   0.4   1   1   2.1e-27   1.1e-24   91.9   0.4     2   262    35   298    34   324 0.81 [190263/497/1]
190263/417/1.f:MHBJAE_04920 -            325 GH43_12.hmm          -            281   9.3e-25   92.1   0.2   1   1   2.2e-27   1.2e-24   91.8   0.2     2   281    25   306    24   306 0.83 [190263/417/1]
190263/573/1.f:LIDFCI_18730 -            329 GH43_12.hmm          -            281     1e-24   92.0   0.3   1   1   2.5e-27   1.3e-24   91.6   0.3     8   257    35   292    33   308 0.83 [190263/573/1]
190263/365/1.f:JJMMAK_06475 -            332 GH43_12.hmm          -            281     1e-24   92.0   0.6   1   1   2.4e-27   1.3e-24   91.7   0.6     2   267    35   300    34   324 0.79 [190263/365/1]
190263/388/1.f:FDDJJK_11480 -            333 GH43_12.hmm          -            281   1.1e-24   91.9   0.4   1   1   2.5e-27   1.4e-24   91.6   0.4     2   281    36   317    35   317 0.82 [190263/388/1]
190263/556/1.f:EMIPPF_09145 -            341 GH43_12.hmm          -            281   1.2e-24   91.7   0.1   1   1   2.9e-27   1.6e-24   91.4   0.1     2   281    46   324    45   324 0.81 [190263/556/1]
190263/488/1.f:DNPFAC_05475 -            325 GH43_12.hmm          -            281   1.8e-24   91.2   0.2   1   1   4.3e-27   2.3e-24   90.8   0.2     2   281    25   306    24   306 0.83 [190263/488/1]
190263/369/1.f:JCDIFE_04825 -            316 GH43_12.hmm          -            281   1.9e-24   91.1   0.1   1   1   4.8e-27   2.6e-24   90.7   0.1    10   258    34   284    26   299 0.77 [190263/369/1]
190263/522/1.f:NPJBCH_14225 -            324 GH43_12.hmm          -            281     2e-24   91.1   1.7   1   1     5e-27   2.7e-24   90.6   1.7    11   264    51   293    36   309 0.79 [190263/522/1]
190263/456/1.f:LKAJBD_08635 -            554 GH43_12.hmm          -            281   2.1e-24   90.9   0.2   1   1   9.5e-27   5.1e-24   89.7   0.2     1   281    28   308    28   308 0.83 [190263/456/1]
190263/564/1.f:KIHMBJ_07125 -            369 GH43_12.hmm          -            281   4.4e-24   89.9   0.1   1   1   1.1e-26   6.1e-24   89.4   0.1    10   250    67   321    59   335 0.83 [190263/564/1]
190263/366/1.f:DBJPFP_01325 -            327 GH43_12.hmm          -            281   5.4e-24   89.6   0.0   1   1   1.3e-26     7e-24   89.3   0.0     1   281    27   310    27   310 0.81 [190263/366/1]
190263/461/1.f:DHPHOK_05310 -            322 GH43_12.hmm          -            281   8.6e-24   89.0   0.1   1   1   2.1e-26   1.1e-23   88.5   0.1    32   254    57   280    32   294 0.76 [190263/461/1]
190263/475/1.f:MCKEEP_07780 -            329 GH43_12.hmm          -            281   9.8e-24   88.8   0.1   1   1   2.3e-26   1.2e-23   88.4   0.1     2   257    32   291    31   311 0.80 [190263/475/1]
190263/580/1.f:JCPJNN_28255 -            319 GH43_12.hmm          -            281     1e-23   88.7   0.4   1   1   2.4e-26   1.3e-23   88.4   0.4     2   243    22   262    21   278 0.80 [190263/580/1]
190263/497/1.f:HENFFC_08175 -            313 GH43_12.hmm          -            281   1.1e-23   88.7   0.0   1   1   2.7e-26   1.4e-23   88.2   0.0    10   267    36   285    33   297 0.78 [190263/497/1]
190263/556/1.f:EMIPPF_06030 -            332 GH43_12.hmm          -            281   1.5e-23   88.1   0.3   1   1   3.7e-26     2e-23   87.7   0.3     2   277    30   305    29   309 0.83 [190263/556/1]
190263/421/1.f:PBKEAC_07670 -            312 GH43_12.hmm          -            281   1.5e-23   88.1   0.0   1   1   3.5e-26   1.9e-23   87.9   0.0    32   277    48   291    27   295 0.84 [190263/421/1]
190263/488/1.f:DNPFAC_05530 -            322 GH43_12.hmm          -            281   1.7e-23   88.0   0.3   1   1   4.1e-26   2.2e-23   87.6   0.3    31   277    63   301    42   305 0.78 [190263/488/1]
190263/379/1.f:LOJHAC_08255 -            334 GH43_12.hmm          -            281   2.1e-23   87.7   0.5   1   1   4.9e-26   2.6e-23   87.4   0.5     2   278    37   314    36   317 0.83 [190263/379/1]
190263/516/1.f:MGNFBC_06985 -            334 GH43_12.hmm          -            281   2.1e-23   87.7   0.5   1   1   4.9e-26   2.6e-23   87.4   0.5     2   278    37   314    36   317 0.83 [190263/516/1]
190263/552/1.f:EMALNL_07155 -            329 GH43_12.hmm          -            281     3e-23   87.2   0.1   1   1     7e-26   3.8e-23   86.8   0.1     2   257    32   291    31   311 0.80 [190263/552/1]
190263/368/1.f:HPMDBE_07740 -            334 GH43_12.hmm          -            281     3e-23   87.2   0.5   1   1   7.1e-26   3.8e-23   86.8   0.5     2   278    37   314    36   317 0.83 [190263/368/1]
190263/562/1.f:KJGNCK_03005 -            329 GH43_12.hmm          -            281   3.2e-23   87.1   0.1   1   1   7.5e-26     4e-23   86.8   0.1     2   257    32   291    31   311 0.80 [190263/562/1]
190263/437/1.f:LBKKEJ_07930 -            327 GH43_12.hmm          -            281   4.3e-23   86.7   0.1   1   1   9.5e-26   5.1e-23   86.4   0.1     2   281    26   307    25   307 0.85 [190263/437/1]
190263/366/1.f:DBJPFP_04310 -            332 GH43_12.hmm          -            281   4.3e-23   86.7   0.0   1   1   9.7e-26   5.2e-23   86.4   0.0     1   281    32   315    32   315 0.85 [190263/366/1]
190263/573/1.f:LIDFCI_16670 -            329 GH43_12.hmm          -            281   4.4e-23   86.6   0.1   1   1     1e-25   5.5e-23   86.3   0.1     2   257    32   291    31   311 0.80 [190263/573/1]
190263/417/1.f:MHBJAE_04970 -            322 GH43_12.hmm          -            281   6.1e-23   86.2   0.3   1   1   1.5e-25   8.2e-23   85.7   0.3    11   276    45   300    38   305 0.77 [190263/417/1]
190263/379/1.f:LOJHAC_06040 -            373 GH43_12.hmm          -            281   8.4e-23   85.7   0.4   1   1   1.6e-23   8.7e-21   79.1   0.4    10   255    42   339    33   350 0.79 [190263/379/1]
190263/516/1.f:MGNFBC_09170 -            377 GH43_12.hmm          -            281   8.8e-23   85.6   0.4   1   1   1.7e-23     9e-21   79.1   0.4    10   255    46   343    37   354 0.79 [190263/516/1]
190263/488/1.f:DNPFAC_10005 -            330 GH43_12.hmm          -            281   9.5e-23   85.5   0.5   1   1   2.1e-25   1.1e-22   85.3   0.5     2   279    33   310    32   323 0.78 [190263/488/1]
190263/497/1.f:HENFFC_06515 -            370 GH43_12.hmm          -            281   1.3e-22   85.1   0.2   1   1   3.5e-23   1.9e-20   78.0   0.2    10   257    44   343    36   353 0.79 [190263/497/1]
190263/405/1.f:EHKDKA_05525 -            333 GH43_12.hmm          -            281   1.3e-22   85.0   0.3   1   1   3.1e-25   1.7e-22   84.7   0.3     2   281    32   311    31   311 0.82 [190263/405/1]
190263/388/1.f:FDDJJK_11150 -            343 GH43_12.hmm          -            281   1.5e-22   84.9   1.6   1   1   3.9e-25   2.1e-22   84.4   0.9   167   280    29   140    11   144 0.91 [190263/388/1]
190263/580/1.f:JCPJNN_18320 -            465 GH43_12.hmm          -            281   2.4e-22   84.2   0.0   1   1   6.4e-25   3.5e-22   83.7   0.0    10   250    29   285    24   302 0.79 [190263/580/1]
190263/368/1.f:HPMDBE_02595 -            373 GH43_12.hmm          -            281     3e-22   83.9   0.3   1   1   5.5e-23   2.9e-20   77.4   0.3    10   255    42   339    34   349 0.78 [190263/368/1]
190263/366/1.f:DBJPFP_03145 -            351 GH43_12.hmm          -            281   4.1e-22   83.4   1.0   1   1   1.2e-22   6.6e-20   76.2   1.0     9   253    20   313    13   335 0.77 [190263/366/1]
190263/365/1.f:JJMMAK_05415 -            370 GH43_12.hmm          -            281   4.1e-22   83.4   0.1   1   1   9.3e-23     5e-20   76.6   0.1    10   257    44   343    36   353 0.79 [190263/365/1]
190263/552/1.f:EMALNL_09490 -           1085 GH43_12.hmm          -            281     7e-22   82.7   0.2   1   1   2.3e-24   1.3e-21   81.9   0.2     2   278   785  1063   784  1066 0.80 [190263/552/1]
190263/417/1.f:MHBJAE_08890 -            333 GH43_12.hmm          -            281   8.6e-22   82.4   0.7   1   1   1.9e-24     1e-21   82.1   0.7     2   277    33   307    32   323 0.76 [190263/417/1]
190263/461/1.f:DHPHOK_05305 -            315 GH43_12.hmm          -            281   9.6e-22   82.2   0.5   1   1   2.5e-24   1.3e-21   81.8   0.5    11   277    38   294    26   298 0.78 [190263/461/1]
190263/502/1.f:NONHGB_08195 -            785 GH43_12.hmm          -            281     2e-21   81.2   0.7   1   1   3.9e-17   2.1e-14   58.1   0.0     2   251   318   588   317   606 0.78 [190263/502/1]
190263/475/1.f:MCKEEP_03215 -            330 GH43_12.hmm          -            281   2.9e-21   80.7   0.3   1   1   6.9e-24   3.7e-21   80.3   0.3     1   260    32   295    32   311 0.80 [190263/475/1]
190263/573/1.f:LIDFCI_20375 -            330 GH43_12.hmm          -            281   2.9e-21   80.7   0.3   1   1   6.9e-24   3.7e-21   80.3   0.3     1   260    32   295    32   311 0.80 [190263/573/1]
190263/475/1.f:MCKEEP_06920 -            361 GH43_12.hmm          -            281     3e-21   80.6   0.3   1   1   6.6e-24   3.6e-21   80.4   0.3     2   281    48   338    47   338 0.78 [190263/475/1]
190263/552/1.f:EMALNL_06310 -            361 GH43_12.hmm          -            281     3e-21   80.6   0.3   1   1   6.6e-24   3.6e-21   80.4   0.3     2   281    48   338    47   338 0.78 [190263/552/1]
190263/562/1.f:KJGNCK_03885 -            361 GH43_12.hmm          -            281     3e-21   80.6   0.3   1   1   6.6e-24   3.6e-21   80.4   0.3     2   281    48   338    47   338 0.78 [190263/562/1]
190263/421/1.f:PBKEAC_07675 -            364 GH43_12.hmm          -            281   4.4e-21   80.1   0.4   1   1   1.8e-21   9.9e-19   72.4   0.4    10   253    30   322    23   340 0.79 [190263/421/1]
190263/475/1.f:MCKEEP_09850 -            785 GH43_12.hmm          -            281   4.4e-21   80.1   0.7   1   1   7.5e-18     4e-15   60.5   0.0     2   251   318   587   317   605 0.77 [190263/475/1]
190263/365/1.f:JJMMAK_03125 -            313 GH43_12.hmm          -            281   4.5e-21   80.1   0.0   1   1   1.1e-23     6e-21   79.6   0.0    10   266    36   284    33   297 0.79 [190263/365/1]
190263/466/1.f:PGJOII_06060 -            340 GH43_12.hmm          -            281   5.4e-21   79.8   0.1   1   1   1.3e-23   6.9e-21   79.4   0.1     2   273    41   313    40   320 0.78 [190263/466/1]
190263/369/1.f:JCDIFE_01260 -            334 GH43_12.hmm          -            281   6.8e-21   79.5   0.0   1   1   1.6e-23   8.7e-21   79.1   0.0     2   273    35   307    34   314 0.78 [190263/369/1]
190263/552/1.f:EMALNL_03945 -            633 GH43_12.hmm          -            281   1.1e-20   78.7   0.0   1   1   2.9e-23   1.6e-20   78.3   0.0     2   281   320   615   319   615 0.81 [190263/552/1]
190263/366/1.f:DBJPFP_03100 -            318 GH43_12.hmm          -            281   2.2e-20   77.8   0.0   1   1   5.1e-23   2.7e-20   77.5   0.0    32   277    54   297    33   301 0.82 [190263/366/1]
190263/562/1.f:KJGNCK_11030 -            785 GH43_12.hmm          -            281   2.2e-20   77.8   2.5   1   1     2e-16   1.1e-13   55.8   0.0     2   251   318   588   317   606 0.79 [190263/562/1]
190263/461/1.f:DHPHOK_01440 -            334 GH43_12.hmm          -            281   2.2e-20   77.8   0.0   1   1   5.2e-23   2.8e-20   77.4   0.0     2   273    35   307    34   314 0.78 [190263/461/1]
190263/400/1.f:EIBLKL_09445 -            122 GH43_12.hmm          -            281   2.3e-20   77.7   0.0   1   1   4.3e-23   2.3e-20   77.7   0.0     1    59     4    62     4   104 0.89 [190263/400/1]
190263/573/1.f:LIDFCI_13350 -            785 GH43_12.hmm          -            281     3e-20   77.3   1.1   1   1   1.7e-17   9.2e-15   59.3   0.0     2   249   318   585   317   601 0.77 [190263/573/1]
190263/437/1.f:LBKKEJ_07955 -            352 GH43_12.hmm          -            281     4e-20   76.9   0.1   1   1   7.1e-21   3.8e-18   70.4   0.0    35   278    90   332    73   335 0.80 [190263/437/1]
190263/552/1.f:EMALNL_10950 -            785 GH43_12.hmm          -            281   4.3e-20   76.8   2.6   1   1   2.3e-16   1.3e-13   55.6   0.0     2   251   318   588   317   606 0.79 [190263/552/1]
190263/502/1.f:NONHGB_00360 -             69 GH43_12.hmm          -            281   4.6e-20   76.7   0.3   1   1     9e-23   4.8e-20   76.7   0.3   188   253     1    67     1    69 0.97 [190263/502/1]
190263/562/1.f:KJGNCK_06510 -            633 GH43_12.hmm          -            281     1e-19   75.6   0.0   1   1   2.6e-22   1.4e-19   75.1   0.0     2   281   320   615   319   615 0.81 [190263/562/1]
190263/502/1.f:NONHGB_09350 -            326 GH43_12.hmm          -            281   3.2e-19   73.9   0.3   1   1   8.3e-22   4.5e-19   73.5   0.3     2   276    29   304    28   309 0.77 [190263/502/1]
190263/502/1.f:NONHGB_04290 -            343 GH43_12.hmm          -            281   3.4e-19   73.9   0.2   1   1   1.3e-21     7e-19   72.8   0.2     2   281    36   326    35   326 0.75 [190263/502/1]
190263/390/1.f:OLPOLE_16250 -            304 GH43_12.hmm          -            281   5.3e-19   73.3   0.0   1   1   1.9e-21     1e-18   72.3   0.0    10   255    12   278     7   297 0.77 [190263/390/1]
190263/405/1.f:EHKDKA_00245 -            643 GH43_12.hmm          -            281   5.3e-19   73.2   2.9   1   1   2.6e-18   1.4e-15   62.0   0.2     2   278   339   633   338   635 0.74 [190263/405/1]
190263/405/1.f:EHKDKA_04830 -            320 GH43_12.hmm          -            281     6e-19   73.1   0.3   1   1   1.4e-21   7.7e-19   72.7   0.3    32   276    62   298    28   302 0.79 [190263/405/1]
190263/502/1.f:NONHGB_00270 -            643 GH43_12.hmm          -            281     9e-19   72.5   3.0   1   1   3.9e-18   2.1e-15   61.4   0.3     2   278   339   633   338   635 0.74 [190263/502/1]
190263/388/1.f:FDDJJK_11475 -            322 GH43_12.hmm          -            281   1.4e-18   71.8   0.3   1   1   3.7e-21     2e-18   71.4   0.3    32   271    64   295    41   304 0.77 [190263/388/1]
190263/391/1.f:NONBJF_11655 -            322 GH43_12.hmm          -            281   1.4e-18   71.8   0.3   1   1   3.7e-21     2e-18   71.4   0.3    32   271    64   295    41   304 0.77 [190263/391/1]
190263/534/1.f:OHCFJE_11925 -            322 GH43_12.hmm          -            281   1.4e-18   71.8   0.3   1   1   3.7e-21     2e-18   71.4   0.3    32   271    64   295    41   304 0.77 [190263/534/1]
190263/545/1.f:NCJBIN_12795 -            322 GH43_12.hmm          -            281   1.4e-18   71.8   0.3   1   1   3.7e-21     2e-18   71.4   0.3    32   271    64   295    41   304 0.77 [190263/545/1]
190263/534/1.f:OHCFJE_01725 -            784 GH43_12.hmm          -            281   1.8e-18   71.5   3.8   1   1   7.6e-17   4.1e-14   57.2   0.3     2   254   318   591   317   606 0.69 [190263/534/1]
190263/391/1.f:NONBJF_00960 -            784 GH43_12.hmm          -            281   1.8e-18   71.5   4.0   1   1   7.3e-17   3.9e-14   57.3   0.3     2   254   318   591   317   606 0.69 [190263/391/1]
190263/399/1.f:CDLIDF_03200 -            640 GH43_12.hmm          -            281     2e-18   71.4   3.8   1   1   5.9e-18   3.2e-15   60.9   0.5     2   278   334   630   333   632 0.75 [190263/399/1]
190263/545/1.f:NCJBIN_01075 -            784 GH43_12.hmm          -            281   2.4e-18   71.1   4.0   1   1   7.8e-17   4.2e-14   57.2   0.3     2   254   318   591   317   607 0.69 [190263/545/1]
190263/399/1.f:CDLIDF_04455 -            335 GH43_12.hmm          -            281   6.1e-18   69.8   1.5   1   1     2e-20     1e-17   69.0   1.5     3   214    30   266    28   331 0.78 [190263/399/1]
190263/405/1.f:EHKDKA_04770 -            343 GH43_12.hmm          -            281   7.6e-18   69.4   0.3   1   1   2.5e-20   1.3e-17   68.7   0.3     2   281    36   326    35   326 0.73 [190263/405/1]
190263/388/1.f:FDDJJK_00940 -            784 GH43_12.hmm          -            281   9.3e-18   69.2   7.0   1   1   7.3e-17   3.9e-14   57.3   0.3     2   255   318   592   317   609 0.69 [190263/388/1]
190263/369/1.f:JCDIFE_12795 -            333 GH43_12.hmm          -            281   1.1e-17   69.0   0.2   1   1   2.5e-20   1.4e-17   68.6   0.2     2   278    35   323    34   325 0.75 [190263/369/1]
190263/461/1.f:DHPHOK_00505 -            646 GH43_12.hmm          -            281   1.3e-17   68.7   2.3   1   1   2.6e-16   1.4e-13   55.4   0.6     2   278   342   636   341   638 0.74 [190263/461/1]
190263/540/1.f:BCGFLB_08610 -            357 GH43_12.hmm          -            281   5.3e-17   66.7   0.0   1   1   1.4e-19   7.6e-17   66.2   0.0    10   250    47   303    43   318 0.81 [190263/540/1]
190263/552/1.f:EMALNL_07535 -            443 GH43_12.hmm          -            281   8.6e-17   66.0   1.1   1   1   3.2e-19   1.7e-16   65.0   1.1     2   212    25   235    24   251 0.78 [190263/552/1]
190263/475/1.f:MCKEEP_08335 -            443 GH43_12.hmm          -            281   9.6e-17   65.8   1.0   1   1   3.3e-19   1.8e-16   64.9   1.0     2   212    25   235    24   251 0.79 [190263/475/1]
190263/399/1.f:CDLIDF_16920 -            441 GH43_12.hmm          -            281   1.3e-16   65.4   0.3   1   1   3.3e-19   1.8e-16   65.0   0.3    36   213    66   236    24   252 0.82 [190263/399/1]
190263/399/1.f:CDLIDF_16915 -            467 GH43_12.hmm          -            281   1.3e-16   65.4   0.7   1   1   4.1e-19   2.2e-16   64.7   0.4     1   212    37   261    37   269 0.76 [190263/399/1]
190263/461/1.f:DHPHOK_03515 -            577 GH43_12.hmm          -            281   1.4e-16   65.3   2.3   1   1   2.7e-19   1.5e-16   65.2   0.8    10   248    54   289    50   304 0.83 [190263/461/1]
190263/437/1.f:LBKKEJ_05985 -            577 GH43_12.hmm          -            281   1.6e-16   65.1   1.0   1   1   4.8e-19   2.6e-16   64.4   0.1    10   249    54   291    50   304 0.87 [190263/437/1]
190263/404/1.f:BGJBIG_05315 -            334 GH43_12.hmm          -            281   1.8e-16   64.9   0.1   1   1     4e-19   2.2e-16   64.7   0.1     2   278    30   324    29   326 0.70 [190263/404/1]
190263/456/1.f:LKAJBD_15315 -            570 GH43_12.hmm          -            281   1.9e-16   64.9   2.3   1   1   3.7e-19     2e-16   64.8   0.5    10   278    48   306    46   308 0.75 [190263/456/1]
190263/562/1.f:KJGNCK_02445 -            464 GH43_12.hmm          -            281   2.6e-16   64.4   1.1   1   1   7.2e-19   3.9e-16   63.9   1.1     1   212    24   260    24   288 0.74 [190263/562/1]
190263/534/1.f:OHCFJE_07285 -            511 GH43_12.hmm          -            281   3.1e-16   64.2   0.1   1   1   1.1e-18   6.1e-16   63.2   0.1    34   273   110   379    68   383 0.75 [190263/534/1]
190263/488/1.f:DNPFAC_02720 -            573 GH43_12.hmm          -            281   3.1e-16   64.2   1.0   1   1   1.6e-18   8.8e-16   62.7   1.0    10   249    52   287    48   297 0.79 [190263/488/1]
190263/405/1.f:EHKDKA_07790 -            574 GH43_12.hmm          -            281   3.2e-16   64.1   0.7   1   1   1.5e-18     8e-16   62.8   0.7    10   249    52   288    48   299 0.83 [190263/405/1]
190263/502/1.f:NONHGB_07050 -            574 GH43_12.hmm          -            281   3.5e-16   64.0   0.7   1   1   1.6e-18   8.7e-16   62.7   0.7    10   249    52   288    48   299 0.83 [190263/502/1]
190263/545/1.f:NCJBIN_05645 -            511 GH43_12.hmm          -            281   4.1e-16   63.8   0.1   1   1   1.6e-18   8.3e-16   62.8   0.1    34   273   110   379    68   383 0.74 [190263/545/1]
190263/552/1.f:EMALNL_01505 -            461 GH43_12.hmm          -            281   4.3e-16   63.7   0.1   1   1   1.4e-18   7.5e-16   62.9   0.1    36   212    70   251    24   259 0.76 [190263/552/1]
190263/545/1.f:NCJBIN_06345 -            802 GH43_12.hmm          -            281   4.4e-16   63.7   0.9   1   1   1.5e-18   8.2e-16   62.8   0.9     2   248    31   275    30   295 0.74 [190263/545/1]
190263/391/1.f:NONBJF_06480 -            802 GH43_12.hmm          -            281   4.4e-16   63.7   0.9   1   1   1.5e-18   8.2e-16   62.8   0.9     2   248    31   275    30   295 0.74 [190263/391/1]
190263/405/1.f:EHKDKA_05920 -            453 GH43_12.hmm          -            281   4.4e-16   63.7   0.9   1   1   1.3e-18   7.1e-16   63.0   0.9     1   212    23   248    23   251 0.82 [190263/405/1]
190263/417/1.f:MHBJAE_02445 -            573 GH43_12.hmm          -            281   4.8e-16   63.5   1.0   1   1     3e-18   1.6e-15   61.8   1.0    10   249    52   287    48   297 0.79 [190263/417/1]
190263/388/1.f:FDDJJK_05830 -            800 GH43_12.hmm          -            281   4.8e-16   63.5   1.6   1   1   1.7e-18   9.2e-16   62.6   1.6     2   251    31   277    30   299 0.71 [190263/388/1]
190263/405/1.f:EHKDKA_02290 -            574 GH43_12.hmm          -            281   6.1e-16   63.2   0.7   1   1   3.6e-18   1.9e-15   61.6   0.7    10   251    52   287    50   312 0.75 [190263/405/1]
190263/405/1.f:EHKDKA_01815 -            800 GH43_12.hmm          -            281   6.1e-16   63.2   1.3   1   1   2.5e-18   1.4e-15   62.1   1.3     2   250    31   276    30   301 0.73 [190263/405/1]
190263/573/1.f:LIDFCI_16005 -            475 GH43_12.hmm          -            281   6.2e-16   63.2   1.3   1   1   2.1e-18   1.2e-15   62.3   1.3     2   212    24   234    23   251 0.77 [190263/573/1]
190263/366/1.f:DBJPFP_03110 -            311 GH43_12.hmm          -            281   6.2e-16   63.2   0.1   1   1   1.4e-18   7.5e-16   62.9   0.1    34   277    57   293    33   298 0.75 [190263/366/1]
190263/534/1.f:OHCFJE_06600 -            800 GH43_12.hmm          -            281   6.2e-16   63.2   1.5   1   1   2.2e-18   1.2e-15   62.2   1.5     2   251    31   277    30   299 0.71 [190263/534/1]
190263/396/1.f:KAAOMA_17065 -           1003 GH43_12.hmm          -            281   6.3e-16   63.2   0.0   1   1   2.2e-17   1.2e-14   59.0   0.0     2   212    31   258    30   275 0.77 [190263/396/1]
190263/552/1.f:EMALNL_01635 -            458 GH43_12.hmm          -            281   6.5e-16   63.1   1.2   1   1     2e-18   1.1e-15   62.4   1.2     3   214    38   248    36   264 0.80 [190263/552/1]
190263/502/1.f:NONHGB_05240 -            453 GH43_12.hmm          -            281   1.2e-15   62.3   0.8   1   1   3.6e-18   1.9e-15   61.6   0.8     1   212    23   248    23   251 0.82 [190263/502/1]
190263/562/1.f:KJGNCK_05450 -            376 GH43_12.hmm          -            281   1.4e-15   62.0   0.5   1   1   6.9e-17   3.7e-14   57.4   0.5    30   267    85   354    79   365 0.76 [190263/562/1]
190263/388/1.f:FDDJJK_05195 -            511 GH43_12.hmm          -            281   1.4e-15   62.0   0.1   1   1   5.6e-18     3e-15   60.9   0.1    34   273   110   379    70   383 0.74 [190263/388/1]
190263/391/1.f:NONBJF_05450 -            511 GH43_12.hmm          -            281   2.1e-15   61.5   0.1   1   1   7.8e-18   4.2e-15   60.5   0.1    34   273   110   379    68   383 0.74 [190263/391/1]
190263/456/1.f:LKAJBD_15325 -            452 GH43_12.hmm          -            281   2.2e-15   61.3   0.3   1   1   7.2e-18   3.9e-15   60.6   0.3     1   212    21   247    21   254 0.76 [190263/456/1]
190263/502/1.f:NONHGB_05225 -            461 GH43_12.hmm          -            281   2.3e-15   61.3   0.0   1   1     8e-18   4.3e-15   60.4   0.0    36   212    72   255    27   263 0.74 [190263/502/1]
190263/573/1.f:LIDFCI_18785 -            376 GH43_12.hmm          -            281   2.6e-15   61.1   0.8   1   1   1.2e-16   6.5e-14   56.6   0.6    64   267   140   354    80   365 0.75 [190263/573/1]
190263/456/1.f:LKAJBD_17190 -            448 GH43_12.hmm          -            281   2.9e-15   61.0   1.4   1   1   9.9e-18   5.3e-15   60.1   1.4     3   213    28   237    26   252 0.80 [190263/456/1]
190263/475/1.f:MCKEEP_04830 -            395 GH43_12.hmm          -            281   3.3e-15   60.8   0.9   1   1   1.4e-16   7.5e-14   56.3   0.8    66   267   155   373    87   384 0.75 [190263/475/1]
190263/585/1.f:DLBDDB_19500 -            572 GH43_12.hmm          -            281   4.4e-15   60.4   0.7   1   1     2e-16   1.1e-13   55.9   0.3    69   250    96   287    52   303 0.74 [190263/585/1]
190263/595/1.f:HGDLEC_06255 -            812 GH43_12.hmm          -            281   7.4e-15   59.6   0.3   1   1   2.4e-17   1.3e-14   58.8   0.3     2   251    32   279    31   303 0.77 [190263/595/1]
190263/502/1.f:NONHGB_01690 -            800 GH43_12.hmm          -            281   7.9e-15   59.6   1.2   1   1   3.4e-17   1.8e-14   58.4   1.2     2   247    31   274    30   293 0.73 [190263/502/1]
190263/562/1.f:KJGNCK_25270 -            565 GH43_12.hmm          -            281     1e-14   59.2   0.7   1   1   2.3e-16   1.2e-13   55.7   0.4    69   250    96   287    52   296 0.80 [190263/562/1]
190263/552/1.f:EMALNL_04875 -            395 GH43_12.hmm          -            281     1e-14   59.2   1.1   1   1   4.2e-16   2.3e-13   54.8   0.8    66   267   155   373    90   384 0.75 [190263/552/1]
190263/552/1.f:EMALNL_04325 -            332 GH43_12.hmm          -            281     1e-14   59.2   0.4   1   1   2.4e-17   1.3e-14   58.9   0.4     2   278    28   322    27   324 0.73 [190263/552/1]
190263/401/1.f:DMFJNH_07485 -            333 GH43_12.hmm          -            281   1.2e-14   59.0   0.4   1   1   2.8e-17   1.5e-14   58.6   0.4     2   278    30   323    29   325 0.72 [190263/401/1]
190263/504/1.f:DOAHDM_07990 -            333 GH43_12.hmm          -            281   1.2e-14   59.0   0.4   1   1   2.8e-17   1.5e-14   58.6   0.4     2   278    30   323    29   325 0.72 [190263/504/1]
190263/405/1.f:EHKDKA_02560 -            572 GH43_12.hmm          -            281   1.2e-14   58.9   3.7   1   1   6.8e-17   3.6e-14   57.4   0.3    37   250    77   289    53   312 0.79 [190263/405/1]
190263/573/1.f:LIDFCI_15940 -            462 GH43_12.hmm          -            281   1.9e-14   58.3   0.5   1   1   5.2e-17   2.8e-14   57.8   0.5     1   212    26   256    26   273 0.76 [190263/573/1]
190263/401/1.f:DMFJNH_04485 -            376 GH43_12.hmm          -            281   1.9e-14   58.3   0.7   1   1   8.2e-16   4.4e-13   53.8   0.6    66   267   136   354    80   365 0.72 [190263/401/1]
190263/504/1.f:DOAHDM_04985 -            376 GH43_12.hmm          -            281   1.9e-14   58.3   0.7   1   1   8.2e-16   4.4e-13   53.8   0.6    66   267   136   354    80   365 0.72 [190263/504/1]
190263/562/1.f:KJGNCK_06070 -            318 GH43_12.hmm          -            281     2e-14   58.2   0.2   1   1   4.5e-17   2.4e-14   57.9   0.2     2   278    14   308    13   310 0.74 [190263/562/1]
190263/405/1.f:EHKDKA_05095 -            568 GH43_12.hmm          -            281   2.3e-14   58.0   0.1   1   1   8.7e-17   4.7e-14   57.0   0.1     9   249    46   279    39   305 0.71 [190263/405/1]
190263/552/1.f:EMALNL_07595 -            462 GH43_12.hmm          -            281   2.5e-14   57.9   0.5   1   1   6.6e-17   3.6e-14   57.4   0.5     1   212    26   256    26   273 0.76 [190263/552/1]
190263/405/1.f:EHKDKA_05940 -            894 GH43_12.hmm          -            281   2.9e-14   57.7   1.6   1   1   6.3e-17   3.4e-14   57.5   0.2     2   211   466   687   465   692 0.75 [190263/405/1]
190263/552/1.f:EMALNL_01805 -            472 GH43_12.hmm          -            281     3e-14   57.6   0.0   1   1   1.4e-16   7.6e-14   56.3   0.0    36   212    72   255    63   260 0.76 [190263/552/1]
190263/388/1.f:FDDJJK_00180 -            835 GH43_12.hmm          -            281   3.3e-14   57.5   1.1   1   1     1e-16   5.4e-14   56.8   1.1     1   213    29   260    29   270 0.71 [190263/388/1]
190263/404/1.f:BGJBIG_08440 -            479 GH43_12.hmm          -            281     4e-14   57.2   0.1   1   1   8.8e-16   4.7e-13   53.7   0.1    36   250    90   297    85   322 0.72 [190263/404/1]
190263/504/1.f:DOAHDM_07920 -            461 GH43_12.hmm          -            281   4.1e-14   57.2   0.2   1   1   4.9e-16   2.6e-13   54.6   0.1     4   274    31   295    28   302 0.72 [190263/504/1]
190263/502/1.f:NONHGB_02340 -            568 GH43_12.hmm          -            281   5.2e-14   56.9   1.6   1   1   5.6e-16     3e-13   54.4   0.3    37   250    76   288    52   307 0.77 [190263/502/1]
190263/368/1.f:HPMDBE_17840 -            597 GH43_12.hmm          -            281   6.8e-14   56.5   0.4   1   1   3.3e-16   1.8e-13   55.1   0.4    10   249    56   292    52   304 0.79 [190263/368/1]
190263/379/1.f:LOJHAC_19880 -            597 GH43_12.hmm          -            281     7e-14   56.4   0.4   1   1   3.3e-16   1.8e-13   55.1   0.4    10   249    56   292    52   304 0.79 [190263/379/1]
190263/516/1.f:MGNFBC_15810 -            597 GH43_12.hmm          -            281     7e-14   56.4   0.4   1   1   3.3e-16   1.8e-13   55.1   0.4    10   249    56   292    52   304 0.79 [190263/516/1]
190263/502/1.f:NONHGB_05900 -            462 GH43_12.hmm          -            281   1.3e-13   55.5   0.3   1   1   8.3e-16   4.5e-13   53.8   0.1     3   270    32   293    30   304 0.74 [190263/502/1]
190263/546/1.f:GEHMID_15115 -            415 GH43_12.hmm          -            281     2e-13   54.9   0.0   1   1   7.6e-16   4.1e-13   53.9   0.0    36   214    45   219    34   292 0.82 [190263/546/1]
#
# Program:         hmmsearch
# Version:         3.3.2 (Nov 2020)
# Pipeline mode:   SEARCH
# Query file:      /kb/module/work/tmp/output.1725388484971/GH43_12/GH43_12.hmm
# Target file:     /kb/module/work/tmp/output.1725388484971/hCom2_RAST.fasta
# Option settings: /kb/module/hmmer/bin/hmmsearch --domtblout /kb/module/work/tmp/output.1725388484971/GH43_12/GH43_12-hCom2_RAST.hitout.txt --noali --notextw --domE 1e-15 /kb/module/work/tmp/output.1725388484971/GH43_12/GH43_12.hmm /kb/module/work/tmp/output.1725388484971/hCom2_RAST.fasta 
# Current dir:     /kb/module/work/tmp/output.1725388484971
# Date:            Tue Sep  3 18:52:07 2024
# [ok]
