#                                                                                   --- full sequence --- -------------- this domain -------------   hmm coord   ali coord   env coord
# target name               accession   tlen query name           accession   qlen   E-value  score  bias   #  of  c-Evalue  i-Evalue  score  bias  from    to  from    to  from    to  acc description of target
#       ------------------- ---------- ----- -------------------- ---------- ----- --------- ------ ----- --- --- --------- --------- ------ ----- ----- ----- ----- ----- ----- ----- ---- ---------------------
190263/552/1.f:EMALNL_01465 -            320 GH43_1.hmm           -            310  2.7e-161  540.2   2.5   1   1  4.7e-164  3.1e-161  540.1   2.5     2   310     4   313     3   313 0.99 [190263/552/1]
190263/502/1.f:NONHGB_11150 -            325 GH43_1.hmm           -            310  1.1e-160  538.3   0.9   1   1  1.9e-163  1.2e-160  538.1   0.9     2   310     8   318     7   318 0.98 [190263/502/1]
190263/475/1.f:MCKEEP_22420 -            325 GH43_1.hmm           -            310  1.2e-160  538.1   2.1   1   1  2.2e-163  1.4e-160  537.9   2.1     2   310     8   317     7   317 0.99 [190263/475/1]
190263/552/1.f:EMALNL_22610 -            325 GH43_1.hmm           -            310  1.5e-160  537.8   2.3   1   1  2.6e-163  1.7e-160  537.6   2.3     2   310     8   317     7   317 0.99 [190263/552/1]
190263/562/1.f:KJGNCK_24730 -            325 GH43_1.hmm           -            310  1.5e-160  537.8   2.3   1   1  2.6e-163  1.7e-160  537.6   2.3     2   310     8   317     7   317 0.99 [190263/562/1]
190263/573/1.f:LIDFCI_11875 -            325 GH43_1.hmm           -            310  3.5e-160  536.6   2.2   1   1    6e-163  3.9e-160  536.4   2.2     2   310     8   317     7   317 0.99 [190263/573/1]
190263/456/1.f:LKAJBD_08240 -            323 GH43_1.hmm           -            310    5e-160  536.1   1.4   1   1  8.7e-163  5.7e-160  535.9   1.4     2   310     8   317     7   317 0.99 [190263/456/1]
190263/391/1.f:NONBJF_00200 -            323 GH43_1.hmm           -            310  5.6e-160  535.9   0.4   1   1  9.6e-163  6.3e-160  535.8   0.4     2   310     8   317     7   317 0.99 [190263/391/1]
190263/388/1.f:FDDJJK_00215 -            323 GH43_1.hmm           -            310  6.4e-160  535.7   0.5   1   1  1.1e-162  7.2e-160  535.6   0.5     2   310     8   317     7   317 0.99 [190263/388/1]
190263/405/1.f:EHKDKA_12835 -            325 GH43_1.hmm           -            310    1e-159  535.0   1.0   1   1  1.8e-162  1.2e-159  534.9   1.0     2   310     8   318     7   318 0.98 [190263/405/1]
190263/534/1.f:OHCFJE_00200 -            323 GH43_1.hmm           -            310  1.4e-159  534.6   0.4   1   1  2.4e-162  1.6e-159  534.5   0.4     2   310     8   317     7   317 0.99 [190263/534/1]
190263/545/1.f:NCJBIN_00200 -            323 GH43_1.hmm           -            310  1.4e-159  534.6   0.4   1   1  2.4e-162  1.6e-159  534.5   0.4     2   310     8   317     7   317 0.99 [190263/545/1]
190263/399/1.f:CDLIDF_16880 -            325 GH43_1.hmm           -            310  1.6e-156  524.6   0.4   1   1  2.7e-159  1.8e-156  524.4   0.4     3   310     9   316     7   316 0.99 [190263/399/1]
190263/595/1.f:HGDLEC_08780 -            320 GH43_1.hmm           -            310  1.6e-150  504.9   3.6   1   1  2.7e-153  1.8e-150  504.7   3.6     2   310     6   314     5   314 0.99 [190263/595/1]
190263/369/1.f:JCDIFE_03180 -            326 GH43_1.hmm           -            310  6.9e-149  499.5   1.1   1   1  1.2e-151  7.8e-149  499.3   1.1     3   310    12   318    10   318 0.98 [190263/369/1]
190263/460/1.f:IHFGKI_13230 -            320 GH43_1.hmm           -            310  7.6e-149  499.4   7.5   1   1  1.3e-151  8.6e-149  499.2   7.5     2   310     6   314     5   314 0.98 [190263/460/1]
190263/456/1.f:LKAJBD_03940 -            442 GH43_1.hmm           -            310     9e-72  246.2   7.3   1   2     6e-48   3.9e-45  158.7   0.5     1   147    23   172    23   183 0.90 [190263/456/1]
190263/456/1.f:LKAJBD_03940 -            442 GH43_1.hmm           -            310     9e-72  246.2   7.3   2   2   2.7e-27   1.8e-24   90.9   1.2   203   310   189   300   173   300 0.88 [190263/456/1]
190263/405/1.f:EHKDKA_06255 -            443 GH43_1.hmm           -            310   1.8e-71  245.2   6.2   1   2     1e-46   6.7e-44  154.7   1.2     1   147    24   173    24   176 0.91 [190263/405/1]
190263/405/1.f:EHKDKA_06255 -            443 GH43_1.hmm           -            310   1.8e-71  245.2   6.2   2   2   7.6e-28     5e-25   92.7   0.3   201   310   188   301   174   301 0.87 [190263/405/1]
190263/502/1.f:NONHGB_05445 -            443 GH43_1.hmm           -            310   2.7e-71  244.7   7.0   1   2   7.7e-47     5e-44  155.1   1.9     1   147    24   173    24   187 0.90 [190263/502/1]
190263/502/1.f:NONHGB_05445 -            443 GH43_1.hmm           -            310   2.7e-71  244.7   7.0   2   2   1.1e-27   7.4e-25   92.1   0.4   201   310   188   301   174   301 0.87 [190263/502/1]
190263/460/1.f:IHFGKI_14510 -            838 GH43_1.hmm           -            310   7.1e-70  240.0  10.6   1   2   1.1e-47   7.1e-45  157.9   1.7     1   147    21   169    21   178 0.92 [190263/460/1]
190263/460/1.f:IHFGKI_14510 -            838 GH43_1.hmm           -            310   7.1e-70  240.0  10.6   2   2   2.8e-26   1.9e-23   87.5   0.5   213   310   196   299   171   299 0.88 [190263/460/1]
190263/401/1.f:DMFJNH_23900 -            697 GH43_1.hmm           -            310   3.6e-67  231.1  14.0   1   2   4.8e-39   3.1e-36  129.5   2.9     1   153   416   571   416   578 0.85 [190263/401/1]
190263/401/1.f:DMFJNH_23900 -            697 GH43_1.hmm           -            310   3.6e-67  231.1  14.0   2   2   3.8e-32   2.5e-29  106.8   3.3   207   310   583   690   575   690 0.90 [190263/401/1]
190263/504/1.f:DOAHDM_23140 -            697 GH43_1.hmm           -            310   8.3e-67  229.9  13.8   1   2   1.1e-38   7.4e-36  128.2   2.7     1   153   416   571   416   578 0.85 [190263/504/1]
190263/504/1.f:DOAHDM_23140 -            697 GH43_1.hmm           -            310   8.3e-67  229.9  13.8   2   2   3.8e-32   2.5e-29  106.8   3.3   207   310   583   690   575   690 0.90 [190263/504/1]
190263/502/1.f:NONHGB_02290 -            322 GH43_1.hmm           -            310   6.8e-65  223.6  11.4   1   2   8.3e-38   5.4e-35  125.4   5.5     1   147    33   186    33   195 0.86 [190263/502/1]
190263/502/1.f:NONHGB_02290 -            322 GH43_1.hmm           -            310   6.8e-65  223.6  11.4   2   2   1.1e-30   7.4e-28  102.0   0.3   201   310   201   315   189   315 0.90 [190263/502/1]
190263/405/1.f:EHKDKA_02525 -            320 GH43_1.hmm           -            310   8.3e-65  223.3  13.9   1   2   1.2e-38   7.8e-36  128.2   5.3     1   147    32   181    32   196 0.86 [190263/405/1]
190263/405/1.f:EHKDKA_02525 -            320 GH43_1.hmm           -            310   8.3e-65  223.3  13.9   2   2   3.7e-30   2.4e-27  100.3   1.6   201   310   196   310   183   310 0.89 [190263/405/1]
190263/456/1.f:LKAJBD_13615 -            322 GH43_1.hmm           -            310   3.1e-64  221.4  10.9   1   2   1.1e-37   7.2e-35  125.0   4.7     1   147    33   186    33   201 0.86 [190263/456/1]
190263/456/1.f:LKAJBD_13615 -            322 GH43_1.hmm           -            310   3.1e-64  221.4  10.9   2   2   3.6e-30   2.4e-27  100.3   0.6   203   310   203   315   193   315 0.89 [190263/456/1]
190263/562/1.f:KJGNCK_25285 -            703 GH43_1.hmm           -            310   5.4e-63  217.4  12.9   1   2   4.4e-39   2.9e-36  129.6   2.8     1   153   417   572   417   578 0.85 [190263/562/1]
190263/562/1.f:KJGNCK_25285 -            703 GH43_1.hmm           -            310   5.4e-63  217.4  12.9   2   2   6.1e-28     4e-25   93.0   2.6   213   310   590   696   575   696 0.85 [190263/562/1]
190263/502/1.f:NONHGB_02255 -            328 GH43_1.hmm           -            310     7e-63  217.0  14.1   1   2   1.5e-39   9.9e-37  131.1   2.9     1   154    42   198    42   203 0.85 [190263/502/1]
190263/502/1.f:NONHGB_02255 -            328 GH43_1.hmm           -            310     7e-63  217.0  14.1   2   2   1.5e-27   9.9e-25   91.7   3.6   208   310   210   321   196   321 0.84 [190263/502/1]
190263/405/1.f:EHKDKA_02510 -            328 GH43_1.hmm           -            310   7.9e-63  216.8  14.7   1   2   8.4e-40   5.5e-37  132.0   3.7     1   153    42   197    42   203 0.85 [190263/405/1]
190263/405/1.f:EHKDKA_02510 -            328 GH43_1.hmm           -            310   7.9e-63  216.8  14.7   2   2   3.1e-27     2e-24   90.7   3.3   208   310   210   321   196   321 0.84 [190263/405/1]
190263/585/1.f:DLBDDB_19510 -           1425 GH43_1.hmm           -            310   6.6e-60  207.2  12.6   1   2   6.9e-37   4.5e-34  122.4   2.4     1   153   416   571   416   577 0.85 [190263/585/1]
190263/585/1.f:DLBDDB_19510 -           1425 GH43_1.hmm           -            310   6.6e-60  207.2  12.6   2   2   4.6e-27     3e-24   90.1   2.7   205   310   581   695   574   695 0.86 [190263/585/1]
190263/399/1.f:CDLIDF_16915 -            467 GH43_1.hmm           -            310   2.1e-58  202.3   3.7   1   2     9e-34   5.9e-31  112.1   3.2     1   146    39   179    39   182 0.91 [190263/399/1]
190263/399/1.f:CDLIDF_16915 -            467 GH43_1.hmm           -            310   2.1e-58  202.3   3.7   2   2   1.1e-26   7.3e-24   88.8   0.0   179   310   185   319   180   319 0.89 [190263/399/1]
190263/583/1.f:BCCKNC_05030 -            348 GH43_1.hmm           -            310   3.7e-56  194.9   9.7   1   2   2.5e-32   1.6e-29  107.4   2.2     1   146    53   197    53   202 0.86 [190263/583/1]
190263/583/1.f:BCCKNC_05030 -            348 GH43_1.hmm           -            310   3.7e-56  194.9   9.7   2   2   1.2e-27   8.1e-25   92.0   0.9   210   310   224   333   200   333 0.79 [190263/583/1]
190263/405/1.f:EHKDKA_05920 -            453 GH43_1.hmm           -            310   1.2e-54  190.0   4.9   1   2   1.1e-32   7.5e-30  108.5   4.3     1   146    25   166    25   169 0.89 [190263/405/1]
190263/405/1.f:EHKDKA_05920 -            453 GH43_1.hmm           -            310   1.2e-54  190.0   4.9   2   2   4.4e-24   2.9e-21   80.3   0.0   180   310   173   306   167   306 0.90 [190263/405/1]
190263/502/1.f:NONHGB_05240 -            453 GH43_1.hmm           -            310   1.7e-53  186.2   4.0   1   2   1.7e-32   1.1e-29  108.0   3.9     1   146    25   166    25   171 0.89 [190263/502/1]
190263/502/1.f:NONHGB_05240 -            453 GH43_1.hmm           -            310   1.7e-53  186.2   4.0   2   2   6.2e-23   4.1e-20   76.5   0.0   180   310   173   306   167   306 0.90 [190263/502/1]
190263/388/1.f:FDDJJK_00180 -            835 GH43_1.hmm           -            310   5.2e-52  181.3   5.1   1   2   1.1e-31   7.4e-29  105.2   2.4     1   146    31   172    31   176 0.91 [190263/388/1]
190263/388/1.f:FDDJJK_00180 -            835 GH43_1.hmm           -            310   5.2e-52  181.3   5.1   2   2     7e-23   4.6e-20   76.4   0.0   179   309   178   317   173   318 0.82 [190263/388/1]
190263/456/1.f:LKAJBD_15325 -            452 GH43_1.hmm           -            310   8.4e-52  180.6   3.9   1   2   1.9e-31   1.3e-28  104.5   3.2     1   146    23   164    23   168 0.90 [190263/456/1]
190263/456/1.f:LKAJBD_15325 -            452 GH43_1.hmm           -            310   8.4e-52  180.6   3.9   2   2   1.8e-22   1.2e-19   75.0   0.0   180   310   171   305   166   305 0.87 [190263/456/1]
190263/502/1.f:NONHGB_02285 -            549 GH43_1.hmm           -            310   8.7e-51  177.3  11.4   1   2   4.3e-25   2.8e-22   83.6   2.6     6   155   264   424   260   438 0.81 [190263/502/1]
190263/502/1.f:NONHGB_02285 -            549 GH43_1.hmm           -            310   8.7e-51  177.3  11.4   2   2   9.5e-30   6.2e-27   98.9   1.6   214   310   442   539   428   539 0.93 [190263/502/1]
190263/573/1.f:LIDFCI_15940 -            462 GH43_1.hmm           -            310   2.6e-50  175.7   5.2   1   1   5.8e-51   3.8e-48  168.6   5.2     1   309    28   314    28   315 0.89 [190263/573/1]
190263/552/1.f:EMALNL_07595 -            462 GH43_1.hmm           -            310   3.5e-50  175.3   5.1   1   1   7.6e-51     5e-48  168.2   5.1     1   309    28   314    28   315 0.89 [190263/552/1]
190263/456/1.f:LKAJBD_09335 -            322 GH43_1.hmm           -            310   1.7e-49  173.1   9.1   1   2   1.3e-29   8.4e-27   98.5   2.6     1   146    34   186    34   190 0.83 [190263/456/1]
190263/456/1.f:LKAJBD_09335 -            322 GH43_1.hmm           -            310   1.7e-49  173.1   9.1   2   2   1.6e-23     1e-20   78.5   0.5   213   309   212   310   188   311 0.89 [190263/456/1]
190263/475/1.f:MCKEEP_08390 -            461 GH43_1.hmm           -            310   2.5e-49  172.5   7.6   1   2   1.9e-30   1.2e-27  101.3   3.5     1   146    27   168    27   172 0.91 [190263/475/1]
190263/475/1.f:MCKEEP_08390 -            461 GH43_1.hmm           -            310   2.5e-49  172.5   7.6   2   2   5.9e-22   3.9e-19   73.3   0.1   180   309   175   313   169   314 0.79 [190263/475/1]
190263/502/1.f:NONHGB_20355 -            326 GH43_1.hmm           -            310   1.1e-48  170.4   9.5   1   2   9.5e-29   6.2e-26   95.6   2.5     1   147    38   191    38   200 0.83 [190263/502/1]
190263/502/1.f:NONHGB_20355 -            326 GH43_1.hmm           -            310   1.1e-48  170.4   9.5   2   2   1.3e-23   8.3e-21   78.8   0.7   213   309   216   314   203   315 0.89 [190263/502/1]
190263/405/1.f:EHKDKA_22060 -            326 GH43_1.hmm           -            310   1.4e-48  170.0   9.6   1   2   8.5e-29   5.6e-26   95.8   2.8     1   147    38   191    38   206 0.83 [190263/405/1]
190263/405/1.f:EHKDKA_22060 -            326 GH43_1.hmm           -            310   1.4e-48  170.0   9.6   2   2   1.7e-23   1.1e-20   78.4   0.6   213   309   216   314   203   315 0.89 [190263/405/1]
190263/585/1.f:DLBDDB_19440 -            836 GH43_1.hmm           -            310   2.2e-48  169.4  15.6   1   2   1.1e-29   7.4e-27   98.7   3.3     5   153   272   425   269   438 0.80 [190263/585/1]
190263/585/1.f:DLBDDB_19440 -            836 GH43_1.hmm           -            310   2.2e-48  169.4  15.6   2   2   4.5e-23   2.9e-20   77.0   1.9   214   308   445   543   433   545 0.91 [190263/585/1]
190263/401/1.f:DMFJNH_16020 -            314 GH43_1.hmm           -            310   7.9e-48  167.6  10.4   1   2   3.7e-28   2.4e-25   93.7   2.7     1   147    26   179    26   192 0.82 [190263/401/1]
190263/401/1.f:DMFJNH_16020 -            314 GH43_1.hmm           -            310   7.9e-48  167.6  10.4   2   2   1.7e-23   1.1e-20   78.4   1.1   214   309   205   302   200   303 0.90 [190263/401/1]
190263/504/1.f:DOAHDM_15685 -            314 GH43_1.hmm           -            310   1.1e-47  167.1   9.8   1   2   3.8e-28   2.5e-25   93.7   2.3     1   147    26   179    26   193 0.82 [190263/504/1]
190263/504/1.f:DOAHDM_15685 -            314 GH43_1.hmm           -            310   1.1e-47  167.1   9.8   2   2   2.5e-23   1.6e-20   77.9   1.0   214   309   205   302   199   303 0.90 [190263/504/1]
190263/401/1.f:DMFJNH_06495 -            637 GH43_1.hmm           -            310   1.8e-47  166.4  24.5   1   2   3.1e-23     2e-20   77.5   4.5     7   148    38   177    33   186 0.81 [190263/401/1]
190263/401/1.f:DMFJNH_06495 -            637 GH43_1.hmm           -            310   1.8e-47  166.4  24.5   2   2   2.8e-17   1.8e-14   58.0   0.1   205   310   199   313   179   313 0.81 [190263/401/1]
190263/504/1.f:DOAHDM_07165 -            637 GH43_1.hmm           -            310   1.8e-47  166.4  24.5   1   2   3.1e-23     2e-20   77.5   4.5     7   148    38   177    33   186 0.81 [190263/504/1]
190263/504/1.f:DOAHDM_07165 -            637 GH43_1.hmm           -            310   1.8e-47  166.4  24.5   2   2   2.8e-17   1.8e-14   58.0   0.1   205   310   199   313   179   313 0.81 [190263/504/1]
190263/460/1.f:IHFGKI_00025 -            986 GH43_1.hmm           -            310   2.8e-47  165.8  16.0   1   1   2.1e-43   1.4e-40  143.8   8.0     1   309    31   328    31   329 0.81 [190263/460/1]
190263/475/1.f:MCKEEP_15320 -            322 GH43_1.hmm           -            310     1e-46  163.9   9.6   1   2   5.3e-27   3.4e-24   89.9   2.4     1   147    34   187    34   204 0.84 [190263/475/1]
190263/475/1.f:MCKEEP_15320 -            322 GH43_1.hmm           -            310     1e-46  163.9   9.6   2   2   1.6e-23   1.1e-20   78.4   0.9   213   309   212   310   190   311 0.90 [190263/475/1]
190263/534/1.f:OHCFJE_01190 -            304 GH43_1.hmm           -            310   1.5e-46  163.4   8.9   1   2   7.6e-25     5e-22   82.8   1.3     1   146    26   172    26   177 0.81 [190263/534/1]
190263/534/1.f:OHCFJE_01190 -            304 GH43_1.hmm           -            310   1.5e-46  163.4   8.9   2   2   1.6e-25   1.1e-22   85.0   1.2   209   308   196   296   173   298 0.87 [190263/534/1]
190263/585/1.f:DLBDDB_18765 -             98 GH43_1.hmm           -            310   5.6e-46  161.5   1.9   1   1   9.6e-49   6.3e-46  161.3   1.9   221   310     1    90     1    90 0.99 [190263/585/1]
190263/562/1.f:KJGNCK_25205 -            836 GH43_1.hmm           -            310   6.2e-46  161.3  15.8   1   2   2.7e-29   1.8e-26   97.4   3.1     5   153   272   425   269   435 0.80 [190263/562/1]
190263/562/1.f:KJGNCK_25205 -            836 GH43_1.hmm           -            310   6.2e-46  161.3  15.8   2   2   2.6e-21   1.7e-18   71.2   1.7   214   308   445   543   433   545 0.91 [190263/562/1]
190263/456/1.f:LKAJBD_13210 -            507 GH43_1.hmm           -            310   8.7e-46  160.9   8.1   1   2   9.8e-24   6.4e-21   79.2   0.2     1   121    49   161    49   181 0.91 [190263/456/1]
190263/456/1.f:LKAJBD_13210 -            507 GH43_1.hmm           -            310   8.7e-46  160.9   8.1   2   2   4.2e-19   2.8e-16   64.0   0.2   212   310   248   360   225   360 0.82 [190263/456/1]
190263/369/1.f:JCDIFE_18055 -            324 GH43_1.hmm           -            310   3.1e-45  159.1   5.8   1   2   4.2e-27   2.8e-24   90.2   1.9     1   146    36   188    36   200 0.83 [190263/369/1]
190263/369/1.f:JCDIFE_18055 -            324 GH43_1.hmm           -            310   3.1e-45  159.1   5.8   2   2   3.7e-21   2.4e-18   70.7   0.1   213   309   214   312   191   313 0.89 [190263/369/1]
190263/540/1.f:BCGFLB_08615 -            439 GH43_1.hmm           -            310   1.2e-44  157.1   6.1   1   2     8e-25   5.3e-22   82.7   3.8     5   148    27   162    22   183 0.83 [190263/540/1]
190263/540/1.f:BCGFLB_08615 -            439 GH43_1.hmm           -            310   1.2e-44  157.1   6.1   2   2   1.5e-22   9.8e-20   75.3   0.0   208   310   186   293   161   293 0.83 [190263/540/1]
190263/396/1.f:KAAOMA_17065 -           1003 GH43_1.hmm           -            310   3.2e-44  155.7   3.1   1   2   1.5e-24     1e-21   81.8   0.2     1   146    32   175    32   178 0.89 [190263/396/1]
190263/396/1.f:KAAOMA_17065 -           1003 GH43_1.hmm           -            310   3.2e-44  155.7   3.1   2   2     4e-22   2.6e-19   73.9   0.1   179   310   181   315   176   315 0.92 [190263/396/1]
190263/562/1.f:KJGNCK_02445 -            464 GH43_1.hmm           -            310   3.2e-43  152.4   8.9   1   2   1.2e-26   7.7e-24   88.8   4.1     1   154    26   179    26   182 0.88 [190263/562/1]
190263/562/1.f:KJGNCK_02445 -            464 GH43_1.hmm           -            310   3.2e-43  152.4   8.9   2   2   3.5e-20   2.3e-17   67.5   0.2   180   310   176   318   175   318 0.79 [190263/562/1]
190263/456/1.f:LKAJBD_03935 -            334 GH43_1.hmm           -            310     8e-43  151.1   1.6   1   2   1.1e-24   6.9e-22   82.3   0.3     1   146    33   192    33   197 0.81 [190263/456/1]
190263/456/1.f:LKAJBD_03935 -            334 GH43_1.hmm           -            310     8e-43  151.1   1.6   2   2   2.8e-20   1.8e-17   67.8   0.0   213   309   218   321   205   322 0.85 [190263/456/1]
190263/552/1.f:EMALNL_01505 -            461 GH43_1.hmm           -            310   1.7e-42  150.0   2.6   1   2   2.9e-26   1.9e-23   87.5   0.3     1   146    26   176    26   181 0.88 [190263/552/1]
190263/552/1.f:EMALNL_01505 -            461 GH43_1.hmm           -            310   1.7e-42  150.0   2.6   2   2   9.3e-19   6.1e-16   62.8   0.1   180   310   183   313   177   313 0.80 [190263/552/1]
190263/552/1.f:EMALNL_01775 -            364 GH43_1.hmm           -            310   7.5e-42  147.9   5.3   1   2   1.9e-24   1.2e-21   81.5   1.0     1   146    35   194    35   198 0.81 [190263/552/1]
190263/552/1.f:EMALNL_01775 -            364 GH43_1.hmm           -            310   7.5e-42  147.9   5.3   2   2   2.2e-20   1.5e-17   68.1   0.2   214   309   221   323   207   324 0.86 [190263/552/1]
190263/552/1.f:EMALNL_01805 -            472 GH43_1.hmm           -            310   7.9e-42  147.9   3.3   1   2     2e-24   1.3e-21   81.4   0.8     1   146    28   178    28   184 0.83 [190263/552/1]
190263/552/1.f:EMALNL_01805 -            472 GH43_1.hmm           -            310   7.9e-42  147.9   3.3   2   2   5.3e-20   3.5e-17   66.9   0.1   180   310   185   317   179   317 0.84 [190263/552/1]
190263/405/1.f:EHKDKA_05935 -            356 GH43_1.hmm           -            310   2.9e-41  146.0   3.4   1   2   3.7e-24   2.4e-21   80.6   1.0     1   146    32   184    32   188 0.82 [190263/405/1]
190263/405/1.f:EHKDKA_05935 -            356 GH43_1.hmm           -            310   2.9e-41  146.0   3.4   2   2   1.5e-19   9.8e-17   65.4   0.0   214   309   211   313   192   314 0.86 [190263/405/1]
190263/502/1.f:NONHGB_05225 -            461 GH43_1.hmm           -            310     4e-41  145.5   1.2   1   2   2.8e-24   1.8e-21   81.0   0.2     1   146    28   178    28   183 0.83 [190263/502/1]
190263/502/1.f:NONHGB_05225 -            461 GH43_1.hmm           -            310     4e-41  145.5   1.2   2   2   5.6e-19   3.7e-16   63.5   0.0   180   310   185   317   179   317 0.84 [190263/502/1]
190263/405/1.f:EHKDKA_02300 -            456 GH43_1.hmm           -            310   7.4e-41  144.7   2.8   1   2     5e-21   3.3e-18   70.3   0.8     1   146    23   174    23   180 0.82 [190263/405/1]
190263/405/1.f:EHKDKA_02300 -            456 GH43_1.hmm           -            310   7.4e-41  144.7   2.8   2   2   2.7e-22   1.8e-19   74.4   0.1   180   310   181   305   175   305 0.92 [190263/405/1]
190263/502/1.f:NONHGB_05255 -            361 GH43_1.hmm           -            310   1.2e-40  143.9   2.7   1   2     6e-24   3.9e-21   79.9   0.7     1   146    32   184    32   188 0.82 [190263/502/1]
190263/502/1.f:NONHGB_05255 -            361 GH43_1.hmm           -            310   1.2e-40  143.9   2.7   2   2     5e-19   3.3e-16   63.7   0.1   214   309   211   313   192   314 0.85 [190263/502/1]
190263/456/1.f:LKAJBD_15320 -            449 GH43_1.hmm           -            310   1.3e-40  143.9   3.0   1   2   3.5e-21   2.3e-18   70.8   0.6     1   146    21   172    21   178 0.82 [190263/456/1]
190263/456/1.f:LKAJBD_15320 -            449 GH43_1.hmm           -            310   1.3e-40  143.9   3.0   2   2     5e-22   3.3e-19   73.5   0.1   180   310   179   303   173   303 0.93 [190263/456/1]
190263/405/1.f:EHKDKA_05940 -            894 GH43_1.hmm           -            310   1.6e-40  143.6   6.3   1   2   1.1e-26   7.5e-24   88.8   2.0     1   146   467   606   467   608 0.88 [190263/405/1]
190263/405/1.f:EHKDKA_05940 -            894 GH43_1.hmm           -            310   1.6e-40  143.6   6.3   2   2   6.8e-17   4.4e-14   56.7   0.1   180   310   613   750   609   750 0.83 [190263/405/1]
190263/437/1.f:LBKKEJ_07955 -            352 GH43_1.hmm           -            310     2e-40  143.3   3.7   1   2   3.8e-26   2.5e-23   87.1   2.3     7   150    38   201    33   212 0.72 [190263/437/1]
190263/437/1.f:LBKKEJ_07955 -            352 GH43_1.hmm           -            310     2e-40  143.3   3.7   2   2   1.5e-16   9.6e-14   55.6   0.0   211   310   227   335   217   335 0.85 [190263/437/1]
190263/461/1.f:DHPHOK_01440 -            334 GH43_1.hmm           -            310   3.2e-40  142.6   5.1   1   2   9.9e-25   6.5e-22   82.4   1.6     7   148    41   180    36   188 0.81 [190263/461/1]
190263/461/1.f:DHPHOK_01440 -            334 GH43_1.hmm           -            310   3.2e-40  142.6   5.1   2   2   4.9e-18   3.2e-15   60.5   0.1   211   310   208   316   191   316 0.86 [190263/461/1]
190263/399/1.f:CDLIDF_16920 -            441 GH43_1.hmm           -            310   3.4e-40  142.5   8.9   1   2   3.1e-26     2e-23   87.4   3.0     1   146    26   166    26   169 0.86 [190263/399/1]
190263/399/1.f:CDLIDF_16920 -            441 GH43_1.hmm           -            310   3.4e-40  142.5   8.9   2   2   1.7e-17   1.1e-14   58.7   0.4   201   310   182   297   174   297 0.84 [190263/399/1]
190263/475/1.f:MCKEEP_07780 -            329 GH43_1.hmm           -            310   4.7e-40  142.0   6.8   1   2   2.2e-23   1.4e-20   78.0   5.6     7   148    38   177    33   185 0.83 [190263/475/1]
190263/475/1.f:MCKEEP_07780 -            329 GH43_1.hmm           -            310   4.7e-40  142.0   6.8   2   2   9.8e-19   6.4e-16   62.7   0.0   203   310   197   313   179   313 0.83 [190263/475/1]
190263/552/1.f:EMALNL_07155 -            329 GH43_1.hmm           -            310   4.9e-40  142.0   6.5   1   2   2.6e-23   1.7e-20   77.8   5.5     7   148    38   177    33   184 0.83 [190263/552/1]
190263/552/1.f:EMALNL_07155 -            329 GH43_1.hmm           -            310   4.9e-40  142.0   6.5   2   2   9.8e-19   6.4e-16   62.7   0.0   203   310   197   313   179   313 0.83 [190263/552/1]
190263/573/1.f:LIDFCI_16670 -            329 GH43_1.hmm           -            310   6.7e-40  141.5   6.6   1   2   3.6e-23   2.4e-20   77.3   5.6     7   148    38   177    33   184 0.83 [190263/573/1]
190263/573/1.f:LIDFCI_16670 -            329 GH43_1.hmm           -            310   6.7e-40  141.5   6.6   2   2   9.8e-19   6.4e-16   62.7   0.0   203   310   197   313   179   313 0.83 [190263/573/1]
190263/475/1.f:MCKEEP_03215 -            330 GH43_1.hmm           -            310   7.3e-40  141.4   7.3   1   2   8.6e-25   5.6e-22   82.6   3.2     5   148    37   178    34   189 0.81 [190263/475/1]
190263/475/1.f:MCKEEP_03215 -            330 GH43_1.hmm           -            310   7.3e-40  141.4   7.3   2   2   1.1e-17   7.5e-15   59.2   0.1   211   310   206   314   180   314 0.82 [190263/475/1]
190263/573/1.f:LIDFCI_20375 -            330 GH43_1.hmm           -            310   7.3e-40  141.4   7.3   1   2   8.6e-25   5.6e-22   82.6   3.2     5   148    37   178    34   189 0.81 [190263/573/1]
190263/573/1.f:LIDFCI_20375 -            330 GH43_1.hmm           -            310   7.3e-40  141.4   7.3   2   2   1.1e-17   7.5e-15   59.2   0.1   211   310   206   314   180   314 0.82 [190263/573/1]
190263/369/1.f:JCDIFE_01260 -            334 GH43_1.hmm           -            310   7.9e-40  141.3   4.9   1   2   3.5e-25   2.3e-22   83.9   1.2     7   148    41   180    36   192 0.81 [190263/369/1]
190263/369/1.f:JCDIFE_01260 -            334 GH43_1.hmm           -            310   7.9e-40  141.3   4.9   2   2   2.5e-17   1.7e-14   58.1   0.1   210   310   207   316   183   316 0.84 [190263/369/1]
190263/404/1.f:BGJBIG_08440 -            479 GH43_1.hmm           -            310   8.6e-40  141.2   7.4   1   2   7.9e-24   5.2e-21   79.5   1.8     6   147    55   189    52   199 0.86 [190263/404/1]
190263/404/1.f:BGJBIG_08440 -            479 GH43_1.hmm           -            310   8.6e-40  141.2   7.4   2   2   1.7e-19   1.1e-16   65.2   0.4   185   310   200   323   189   323 0.76 [190263/404/1]
190263/562/1.f:KJGNCK_03005 -            329 GH43_1.hmm           -            310     1e-39  140.9   5.3   1   2   2.3e-23   1.5e-20   78.0   5.4     7   148    38   177    33   186 0.83 [190263/562/1]
190263/562/1.f:KJGNCK_03005 -            329 GH43_1.hmm           -            310     1e-39  140.9   5.3   2   2   4.8e-18   3.1e-15   60.5   0.0   204   310   198   313   179   313 0.83 [190263/562/1]
190263/466/1.f:PGJOII_06060 -            340 GH43_1.hmm           -            310   1.2e-39  140.7   5.4   1   2   5.2e-25   3.4e-22   83.4   1.6     7   148    47   186    42   195 0.81 [190263/466/1]
190263/466/1.f:PGJOII_06060 -            340 GH43_1.hmm           -            310   1.2e-39  140.7   5.4   2   2   1.9e-17   1.3e-14   58.5   0.1   209   310   212   322   190   322 0.83 [190263/466/1]
190263/573/1.f:LIDFCI_16005 -            475 GH43_1.hmm           -            310   1.4e-39  140.5   8.3   1   2   1.5e-26   9.5e-24   88.5   3.4     1   146    25   165    25   168 0.87 [190263/573/1]
190263/573/1.f:LIDFCI_16005 -            475 GH43_1.hmm           -            310   1.4e-39  140.5   8.3   2   2   2.7e-16   1.8e-13   54.7   0.2   201   310   181   296   172   296 0.85 [190263/573/1]
190263/456/1.f:LKAJBD_17190 -            448 GH43_1.hmm           -            310     2e-39  140.0   9.1   1   2   1.5e-26     1e-23   88.4   5.1     1   146    28   168    28   173 0.88 [190263/456/1]
190263/456/1.f:LKAJBD_17190 -            448 GH43_1.hmm           -            310     2e-39  140.0   9.1   2   2   6.2e-16   4.1e-13   53.5   0.1   211   310   193   298   174   298 0.82 [190263/456/1]
190263/552/1.f:EMALNL_07535 -            443 GH43_1.hmm           -            310   3.8e-39  139.0   8.2   1   2   7.1e-26   4.7e-23   86.2   3.1     1   146    26   166    26   169 0.86 [190263/552/1]
190263/552/1.f:EMALNL_07535 -            443 GH43_1.hmm           -            310   3.8e-39  139.0   8.2   2   2   1.4e-16   9.1e-14   55.7   0.2   201   310   182   297   173   297 0.85 [190263/552/1]
190263/405/1.f:EHKDKA_02295 -            470 GH43_1.hmm           -            310   8.5e-39  137.9   7.0   1   2   5.8e-24   3.8e-21   79.9   1.4     1   147    29   182    29   190 0.84 [190263/405/1]
190263/405/1.f:EHKDKA_02295 -            470 GH43_1.hmm           -            310   8.5e-39  137.9   7.0   2   2   7.9e-18   5.2e-15   59.8   0.3   212   310   209   321   187   321 0.79 [190263/405/1]
190263/475/1.f:MCKEEP_08335 -            443 GH43_1.hmm           -            310   1.4e-38  137.1   8.2   1   2   7.1e-26   4.7e-23   86.2   3.1     1   146    26   166    26   169 0.86 [190263/475/1]
190263/475/1.f:MCKEEP_08335 -            443 GH43_1.hmm           -            310   1.4e-38  137.1   8.2   2   2     5e-16   3.3e-13   53.9   0.2   201   310   182   297   173   297 0.84 [190263/475/1]
190263/497/1.f:HENFFC_05550 -            332 GH43_1.hmm           -            310   1.5e-37  133.8   6.9   1   1   4.1e-25   2.7e-22   83.7   2.9     7   148    41   179    36   192 0.79 [190263/497/1]
190263/556/1.f:EMIPPF_06030 -            332 GH43_1.hmm           -            310   2.3e-37  133.2   7.3   1   2   7.9e-24   5.2e-21   79.5   5.3     7   148    36   174    31   183 0.83 [190263/556/1]
190263/556/1.f:EMIPPF_06030 -            332 GH43_1.hmm           -            310   2.3e-37  133.2   7.3   2   2   7.4e-16   4.8e-13   53.3   0.0   206   310   197   310   176   310 0.84 [190263/556/1]
190263/365/1.f:JJMMAK_06475 -            332 GH43_1.hmm           -            310   2.5e-37  133.1   7.2   1   1   4.2e-25   2.7e-22   83.7   3.0    10   148    44   179    36   192 0.76 [190263/365/1]
190263/552/1.f:EMALNL_09490 -           1085 GH43_1.hmm           -            310   4.8e-37  132.1   7.0   1   2     1e-23   6.7e-21   79.1   3.5     5   148   789   930   786   941 0.83 [190263/552/1]
190263/552/1.f:EMALNL_09490 -           1085 GH43_1.hmm           -            310   4.8e-37  132.1   7.0   2   2   5.3e-16   3.5e-13   53.8   0.1   205   310   952  1066   932  1066 0.81 [190263/552/1]
190263/368/1.f:HPMDBE_07740 -            334 GH43_1.hmm           -            310   2.7e-36  129.7   7.8   1   1   1.1e-23   7.4e-21   79.0   3.2     6   152    42   186    38   194 0.77 [190263/368/1]
190263/379/1.f:LOJHAC_08255 -            334 GH43_1.hmm           -            310   2.8e-36  129.6   7.9   1   1   1.1e-23   7.3e-21   79.0   3.2     6   153    42   187    38   195 0.77 [190263/379/1]
190263/516/1.f:MGNFBC_06985 -            334 GH43_1.hmm           -            310   2.8e-36  129.6   7.9   1   1   1.1e-23   7.3e-21   79.0   3.2     6   153    42   187    38   195 0.77 [190263/516/1]
190263/488/1.f:DNPFAC_10005 -            330 GH43_1.hmm           -            310     5e-36  128.8   9.0   1   2   3.1e-23     2e-20   77.5   3.7     6   148    38   176    34   190 0.78 [190263/488/1]
190263/488/1.f:DNPFAC_10005 -            330 GH43_1.hmm           -            310     5e-36  128.8   9.0   2   2   5.7e-16   3.8e-13   53.7   0.2   210   310   203   312   180   312 0.84 [190263/488/1]
190263/460/1.f:IHFGKI_00020 -            443 GH43_1.hmm           -            310   6.8e-36  128.4  13.8   1   2     2e-24   1.3e-21   81.4   4.3     1   146    22   161    22   172 0.87 [190263/460/1]
190263/460/1.f:IHFGKI_00020 -            443 GH43_1.hmm           -            310   6.8e-36  128.4  13.8   2   2     6e-16   3.9e-13   53.6   0.2   213   310   188   291   164   291 0.84 [190263/460/1]
190263/417/1.f:MHBJAE_08890 -            333 GH43_1.hmm           -            310   1.2e-35  127.6   7.7   1   1   6.3e-23   4.2e-20   76.5   3.3     7   148    39   176    34   188 0.77 [190263/417/1]
190263/412/1.f:OOIBGL_02545 -            442 GH43_1.hmm           -            310   3.8e-35  125.9   1.9   1   1     1e-22   6.6e-20   75.9   0.0   211   310   190   290   156   290 0.83 [190263/412/1]
190263/580/1.f:JCPJNN_13240 -            439 GH43_1.hmm           -            310   3.9e-35  125.9   1.6   1   1   2.8e-21   1.8e-18   71.1   0.0   202   310   177   286   156   286 0.86 [190263/580/1]
190263/534/1.f:OHCFJE_01185 -            444 GH43_1.hmm           -            310   6.3e-35  125.2   2.2   1   2   8.6e-19   5.6e-16   62.9   0.3     6   146    33   166    27   170 0.84 [190263/534/1]
190263/534/1.f:OHCFJE_01185 -            444 GH43_1.hmm           -            310   6.3e-35  125.2   2.2   2   2   1.5e-18   9.8e-16   62.2   0.1   207   310   193   301   167   301 0.79 [190263/534/1]
190263/400/1.f:EIBLKL_04555 -            450 GH43_1.hmm           -            310   4.9e-34  122.3   0.7   1   2   2.9e-16   1.9e-13   54.6   0.2     7   146    11   158     7   162 0.77 [190263/400/1]
190263/400/1.f:EIBLKL_04555 -            450 GH43_1.hmm           -            310   4.9e-34  122.3   0.7   2   2   1.1e-19   7.2e-17   65.9   0.0   210   310   197   298   163   298 0.88 [190263/400/1]
190263/399/1.f:CDLIDF_13470 -            471 GH43_1.hmm           -            310   5.3e-34  122.2  12.2   1   1   4.5e-24     3e-21   80.3   2.3     1   154    29   192    29   198 0.83 [190263/399/1]
190263/546/1.f:GEHMID_15115 -            415 GH43_1.hmm           -            310     3e-32  116.4   8.7   1   2   1.8e-16   1.2e-13   55.3   2.3     4   148     7   145     3   162 0.79 [190263/546/1]
190263/546/1.f:GEHMID_15115 -            415 GH43_1.hmm           -            310     3e-32  116.4   8.7   2   2   4.7e-19   3.1e-16   63.8   0.2   210   310   171   276   158   276 0.89 [190263/546/1]
190263/552/1.f:EMALNL_01635 -            458 GH43_1.hmm           -            310   7.8e-32  115.0   9.1   1   1   2.1e-21   1.4e-18   71.5   3.5     1   146    38   178    38   186 0.84 [190263/552/1]
190263/580/1.f:JCPJNN_25895 -            306 GH43_1.hmm           -            310   5.1e-31  112.3   2.6   1   1   8.2e-25   5.4e-22   82.7   0.3     8   146    19   159    13   174 0.81 [190263/580/1]
190263/527/1.f:HGADJN_00650 -           1137 GH43_1.hmm           -            310   1.4e-30  110.9   9.8   1   1   5.2e-33   3.4e-30  109.6   9.8     4   305    93   441    90   445 0.71 [190263/527/1]
190263/514/1.f:MMHOAN_12840 -            484 GH43_1.hmm           -            310   1.6e-30  110.7   6.3   1   1   1.3e-18   8.8e-16   62.3   0.2   179   309   183   321   175   322 0.84 [190263/514/1]
190263/412/1.f:OOIBGL_08970 -            536 GH43_1.hmm           -            310   6.9e-30  108.6   9.3   1   1   3.1e-18     2e-15   61.1   2.4     6   146    79   234    77   238 0.77 [190263/412/1]
190263/513/1.f:MKNBNH_07470 -            556 GH43_1.hmm           -            310   1.4e-29  107.6   9.9   1   1   7.4e-32   4.8e-29  105.9   9.9     6   310    14   343    10   343 0.76 [190263/513/1]
190263/502/1.f:NONHGB_09350 -            326 GH43_1.hmm           -            310   2.5e-29  106.8  10.5   1   1   3.8e-18   2.5e-15   60.8   4.7     8   148    36   174    30   187 0.71 [190263/502/1]
190263/580/1.f:JCPJNN_06555 -            510 GH43_1.hmm           -            310     1e-26   98.2   5.5   1   1     6e-23   3.9e-20   76.6   2.0    76   310   106   343   101   343 0.75 [190263/580/1]
190263/546/1.f:GEHMID_20355 -            481 GH43_1.hmm           -            310   2.4e-26   97.0   9.0   1   1     8e-16   5.3e-13   53.2   0.3   182   308   185   319   178   321 0.71 [190263/546/1]
190263/520/1.f:GGDGDE_19915 -            549 GH43_1.hmm           -            310     3e-26   96.7   2.4   1   1   6.4e-17   4.2e-14   56.8   0.1     1   147    88   247    88   252 0.71 [190263/520/1]
190263/388/1.f:FDDJJK_05830 -            800 GH43_1.hmm           -            310   1.3e-25   94.6   9.2   1   1     5e-22   3.3e-19   73.6   0.6   209   310   195   305   183   305 0.84 [190263/388/1]
190263/502/1.f:NONHGB_01690 -            800 GH43_1.hmm           -            310   3.7e-25   93.1   9.6   1   1   4.4e-21   2.9e-18   70.5   0.4   210   310   196   305   189   305 0.84 [190263/502/1]
190263/405/1.f:EHKDKA_01815 -            800 GH43_1.hmm           -            310   4.2e-25   92.9  10.9   1   1   2.5e-21   1.7e-18   71.3   0.8   209   310   195   305   186   305 0.84 [190263/405/1]
190263/534/1.f:OHCFJE_06600 -            800 GH43_1.hmm           -            310   4.2e-25   92.9   9.5   1   1   1.4e-21   9.1e-19   72.1   0.6   209   310   195   305   183   305 0.84 [190263/534/1]
190263/545/1.f:NCJBIN_06345 -            802 GH43_1.hmm           -            310   6.9e-25   92.2   7.9   1   1   7.5e-21   4.9e-18   69.7   0.4   211   310   197   305   187   305 0.84 [190263/545/1]
190263/391/1.f:NONBJF_06480 -            802 GH43_1.hmm           -            310     7e-25   92.2   7.9   1   1   7.5e-21   4.9e-18   69.7   0.4   211   310   197   305   187   305 0.84 [190263/391/1]
190263/595/1.f:HGDLEC_06255 -            812 GH43_1.hmm           -            310   9.5e-25   91.7   6.4   1   1   6.7e-20   4.4e-17   66.6   0.2   212   310   200   307   183   307 0.84 [190263/595/1]
190263/366/1.f:DBJPFP_03145 -            351 GH43_1.hmm           -            310     1e-24   91.6   3.0   1   1   5.9e-27   3.9e-24   89.8   2.9    59   308    57   334    27   336 0.72 [190263/366/1]
190263/369/1.f:JCDIFE_02295 -            366 GH43_1.hmm           -            310   1.5e-24   91.1   9.4   1   1   1.8e-26   1.2e-23   88.1   5.3    47   307    61   349    57   352 0.70 [190263/369/1]
190263/541/1.f:IDEEIE_12540 -           1769 GH43_1.hmm           -            310   8.4e-24   88.6  19.0   1   1   8.1e-24   5.3e-21   79.4  11.6     1   310  1077  1392  1077  1392 0.72 [190263/541/1]
190263/580/1.f:JCPJNN_09535 -            494 GH43_1.hmm           -            310   1.1e-23   88.3   0.4   1   1   7.1e-26   4.6e-23   86.2   0.4     7   310    28   336    23   336 0.73 [190263/580/1]
190263/580/1.f:JCPJNN_19970 -            471 GH43_1.hmm           -            310   2.8e-23   86.9   6.1   1   1   4.7e-18   3.1e-15   60.5   0.2   211   310   203   315   164   315 0.80 [190263/580/1]
190263/421/1.f:PBKEAC_07675 -            364 GH43_1.hmm           -            310   3.5e-23   86.6   4.5   1   1   1.3e-25   8.6e-23   85.3   2.5    63   308    70   343    46   345 0.72 [190263/421/1]
190263/379/1.f:LOJHAC_06040 -            373 GH43_1.hmm           -            310   4.6e-23   86.2   7.7   1   1   1.1e-25   7.5e-23   85.5   3.5    71   308    92   358    79   360 0.68 [190263/379/1]
190263/461/1.f:DHPHOK_02850 -            367 GH43_1.hmm           -            310   4.9e-23   86.1   9.4   1   1   5.1e-25   3.3e-22   83.4   6.0    69   308    84   351    58   353 0.70 [190263/461/1]
190263/516/1.f:MGNFBC_09170 -            377 GH43_1.hmm           -            310   5.1e-23   86.1   7.8   1   1   1.1e-25   7.3e-23   85.6   3.4    71   308    96   362    83   364 0.68 [190263/516/1]
190263/368/1.f:HPMDBE_02595 -            373 GH43_1.hmm           -            310   7.2e-23   85.6   6.8   1   1   1.7e-25   1.1e-22   85.0   3.1    71   308    92   358    69   360 0.69 [190263/368/1]
190263/412/1.f:OOIBGL_02455 -            466 GH43_1.hmm           -            310   9.6e-23   85.2   6.4   1   1   2.3e-18   1.5e-15   61.5   0.2   172   309   167   315   162   316 0.77 [190263/412/1]
190263/433/1.f:ADFNDI_00225 -            483 GH43_1.hmm           -            310   2.7e-22   83.7  12.0   1   1   8.2e-23   5.4e-20   76.1  12.0     7   305    16   323    11   327 0.75 [190263/433/1]
190263/580/1.f:JCPJNN_18320 -            465 GH43_1.hmm           -            310   1.6e-21   81.2   2.3   1   1   3.6e-16   2.3e-13   54.3   0.6    71   145    76   153    60   157 0.86 [190263/580/1]
190263/520/1.f:GGDGDE_19905 -            468 GH43_1.hmm           -            310   3.2e-21   80.2   4.3   1   1   1.4e-21   9.3e-19   72.1   4.3     7   310    15   315    10   315 0.76 [190263/520/1]
190263/399/1.f:CDLIDF_06485 -            815 GH43_1.hmm           -            310   4.1e-21   79.8  10.9   1   1   4.3e-19   2.8e-16   63.9   0.9   209   310   207   318   199   318 0.82 [190263/399/1]
190263/421/1.f:PBKEAC_07670 -            312 GH43_1.hmm           -            310   1.3e-20   78.2   1.3   1   1   2.1e-17   1.3e-14   58.4   0.3    59   154    68   158    27   180 0.87 [190263/421/1]
190263/520/1.f:GGDGDE_20475 -           1286 GH43_1.hmm           -            310   1.4e-20   78.0   7.4   1   1   4.2e-17   2.8e-14   57.4   0.6   210   309  1023  1135   984  1136 0.76 [190263/520/1]
190263/365/1.f:JJMMAK_05415 -            370 GH43_1.hmm           -            310   2.8e-20   77.1   4.2   1   1   4.2e-23   2.8e-20   77.1   4.2    71   309    94   361    77   362 0.68 [190263/365/1]
190263/520/1.f:GGDGDE_20440 -            465 GH43_1.hmm           -            310   1.2e-19   75.0   7.8   1   1   8.8e-20   5.8e-17   66.2   7.8     7   310    15   315    10   315 0.75 [190263/520/1]
190263/497/1.f:HENFFC_06515 -            370 GH43_1.hmm           -            310   1.4e-19   74.8   5.4   1   1   2.2e-22   1.4e-19   74.8   5.4    71   309    94   361    68   362 0.68 [190263/497/1]
190263/527/1.f:HGADJN_08265 -           2030 GH43_1.hmm           -            310   7.7e-19   72.3   1.9   1   1   1.2e-21   7.7e-19   72.3   1.9     8   146  1572  1722  1566  1734 0.79 [190263/527/1]
190263/366/1.f:DBJPFP_03100 -            318 GH43_1.hmm           -            310   7.1e-18   69.2   3.7   1   1   8.8e-16   5.7e-13   53.1   0.7    62   157    77   167    33   191 0.86 [190263/366/1]
190263/443/1.f:LNLACP_00190 -            487 GH43_1.hmm           -            310   1.6e-17   68.0   6.7   1   1   1.8e-17   1.2e-14   58.6   6.7     7   310    15   313    10   313 0.75 [190263/443/1]
190263/541/1.f:IDEEIE_02100 -           1952 GH43_1.hmm           -            310   6.2e-17   66.1   0.9   1   1   9.5e-20   6.2e-17   66.1   0.9     8   146  1551  1705  1546  1716 0.77 [190263/541/1]
190263/461/1.f:DHPHOK_05305 -            315 GH43_1.hmm           -            310     1e-16   65.3   7.4   1   1   1.6e-16   1.1e-13   55.5   2.8    57   157    69   164    32   184 0.84 [190263/461/1]
190263/417/1.f:MHBJAE_04970 -            322 GH43_1.hmm           -            310   8.4e-16   62.4   5.5   1   1   5.2e-16   3.4e-13   53.8   0.2    57   152    76   167    62   189 0.86 [190263/417/1]
190263/585/1.f:DLBDDB_18770 -             83 GH43_1.hmm           -            310   1.5e-15   61.6   0.0   1   1   2.5e-18   1.7e-15   61.4   0.0   129   194     9    78     2    80 0.89 [190263/585/1]
190263/488/1.f:DNPFAC_05530 -            322 GH43_1.hmm           -            310   2.4e-15   60.8   4.8   1   1   6.6e-16   4.3e-13   53.5   0.3    58   152    77   167    58   195 0.85 [190263/488/1]
190263/585/1.f:DLBDDB_15915 -            162 GH43_1.hmm           -            310     3e-15   60.6   0.4   1   1   5.5e-18   3.6e-15   60.3   0.4     1   113    41   148    41   154 0.90 [190263/585/1]
#
# Program:         hmmsearch
# Version:         3.3.2 (Nov 2020)
# Pipeline mode:   SEARCH
# Query file:      /kb/module/work/tmp/output.1725388484971/GH43_1/GH43_1.hmm
# Target file:     /kb/module/work/tmp/output.1725388484971/hCom2_RAST.fasta
# Option settings: /kb/module/hmmer/bin/hmmsearch --domtblout /kb/module/work/tmp/output.1725388484971/GH43_1/GH43_1-hCom2_RAST.hitout.txt --noali --notextw --domE 1e-15 /kb/module/work/tmp/output.1725388484971/GH43_1/GH43_1.hmm /kb/module/work/tmp/output.1725388484971/hCom2_RAST.fasta 
# Current dir:     /kb/module/work/tmp/output.1725388484971
# Date:            Tue Sep  3 18:51:31 2024
# [ok]
