#                                                                                   --- full sequence --- -------------- this domain -------------   hmm coord   ali coord   env coord
# target name               accession   tlen query name           accession   qlen   E-value  score  bias   #  of  c-Evalue  i-Evalue  score  bias  from    to  from    to  from    to  acc description of target
#       ------------------- ---------- ----- -------------------- ---------- ----- --------- ------ ----- --- --- --------- --------- ------ ----- ----- ----- ----- ----- ----- ----- ---- ---------------------
190263/497/1.f:HENFFC_08500 -            512 GH51.hmm             -            630  4.4e-148  499.3   0.3   1   1  2.5e-151  5.1e-148  499.1   0.3    82   541    20   511     5   512 0.96 [190263/497/1]
190263/365/1.f:JJMMAK_02175 -            512 GH51.hmm             -            630  6.6e-148  498.7   0.2   1   1  3.8e-151  7.8e-148  498.5   0.2    82   542    20   512     5   512 0.96 [190263/365/1]
190263/516/1.f:MGNFBC_08165 -            511 GH51.hmm             -            630  1.6e-146  494.2   0.2   1   1  9.4e-150  1.9e-146  493.9   0.2    83   541    21   510    14   511 0.96 [190263/516/1]
190263/368/1.f:HPMDBE_09320 -            511 GH51.hmm             -            630  1.8e-146  494.0   0.2   1   1  1.1e-149  2.2e-146  493.7   0.2    83   541    21   510    14   511 0.96 [190263/368/1]
190263/379/1.f:LOJHAC_09520 -            511 GH51.hmm             -            630  1.8e-146  494.0   0.2   1   1  1.1e-149  2.2e-146  493.7   0.2    83   541    21   510    14   511 0.96 [190263/379/1]
190263/478/1.f:BOCJFA_16460 -            501 GH51.hmm             -            630  1.5e-143  484.3   0.3   1   1  8.3e-147  1.7e-143  484.1   0.3    82   542     2   500     1   501 0.97 [190263/478/1]
190263/399/1.f:CDLIDF_10240 -            512 GH51.hmm             -            630  7.3e-143  482.1   0.2   1   1  4.3e-146  8.9e-143  481.8   0.2    82   542    20   512    11   512 0.96 [190263/399/1]
190263/409/1.f:AJJCMD_18965 -            502 GH51.hmm             -            630  9.3e-143  481.7   1.3   1   1    5e-146    1e-142  481.6   1.3    82   544     2   500     1   502 0.97 [190263/409/1]
190263/409/1.f:AJJCMD_28320 -            501 GH51.hmm             -            630  1.2e-141  478.1   1.6   1   1  6.9e-145  1.4e-141  477.8   1.6    82   542     2   498     1   500 0.96 [190263/409/1]
190263/401/1.f:DMFJNH_15925 -            514 GH51.hmm             -            630  1.6e-141  477.7   1.9   1   1  9.2e-145  1.9e-141  477.4   1.9    75   542    15   514     6   514 0.96 [190263/401/1]
190263/391/1.f:NONBJF_22725 -            507 GH51.hmm             -            630  1.9e-141  477.4   0.8   1   1  1.1e-144  2.4e-141  477.1   0.8    82   542    15   507     7   507 0.96 [190263/391/1]
190263/534/1.f:OHCFJE_21625 -            507 GH51.hmm             -            630  1.9e-141  477.4   0.8   1   1  1.1e-144  2.4e-141  477.1   0.8    82   542    15   507     7   507 0.96 [190263/534/1]
190263/545/1.f:NCJBIN_23005 -            507 GH51.hmm             -            630  1.9e-141  477.4   0.8   1   1  1.1e-144  2.4e-141  477.1   0.8    82   542    15   507     7   507 0.96 [190263/545/1]
190263/388/1.f:FDDJJK_20865 -            507 GH51.hmm             -            630    2e-141  477.3   0.8   1   1  1.2e-144  2.4e-141  477.0   0.8    82   542    15   507     7   507 0.95 [190263/388/1]
190263/580/1.f:JCPJNN_04230 -            500 GH51.hmm             -            630  2.4e-141  477.0   3.5   1   1  1.3e-144  2.7e-141  476.9   3.5    82   543     2   499     1   500 0.97 [190263/580/1]
190263/552/1.f:EMALNL_14960 -            514 GH51.hmm             -            630  4.4e-141  476.2   0.7   1   1  2.6e-144  5.3e-141  475.9   0.7    75   542    15   514     6   514 0.96 [190263/552/1]
190263/472/1.f:NMGHJI_01055 -            507 GH51.hmm             -            630  7.6e-141  475.4   1.1   1   1  4.1e-144  8.4e-141  475.3   1.1    82   544     3   505     1   507 0.96 [190263/472/1]
190263/502/1.f:NONHGB_20450 -            514 GH51.hmm             -            630  1.2e-140  474.8   0.6   1   1  6.7e-144  1.4e-140  474.6   0.6    78   542    18   514     8   514 0.96 [190263/502/1]
190263/405/1.f:EHKDKA_22145 -            514 GH51.hmm             -            630  1.6e-140  474.4   0.9   1   1  8.9e-144  1.8e-140  474.1   0.9    78   542    18   514     8   514 0.96 [190263/405/1]
190263/475/1.f:MCKEEP_15245 -            514 GH51.hmm             -            630  1.7e-140  474.2   0.8   1   1    1e-143  2.1e-140  474.0   0.8    75   542    15   514     6   514 0.95 [190263/475/1]
190263/520/1.f:GGDGDE_16775 -            504 GH51.hmm             -            630  1.8e-140  474.1   1.0   1   1    1e-143  2.1e-140  474.0   1.0    82   541     3   502     1   504 0.96 [190263/520/1]
190263/573/1.f:LIDFCI_05025 -            514 GH51.hmm             -            630  1.9e-140  474.1   0.7   1   1  1.1e-143  2.2e-140  473.8   0.7    75   542    15   514     6   514 0.96 [190263/573/1]
190263/504/1.f:DOAHDM_15585 -            514 GH51.hmm             -            630  2.3e-140  473.8   1.5   1   1  1.4e-143  2.8e-140  473.5   1.5    75   542    15   514     6   514 0.96 [190263/504/1]
190263/369/1.f:JCDIFE_18130 -            514 GH51.hmm             -            630  4.1e-140  473.0   1.4   1   1  2.4e-143  4.9e-140  472.7   1.4    74   542    14   514     8   514 0.96 [190263/369/1]
190263/461/1.f:DHPHOK_11385 -            514 GH51.hmm             -            630  4.6e-140  472.8   0.4   1   1  2.6e-143  5.4e-140  472.6   0.4    80   542    20   514     8   514 0.96 [190263/461/1]
190263/562/1.f:KJGNCK_15395 -            514 GH51.hmm             -            630    5e-140  472.7   1.5   1   1  2.9e-143    6e-140  472.4   1.5    75   542    15   514     6   514 0.96 [190263/562/1]
190263/585/1.f:DLBDDB_15965 -            514 GH51.hmm             -            630  6.8e-140  472.3   2.0   1   1    4e-143  8.3e-140  472.0   2.0    75   542    15   514     7   514 0.96 [190263/585/1]
190263/456/1.f:LKAJBD_09260 -            514 GH51.hmm             -            630    7e-140  472.2   1.2   1   1  4.1e-143  8.5e-140  471.9   1.2    80   542    20   514     9   514 0.96 [190263/456/1]
190263/546/1.f:GEHMID_11180 -            505 GH51.hmm             -            630  2.4e-139  470.4   0.3   1   1  1.3e-142  2.7e-139  470.3   0.3    82   541     3   502     1   505 0.97 [190263/546/1]
190263/429/1.f:OMPHBF_13560 -            499 GH51.hmm             -            630  4.4e-139  469.6   0.1   1   1  2.4e-142  4.9e-139  469.4   0.1    82   542     2   497     1   499 0.97 [190263/429/1]
190263/437/1.f:LBKKEJ_06575 -            532 GH51.hmm             -            630  8.5e-139  468.6   0.1   1   1  5.5e-142  1.1e-138  468.2   0.1    82   542    20   512    11   515 0.96 [190263/437/1]
190263/460/1.f:IHFGKI_03620 -            523 GH51.hmm             -            630  1.2e-138  468.1   3.4   1   1  7.2e-142  1.5e-138  467.8   3.4    87   542    26   523    11   523 0.95 [190263/460/1]
190263/520/1.f:GGDGDE_16910 -            501 GH51.hmm             -            630  1.3e-138  468.1   6.1   1   1  6.9e-142  1.4e-138  467.9   6.1    84   542     2   500     1   501 0.94 [190263/520/1]
190263/531/1.f:KJIPPC_12160 -            504 GH51.hmm             -            630  8.4e-138  465.4   0.2   1   1  4.6e-141  9.3e-138  465.2   0.2    82   542     3   503     1   504 0.96 [190263/531/1]
190263/546/1.f:GEHMID_13745 -            504 GH51.hmm             -            630  1.3e-137  464.8   1.7   1   1  7.5e-141  1.5e-137  464.5   1.7    84   542     2   500     1   503 0.95 [190263/546/1]
190263/423/1.f:PDNKFB_01000 -            506 GH51.hmm             -            630  2.3e-137  463.9   0.5   1   1  1.3e-140  2.6e-137  463.7   0.5    84   542     2   505     1   506 0.94 [190263/423/1]
190263/472/1.f:NMGHJI_01005 -            500 GH51.hmm             -            630  1.8e-136  461.0   2.4   1   1  9.7e-140    2e-136  460.8   2.4    84   541     2   499     1   500 0.92 [190263/472/1]
190263/556/1.f:EMIPPF_11835 -            513 GH51.hmm             -            630  4.6e-135  456.3   4.7   1   1    3e-138  6.1e-135  455.9   4.7    80   541    26   508    19   512 0.94 [190263/556/1]
190263/429/1.f:OMPHBF_00690 -            505 GH51.hmm             -            630  1.9e-134  454.3   0.0   1   1    1e-137  2.1e-134  454.1   0.0    83   542     3   502     1   505 0.97 [190263/429/1]
190263/443/1.f:LNLACP_05680 -            498 GH51.hmm             -            630  4.1e-134  453.2   0.2   1   1  2.4e-137    5e-134  452.9   0.2    88   542     5   497     3   498 0.94 [190263/443/1]
190263/580/1.f:JCPJNN_23085 -            496 GH51.hmm             -            630  6.2e-134  452.6   1.0   1   1  3.4e-137  6.9e-134  452.4   1.0    84   541     2   495     1   496 0.93 [190263/580/1]
190263/409/1.f:AJJCMD_06055 -            508 GH51.hmm             -            630  1.4e-133  451.4   0.0   1   1  8.3e-137  1.7e-133  451.1   0.0    83   545     5   505     2   508 0.95 [190263/409/1]
190263/580/1.f:JCPJNN_19930 -            505 GH51.hmm             -            630  5.6e-132  446.1   0.7   1   1  3.1e-135  6.4e-132  445.9   0.7    88   542     6   502     2   505 0.93 [190263/580/1]
190263/412/1.f:OOIBGL_08960 -            489 GH51.hmm             -            630    1e-131  445.2   1.3   1   1  5.6e-135  1.1e-131  445.1   1.3    85   541     5   488     1   489 0.94 [190263/412/1]
190263/409/1.f:AJJCMD_10610 -            500 GH51.hmm             -            630  1.3e-131  445.0   0.0   1   1  6.8e-135  1.4e-131  444.8   0.0    82   542     2   498     1   500 0.96 [190263/409/1]
190263/472/1.f:NMGHJI_01000 -            505 GH51.hmm             -            630  2.1e-130  440.9   4.6   1   1  1.2e-133  2.5e-130  440.7   4.6    86   545     6   503     2   505 0.96 [190263/472/1]
190263/420/1.f:GMHOLO_02410 -            519 GH51.hmm             -            630  5.6e-127  429.6   0.9   1   1  3.1e-130  6.3e-127  429.4   0.9    82   541     4   517     1   519 0.96 [190263/420/1]
190263/527/1.f:HGADJN_02645 -            519 GH51.hmm             -            630  1.2e-126  428.5   1.1   1   1  6.3e-130  1.3e-126  428.4   1.1    82   541     4   517     1   519 0.96 [190263/527/1]
190263/513/1.f:MKNBNH_05375 -            489 GH51.hmm             -            630  2.6e-125  424.1   2.3   1   1  1.4e-128  2.9e-125  423.9   2.3    83   538     3   485     1   489 0.93 [190263/513/1]
190263/429/1.f:OMPHBF_13565 -            502 GH51.hmm             -            630  2.4e-124  420.9   0.2   1   1  1.3e-127  2.7e-124  420.7   0.2    83   541     2   500     1   502 0.88 [190263/429/1]
190263/400/1.f:EIBLKL_10295 -            491 GH51.hmm             -            630  5.4e-124  419.7   2.4   1   1  2.9e-127  5.9e-124  419.6   2.4    87   539     6   488     1   491 0.93 [190263/400/1]
190263/546/1.f:GEHMID_08945 -            509 GH51.hmm             -            630  1.7e-123  418.1   0.0   1   1    1e-126    2e-123  417.8   0.0    82   542     2   500     1   504 0.95 [190263/546/1]
190263/520/1.f:GGDGDE_20505 -            535 GH51.hmm             -            630  3.9e-118  400.4   0.3   1   1  2.1e-121  4.4e-118  400.2   0.3    82   544     3   533     1   535 0.93 [190263/520/1]
190263/580/1.f:JCPJNN_03630 -            507 GH51.hmm             -            630  6.8e-116  393.0   0.0   1   1  3.7e-119  7.6e-116  392.8   0.0    82   542     2   505     1   507 0.90 [190263/580/1]
190263/420/1.f:GMHOLO_06780 -            518 GH51.hmm             -            630  1.1e-113  385.7   0.2   1   1  7.1e-117  1.5e-113  385.3   0.2    87   542     4   514     2   517 0.92 [190263/420/1]
190263/388/1.f:FDDJJK_05190 -            659 GH51.hmm             -            630  1.2e-113  385.5   0.2   1   1  1.8e-116  3.7e-113  383.9   0.2   105   543   190   655   153   659 0.87 [190263/388/1]
190263/545/1.f:NCJBIN_05640 -            659 GH51.hmm             -            630  5.1e-113  383.5   0.1   1   1  7.4e-116  1.5e-112  381.9   0.1   105   543   190   655   156   659 0.87 [190263/545/1]
190263/391/1.f:NONBJF_05445 -            659 GH51.hmm             -            630  5.2e-113  383.5   0.1   1   1  7.5e-116  1.5e-112  381.9   0.1   105   543   190   655   156   659 0.87 [190263/391/1]
190263/534/1.f:OHCFJE_07290 -            659 GH51.hmm             -            630  5.4e-113  383.4   0.2   1   1  7.8e-116  1.6e-112  381.8   0.1   105   543   190   655   156   659 0.87 [190263/534/1]
190263/527/1.f:HGADJN_07110 -            518 GH51.hmm             -            630  8.7e-113  382.7   0.1   1   1  5.6e-116  1.1e-112  382.3   0.1    87   542     4   514     2   517 0.90 [190263/527/1]
190263/502/1.f:NONHGB_20360 -            660 GH51.hmm             -            630  2.4e-112  381.2   0.0   1   1  6.1e-115  1.3e-111  378.9   0.0   110   539   197   655   145   659 0.85 [190263/502/1]
190263/369/1.f:JCDIFE_18060 -            660 GH51.hmm             -            630  6.9e-112  379.7   1.1   1   1  3.4e-113    7e-110  373.1   2.1    85   538   175   653   156   657 0.83 [190263/369/1]
190263/475/1.f:MCKEEP_15315 -            660 GH51.hmm             -            630  2.6e-111  377.8   0.1   1   1  3.9e-113  7.9e-110  372.9   0.0   110   543   197   659   157   660 0.86 [190263/475/1]
190263/405/1.f:EHKDKA_22065 -            660 GH51.hmm             -            630  2.8e-111  377.7   0.0   1   1  1.5e-113  3.1e-110  374.3   0.0   104   539   195   655   146   659 0.84 [190263/405/1]
190263/526/1.f:GBBCGM_17350 -            794 GH51.hmm             -            630  1.5e-110  375.3   0.0   1   1    2e-106  4.2e-103  350.7   0.0   127   542   363   792   297   794 0.86 [190263/526/1]
190263/573/1.f:LIDFCI_05065 -            706 GH51.hmm             -            630  1.6e-110  375.3   0.0   1   1  1.4e-111    3e-108  367.7   0.0   110   542   243   704   194   706 0.86 [190263/573/1]
190263/429/1.f:OMPHBF_11590 -            499 GH51.hmm             -            630  2.2e-110  374.7   1.2   1   1  1.2e-113  2.5e-110  374.6   1.2    87   541     4   498     1   499 0.91 [190263/429/1]
190263/585/1.f:DLBDDB_15920 -            660 GH51.hmm             -            630  2.3e-110  374.7   0.1   1   1  1.7e-111  3.6e-108  367.5   0.1   108   542   195   658   151   660 0.85 [190263/585/1]
190263/399/1.f:CDLIDF_04485 -            659 GH51.hmm             -            630  3.2e-110  374.2   0.0   1   1  1.4e-111  2.8e-108  367.8   0.0    89   544   177   657   156   659 0.86 [190263/399/1]
190263/580/1.f:JCPJNN_18240 -            498 GH51.hmm             -            630  3.8e-110  374.0   2.1   1   1  2.1e-113  4.2e-110  373.8   2.1    87   541     4   496     1   498 0.92 [190263/580/1]
190263/405/1.f:EHKDKA_00230 -            643 GH51.hmm             -            630  4.3e-110  373.8   0.1   1   1  1.2e-111  2.5e-108  368.0   0.1   106   541   186   642   116   643 0.87 [190263/405/1]
190263/552/1.f:EMALNL_15000 -            660 GH51.hmm             -            630  4.9e-110  373.6   0.1   1   1    3e-111  6.1e-108  366.7   0.1   110   542   197   658   147   660 0.85 [190263/552/1]
190263/456/1.f:LKAJBD_09330 -            659 GH51.hmm             -            630  7.1e-110  373.1   0.0   1   1  4.8e-111  9.9e-108  366.0   0.0   110   539   197   655   152   659 0.86 [190263/456/1]
190263/562/1.f:KJGNCK_15465 -            660 GH51.hmm             -            630  7.2e-110  373.1   0.1   1   1  1.4e-111  2.8e-108  367.8   0.0   110   542   197   658   159   660 0.86 [190263/562/1]
190263/502/1.f:NONHGB_00255 -            643 GH51.hmm             -            630  9.4e-110  372.7   0.1   1   1  1.5e-111  3.2e-108  367.6   0.1   109   541   174   642     3   643 0.81 [190263/502/1]
190263/401/1.f:DMFJNH_16015 -            660 GH51.hmm             -            630    1e-109  372.6   1.4   1   1  9.5e-111  1.9e-107  365.0   1.3   110   542   197   658   152   660 0.85 [190263/401/1]
190263/504/1.f:DOAHDM_15680 -            660 GH51.hmm             -            630  1.1e-109  372.5   1.5   1   1    1e-110  2.1e-107  364.9   1.4   110   542   197   658   156   660 0.85 [190263/504/1]
190263/404/1.f:BGJBIG_10400 -            660 GH51.hmm             -            630  3.9e-109  370.7   2.1   1   1  2.2e-110  4.5e-107  363.8   2.0   109   541   196   657   158   660 0.85 [190263/404/1]
190263/460/1.f:IHFGKI_10835 -            813 GH51.hmm             -            630  4.6e-109  370.4   4.8   1   1  1.9e-111  3.8e-108  367.4   4.6   103   628   192   813   161   813 0.79 [190263/460/1]
190263/429/1.f:OMPHBF_13580 -            495 GH51.hmm             -            630  7.3e-109  369.7   0.2   1   1  4.3e-112  8.7e-109  369.5   0.2    86   540     3   492     1   494 0.89 [190263/429/1]
190263/497/1.f:HENFFC_04130 -            650 GH51.hmm             -            630  1.3e-108  369.0   0.0   1   1  5.1e-111    1e-107  365.9   0.0   107   542   191   649   154   650 0.86 [190263/497/1]
190263/461/1.f:DHPHOK_00485 -            649 GH51.hmm             -            630    5e-108  367.0   0.0   1   1  2.4e-110  4.9e-107  363.7   0.0   109   542   188   643   134   648 0.87 [190263/461/1]
190263/546/1.f:GEHMID_02820 -            510 GH51.hmm             -            630  2.2e-107  364.8   0.0   1   1  1.4e-110  2.9e-107  364.5   0.0    83   541     2   507     1   509 0.92 [190263/546/1]
190263/546/1.f:GEHMID_11185 -            501 GH51.hmm             -            630  4.7e-107  363.8   0.6   1   1  2.7e-110  5.5e-107  363.5   0.6    91   541    13   500     6   501 0.92 [190263/546/1]
190263/580/1.f:JCPJNN_09315 -            779 GH51.hmm             -            630  6.1e-107  363.4   0.0   1   1  4.2e-110  8.5e-107  362.9   0.0   112   628   185   777   151   779 0.79 [190263/580/1]
190263/379/1.f:LOJHAC_12665 -            475 GH51.hmm             -            630  7.6e-107  363.1   0.0   1   1  2.7e-109  5.6e-106  360.2   0.0   106   541    16   473     2   475 0.86 [190263/379/1]
190263/368/1.f:HPMDBE_11240 -            655 GH51.hmm             -            630    9e-107  362.8   0.0   1   1  5.1e-109  1.1e-105  359.3   0.0    86   541   179   653   165   655 0.85 [190263/368/1]
190263/516/1.f:MGNFBC_10115 -            655 GH51.hmm             -            630    9e-107  362.8   0.0   1   1  5.1e-109  1.1e-105  359.3   0.0    86   541   179   653   165   655 0.85 [190263/516/1]
190263/384/1.f:CDKGIA_25090 -            631 GH51.hmm             -            630  3.9e-106  360.8   0.0   1   1  3.7e-108  7.5e-105  356.5   0.0   115   540   178   628   154   630 0.89 [190263/384/1]
190263/369/1.f:JCDIFE_00195 -            642 GH51.hmm             -            630  8.9e-106  359.5   0.0   1   1  2.2e-107  4.4e-104  354.0   0.0   110   541   188   641   156   642 0.86 [190263/369/1]
190263/534/1.f:OHCFJE_09715 -            832 GH51.hmm             -            630  5.1e-105  357.1   0.3   1   1  4.8e-100   9.8e-97  329.7   0.2   103   429   369   717   332   744 0.87 [190263/534/1]
190263/545/1.f:NCJBIN_02875 -            832 GH51.hmm             -            630  5.1e-105  357.1   0.3   1   1  4.8e-100   9.8e-97  329.7   0.2   103   429   369   717   332   744 0.87 [190263/545/1]
190263/391/1.f:NONBJF_02500 -            832 GH51.hmm             -            630  5.2e-105  357.0   0.3   1   1    5e-100     1e-96  329.6   0.2   103   429   369   717   333   743 0.88 [190263/391/1]
190263/388/1.f:FDDJJK_02610 -            832 GH51.hmm             -            630    1e-104  356.0   0.3   1   1     7e-99   1.4e-95  325.8   0.2   104   429   370   717   338   744 0.88 [190263/388/1]
190263/365/1.f:JJMMAK_03235 -            651 GH51.hmm             -            630  2.7e-104  354.7   0.0   1   1  2.1e-106  4.2e-103  350.7   0.0   112   542   197   650   178   651 0.84 [190263/365/1]
190263/562/1.f:KJGNCK_02200 -            821 GH51.hmm             -            630  3.3e-104  354.4   0.0   1   1   4.1e-99   8.5e-96  326.6   0.0    88   429   348   706   332   737 0.86 [190263/562/1]
190263/595/1.f:HGDLEC_10090 -            645 GH51.hmm             -            630  3.5e-104  354.3   1.3   1   1  3.7e-107  7.6e-104  353.2   1.3    81   540   163   644   141   645 0.86 [190263/595/1]
190263/552/1.f:EMALNL_07815 -            821 GH51.hmm             -            630  8.4e-104  353.0   0.0   1   1   1.1e-98   2.2e-95  325.2   0.0    87   429   347   706   331   737 0.86 [190263/552/1]
190263/460/1.f:IHFGKI_11280 -            646 GH51.hmm             -            630  1.1e-103  352.7   0.8   1   1  1.2e-105  2.4e-102  348.2   0.7    99   540   184   645   159   646 0.87 [190263/460/1]
190263/404/1.f:BGJBIG_05305 -            819 GH51.hmm             -            630  3.8e-103  350.9   0.0   1   1  2.2e-100   4.6e-97  330.8   0.0   108   429   370   707   333   737 0.88 [190263/404/1]
190263/573/1.f:LIDFCI_15750 -            821 GH51.hmm             -            630  1.5e-102  348.9   0.0   1   1   5.4e-99   1.1e-95  326.2   0.0    83   430   343   707   331   738 0.86 [190263/573/1]
190263/399/1.f:CDLIDF_03195 -            836 GH51.hmm             -            630  2.2e-102  348.3   0.1   1   1  7.6e-101   1.6e-97  332.3   0.0   112   432   385   728   358   750 0.90 [190263/399/1]
190263/475/1.f:MCKEEP_08570 -            821 GH51.hmm             -            630  3.9e-102  347.5   0.0   1   1   4.7e-99   9.5e-96  326.4   0.0    83   430   343   707   331   738 0.87 [190263/475/1]
190263/504/1.f:DOAHDM_07900 -            825 GH51.hmm             -            630  3.9e-102  347.5   0.0   1   1   2.6e-99   5.3e-96  327.3   0.0   111   429   372   707   337   739 0.88 [190263/504/1]
190263/401/1.f:DMFJNH_07385 -            825 GH51.hmm             -            630    4e-102  347.5   0.0   1   1   2.6e-99   5.3e-96  327.3   0.0   111   429   372   707   337   739 0.88 [190263/401/1]
190263/461/1.f:DHPHOK_00495 -            847 GH51.hmm             -            630    4e-102  347.5   0.2   1   1   2.1e-98   4.4e-95  324.2   0.2   108   426   380   731   345   762 0.87 [190263/461/1]
190263/585/1.f:DLBDDB_01475 -            821 GH51.hmm             -            630  7.2e-102  346.6   0.0   1   1   2.6e-98   5.3e-95  324.0   0.0   110   430   370   707   332   738 0.87 [190263/585/1]
190263/580/1.f:JCPJNN_11930 -            648 GH51.hmm             -            630    1e-101  346.1   0.5   1   1  5.4e-104  1.1e-100  342.7   0.5   112   542   184   646   165   648 0.89 [190263/580/1]
190263/405/1.f:EHKDKA_00235 -            841 GH51.hmm             -            630    2e-101  345.2   0.3   1   1   1.3e-96   2.6e-93  318.3   0.1   104   432   375   726   346   749 0.87 [190263/405/1]
190263/502/1.f:NONHGB_00260 -            841 GH51.hmm             -            630    2e-101  345.2   1.9   1   1   1.3e-96   2.6e-93  318.3   0.2   103   432   374   726   344   749 0.86 [190263/502/1]
190263/369/1.f:JCDIFE_00205 -            846 GH51.hmm             -            630  4.1e-101  344.1   0.1   1   1   5.6e-98   1.2e-94  322.8   0.1   108   428   380   728   345   752 0.89 [190263/369/1]
190263/405/1.f:EHKDKA_06565 -            837 GH51.hmm             -            630  5.1e-100  340.5   0.0   1   1  5.9e-103   1.2e-99  339.3   0.0   112   629   235   836   225   837 0.77 [190263/405/1]
190263/580/1.f:JCPJNN_19900 -            827 GH51.hmm             -            630   2.3e-99  338.3   0.0   1   1  2.5e-102     5e-99  337.2   0.0   116   628   213   818   206   820 0.76 [190263/580/1]
190263/369/1.f:JCDIFE_12800 -            869 GH51.hmm             -            630     7e-99  336.8   0.6   1   1   3.1e-93   6.3e-90  307.2   0.0   104   433   410   756   384   782 0.87 [190263/369/1]
190263/520/1.f:GGDGDE_20475 -           1286 GH51.hmm             -            630     2e-98  335.3   0.4   1   1   8.1e-89   1.7e-85  292.6   0.1   118   439   215   531   206   596 0.86 [190263/520/1]
190263/520/1.f:GGDGDE_20430 -            828 GH51.hmm             -            630   2.1e-98  335.2   0.0   1   1  3.6e-101   7.3e-98  333.4   0.0   116   629   213   824   201   825 0.72 [190263/520/1]
190263/562/1.f:KJGNCK_02440 -           1354 GH51.hmm             -            630   1.1e-97  332.9   1.2   1   2   1.4e-84   2.8e-81  278.6   0.7   112   439   913  1237   876  1258 0.87 [190263/562/1]
190263/562/1.f:KJGNCK_02440 -           1354 GH51.hmm             -            630   1.1e-97  332.9   1.2   2   2   5.1e-16     1e-12   52.1   0.1   526   628  1249  1352  1229  1354 0.86 [190263/562/1]
190263/520/1.f:GGDGDE_11815 -            665 GH51.hmm             -            630   3.6e-95  324.5   0.1   1   1   2.4e-98     5e-95  324.0   0.1   107   542   186   656   174   661 0.87 [190263/520/1]
190263/460/1.f:IHFGKI_07300 -            866 GH51.hmm             -            630     4e-94  321.1   0.2   1   1   4.6e-97   9.4e-94  319.8   0.1    91   487   440   852   413   863 0.87 [190263/460/1]
190263/595/1.f:HGDLEC_07720 -            847 GH51.hmm             -            630   1.2e-93  319.5   0.0   1   1   9.3e-97   1.9e-93  318.8   0.0   112   485   415   803   333   845 0.86 [190263/595/1]
190263/580/1.f:JCPJNN_21395 -            840 GH51.hmm             -            630   3.2e-91  311.4   0.0   1   1   5.3e-94   1.1e-90  309.7   0.0   114   628   212   832   201   834 0.75 [190263/580/1]
190263/516/1.f:MGNFBC_06600 -            829 GH51.hmm             -            630   1.1e-88  303.1   0.0   1   1   1.6e-91   3.2e-88  301.6   0.0   110   627   237   826   209   829 0.74 [190263/516/1]
190263/368/1.f:HPMDBE_07390 -            829 GH51.hmm             -            630     5e-88  300.9   0.0   1   1   6.9e-91   1.4e-87  299.4   0.0   110   627   237   826   210   829 0.74 [190263/368/1]
190263/379/1.f:LOJHAC_01705 -            829 GH51.hmm             -            630   1.1e-87  299.8   0.0   1   1   1.5e-90   3.1e-87  298.3   0.0   110   627   237   826   209   829 0.74 [190263/379/1]
190263/429/1.f:OMPHBF_13925 -            497 GH51.hmm             -            630     2e-86  295.6   0.0   1   1   1.1e-89   2.3e-86  295.5   0.0    84   541     4   495     1   497 0.90 [190263/429/1]
190263/420/1.f:GMHOLO_03410 -            789 GH51.hmm             -            630     9e-85  290.2   0.0   1   1     6e-88   1.2e-84  289.7   0.0    66   566   151   724   123   787 0.72 [190263/420/1]
190263/527/1.f:HGADJN_08550 -            786 GH51.hmm             -            630   1.1e-84  289.9   0.1   1   1   7.6e-88   1.6e-84  289.4   0.1   104   627   185   784   146   786 0.70 [190263/527/1]
190263/497/1.f:HENFFC_06860 -            816 GH51.hmm             -            630     5e-83  284.4   0.0   1   1   9.3e-85   1.9e-81  279.2   0.2   111   628   226   814   198   816 0.73 [190263/497/1]
190263/365/1.f:JJMMAK_05735 -            816 GH51.hmm             -            630   1.3e-82  283.1   0.0   1   1   2.9e-84   5.9e-81  277.6   0.1   109   628   224   814   170   816 0.73 [190263/365/1]
190263/456/1.f:LKAJBD_13870 -           1019 GH51.hmm             -            630   1.6e-81  279.4   7.0   1   1   3.3e-83   6.7e-80  274.1   5.7   114   506   520   941   508   944 0.83 [190263/456/1]
190263/545/1.f:NCJBIN_00665 -            794 GH51.hmm             -            630     1e-72  250.3   0.0   1   1   2.4e-75   4.9e-72  248.1   0.0   116   543   363   793   335   794 0.83 [190263/545/1]
190263/401/1.f:DMFJNH_04495 -            681 GH51.hmm             -            630     6e-72  247.8   1.6   1   1     2e-74     4e-71  245.1   0.7   112   541   240   680   214   681 0.80 [190263/401/1]
190263/504/1.f:DOAHDM_04995 -            709 GH51.hmm             -            630   6.2e-72  247.8   1.4   1   1     2e-74     4e-71  245.1   0.7   111   541   267   708   235   709 0.80 [190263/504/1]
190263/562/1.f:KJGNCK_05440 -            685 GH51.hmm             -            630   2.1e-71  246.0   1.0   1   1   1.3e-73   2.7e-70  242.4   1.0    94   541   231   684   208   685 0.78 [190263/562/1]
190263/552/1.f:EMALNL_04885 -            684 GH51.hmm             -            630     3e-71  245.5   0.6   1   1   8.1e-74   1.7e-70  243.0   0.6    91   539   228   682   212   684 0.78 [190263/552/1]
190263/475/1.f:MCKEEP_04840 -            684 GH51.hmm             -            630   3.2e-71  245.4   0.5   1   1   8.7e-74   1.8e-70  242.9   0.5    92   539   229   682   212   684 0.78 [190263/475/1]
190263/573/1.f:LIDFCI_18775 -            685 GH51.hmm             -            630   5.7e-71  244.6   1.1   1   1     4e-73   8.1e-70  240.8   1.1    94   541   231   684   208   685 0.78 [190263/573/1]
190263/488/1.f:DNPFAC_05570 -            799 GH51.hmm             -            630   2.2e-61  212.9   1.9   1   1   4.8e-53   9.8e-50  174.4   6.4   116   423   379   696   368   716 0.79 [190263/488/1]
190263/417/1.f:MHBJAE_05030 -            799 GH51.hmm             -            630   2.4e-61  212.8   2.4   1   1   2.4e-63   4.9e-60  208.5   3.0   113   542   376   798   361   799 0.82 [190263/417/1]
190263/556/1.f:EMIPPF_11830 -            811 GH51.hmm             -            630   1.3e-52  183.9   0.0   1   1   2.6e-55   5.4e-52  181.9   0.0   130   541   402   809   376   811 0.80 [190263/556/1]
190263/417/1.f:MHBJAE_18140 -           1253 GH51.hmm             -            630   2.3e-46  163.3   1.0   1   1   3.4e-48     7e-45  158.4   1.0   131   551   246   667   230   678 0.72 [190263/417/1]
190263/557/1.f:DOLMEB_00395 -           1191 GH51.hmm             -            630   9.9e-42  148.0  17.6   1   1     8e-36   1.6e-32  117.5   3.8   124   270   360   522   306   555 0.87 [190263/557/1]
190263/580/1.f:JCPJNN_07830 -            631 GH51.hmm             -            630   8.6e-41  144.9   0.1   1   1   5.2e-44   1.1e-40  144.6   0.1   128   315   217   403   187   564 0.84 [190263/580/1]
190263/502/1.f:NONHGB_14135 -            781 GH51.hmm             -            630   1.8e-40  143.8   2.8   1   1   1.1e-42   2.2e-39  140.2   2.2   123   542   308   780   282   781 0.77 [190263/502/1]
190263/541/1.f:IDEEIE_07920 -           1206 GH51.hmm             -            630   8.8e-35  125.0  31.0   1   1     1e-31   2.1e-28  103.9   5.5   124   268   344   506   341   609 0.81 [190263/541/1]
190263/512/1.f:JBCLGH_02705 -           1428 GH51.hmm             -            630   1.2e-32  117.9  17.3   1   1   1.2e-31   2.5e-28  103.7   2.3    54   263   286   510   279   568 0.77 [190263/512/1]
190263/405/1.f:EHKDKA_09700 -            480 GH51.hmm             -            630     6e-30  109.1   3.4   1   1   8.4e-33   1.7e-29  107.5   2.4   136   369    64   325    57   328 0.75 [190263/405/1]
190263/434/1.f:NCAOKI_05705 -           1070 GH51.hmm             -            630   3.5e-29  106.5  16.1   1   1   9.3e-27   1.9e-23   87.6   0.5   125   261   367   525   336   540 0.82 [190263/434/1]
190263/546/1.f:GEHMID_18980 -            483 GH51.hmm             -            630   2.2e-14   57.7   0.3   1   1   1.6e-17   3.3e-14   57.1   0.3   240   488   192   444   189   460 0.72 [190263/546/1]
190263/405/1.f:EHKDKA_04535 -            426 GH51.hmm             -            630   1.5e-13   54.9   0.0   1   1   3.4e-16   6.9e-13   52.7   0.0   320   629    58   422    20   423 0.67 [190263/405/1]
190263/526/1.f:GBBCGM_09410 -            119 GH51.hmm             -            630     2e-13   54.5   0.2   1   1   8.2e-16   1.7e-12   51.4   0.2   374   476     1   108     1   113 0.68 [190263/526/1]
#
# Program:         hmmsearch
# Version:         3.3.2 (Nov 2020)
# Pipeline mode:   SEARCH
# Query file:      /kb/module/work/tmp/output.1725388484971/GH51/GH51.hmm
# Target file:     /kb/module/work/tmp/output.1725388484971/hCom2_RAST.fasta
# Option settings: /kb/module/hmmer/bin/hmmsearch --domtblout /kb/module/work/tmp/output.1725388484971/GH51/GH51-hCom2_RAST.hitout.txt --noali --notextw --domE 1e-15 /kb/module/work/tmp/output.1725388484971/GH51/GH51.hmm /kb/module/work/tmp/output.1725388484971/hCom2_RAST.fasta 
# Current dir:     /kb/module/work/tmp/output.1725388484971
# Date:            Tue Sep  3 18:53:36 2024
# [ok]
