#                                                                                   --- full sequence --- -------------- this domain -------------   hmm coord   ali coord   env coord
# target name               accession   tlen query name           accession   qlen   E-value  score  bias   #  of  c-Evalue  i-Evalue  score  bias  from    to  from    to  from    to  acc description of target
#       ------------------- ---------- ----- -------------------- ---------- ----- --------- ------ ----- --- --- --------- --------- ------ ----- ----- ----- ----- ----- ----- ----- ---- ---------------------
190263/556/1.f:EMIPPF_08090 -            404 GH57.hmm             -            383   2.5e-70  242.0   0.5   1   1   1.6e-73   3.9e-70  241.4   0.5     2   316     6   329     5   343 0.93 [190263/556/1]
190263/446/1.f:LHJMMB_06125 -            404 GH57.hmm             -            383   9.1e-70  240.1   0.4   1   1   5.6e-73   1.4e-69  239.5   0.4     2   316     6   329     5   343 0.93 [190263/446/1]
190263/421/1.f:PBKEAC_08815 -            405 GH57.hmm             -            383     1e-68  236.7   0.4   1   1   6.1e-72   1.5e-68  236.1   0.4     2   316     6   329     5   343 0.93 [190263/421/1]
190263/366/1.f:DBJPFP_07995 -            405 GH57.hmm             -            383   3.2e-68  235.0   0.3   1   1     2e-71     5e-68  234.4   0.3     2   312     6   325     5   342 0.92 [190263/366/1]
190263/540/1.f:BCGFLB_09030 -            404 GH57.hmm             -            383   8.6e-66  227.1   0.2   1   1   5.1e-69   1.3e-65  226.5   0.2     2   311     6   323     5   343 0.92 [190263/540/1]
190263/415/1.f:OLCEDN_06090 -            403 GH57.hmm             -            383   9.2e-66  227.0   0.2   1   1   4.6e-69   1.1e-65  226.6   0.2     2   304     6   318     5   339 0.91 [190263/415/1]
190263/473/1.f:MLHPCA_05940 -            409 GH57.hmm             -            383   8.4e-65  223.8   0.1   1   1   4.3e-68   1.1e-64  223.4   0.1     2   310     6   322     5   333 0.91 [190263/473/1]
190263/526/1.f:GBBCGM_01475 -            443 GH57.hmm             -            383   3.2e-63  218.6   0.9   1   1   7.6e-66   1.9e-62  216.1   0.1     2   314     8   326     7   339 0.91 [190263/526/1]
190263/523/1.f:MDNHKG_00330 -            421 GH57.hmm             -            383   1.2e-62  216.7   0.1   1   1   6.3e-66   1.6e-62  216.3   0.1     2   310     6   322     5   345 0.91 [190263/523/1]
190263/564/1.f:KIHMBJ_09695 -            406 GH57.hmm             -            383   1.8e-62  216.2   0.6   1   1   1.1e-65   2.8e-62  215.5   0.5     2   310     6   322     5   341 0.93 [190263/564/1]
190263/364/1.f:DKBBKL_13550 -            446 GH57.hmm             -            383   8.1e-59  204.1   0.8   1   1   4.7e-62   1.2e-58  203.6   0.8     2   310     7   323     6   333 0.93 [190263/364/1]
190263/368/1.f:HPMDBE_01090 -            430 GH57.hmm             -            383     2e-56  196.2   0.1   1   1   1.1e-59   2.7e-56  195.8   0.1     2   307     6   320     5   339 0.92 [190263/368/1]
190263/379/1.f:LOJHAC_07470 -            430 GH57.hmm             -            383     2e-56  196.2   0.1   1   1   1.1e-59   2.7e-56  195.8   0.1     2   307     6   320     5   339 0.92 [190263/379/1]
190263/516/1.f:MGNFBC_01100 -            430 GH57.hmm             -            383     2e-56  196.2   0.1   1   1   1.1e-59   2.7e-56  195.8   0.1     2   307     6   320     5   339 0.92 [190263/516/1]
190263/401/1.f:DMFJNH_10955 -            460 GH57.hmm             -            383   4.4e-51  178.6   0.0   1   1   2.9e-54   7.1e-51  178.0   0.0    12   314    20   327     6   338 0.87 [190263/401/1]
190263/504/1.f:DOAHDM_11290 -            460 GH57.hmm             -            383   4.4e-51  178.6   0.0   1   1   2.9e-54   7.1e-51  178.0   0.0    12   314    20   327     6   338 0.87 [190263/504/1]
190263/562/1.f:KJGNCK_11685 -            484 GH57.hmm             -            383   1.7e-50  176.7   0.0   1   1   1.2e-53   3.1e-50  175.9   0.0    12   313    20   326     6   338 0.88 [190263/562/1]
190263/365/1.f:JJMMAK_08710 -            435 GH57.hmm             -            383   1.9e-50  176.6   0.0   1   1   1.2e-53   2.9e-50  175.9   0.0    12   310    20   323     6   337 0.88 [190263/365/1]
190263/475/1.f:MCKEEP_10875 -            482 GH57.hmm             -            383   2.9e-50  175.9   0.0   1   1   2.1e-53   5.2e-50  175.1   0.0    12   313    20   326     6   338 0.88 [190263/475/1]
190263/573/1.f:LIDFCI_01290 -            484 GH57.hmm             -            383   2.9e-50  175.9   0.0   1   1   2.1e-53   5.3e-50  175.1   0.0    12   313    20   326     6   338 0.88 [190263/573/1]
190263/552/1.f:EMALNL_11635 -            484 GH57.hmm             -            383   3.2e-50  175.8   0.0   1   1   2.4e-53   5.9e-50  174.9   0.0    12   313    20   326     6   338 0.88 [190263/552/1]
190263/404/1.f:BGJBIG_07800 -            483 GH57.hmm             -            383   3.5e-50  175.7   0.0   1   1   2.9e-53   7.2e-50  174.7   0.0    12   321    20   334     6   340 0.88 [190263/404/1]
190263/585/1.f:DLBDDB_08965 -            469 GH57.hmm             -            383   5.3e-50  175.1   0.0   1   1   3.6e-53   9.1e-50  174.3   0.0    12   320    20   333     6   339 0.88 [190263/585/1]
190263/417/1.f:MHBJAE_07875 -            462 GH57.hmm             -            383   5.7e-50  175.0   0.0   1   1   3.4e-53   8.5e-50  174.4   0.0    12   313    20   326     6   338 0.88 [190263/417/1]
190263/583/1.f:BCCKNC_11090 -            458 GH57.hmm             -            383   9.2e-50  174.3   0.0   1   1   5.3e-53   1.3e-49  173.8   0.0    12   313    20   326     6   338 0.87 [190263/583/1]
190263/405/1.f:EHKDKA_12515 -            473 GH57.hmm             -            383   9.3e-50  174.3   0.0   1   1   5.2e-53   1.3e-49  173.8   0.0    12   319    27   332     6   339 0.88 [190263/405/1]
190263/461/1.f:DHPHOK_08925 -            471 GH57.hmm             -            383   9.3e-50  174.3   0.0   1   1   5.2e-53   1.3e-49  173.8   0.0    12   313    20   326     6   338 0.88 [190263/461/1]
190263/502/1.f:NONHGB_10845 -            466 GH57.hmm             -            383   1.2e-49  173.9   0.0   1   1   6.9e-53   1.7e-49  173.4   0.0    12   322    27   335     6   340 0.89 [190263/502/1]
190263/497/1.f:HENFFC_02530 -            435 GH57.hmm             -            383   3.3e-49  172.5   0.0   1   1   1.9e-52   4.8e-49  171.9   0.0    12   310    20   323     6   337 0.88 [190263/497/1]
190263/456/1.f:LKAJBD_08040 -            476 GH57.hmm             -            383   6.4e-49  171.5   0.0   1   1   3.9e-52   9.6e-49  170.9   0.0    12   318    27   332     6   338 0.88 [190263/456/1]
190263/369/1.f:JCDIFE_09715 -            471 GH57.hmm             -            383   8.4e-49  171.1   0.0   1   1   4.7e-52   1.2e-48  170.6   0.0    12   313    27   326     6   338 0.87 [190263/369/1]
190263/488/1.f:DNPFAC_09035 -            462 GH57.hmm             -            383   1.9e-48  170.0   0.0   1   1   1.1e-51   2.8e-48  169.4   0.0    12   314    20   327     6   338 0.88 [190263/488/1]
190263/466/1.f:PGJOII_06965 -            466 GH57.hmm             -            383     2e-48  169.9   0.0   1   1   1.2e-51   2.9e-48  169.4   0.0    12   318    27   332     6   338 0.88 [190263/466/1]
190263/399/1.f:CDLIDF_10190 -            458 GH57.hmm             -            383   8.8e-48  167.8   0.0   1   1   4.9e-51   1.2e-47  167.3   0.0    12   313    20   326     6   338 0.87 [190263/399/1]
190263/388/1.f:FDDJJK_14315 -            470 GH57.hmm             -            383   2.4e-47  166.4   0.0   1   1   1.5e-50   3.8e-47  165.7   0.0    12   313    20   326     6   338 0.87 [190263/388/1]
190263/391/1.f:NONBJF_15635 -            470 GH57.hmm             -            383   2.5e-47  166.3   0.0   1   1   1.6e-50   4.1e-47  165.6   0.0    12   313    20   326     6   338 0.87 [190263/391/1]
190263/534/1.f:OHCFJE_15535 -            470 GH57.hmm             -            383   2.5e-47  166.3   0.0   1   1   1.6e-50   4.1e-47  165.6   0.0    12   313    20   326     6   338 0.87 [190263/534/1]
190263/545/1.f:NCJBIN_16155 -            470 GH57.hmm             -            383   2.5e-47  166.3   0.0   1   1   1.6e-50   4.1e-47  165.6   0.0    12   313    20   326     6   338 0.87 [190263/545/1]
190263/437/1.f:LBKKEJ_11870 -            465 GH57.hmm             -            383   3.4e-47  165.9   0.1   1   1   1.9e-50   4.8e-47  165.4   0.1    12   314    20   327     6   342 0.87 [190263/437/1]
190263/460/1.f:IHFGKI_01820 -            477 GH57.hmm             -            383     9e-46  161.2   0.0   1   1   4.9e-49   1.2e-45  160.7   0.0    12   311    20   324     6   337 0.86 [190263/460/1]
190263/522/1.f:NPJBCH_04200 -            470 GH57.hmm             -            383   1.1e-44  157.6   0.1   1   1   5.8e-48   1.4e-44  157.2   0.1    12   311    28   324     7   337 0.87 [190263/522/1]
190263/595/1.f:HGDLEC_00330 -            481 GH57.hmm             -            383   3.4e-43  152.7   0.0   1   1   1.9e-46   4.8e-43  152.2   0.0    12   311    20   324     6   337 0.86 [190263/595/1]
190263/506/1.f:IKGMED_09635 -            395 GH57.hmm             -            383   1.4e-42  150.7   0.1   1   1   6.9e-46   1.7e-42  150.4   0.1     2   310     6   318     5   335 0.88 [190263/506/1]
190263/409/1.f:AJJCMD_21850 -            461 GH57.hmm             -            383   8.2e-21   79.0   0.1   1   1   5.9e-24   1.5e-20   78.2   0.1     5   300    10   343     6   351 0.69 [190263/409/1]
#
# Program:         hmmsearch
# Version:         3.3.2 (Nov 2020)
# Pipeline mode:   SEARCH
# Query file:      /kb/module/work/tmp/output.1725388484971/GH57/GH57.hmm
# Target file:     /kb/module/work/tmp/output.1725388484971/hCom2_RAST.fasta
# Option settings: /kb/module/hmmer/bin/hmmsearch --domtblout /kb/module/work/tmp/output.1725388484971/GH57/GH57-hCom2_RAST.hitout.txt --noali --notextw --domE 1e-15 /kb/module/work/tmp/output.1725388484971/GH57/GH57.hmm /kb/module/work/tmp/output.1725388484971/hCom2_RAST.fasta 
# Current dir:     /kb/module/work/tmp/output.1725388484971
# Date:            Tue Sep  3 18:53:46 2024
# [ok]
