#                                                                                   --- full sequence --- -------------- this domain -------------   hmm coord   ali coord   env coord
# target name               accession   tlen query name           accession   qlen   E-value  score  bias   #  of  c-Evalue  i-Evalue  score  bias  from    to  from    to  from    to  acc description of target
#       ------------------- ---------- ----- -------------------- ---------- ----- --------- ------ ----- --- --- --------- --------- ------ ----- ----- ----- ----- ----- ----- ----- ---- ---------------------
190263/409/1.f:AJJCMD_27945 -            489 GH5_22.hmm           -            286  1.4e-101  344.3   4.2   1   1  1.1e-104  1.8e-101  344.0   4.2     1   285    47   359    47   360 0.99 [190263/409/1]
190263/580/1.f:JCPJNN_03075 -            446 GH5_22.hmm           -            286   3.7e-88  300.3   0.0   1   1   2.8e-91   4.6e-88  300.0   0.0     1   285    46   329    46   330 0.93 [190263/580/1]
190263/409/1.f:AJJCMD_29030 -            452 GH5_22.hmm           -            286   1.9e-87  297.9   0.0   1   1   1.5e-90   2.5e-87  297.5   0.0     1   285    46   329    46   330 0.95 [190263/409/1]
190263/437/1.f:LBKKEJ_07885 -            416 GH5_22.hmm           -            286   7.3e-53  184.5   2.8   1   1   8.6e-54   1.4e-50  177.0   2.8     4   284    82   342    79   344 0.85 [190263/437/1]
190263/366/1.f:DBJPFP_06635 -            414 GH5_22.hmm           -            286   3.9e-51  178.8   0.9   1   1   3.8e-52   6.1e-49  171.6   0.9     4   247    80   313    77   342 0.84 [190263/366/1]
190263/405/1.f:EHKDKA_04435 -            415 GH5_22.hmm           -            286     5e-51  178.4   1.2   1   1   2.1e-52   3.4e-49  172.4   0.1     5   199    84   287    80   297 0.92 [190263/405/1]
190263/369/1.f:JCDIFE_05075 -            416 GH5_22.hmm           -            286   8.6e-51  177.7   1.5   1   1   2.4e-52   3.8e-49  172.2   1.5     5   201    85   290    81   346 0.86 [190263/369/1]
190263/580/1.f:JCPJNN_16395 -            537 GH5_22.hmm           -            286   3.7e-50  175.6   0.0   1   1   1.7e-52   2.8e-49  172.7   0.0     3   205    60   273    58   304 0.93 [190263/580/1]
190263/461/1.f:DHPHOK_05495 -            416 GH5_22.hmm           -            286   5.1e-50  175.1   1.5   1   1   9.6e-52   1.6e-48  170.3   1.5     5   200    85   289    81   346 0.88 [190263/461/1]
190263/502/1.f:NONHGB_04090 -            415 GH5_22.hmm           -            286   1.8e-49  173.3   1.0   1   1     4e-51   6.6e-48  168.2   1.0     5   200    84   288    80   345 0.89 [190263/502/1]
190263/439/1.f:KGLJGB_01145 -           1137 GH5_22.hmm           -            286   6.4e-43  151.8   8.2   1   1   8.5e-46   1.4e-42  150.7   8.2     3   284    92   355    90   356 0.87 [190263/439/1]
190263/439/1.f:KGLJGB_09080 -           1182 GH5_22.hmm           -            286   3.1e-38  136.5  11.0   1   1   4.2e-41   6.8e-38  135.3  11.0     3   284    98   369    96   370 0.80 [190263/439/1]
190263/396/1.f:KAAOMA_18305 -            316 GH5_22.hmm           -            286   1.2e-35  128.0   2.8   1   1     9e-39   1.5e-35  127.7   2.8    20   285    26   295    15   296 0.84 [190263/396/1]
190263/400/1.f:EIBLKL_02485 -            341 GH5_22.hmm           -            286   7.5e-34  122.1   0.4   1   1   2.7e-36   4.3e-33  119.6   0.4    15   285    23   320    18   321 0.88 [190263/400/1]
190263/365/1.f:JJMMAK_12145 -            364 GH5_22.hmm           -            286     2e-33  120.7   5.5   1   1   2.1e-36   3.4e-33  119.9   5.5    23   284    51   339    46   340 0.85 [190263/365/1]
190263/513/1.f:MKNBNH_11750 -            343 GH5_22.hmm           -            286   2.8e-31  113.6   1.6   1   1   3.6e-34   5.9e-31  112.6   1.6    21   285    27   322    21   323 0.91 [190263/513/1]
190263/412/1.f:OOIBGL_13675 -            341 GH5_22.hmm           -            286   5.4e-31  112.7   0.4   1   1   2.2e-33   3.6e-30  110.0   0.4    20   285    26   320    15   321 0.87 [190263/412/1]
190263/532/1.f:BGDBBA_12620 -            343 GH5_22.hmm           -            286   1.6e-28  104.6   0.6   1   1   2.4e-31   3.8e-28  103.3   0.6    19   285    25   322    18   323 0.87 [190263/532/1]
190263/583/1.f:BCCKNC_08740 -            522 GH5_22.hmm           -            286   1.9e-28  104.3   0.7   1   1   1.4e-20   2.2e-17   68.0   0.6   112   284   186   424   171   426 0.84 [190263/583/1]
190263/580/1.f:JCPJNN_02145 -            357 GH5_22.hmm           -            286   3.6e-27  100.2   0.7   1   1   6.1e-30   9.9e-27   98.7   0.7    17   284    31   330    19   332 0.84 [190263/580/1]
190263/562/1.f:KJGNCK_05735 -            544 GH5_22.hmm           -            286   4.1e-27  100.0   1.1   1   1   3.7e-22   5.9e-19   73.2   0.5    99   284   301   521   290   522 0.90 [190263/562/1]
190263/562/1.f:KJGNCK_21975 -            508 GH5_22.hmm           -            286   4.4e-27   99.9   0.8   1   1   4.6e-30   7.4e-27   99.1   0.8    20   286    60   352    42   352 0.89 [190263/562/1]
190263/585/1.f:DLBDDB_04795 -            544 GH5_22.hmm           -            286   6.6e-27   99.3   0.9   1   1   6.3e-22     1e-18   72.4   0.4    99   284   301   521   290   522 0.90 [190263/585/1]
190263/552/1.f:EMALNL_04190 -            361 GH5_22.hmm           -            286   1.9e-26   97.8   0.6   1   1   1.7e-29   2.7e-26   97.3   0.6    24   282    63   325    47   326 0.86 [190263/552/1]
190263/475/1.f:MCKEEP_04325 -            361 GH5_22.hmm           -            286   2.3e-26   97.5   0.5   1   1     2e-29   3.2e-26   97.0   0.5    24   281    63   324    47   326 0.86 [190263/475/1]
190263/573/1.f:LIDFCI_19295 -            361 GH5_22.hmm           -            286   2.3e-26   97.5   0.5   1   1     2e-29   3.2e-26   97.0   0.5    24   281    63   324    47   326 0.86 [190263/573/1]
190263/562/1.f:KJGNCK_06265 -            361 GH5_22.hmm           -            286   4.3e-26   96.6   0.5   1   1   3.7e-29   6.1e-26   96.1   0.5    24   281    63   324    47   326 0.86 [190263/562/1]
190263/595/1.f:HGDLEC_08030 -            392 GH5_22.hmm           -            286   1.5e-25   94.8   0.3   1   1   2.1e-28   3.4e-25   93.7   0.3    22   284    70   368    67   369 0.88 [190263/595/1]
190263/446/1.f:LHJMMB_05365 -            577 GH5_22.hmm           -            286   1.9e-25   94.5   0.3   1   1     2e-28   3.2e-25   93.7   0.3    31   282   251   529   238   532 0.81 [190263/446/1]
190263/421/1.f:PBKEAC_12465 -            577 GH5_22.hmm           -            286   1.9e-25   94.5   0.3   1   1     2e-28   3.2e-25   93.7   0.3    31   282   251   529   238   532 0.81 [190263/421/1]
190263/366/1.f:DBJPFP_05165 -            577 GH5_22.hmm           -            286   2.4e-25   94.2   0.1   1   1   2.6e-28   4.2e-25   93.4   0.1    24   282   244   529   235   532 0.82 [190263/366/1]
190263/562/1.f:KJGNCK_21985 -            607 GH5_22.hmm           -            286   7.3e-25   92.6   3.0   1   1   7.2e-28   1.2e-24   91.9   3.0    23   284   162   449   158   451 0.88 [190263/562/1]
190263/565/1.f:PAEINE_02490 -            353 GH5_22.hmm           -            286   6.3e-22   83.0   0.0   1   1   4.8e-25   7.8e-22   82.6   0.0     3   271    34   318    32   331 0.80 [190263/565/1]
190263/455/1.f:GDGJDA_02900 -            388 GH5_22.hmm           -            286   5.4e-21   79.9   0.1   1   1   5.2e-24   8.4e-21   79.3   0.1     7   249    37   297    32   357 0.85 [190263/455/1]
190263/573/1.f:LIDFCI_19275 -            346 GH5_22.hmm           -            286   6.6e-21   79.6   2.8   1   1   1.2e-23   1.9e-20   78.1   2.8    24   281    57   310    51   312 0.80 [190263/573/1]
190263/552/1.f:EMALNL_04200 -            346 GH5_22.hmm           -            286   6.6e-21   79.6   2.8   1   1   1.2e-23   1.9e-20   78.1   2.8    24   281    57   310    51   312 0.80 [190263/552/1]
190263/434/1.f:NCAOKI_04590 -            354 GH5_22.hmm           -            286   7.2e-21   79.5   0.0   1   1   5.7e-24   9.3e-21   79.1   0.0     3   248    35   290    34   332 0.79 [190263/434/1]
190263/546/1.f:GEHMID_14985 -            382 GH5_22.hmm           -            286   8.8e-21   79.2   0.2   1   1   8.9e-24   1.4e-20   78.5   0.2     4   284    34   343    32   347 0.82 [190263/546/1]
190263/396/1.f:KAAOMA_14180 -            947 GH5_22.hmm           -            286   3.2e-20   77.3   2.8   1   1   3.8e-19   6.1e-16   63.3   1.3    33   281    88   342    80   345 0.82 [190263/396/1]
190263/461/1.f:DHPHOK_03780 -            470 GH5_22.hmm           -            286   3.6e-20   77.2   0.6   1   1   3.7e-23     6e-20   76.4   0.6    25   284   182   446   178   448 0.83 [190263/461/1]
190263/475/1.f:MCKEEP_04335 -            346 GH5_22.hmm           -            286     5e-20   76.7   2.4   1   1   2.1e-22   3.3e-19   74.0   2.4    24   281    57   310    51   312 0.79 [190263/475/1]
190263/562/1.f:KJGNCK_06255 -            346 GH5_22.hmm           -            286   1.8e-19   74.9   2.2   1   1     5e-22   8.1e-19   72.7   2.2    24   281    57   310    51   312 0.80 [190263/562/1]
190263/541/1.f:IDEEIE_12870 -            391 GH5_22.hmm           -            286   2.7e-19   74.3   0.1   1   1   2.3e-22   3.8e-19   73.8   0.1     7   251    37   299    32   358 0.82 [190263/541/1]
190263/420/1.f:GMHOLO_06765 -            399 GH5_22.hmm           -            286     6e-19   73.2   0.0   1   1   4.9e-22     8e-19   72.8   0.0    19   206    59   266    42   348 0.83 [190263/420/1]
190263/527/1.f:HGADJN_07095 -            399 GH5_22.hmm           -            286     6e-19   73.2   0.0   1   1   4.9e-22     8e-19   72.8   0.0    19   206    59   266    42   348 0.83 [190263/527/1]
190263/474/1.f:AMDJJA_07615 -            422 GH5_22.hmm           -            286   1.5e-18   71.9   0.0   1   1   1.3e-21   2.1e-18   71.4   0.0    13   250    52   311    43   347 0.79 [190263/474/1]
190263/433/1.f:ADFNDI_03700 -            388 GH5_22.hmm           -            286   3.7e-17   67.3   0.0   1   1   3.5e-20   5.6e-17   66.7   0.0    11   251    41   299    33   358 0.80 [190263/433/1]
190263/405/1.f:EHKDKA_08245 -            598 GH5_22.hmm           -            286   1.1e-16   65.7   0.7   1   1     1e-19   1.7e-16   65.1   0.7    33   279   267   541   257   545 0.86 [190263/405/1]
190263/420/1.f:GMHOLO_06775 -            402 GH5_22.hmm           -            286   7.3e-16   63.0   0.0   1   1   1.2e-18   1.9e-15   61.7   0.0    20   247    53   309    37   370 0.82 [190263/420/1]
190263/527/1.f:HGADJN_07105 -            402 GH5_22.hmm           -            286   7.3e-16   63.0   0.0   1   1   1.2e-18   1.9e-15   61.7   0.0    20   247    53   309    37   370 0.82 [190263/527/1]
190263/412/1.f:OOIBGL_00395 -            410 GH5_22.hmm           -            286   1.5e-15   62.0   0.0   1   1   8.4e-18   1.4e-14   58.9   0.0    34   281   119   367   109   370 0.85 [190263/412/1]
190263/437/1.f:LBKKEJ_18145 -            567 GH5_22.hmm           -            286   2.3e-15   61.4   5.0   1   1   2.8e-18   4.6e-15   60.4   2.5    33   256   259   508   253   522 0.81 [190263/437/1]
190263/552/1.f:EMALNL_04295 -            502 GH5_22.hmm           -            286   1.1e-14   59.2   1.0   1   1   1.6e-17   2.6e-14   58.0   1.0    33   266   198   457   192   473 0.71 [190263/552/1]
190263/396/1.f:KAAOMA_12410 -            691 GH5_22.hmm           -            286   4.8e-14   57.1   0.1   1   1   6.7e-17   1.1e-13   55.9   0.1    27   261   402   639   399   657 0.82 [190263/396/1]
190263/562/1.f:KJGNCK_06155 -            502 GH5_22.hmm           -            286   6.1e-14   56.7   0.9   1   1   8.7e-17   1.4e-13   55.5   0.9    33   266   198   457   191   473 0.71 [190263/562/1]
190263/400/1.f:EIBLKL_07610 -            498 GH5_22.hmm           -            286   1.1e-13   55.9   2.0   1   1   1.1e-16   1.8e-13   55.2   2.0    31   248   204   433   194   462 0.81 [190263/400/1]
190263/369/1.f:JCDIFE_09285 -            517 GH5_22.hmm           -            286   2.4e-13   54.8   2.0   1   1   2.6e-16   4.2e-13   54.0   2.0    33   273   178   454   169   463 0.80 [190263/369/1]
190263/396/1.f:KAAOMA_18900 -            681 GH5_22.hmm           -            286     3e-13   54.4   4.9   1   1   3.4e-16   5.6e-13   53.6   4.9    32   257   120   365   113   387 0.76 [190263/396/1]
190263/460/1.f:IHFGKI_02315 -            444 GH5_22.hmm           -            286   5.8e-13   53.5   6.4   1   1     5e-16     8e-13   53.1   6.4     7   267   123   397   118   423 0.70 [190263/460/1]
#
# Program:         hmmsearch
# Version:         3.3.2 (Nov 2020)
# Pipeline mode:   SEARCH
# Query file:      /kb/module/work/tmp/output.1725388484971/GH5_22/GH5_22.hmm
# Target file:     /kb/module/work/tmp/output.1725388484971/hCom2_RAST.fasta
# Option settings: /kb/module/hmmer/bin/hmmsearch --domtblout /kb/module/work/tmp/output.1725388484971/GH5_22/GH5_22-hCom2_RAST.hitout.txt --noali --notextw --domE 1e-15 /kb/module/work/tmp/output.1725388484971/GH5_22/GH5_22.hmm /kb/module/work/tmp/output.1725388484971/hCom2_RAST.fasta 
# Current dir:     /kb/module/work/tmp/output.1725388484971
# Date:            Tue Sep  3 18:46:43 2024
# [ok]
