#                                                                                   --- full sequence --- -------------- this domain -------------   hmm coord   ali coord   env coord
# target name               accession   tlen query name           accession   qlen   E-value  score  bias   #  of  c-Evalue  i-Evalue  score  bias  from    to  from    to  from    to  acc description of target
#       ------------------- ---------- ----- -------------------- ---------- ----- --------- ------ ----- --- --- --------- --------- ------ ----- ----- ----- ----- ----- ----- ----- ---- ---------------------
190263/439/1.f:KGLJGB_01145 -           1137 GH5_54.hmm           -            263    6e-114  384.4  12.8   1   1  2.6e-117    6e-114  384.4  12.8     1   263    92   355    92   355 0.98 [190263/439/1]
190263/439/1.f:KGLJGB_09080 -           1182 GH5_54.hmm           -            263   2.9e-98  333.0  16.5   1   1  1.2e-101   2.9e-98  333.0  16.5     2   263    99   369    98   369 0.95 [190263/439/1]
190263/580/1.f:JCPJNN_03075 -            446 GH5_54.hmm           -            263   1.6e-42  150.3   0.0   1   1   9.5e-46   2.2e-42  149.8   0.0     3   263    50   328    48   328 0.89 [190263/580/1]
190263/409/1.f:AJJCMD_29030 -            452 GH5_54.hmm           -            263   1.7e-40  143.7   0.0   1   1   1.1e-43   2.5e-40  143.1   0.0     2   263    49   328    48   328 0.88 [190263/409/1]
190263/405/1.f:EHKDKA_04435 -            415 GH5_54.hmm           -            263   1.7e-39  140.3   1.8   1   1   1.4e-42   3.2e-39  139.5   1.8     6   263    87   343    82   343 0.88 [190263/405/1]
190263/461/1.f:DHPHOK_05495 -            416 GH5_54.hmm           -            263   1.1e-38  137.7   1.5   1   1   1.1e-41   2.6e-38  136.5   1.5     6   263    88   344    83   344 0.86 [190263/461/1]
190263/369/1.f:JCDIFE_05075 -            416 GH5_54.hmm           -            263   3.4e-38  136.1   1.9   1   1   3.3e-41   7.6e-38  135.0   1.9     6   263    88   344    83   344 0.87 [190263/369/1]
190263/502/1.f:NONHGB_04090 -            415 GH5_54.hmm           -            263   1.1e-37  134.4   3.0   1   1   5.4e-41   1.3e-37  134.2   2.0     6   263    87   343    82   343 0.86 [190263/502/1]
190263/437/1.f:LBKKEJ_07885 -            416 GH5_54.hmm           -            263   1.1e-36  131.2   1.6   1   1   6.5e-40   1.5e-36  130.7   1.6     6   263    86   342    81   342 0.87 [190263/437/1]
190263/580/1.f:JCPJNN_16395 -            537 GH5_54.hmm           -            263   3.1e-34  123.1   0.0   1   1   1.9e-37   4.4e-34  122.6   0.0     9   260    68   320    61   323 0.81 [190263/580/1]
190263/409/1.f:AJJCMD_27945 -            489 GH5_54.hmm           -            263   4.3e-34  122.6   6.2   1   1     1e-35   2.3e-32  117.0   6.2     3   263    51   358    49   358 0.75 [190263/409/1]
190263/366/1.f:DBJPFP_06635 -            414 GH5_54.hmm           -            263   1.6e-30  111.0   0.4   1   1   1.2e-33   2.9e-30  110.1   0.4     7   263    85   340    80   340 0.83 [190263/366/1]
190263/546/1.f:GEHMID_14985 -            382 GH5_54.hmm           -            263     4e-23   86.7   0.5   1   1   4.8e-25   1.1e-21   82.0   0.5     8   238    40   296    32   304 0.79 [190263/546/1]
190263/396/1.f:KAAOMA_18305 -            316 GH5_54.hmm           -            263   6.1e-23   86.1   6.2   1   1     7e-26   1.6e-22   84.7   1.3    19   198    27   203    14   213 0.88 [190263/396/1]
190263/455/1.f:GDGJDA_02900 -            388 GH5_54.hmm           -            263   5.7e-22   82.9   0.0   1   1   2.5e-20   5.8e-17   66.5   0.0     7   144    39   173    34   186 0.91 [190263/455/1]
190263/474/1.f:AMDJJA_07615 -            422 GH5_54.hmm           -            263   8.3e-22   82.4   0.0   1   1   6.4e-25   1.5e-21   81.5   0.0    11   142    52   183    43   200 0.89 [190263/474/1]
190263/400/1.f:EIBLKL_02485 -            341 GH5_54.hmm           -            263   1.6e-21   81.4   1.6   1   1   4.1e-23   9.6e-20   75.6   0.6    18   198    28   203    18   210 0.89 [190263/400/1]
190263/412/1.f:OOIBGL_13675 -            341 GH5_54.hmm           -            263   3.3e-21   80.4   0.8   1   1   2.6e-24   6.1e-21   79.5   0.4    17   198    25   203    18   211 0.93 [190263/412/1]
190263/420/1.f:GMHOLO_06765 -            399 GH5_54.hmm           -            263   3.5e-21   80.3   0.0   1   1   3.2e-24   7.5e-21   79.2   0.0    13   144    55   183    45   206 0.89 [190263/420/1]
190263/527/1.f:HGADJN_07095 -            399 GH5_54.hmm           -            263   3.5e-21   80.3   0.0   1   1   3.2e-24   7.5e-21   79.2   0.0    13   144    55   183    45   206 0.89 [190263/527/1]
190263/475/1.f:MCKEEP_04325 -            361 GH5_54.hmm           -            263   5.5e-21   79.7   3.3   1   1   3.5e-24   8.1e-21   79.1   3.3    22   261    63   325    53   326 0.76 [190263/475/1]
190263/573/1.f:LIDFCI_19295 -            361 GH5_54.hmm           -            263   5.5e-21   79.7   3.3   1   1   3.5e-24   8.1e-21   79.1   3.3    22   261    63   325    53   326 0.76 [190263/573/1]
190263/552/1.f:EMALNL_04190 -            361 GH5_54.hmm           -            263   6.4e-21   79.5   3.6   1   1     4e-24   9.4e-21   78.9   3.6    22   261    63   325    53   326 0.76 [190263/552/1]
190263/562/1.f:KJGNCK_06265 -            361 GH5_54.hmm           -            263   6.6e-21   79.4   3.2   1   1   4.2e-24   9.8e-21   78.9   3.2    22   261    63   325    53   326 0.76 [190263/562/1]
190263/541/1.f:IDEEIE_12870 -            391 GH5_54.hmm           -            263   5.7e-20   76.4   0.3   1   1   3.8e-21   8.8e-18   69.2   0.3     7   153    39   178    34   309 0.84 [190263/541/1]
190263/434/1.f:NCAOKI_04590 -            354 GH5_54.hmm           -            263   9.6e-20   75.6   0.0   1   1   5.7e-23   1.3e-19   75.2   0.0     4   235    38   289    35   297 0.80 [190263/434/1]
190263/532/1.f:BGDBBA_12620 -            343 GH5_54.hmm           -            263   2.1e-19   74.5   1.2   1   1   3.8e-21   8.8e-18   69.2   0.2    20   198    28   203    17   224 0.89 [190263/532/1]
190263/433/1.f:ADFNDI_03700 -            388 GH5_54.hmm           -            263   4.4e-19   73.5   0.1   1   1   4.8e-19   1.1e-15   62.3   0.0    13   144    45   173    35   183 0.90 [190263/433/1]
190263/420/1.f:GMHOLO_06775 -            402 GH5_54.hmm           -            263   6.6e-19   72.9   0.0   1   1   2.1e-19   4.9e-16   63.5   0.0    14   145    49   176    39   193 0.86 [190263/420/1]
190263/527/1.f:HGADJN_07105 -            402 GH5_54.hmm           -            263   6.6e-19   72.9   0.0   1   1   2.1e-19   4.9e-16   63.5   0.0    14   145    49   176    39   193 0.86 [190263/527/1]
190263/565/1.f:PAEINE_02490 -            353 GH5_54.hmm           -            263   9.7e-19   72.3   0.0   1   1   6.2e-22   1.5e-18   71.7   0.0     3   235    36   288    34   310 0.78 [190263/565/1]
190263/573/1.f:LIDFCI_19275 -            346 GH5_54.hmm           -            263   1.8e-18   71.4   6.4   1   1   1.4e-21   3.3e-18   70.6   6.4    21   250    56   296    41   312 0.76 [190263/573/1]
190263/552/1.f:EMALNL_04200 -            346 GH5_54.hmm           -            263   1.8e-18   71.4   6.4   1   1   1.4e-21   3.3e-18   70.6   6.4    21   250    56   296    41   312 0.76 [190263/552/1]
190263/562/1.f:KJGNCK_06255 -            346 GH5_54.hmm           -            263   2.8e-18   70.8   5.7   1   1   2.3e-21   5.3e-18   69.9   5.7    21   251    56   297    41   312 0.76 [190263/562/1]
190263/513/1.f:MKNBNH_11750 -            343 GH5_54.hmm           -            263   3.1e-18   70.7   1.3   1   1   2.2e-21   5.2e-18   69.9   1.3    16   198    24   203    15   213 0.91 [190263/513/1]
190263/475/1.f:MCKEEP_04335 -            346 GH5_54.hmm           -            263   8.5e-18   69.2   4.3   1   1   6.7e-21   1.6e-17   68.4   4.3    21   250    56   296    41   312 0.75 [190263/475/1]
190263/366/1.f:DBJPFP_05165 -            577 GH5_54.hmm           -            263   9.4e-18   69.1   0.0   1   1   7.1e-21   1.6e-17   68.3   0.0    22   197   244   421   229   428 0.85 [190263/366/1]
190263/446/1.f:LHJMMB_05365 -            577 GH5_54.hmm           -            263   1.2e-17   68.7   0.1   1   1   9.1e-21   2.1e-17   67.9   0.1    26   197   248   421   233   428 0.83 [190263/446/1]
190263/421/1.f:PBKEAC_12465 -            577 GH5_54.hmm           -            263   1.2e-17   68.7   0.1   1   1   9.1e-21   2.1e-17   67.9   0.1    26   197   248   421   233   428 0.83 [190263/421/1]
190263/461/1.f:DHPHOK_03780 -            470 GH5_54.hmm           -            263   1.4e-17   68.5   1.4   1   1   1.1e-20   2.6e-17   67.7   0.5    20   197   179   354   175   381 0.82 [190263/461/1]
190263/580/1.f:JCPJNN_02145 -            357 GH5_54.hmm           -            263   2.3e-15   61.3   0.5   1   1   1.7e-18   3.8e-15   60.5   0.5     8   216    24   227    19   248 0.86 [190263/580/1]
190263/595/1.f:HGDLEC_08030 -            392 GH5_54.hmm           -            263   1.3e-14   58.8   0.2   1   1   2.3e-17   5.3e-14   56.8   0.0    20   198    70   253    66   269 0.83 [190263/595/1]
190263/396/1.f:KAAOMA_18900 -            681 GH5_54.hmm           -            263   5.3e-13   53.5   6.7   1   1     1e-15   2.3e-12   51.4   3.1    25   154   115   235    98   264 0.80 [190263/396/1]
190263/460/1.f:IHFGKI_02315 -            444 GH5_54.hmm           -            263   6.3e-13   53.3   9.0   1   1   5.8e-16   1.4e-12   52.2   9.0     7   237   125   377   120   391 0.70 [190263/460/1]
#
# Program:         hmmsearch
# Version:         3.3.2 (Nov 2020)
# Pipeline mode:   SEARCH
# Query file:      /kb/module/work/tmp/output.1725388484971/GH5_54/GH5_54.hmm
# Target file:     /kb/module/work/tmp/output.1725388484971/hCom2_RAST.fasta
# Option settings: /kb/module/hmmer/bin/hmmsearch --domtblout /kb/module/work/tmp/output.1725388484971/GH5_54/GH5_54-hCom2_RAST.hitout.txt --noali --notextw --domE 1e-15 /kb/module/work/tmp/output.1725388484971/GH5_54/GH5_54.hmm /kb/module/work/tmp/output.1725388484971/hCom2_RAST.fasta 
# Current dir:     /kb/module/work/tmp/output.1725388484971
# Date:            Tue Sep  3 18:47:25 2024
# [ok]
