#                                                                                   --- full sequence --- -------------- this domain -------------   hmm coord   ali coord   env coord
# target name               accession   tlen query name           accession   qlen   E-value  score  bias   #  of  c-Evalue  i-Evalue  score  bias  from    to  from    to  from    to  acc description of target
#       ------------------- ---------- ----- -------------------- ---------- ----- --------- ------ ----- --- --- --------- --------- ------ ----- ----- ----- ----- ----- ----- ----- ---- ---------------------
190263/437/1.f:LBKKEJ_11760 -            322 GH5_2.hmm            -            237   1.2e-96  327.3   2.8   1   1  4.8e-100   1.4e-96  327.0   2.8     2   236    48   280    47   281 0.99 [190263/437/1]
190263/562/1.f:KJGNCK_06285 -            323 GH5_2.hmm            -            237   1.5e-95  323.6   2.9   1   1   6.3e-99   1.9e-95  323.3   2.9     2   237    41   274    40   274 0.99 [190263/562/1]
190263/475/1.f:MCKEEP_04305 -            325 GH5_2.hmm            -            237   4.5e-95  322.1   1.7   1   1   1.9e-98   5.6e-95  321.8   1.7     2   237    41   274    40   274 0.99 [190263/475/1]
190263/573/1.f:LIDFCI_19315 -            325 GH5_2.hmm            -            237   4.5e-95  322.1   1.7   1   1   1.9e-98   5.6e-95  321.8   1.7     2   237    41   274    40   274 0.99 [190263/573/1]
190263/595/1.f:HGDLEC_04680 -            317 GH5_2.hmm            -            237   4.8e-95  322.0   0.1   1   1   2.1e-98   6.3e-95  321.6   0.1     2   237    40   273    39   273 0.99 [190263/595/1]
190263/552/1.f:EMALNL_04170 -            325 GH5_2.hmm            -            237     1e-94  321.0   2.6   1   1   4.2e-98   1.2e-94  320.6   2.6     2   237    41   274    40   274 0.99 [190263/552/1]
190263/457/1.f:IIKDLL_05935 -            404 GH5_2.hmm            -            237   3.4e-94  319.2   2.9   1   1   1.5e-97   4.4e-94  318.8   2.9     2   236   121   360   120   361 0.99 [190263/457/1]
190263/400/1.f:EIBLKL_10965 -            570 GH5_2.hmm            -            237   1.4e-93  317.2   0.0   1   1     1e-96   3.1e-93  316.1   0.0     2   237   287   528   286   528 0.97 [190263/400/1]
190263/369/1.f:JCDIFE_07130 -            323 GH5_2.hmm            -            237   2.5e-93  316.4   0.5   1   1     1e-96   3.1e-93  316.1   0.5     2   236    48   281    47   282 0.98 [190263/369/1]
190263/461/1.f:DHPHOK_02155 -            326 GH5_2.hmm            -            237   2.6e-93  316.3   0.5   1   1   1.1e-96   3.3e-93  316.0   0.5     2   236    48   281    47   282 0.98 [190263/461/1]
190263/495/1.f:ANKNCD_08900 -            376 GH5_2.hmm            -            237     5e-93  315.4   0.0   1   1   2.9e-96   8.6e-93  314.6   0.0     2   235    91   329    90   331 0.99 [190263/495/1]
190263/578/1.f:HIHCLH_05675 -            532 GH5_2.hmm            -            237   7.2e-93  314.9   0.8   1   1     4e-96   1.2e-92  314.2   0.8     2   235   251   488   250   490 0.98 [190263/578/1]
190263/513/1.f:MKNBNH_06080 -            555 GH5_2.hmm            -            237   8.2e-92  311.4   0.6   1   1   3.9e-95   1.2e-91  310.9   0.6     2   236   270   512   269   513 0.98 [190263/513/1]
190263/423/1.f:PDNKFB_09010 -            388 GH5_2.hmm            -            237   1.8e-91  310.3   0.8   1   1     1e-94     3e-91  309.6   0.8     1   236    97   337    97   338 0.98 [190263/423/1]
190263/490/1.f:OIBLLI_10295 -            536 GH5_2.hmm            -            237   3.6e-91  309.3   0.6   1   1   2.8e-94   8.2e-91  308.2   0.6     2   236   255   493   254   494 0.98 [190263/490/1]
190263/405/1.f:EHKDKA_01955 -            326 GH5_2.hmm            -            237   3.9e-91  309.2   2.3   1   1   1.6e-94   4.8e-91  308.9   2.3     2   236    50   283    49   284 0.98 [190263/405/1]
190263/532/1.f:BGDBBA_09710 -            542 GH5_2.hmm            -            237   1.3e-87  297.7   0.0   1   1   6.4e-91   1.9e-87  297.2   0.0     2   236   256   498   255   499 0.98 [190263/532/1]
190263/532/1.f:BGDBBA_01560 -            353 GH5_2.hmm            -            237     6e-87  295.5   2.0   1   1   2.4e-90   7.2e-87  295.2   2.0     2   236    54   302    53   303 0.98 [190263/532/1]
190263/513/1.f:MKNBNH_00300 -            356 GH5_2.hmm            -            237     3e-84  286.7   3.8   1   1   1.2e-87   3.6e-84  286.4   3.8     2   236    57   305    56   306 0.98 [190263/513/1]
190263/476/1.f:JACNIE_02790 -            514 GH5_2.hmm            -            237   4.9e-84  286.0   0.0   1   1   2.1e-87   6.3e-84  285.6   0.0     2   236   103   343   102   344 0.97 [190263/476/1]
190263/446/1.f:LHJMMB_07895 -            333 GH5_2.hmm            -            237   2.3e-82  280.5   0.1   1   1     9e-86   2.7e-82  280.3   0.1     1   235    48   288    48   290 0.95 [190263/446/1]
190263/412/1.f:OOIBGL_13000 -            304 GH5_2.hmm            -            237     8e-82  278.7   0.0   1   1   3.3e-85   9.9e-82  278.4   0.0     3   235    16   253    14   255 0.98 [190263/412/1]
190263/429/1.f:OMPHBF_00750 -            347 GH5_2.hmm            -            237   8.9e-66  226.2   0.0   1   1   3.7e-69   1.1e-65  225.9   0.0     1   236    49   300    49   301 0.96 [190263/429/1]
190263/513/1.f:MKNBNH_00580 -            348 GH5_2.hmm            -            237   1.4e-29  107.7   0.3   1   1   6.1e-33   1.8e-29  107.4   0.3     2   236    66   313    65   314 0.83 [190263/513/1]
190263/396/1.f:KAAOMA_14180 -            947 GH5_2.hmm            -            237   2.3e-27  100.5  12.0   1   1   4.6e-17   1.4e-13   55.4   3.3    16   234    73   338    63   340 0.78 [190263/396/1]
190263/405/1.f:EHKDKA_04435 -            415 GH5_2.hmm            -            237     1e-18   72.2   0.0   1   1   1.2e-21   3.5e-18   70.4   0.0    14   215    95   325    83   338 0.83 [190263/405/1]
190263/437/1.f:LBKKEJ_07885 -            416 GH5_2.hmm            -            237   3.1e-18   70.6   0.0   1   1   2.3e-21   6.7e-18   69.5   0.0    14   235    94   336    90   339 0.82 [190263/437/1]
190263/400/1.f:EIBLKL_06680 -            357 GH5_2.hmm            -            237   4.2e-18   70.1   1.9   1   1     2e-21   5.9e-18   69.7   1.9     3   217    72   288    70   304 0.74 [190263/400/1]
190263/369/1.f:JCDIFE_05075 -            416 GH5_2.hmm            -            237   4.8e-18   70.0   0.0   1   1   4.4e-21   1.3e-17   68.5   0.0    14   215    96   326    85   340 0.83 [190263/369/1]
190263/461/1.f:DHPHOK_05495 -            416 GH5_2.hmm            -            237     1e-17   68.9   0.0   1   1   9.5e-21   2.8e-17   67.4   0.0    14   215    96   326    85   340 0.83 [190263/461/1]
190263/502/1.f:NONHGB_04090 -            415 GH5_2.hmm            -            237   4.4e-17   66.8   0.0   1   1   3.8e-20   1.1e-16   65.5   0.0    14   215    95   325    84   338 0.82 [190263/502/1]
190263/396/1.f:KAAOMA_12410 -            691 GH5_2.hmm            -            237   5.5e-17   66.5   0.3   1   1   2.9e-20   8.6e-17   65.9   0.3    18   219   395   637   383   654 0.79 [190263/396/1]
190263/412/1.f:OOIBGL_06830 -            668 GH5_2.hmm            -            237   6.8e-15   59.6   0.8   1   1   4.3e-18   1.3e-14   58.8   0.8    19   215    74   313    62   330 0.72 [190263/412/1]
190263/396/1.f:KAAOMA_18305 -            316 GH5_2.hmm            -            237   1.7e-14   58.3   0.2   1   1   1.3e-17   3.8e-14   57.2   0.2    19   208    27   262     9   289 0.74 [190263/396/1]
190263/552/1.f:EMALNL_04200 -            346 GH5_2.hmm            -            237   2.8e-14   57.7   0.1   1   1   1.2e-17   3.6e-14   57.3   0.1    56   184    92   240    55   306 0.78 [190263/552/1]
190263/573/1.f:LIDFCI_19275 -            346 GH5_2.hmm            -            237   2.8e-14   57.7   0.1   1   1   1.2e-17   3.6e-14   57.3   0.1    56   184    92   240    55   306 0.78 [190263/573/1]
190263/412/1.f:OOIBGL_09715 -            491 GH5_2.hmm            -            237   2.9e-14   57.6   5.6   1   1   1.7e-17   5.1e-14   56.8   5.6     2   221    51   272    50   286 0.77 [190263/412/1]
190263/562/1.f:KJGNCK_06255 -            346 GH5_2.hmm            -            237   1.6e-13   55.2   0.0   1   1   7.7e-17   2.3e-13   54.7   0.0    56   185    92   246    57   307 0.74 [190263/562/1]
190263/475/1.f:MCKEEP_04335 -            346 GH5_2.hmm            -            237   2.3e-13   54.6   0.1   1   1   1.1e-16   3.2e-13   54.2   0.1    56   184    92   240    55   306 0.77 [190263/475/1]
190263/396/1.f:KAAOMA_19800 -            936 GH5_2.hmm            -            237     5e-13   53.5   0.7   1   1   2.9e-16   8.6e-13   52.8   0.7     3   220   549   768   547   781 0.76 [190263/396/1]
190263/460/1.f:IHFGKI_14410 -            464 GH5_2.hmm            -            237   1.4e-12   52.1   0.6   1   1   7.1e-16   2.1e-12   51.5   0.6    61   235   133   334    83   336 0.82 [190263/460/1]
190263/412/1.f:OOIBGL_00395 -            410 GH5_2.hmm            -            237   1.6e-12   51.9   0.0   1   1   9.2e-16   2.7e-12   51.1   0.0    23   213   110   343    86   365 0.75 [190263/412/1]
#
# Program:         hmmsearch
# Version:         3.3.2 (Nov 2020)
# Pipeline mode:   SEARCH
# Query file:      /kb/module/work/tmp/output.1725388484971/GH5_2/GH5_2.hmm
# Target file:     /kb/module/work/tmp/output.1725388484971/hCom2_RAST.fasta
# Option settings: /kb/module/hmmer/bin/hmmsearch --domtblout /kb/module/work/tmp/output.1725388484971/GH5_2/GH5_2-hCom2_RAST.hitout.txt --noali --notextw --domE 1e-15 /kb/module/work/tmp/output.1725388484971/GH5_2/GH5_2.hmm /kb/module/work/tmp/output.1725388484971/hCom2_RAST.fasta 
# Current dir:     /kb/module/work/tmp/output.1725388484971
# Date:            Tue Sep  3 18:46:19 2024
# [ok]
