#                                                                                   --- full sequence --- -------------- this domain -------------   hmm coord   ali coord   env coord
# target name               accession   tlen query name           accession   qlen   E-value  score  bias   #  of  c-Evalue  i-Evalue  score  bias  from    to  from    to  from    to  acc description of target
#       ------------------- ---------- ----- -------------------- ---------- ----- --------- ------ ----- --- --- --------- --------- ------ ----- ----- ----- ----- ----- ----- ----- ---- ---------------------
190263/595/1.f:HGDLEC_08030 -            392 GH5_39.hmm           -            293   1.1e-57  200.1   0.3   1   1   1.7e-60   3.3e-57  198.6   0.3     4   293    70   368    67   368 0.88 [190263/595/1]
190263/562/1.f:KJGNCK_05735 -            544 GH5_39.hmm           -            293   9.6e-55  190.5   0.0   1   1   2.9e-46   5.5e-43  151.9   0.3    69   293   298   521   295   521 0.87 [190263/562/1]
190263/585/1.f:DLBDDB_04795 -            544 GH5_39.hmm           -            293   1.9e-54  189.5   0.1   1   1   5.1e-46   9.9e-43  151.0   0.2    69   293   298   521   295   521 0.87 [190263/585/1]
190263/412/1.f:OOIBGL_13675 -            341 GH5_39.hmm           -            293   9.6e-54  187.2   0.0   1   1   5.7e-57   1.1e-53  187.0   0.0     2   293    26   319    25   319 0.92 [190263/412/1]
190263/365/1.f:JJMMAK_12145 -            364 GH5_39.hmm           -            293   1.2e-53  186.9   0.7   1   1     7e-57   1.4e-53  186.7   0.7     6   293    52   339    47   339 0.91 [190263/365/1]
190263/400/1.f:EIBLKL_02485 -            341 GH5_39.hmm           -            293   1.8e-51  179.7   0.0   1   1   1.1e-54   2.1e-51  179.5   0.0     2   293    28   319    27   319 0.92 [190263/400/1]
190263/580/1.f:JCPJNN_02145 -            357 GH5_39.hmm           -            293   2.5e-51  179.3   0.0   1   1   1.5e-54   2.9e-51  179.1   0.0     2   293    34   330    33   330 0.95 [190263/580/1]
190263/562/1.f:KJGNCK_21975 -            508 GH5_39.hmm           -            293   1.7e-50  176.5   0.0   1   1   1.1e-53   2.1e-50  176.2   0.0     6   293    64   350    59   350 0.88 [190263/562/1]
190263/562/1.f:KJGNCK_21985 -            607 GH5_39.hmm           -            293   1.5e-48  170.2   0.3   1   1   9.4e-52   1.8e-48  169.9   0.3     5   293   162   449   158   449 0.88 [190263/562/1]
190263/532/1.f:BGDBBA_12620 -            343 GH5_39.hmm           -            293   5.1e-48  168.4   0.0   1   1   3.2e-51   6.2e-48  168.1   0.0     3   293    27   321    25   321 0.89 [190263/532/1]
190263/513/1.f:MKNBNH_11750 -            343 GH5_39.hmm           -            293   9.5e-46  161.0   0.0   1   1   6.6e-49   1.3e-45  160.5   0.0     2   293    26   321    25   321 0.88 [190263/513/1]
190263/396/1.f:KAAOMA_18305 -            316 GH5_39.hmm           -            293   1.9e-45  160.0   0.0   1   1   1.8e-39   3.4e-36  129.6   0.0     2   187    26   216    25   226 0.92 [190263/396/1]
190263/366/1.f:DBJPFP_05165 -            577 GH5_39.hmm           -            293   1.4e-42  150.5   0.1   1   1   1.3e-45   2.4e-42  149.8   0.1     6   291   244   529   240   530 0.89 [190263/366/1]
190263/446/1.f:LHJMMB_05365 -            577 GH5_39.hmm           -            293   4.4e-42  148.9   0.1   1   1   3.8e-45   7.4e-42  148.2   0.1     7   291   245   529   240   530 0.89 [190263/446/1]
190263/421/1.f:PBKEAC_12465 -            577 GH5_39.hmm           -            293   4.4e-42  148.9   0.1   1   1   3.8e-45   7.4e-42  148.2   0.1     7   291   245   529   240   530 0.89 [190263/421/1]
190263/461/1.f:DHPHOK_03780 -            470 GH5_39.hmm           -            293   2.3e-35  126.9   0.1   1   1   4.3e-33   8.4e-30  108.6   0.0     5   185   180   366   177   376 0.93 [190263/461/1]
190263/396/1.f:KAAOMA_14180 -            947 GH5_39.hmm           -            293   3.5e-27  100.0   0.3   1   1   6.4e-18   1.2e-14   58.8   0.2     6   184    79   273    76   285 0.79 [190263/396/1]
190263/366/1.f:DBJPFP_06635 -            414 GH5_39.hmm           -            293   1.2e-21   81.8   0.0   1   1   4.4e-20   8.5e-17   65.9   0.0     4   174    98   285    96   290 0.87 [190263/366/1]
190263/412/1.f:OOIBGL_17870 -            653 GH5_39.hmm           -            293   3.2e-21   80.5   0.0   1   1   7.5e-18   1.5e-14   58.6   0.1     6   183    82   287    79   298 0.78 [190263/412/1]
190263/437/1.f:LBKKEJ_07885 -            416 GH5_39.hmm           -            293   8.5e-20   75.8   0.0   1   1   8.9e-19   1.7e-15   61.6   0.0     4   173   100   286    97   291 0.87 [190263/437/1]
190263/562/1.f:KJGNCK_06265 -            361 GH5_39.hmm           -            293   9.9e-20   75.5   0.0   1   1   1.1e-20   2.2e-17   67.9   0.0     6   173    63   248    59   249 0.83 [190263/562/1]
190263/396/1.f:KAAOMA_12410 -            691 GH5_39.hmm           -            293   1.4e-19   75.1   0.0   1   1   1.5e-18   2.9e-15   60.9   0.0     6   179   399   586   396   596 0.83 [190263/396/1]
190263/552/1.f:EMALNL_04190 -            361 GH5_39.hmm           -            293   5.7e-19   73.0   0.0   1   1   3.3e-20   6.3e-17   66.3   0.0     6   173    63   248    59   249 0.83 [190263/552/1]
190263/475/1.f:MCKEEP_04325 -            361 GH5_39.hmm           -            293   6.4e-19   72.9   0.0   1   1   3.3e-20   6.3e-17   66.3   0.0     6   173    63   248    59   249 0.83 [190263/475/1]
190263/573/1.f:LIDFCI_19295 -            361 GH5_39.hmm           -            293   6.4e-19   72.9   0.0   1   1   3.3e-20   6.3e-17   66.3   0.0     6   173    63   248    59   249 0.83 [190263/573/1]
190263/552/1.f:EMALNL_04200 -            346 GH5_39.hmm           -            293   7.8e-19   72.6   0.4   1   1   4.7e-21   9.1e-18   69.1   0.1     5   173    56   234    52   236 0.82 [190263/552/1]
190263/573/1.f:LIDFCI_19275 -            346 GH5_39.hmm           -            293   7.8e-19   72.6   0.4   1   1   4.7e-21   9.1e-18   69.1   0.1     5   173    56   234    52   236 0.82 [190263/573/1]
190263/405/1.f:EHKDKA_04435 -            415 GH5_39.hmm           -            293   2.1e-18   71.2   0.0   1   1     5e-19   9.7e-16   62.5   0.0     4   173   101   287    99   293 0.86 [190263/405/1]
190263/562/1.f:KJGNCK_06255 -            346 GH5_39.hmm           -            293   3.6e-18   70.4   0.1   1   1   3.5e-20   6.8e-17   66.2   0.0     5   173    56   234    52   236 0.83 [190263/562/1]
190263/396/1.f:KAAOMA_18900 -            681 GH5_39.hmm           -            293     9e-18   69.1   3.6   1   1   2.4e-16   4.7e-13   53.6   0.6     6   126   112   234   108   323 0.69 [190263/396/1]
190263/412/1.f:OOIBGL_06830 -            668 GH5_39.hmm           -            293   9.1e-18   69.1   0.1   1   1   7.9e-18   1.5e-14   58.5   0.0     6   179    77   263    74   280 0.85 [190263/412/1]
190263/412/1.f:OOIBGL_00395 -            410 GH5_39.hmm           -            293   9.5e-18   69.0   0.0   1   1   4.2e-17   8.1e-14   56.1   0.0     7   179   110   296   106   308 0.84 [190263/412/1]
190263/475/1.f:MCKEEP_04335 -            346 GH5_39.hmm           -            293   1.1e-17   68.8   0.1   1   1   7.6e-20   1.5e-16   65.1   0.0     5   173    56   234    52   236 0.83 [190263/475/1]
190263/409/1.f:AJJCMD_27945 -            489 GH5_39.hmm           -            293   2.1e-17   67.9   0.2   1   1     4e-16   7.7e-13   52.9   0.0     4   173    68   262    65   270 0.92 [190263/409/1]
190263/369/1.f:JCDIFE_05075 -            416 GH5_39.hmm           -            293   2.4e-17   67.7   0.0   1   1   4.8e-18   9.2e-15   59.2   0.0     4   173   102   288   100   294 0.85 [190263/369/1]
190263/502/1.f:NONHGB_04090 -            415 GH5_39.hmm           -            293     3e-17   67.4   0.0   1   1     5e-18   9.8e-15   59.2   0.0     5   173   102   287    99   293 0.86 [190263/502/1]
190263/461/1.f:DHPHOK_05495 -            416 GH5_39.hmm           -            293   3.1e-17   67.4   0.0   1   1   5.2e-18     1e-14   59.1   0.0     4   173   102   288   100   298 0.85 [190263/461/1]
190263/396/1.f:KAAOMA_07080 -            765 GH5_39.hmm           -            293   7.3e-17   66.1   1.4   1   1   1.9e-16   3.7e-13   54.0   0.9     7   183    93   286    90   304 0.80 [190263/396/1]
190263/460/1.f:IHFGKI_02265 -            516 GH5_39.hmm           -            293   2.1e-16   64.6   0.0   1   1   6.1e-17   1.2e-13   55.6   0.0     6   184   179   381   175   393 0.81 [190263/460/1]
190263/409/1.f:AJJCMD_29030 -            452 GH5_39.hmm           -            293   1.5e-15   61.8   0.0   1   1   2.6e-17     5e-14   56.8   0.0     6   173    69   247    66   251 0.90 [190263/409/1]
190263/439/1.f:KGLJGB_01145 -           1137 GH5_39.hmm           -            293   3.3e-15   60.7   0.5   1   1   8.8e-18   1.7e-14   58.4   0.0     5   173   112   290   109   295 0.87 [190263/439/1]
190263/552/1.f:EMALNL_04295 -            502 GH5_39.hmm           -            293   4.5e-15   60.3   0.1   1   1   2.9e-17   5.7e-14   56.6   0.1     7   179   190   379   186   394 0.80 [190263/552/1]
190263/400/1.f:EIBLKL_04565 -            389 GH5_39.hmm           -            293   5.9e-15   59.9   0.0   1   1   1.5e-16   2.9e-13   54.3   0.0     6   179    81   276    78   296 0.80 [190263/400/1]
190263/562/1.f:KJGNCK_06155 -            502 GH5_39.hmm           -            293   6.4e-15   59.7   0.1   1   1   2.8e-17   5.5e-14   56.7   0.1     6   179   189   379   186   394 0.80 [190263/562/1]
190263/495/1.f:ANKNCD_08900 -            376 GH5_39.hmm           -            293   7.5e-15   59.5   0.0   1   1   5.1e-16   9.9e-13   52.6   0.0    44   174   148   273   129   277 0.87 [190263/495/1]
190263/439/1.f:KGLJGB_09080 -           1182 GH5_39.hmm           -            293   1.2e-13   55.6   0.2   1   1   1.5e-16   2.8e-13   54.4   0.0     5   174   118   305   115   306 0.84 [190263/439/1]
190263/400/1.f:EIBLKL_07610 -            498 GH5_39.hmm           -            293   5.5e-13   53.4   0.0   1   1   7.1e-16   1.4e-12   52.1   0.0     7   191   198   406   194   412 0.79 [190263/400/1]
#
# Program:         hmmsearch
# Version:         3.3.2 (Nov 2020)
# Pipeline mode:   SEARCH
# Query file:      /kb/module/work/tmp/output.1725388484971/GH5_39/GH5_39.hmm
# Target file:     /kb/module/work/tmp/output.1725388484971/hCom2_RAST.fasta
# Option settings: /kb/module/hmmer/bin/hmmsearch --domtblout /kb/module/work/tmp/output.1725388484971/GH5_39/GH5_39-hCom2_RAST.hitout.txt --noali --notextw --domE 1e-15 /kb/module/work/tmp/output.1725388484971/GH5_39/GH5_39.hmm /kb/module/work/tmp/output.1725388484971/hCom2_RAST.fasta 
# Current dir:     /kb/module/work/tmp/output.1725388484971
# Date:            Tue Sep  3 18:47:05 2024
# [ok]
