#                                                                                   --- full sequence --- -------------- this domain -------------   hmm coord   ali coord   env coord
# target name               accession   tlen query name           accession   qlen   E-value  score  bias   #  of  c-Evalue  i-Evalue  score  bias  from    to  from    to  from    to  acc description of target
#       ------------------- ---------- ----- -------------------- ---------- ----- --------- ------ ----- --- --- --------- --------- ------ ----- ----- ----- ----- ----- ----- ----- ---- ---------------------
190263/461/1.f:DHPHOK_03780 -            470 GH5_25.hmm           -            262   8.8e-75  255.6   0.3   1   1   5.8e-78   1.2e-74  255.2   0.3     5   261   180   445   178   446 0.97 [190263/461/1]
190263/396/1.f:KAAOMA_14180 -            947 GH5_25.hmm           -            262   7.4e-61  210.0   3.0   1   1   6.8e-51   1.4e-47  166.5   0.5     3   260    75   343    73   345 0.85 [190263/396/1]
190263/595/1.f:HGDLEC_08030 -            392 GH5_25.hmm           -            262   2.4e-53  185.4   0.6   1   1   1.8e-56   3.6e-53  184.8   0.1     7   261    73   367    68   368 0.90 [190263/595/1]
190263/396/1.f:KAAOMA_18305 -            316 GH5_25.hmm           -            262   2.7e-53  185.2   0.1   1   1   1.7e-56   3.4e-53  184.9   0.1     7   261    31   293    27   294 0.95 [190263/396/1]
190263/400/1.f:EIBLKL_02485 -            341 GH5_25.hmm           -            262   1.5e-50  176.2   0.0   1   1   8.4e-54   1.7e-50  176.0   0.0     6   261    32   318    27   319 0.94 [190263/400/1]
190263/400/1.f:EIBLKL_07480 -            429 GH5_25.hmm           -            262   1.1e-49  173.4   1.0   1   1   1.6e-52   3.3e-49  171.8   1.0     3   260    93   363    91   365 0.83 [190263/400/1]
190263/412/1.f:OOIBGL_06830 -            668 GH5_25.hmm           -            262   5.7e-49  171.0   0.1   1   1   5.4e-52   1.1e-48  170.1   0.1     3   260    73   336    71   338 0.85 [190263/412/1]
190263/365/1.f:JJMMAK_12145 -            364 GH5_25.hmm           -            262   6.1e-49  170.9   1.6   1   1   4.3e-52   8.9e-49  170.4   1.6     7   261    53   338    48   339 0.90 [190263/365/1]
190263/532/1.f:BGDBBA_12620 -            343 GH5_25.hmm           -            262   1.6e-47  166.3   0.0   1   1   9.5e-51     2e-47  166.0   0.0     5   261    29   320    25   321 0.94 [190263/532/1]
190263/396/1.f:KAAOMA_18900 -            681 GH5_25.hmm           -            262   1.9e-47  166.1   1.8   1   1   1.4e-49   2.8e-46  162.2   1.8     6   260   112   388   106   390 0.84 [190263/396/1]
190263/562/1.f:KJGNCK_05735 -            544 GH5_25.hmm           -            262   4.1e-47  164.9   0.4   1   1   8.2e-44   1.7e-40  143.3   0.5    79   261   314   520   306   521 0.94 [190263/562/1]
190263/396/1.f:KAAOMA_07080 -            765 GH5_25.hmm           -            262     7e-47  164.2   1.2   1   1   9.4e-50   1.9e-46  162.7   1.2     3   260    88   357    86   359 0.85 [190263/396/1]
190263/396/1.f:KAAOMA_12410 -            691 GH5_25.hmm           -            262   7.6e-47  164.1   0.1   1   1   9.1e-50   1.9e-46  162.8   0.1     3   260   395   657   393   659 0.85 [190263/396/1]
190263/585/1.f:DLBDDB_04795 -            544 GH5_25.hmm           -            262   1.1e-46  163.5   0.3   1   1   2.2e-43   4.6e-40  141.8   0.4    79   261   314   520   306   521 0.94 [190263/585/1]
190263/412/1.f:OOIBGL_13675 -            341 GH5_25.hmm           -            262   5.3e-46  161.3   0.0   1   1   3.7e-49   7.6e-46  160.8   0.0     7   261    31   318    27   319 0.91 [190263/412/1]
190263/580/1.f:JCPJNN_02145 -            357 GH5_25.hmm           -            262   1.5e-45  159.8   0.0   1   1   1.2e-48   2.5e-45  159.1   0.0     6   261    38   329    33   330 0.90 [190263/580/1]
190263/412/1.f:OOIBGL_17870 -            653 GH5_25.hmm           -            262   4.7e-45  158.2   2.2   1   1   3.6e-47   7.3e-44  154.3   2.2     3   260    78   364    76   366 0.85 [190263/412/1]
190263/412/1.f:OOIBGL_00395 -            410 GH5_25.hmm           -            262   1.3e-44  156.7   0.0   1   1   1.6e-47   3.3e-44  155.4   0.0     5   260   108   368   102   370 0.87 [190263/412/1]
190263/520/1.f:GGDGDE_07415 -            455 GH5_25.hmm           -            262   6.9e-44  154.4   3.0   1   1   3.7e-46   7.7e-43  150.9   3.0     3   260   135   420   133   422 0.86 [190263/520/1]
190263/562/1.f:KJGNCK_21975 -            508 GH5_25.hmm           -            262   7.2e-44  154.3   0.1   1   1   5.3e-47   1.1e-43  153.7   0.1     7   261    65   349    61   350 0.90 [190263/562/1]
190263/562/1.f:KJGNCK_21985 -            607 GH5_25.hmm           -            262   1.4e-43  153.3   2.0   1   1   1.3e-46   2.6e-43  152.5   0.8     6   261   163   448   159   449 0.90 [190263/562/1]
190263/369/1.f:JCDIFE_09285 -            517 GH5_25.hmm           -            262   2.1e-43  152.8   2.3   1   1   5.4e-46   1.1e-42  150.4   2.3     3   260   165   463   163   465 0.80 [190263/369/1]
190263/396/1.f:KAAOMA_11815 -            522 GH5_25.hmm           -            262   1.1e-42  150.5   0.1   1   1   2.8e-45   5.9e-42  148.0   0.1     2   260    76   356    75   357 0.83 [190263/396/1]
190263/400/1.f:EIBLKL_04565 -            389 GH5_25.hmm           -            262   4.4e-42  148.4   0.0   1   1   1.2e-43   2.5e-40  142.7   0.0     2   261    76   358    75   359 0.81 [190263/400/1]
190263/513/1.f:MKNBNH_11750 -            343 GH5_25.hmm           -            262   4.7e-42  148.4   0.0   1   1   3.7e-45   7.6e-42  147.7   0.0     7   261    31   320    26   321 0.90 [190263/513/1]
190263/405/1.f:EHKDKA_08245 -            598 GH5_25.hmm           -            262   7.3e-42  147.7   0.2   1   1   2.3e-44   4.8e-41  145.0   0.2     2   260   253   544   252   546 0.82 [190263/405/1]
190263/400/1.f:EIBLKL_08095 -            777 GH5_25.hmm           -            262   3.2e-41  145.6   0.1   1   1     1e-42   2.1e-39  139.7   0.1     3   260    83   360    81   362 0.85 [190263/400/1]
190263/412/1.f:OOIBGL_12675 -            754 GH5_25.hmm           -            262   2.3e-40  142.8   0.9   1   1   2.5e-43   5.2e-40  141.6   0.9     2   260    75   344    74   346 0.81 [190263/412/1]
190263/400/1.f:EIBLKL_11415 -            493 GH5_25.hmm           -            262   3.2e-40  142.3   0.9   1   1   2.5e-43   5.1e-40  141.7   0.9     3   260   156   450   154   452 0.78 [190263/400/1]
190263/595/1.f:HGDLEC_01625 -            494 GH5_25.hmm           -            262   5.9e-40  141.5   1.0   1   1   5.1e-43   1.1e-39  140.6   1.0     2   259   185   468   184   469 0.81 [190263/595/1]
190263/446/1.f:LHJMMB_05365 -            577 GH5_25.hmm           -            262   2.9e-39  139.2   0.0   1   1   1.9e-42   3.9e-39  138.8   0.0     2   260   240   529   239   531 0.89 [190263/446/1]
190263/421/1.f:PBKEAC_12465 -            577 GH5_25.hmm           -            262   2.9e-39  139.2   0.0   1   1   1.9e-42   3.9e-39  138.8   0.0     2   260   240   529   239   531 0.89 [190263/421/1]
190263/460/1.f:IHFGKI_01030 -            406 GH5_25.hmm           -            262   6.4e-39  138.1   4.3   1   1   4.1e-42   8.4e-39  137.7   4.3     2   260    84   371    83   373 0.80 [190263/460/1]
190263/366/1.f:DBJPFP_05165 -            577 GH5_25.hmm           -            262   8.2e-39  137.7   0.0   1   1   5.4e-42   1.1e-38  137.3   0.0     2   260   240   529   239   531 0.89 [190263/366/1]
190263/461/1.f:DHPHOK_06215 -            593 GH5_25.hmm           -            262   1.7e-38  136.7   1.0   1   1   5.6e-40   1.1e-36  130.7   0.1     4   236   258   517   254   523 0.84 [190263/461/1]
190263/460/1.f:IHFGKI_02265 -            516 GH5_25.hmm           -            262   3.4e-37  132.4   0.7   1   1   2.5e-40   5.2e-37  131.8   0.7     3   260   175   477   173   479 0.74 [190263/460/1]
190263/552/1.f:EMALNL_04295 -            502 GH5_25.hmm           -            262   3.5e-37  132.4   0.1   1   1   2.5e-40   5.1e-37  131.8   0.1     3   260   185   473   183   475 0.77 [190263/552/1]
190263/400/1.f:EIBLKL_07610 -            498 GH5_25.hmm           -            262   5.7e-37  131.7   0.1   1   1   5.7e-40   1.2e-36  130.7   0.1     5   260   196   463   192   465 0.82 [190263/400/1]
190263/437/1.f:LBKKEJ_18145 -            567 GH5_25.hmm           -            262   6.4e-37  131.5   2.7   1   1   4.3e-40   8.8e-37  131.1   0.3     2   260   245   540   244   541 0.80 [190263/437/1]
190263/562/1.f:KJGNCK_06155 -            502 GH5_25.hmm           -            262   2.1e-36  129.8   0.1   1   1   1.5e-39   3.1e-36  129.3   0.1     3   260   185   473   183   475 0.78 [190263/562/1]
190263/461/1.f:DHPHOK_02880 -            477 GH5_25.hmm           -            262   2.6e-36  129.5   0.0   1   1   8.5e-39   1.8e-35  126.8   0.0     2   260   166   445   165   446 0.82 [190263/461/1]
190263/369/1.f:JCDIFE_05970 -            491 GH5_25.hmm           -            262   5.9e-35  125.1   1.3   1   1   4.9e-38     1e-34  124.3   1.3     3   260   161   459   159   461 0.81 [190263/369/1]
190263/460/1.f:IHFGKI_02315 -            444 GH5_25.hmm           -            262   7.6e-35  124.7   4.5   1   1   1.4e-37   2.8e-34  122.9   4.5     3   232   136   379   134   416 0.79 [190263/460/1]
190263/369/1.f:JCDIFE_02325 -            482 GH5_25.hmm           -            262   7.8e-35  124.7   0.0   1   1   3.4e-37     7e-34  121.6   0.0     2   260   171   450   170   451 0.81 [190263/369/1]
190263/412/1.f:OOIBGL_08700 -            676 GH5_25.hmm           -            262   1.1e-33  120.9   0.9   1   1   1.1e-25   2.3e-22   83.8   0.1     3   111   161   282   159   296 0.84 [190263/412/1]
190263/514/1.f:MMHOAN_13685 -            290 GH5_25.hmm           -            262   2.1e-33  120.0   0.9   1   1     2e-36   4.1e-33  119.1   0.9     2   177    73   281    72   288 0.80 [190263/514/1]
190263/460/1.f:IHFGKI_02270 -            437 GH5_25.hmm           -            262   7.2e-32  115.0   2.5   1   1   1.1e-33   2.2e-30  110.1   2.5     3   260    73   391    71   393 0.76 [190263/460/1]
190263/400/1.f:EIBLKL_03915 -            584 GH5_25.hmm           -            262   8.9e-32  114.7   0.0   1   1     1e-33   2.1e-30  110.2   0.0     3   260    80   359    78   361 0.81 [190263/400/1]
190263/400/1.f:EIBLKL_11110 -            423 GH5_25.hmm           -            262   1.3e-31  114.1   0.6   1   1   7.1e-34   1.5e-30  110.7   0.6     3   239   111   359   109   387 0.77 [190263/400/1]
190263/412/1.f:OOIBGL_02555 -            422 GH5_25.hmm           -            262   7.5e-29  105.1   0.3   1   1   2.7e-27   5.5e-24   89.1   0.0     4   113   106   218   102   224 0.86 [190263/412/1]
190263/437/1.f:LBKKEJ_07885 -            416 GH5_25.hmm           -            262   3.1e-25   93.2   0.0   1   1     1e-24   2.1e-21   80.7   0.0     6   171   102   286    97   292 0.84 [190263/437/1]
190263/405/1.f:EHKDKA_04435 -            415 GH5_25.hmm           -            262   1.2e-24   91.3   0.0   1   1   7.1e-25   1.5e-21   81.2   0.0     6   171   103   287    98   298 0.84 [190263/405/1]
190263/502/1.f:NONHGB_04090 -            415 GH5_25.hmm           -            262   5.8e-24   89.1   0.0   1   1   4.9e-24     1e-20   78.4   0.0     8   171   105   287   100   293 0.84 [190263/502/1]
190263/461/1.f:DHPHOK_05495 -            416 GH5_25.hmm           -            262   5.9e-24   89.0   0.0   1   1   2.3e-24   4.8e-21   79.5   0.0     7   171   105   288    99   295 0.84 [190263/461/1]
190263/366/1.f:DBJPFP_06635 -            414 GH5_25.hmm           -            262   6.4e-24   88.9   0.0   1   1   5.8e-23   1.2e-19   74.9   0.0     6   172   100   285    96   291 0.79 [190263/366/1]
190263/369/1.f:JCDIFE_05075 -            416 GH5_25.hmm           -            262   9.3e-24   88.4   0.0   1   1   5.3e-24   1.1e-20   78.3   0.0     7   171   105   288    99   294 0.84 [190263/369/1]
190263/562/1.f:KJGNCK_06265 -            361 GH5_25.hmm           -            262   1.4e-22   84.5   0.1   1   1   7.5e-25   1.5e-21   81.1   0.1     9   231    66   298    61   325 0.79 [190263/562/1]
190263/552/1.f:EMALNL_04200 -            346 GH5_25.hmm           -            262   1.6e-22   84.3   0.8   1   1     5e-25     1e-21   81.7   0.8     9   234    60   287    55   312 0.78 [190263/552/1]
190263/573/1.f:LIDFCI_19275 -            346 GH5_25.hmm           -            262   1.6e-22   84.3   0.8   1   1     5e-25     1e-21   81.7   0.8     9   234    60   287    55   312 0.78 [190263/573/1]
190263/552/1.f:EMALNL_04190 -            361 GH5_25.hmm           -            262   2.7e-22   83.6   0.2   1   1     1e-24   2.1e-21   80.7   0.2     9   232    66   299    61   326 0.77 [190263/552/1]
190263/475/1.f:MCKEEP_04325 -            361 GH5_25.hmm           -            262   3.4e-22   83.3   0.1   1   1   1.2e-24   2.5e-21   80.4   0.1     9   231    66   298    61   326 0.77 [190263/475/1]
190263/573/1.f:LIDFCI_19295 -            361 GH5_25.hmm           -            262   3.4e-22   83.3   0.1   1   1   1.2e-24   2.5e-21   80.4   0.1     9   231    66   298    61   326 0.77 [190263/573/1]
190263/562/1.f:KJGNCK_06255 -            346 GH5_25.hmm           -            262   2.5e-21   80.4   0.1   1   1   1.3e-23   2.7e-20   77.0   0.1     9   235    60   288    55   312 0.76 [190263/562/1]
190263/409/1.f:AJJCMD_27945 -            489 GH5_25.hmm           -            262   5.1e-21   79.4   0.1   1   1   2.1e-23   4.4e-20   76.3   0.1     7   261    71   357    68   358 0.81 [190263/409/1]
190263/475/1.f:MCKEEP_04335 -            346 GH5_25.hmm           -            262   8.8e-21   78.6   0.2   1   1   2.8e-23   5.8e-20   75.9   0.2     9   234    60   287    55   312 0.79 [190263/475/1]
190263/439/1.f:KGLJGB_01145 -           1137 GH5_25.hmm           -            262   1.4e-18   71.4   2.6   1   1   5.2e-20   1.1e-16   65.2   2.6     7   147   114   268   110   355 0.83 [190263/439/1]
190263/495/1.f:ANKNCD_08900 -            376 GH5_25.hmm           -            262   1.7e-17   67.9   0.1   1   1   3.5e-18   7.3e-15   59.2   0.0    46   172   151   273   146   277 0.88 [190263/495/1]
190263/439/1.f:KGLJGB_09080 -           1182 GH5_25.hmm           -            262   2.1e-17   67.5   0.2   1   1   5.4e-20   1.1e-16   65.2   0.0     7   143   120   279   117   305 0.82 [190263/439/1]
190263/532/1.f:BGDBBA_09710 -            542 GH5_25.hmm           -            262   2.7e-16   63.9   0.0   1   1   1.6e-18   3.4e-15   60.3   0.0    52   172   324   441   315   447 0.94 [190263/532/1]
190263/429/1.f:OMPHBF_00750 -            347 GH5_25.hmm           -            262   3.6e-16   63.5   0.0   1   1   4.6e-19   9.4e-16   62.1   0.0    54   189   115   244   107   270 0.85 [190263/429/1]
190263/412/1.f:OOIBGL_13000 -            304 GH5_25.hmm           -            262   6.3e-16   62.7   0.0   1   1   1.7e-18   3.5e-15   60.2   0.0    47   172    76   197    51   204 0.88 [190263/412/1]
190263/580/1.f:JCPJNN_03075 -            446 GH5_25.hmm           -            262   1.4e-15   61.6   0.0   1   1   2.1e-18   4.3e-15   60.0   0.0     7   261    70   327    68   328 0.88 [190263/580/1]
190263/423/1.f:PDNKFB_09010 -            388 GH5_25.hmm           -            262   1.7e-15   61.3   0.0   1   1   8.3e-17   1.7e-13   54.7   0.0     7   172   119   280   113   284 0.81 [190263/423/1]
190263/532/1.f:BGDBBA_01560 -            353 GH5_25.hmm           -            262   2.1e-15   61.0   0.0   1   1   1.3e-16   2.6e-13   54.1   0.0     8   172    78   243    70   251 0.79 [190263/532/1]
190263/400/1.f:EIBLKL_10965 -            570 GH5_25.hmm           -            262   3.6e-15   60.2   0.0   1   1   1.2e-16   2.5e-13   54.2   0.0    46   172   348   471   303   480 0.84 [190263/400/1]
190263/595/1.f:HGDLEC_04680 -            317 GH5_25.hmm           -            262   4.7e-15   59.9   0.7   1   1   1.8e-17   3.7e-14   56.9   0.1    39   172    90   215    76   221 0.86 [190263/595/1]
190263/578/1.f:HIHCLH_05675 -            532 GH5_25.hmm           -            262   6.9e-15   59.3   0.0   1   1   7.2e-18   1.5e-14   58.2   0.0    43   172   306   432   267   438 0.88 [190263/578/1]
190263/446/1.f:LHJMMB_07895 -            333 GH5_25.hmm           -            262   1.4e-14   58.3   0.0   1   1   6.7e-16   1.4e-12   51.8   0.0    35   214    94   272    68   272 0.79 [190263/446/1]
190263/513/1.f:MKNBNH_06080 -            555 GH5_25.hmm           -            262     2e-14   57.8   0.2   1   1   2.5e-17   5.2e-14   56.4   0.1    49   172   335   455   290   461 0.91 [190263/513/1]
190263/369/1.f:JCDIFE_07130 -            323 GH5_25.hmm           -            262   4.1e-14   56.7   2.9   1   1   7.4e-17   1.5e-13   54.9   0.4    46   172   107   224    94   228 0.88 [190263/369/1]
190263/461/1.f:DHPHOK_02155 -            326 GH5_25.hmm           -            262   4.2e-14   56.7   3.0   1   1   8.1e-17   1.7e-13   54.8   0.4    46   172   107   224    94   228 0.88 [190263/461/1]
190263/475/1.f:MCKEEP_04305 -            325 GH5_25.hmm           -            262   4.3e-14   56.7   0.8   1   1   2.1e-17   4.3e-14   56.7   0.8    39   172    91   216    76   222 0.86 [190263/475/1]
190263/573/1.f:LIDFCI_19315 -            325 GH5_25.hmm           -            262   4.3e-14   56.7   0.8   1   1   2.1e-17   4.3e-14   56.7   0.8    39   172    91   216    76   222 0.86 [190263/573/1]
190263/513/1.f:MKNBNH_00300 -            356 GH5_25.hmm           -            262     7e-14   56.0   0.2   1   1   8.3e-16   1.7e-12   51.4   0.0    10   172    83   246    73   253 0.78 [190263/513/1]
190263/457/1.f:IIKDLL_05935 -            404 GH5_25.hmm           -            262   8.2e-14   55.8   0.1   1   1   6.3e-17   1.3e-13   55.1   0.1    47   172   182   303   143   310 0.90 [190263/457/1]
190263/513/1.f:MKNBNH_00580 -            348 GH5_25.hmm           -            262   1.1e-13   55.3   0.0   1   1   8.1e-17   1.7e-13   54.8   0.0     7   208    89   290    85   343 0.79 [190263/513/1]
190263/552/1.f:EMALNL_04170 -            325 GH5_25.hmm           -            262     2e-13   54.5   0.9   1   1   9.5e-17     2e-13   54.5   0.9    39   172    91   216    78   221 0.85 [190263/552/1]
190263/562/1.f:KJGNCK_06285 -            323 GH5_25.hmm           -            262   1.2e-12   52.0   1.6   1   1   5.6e-16   1.2e-12   52.0   1.6    39   172    91   216    78   222 0.85 [190263/562/1]
190263/437/1.f:LBKKEJ_11760 -            322 GH5_25.hmm           -            262   1.2e-12   52.0   0.8   1   1   5.7e-16   1.2e-12   52.0   0.8    44   175   104   226    92   233 0.89 [190263/437/1]
190263/405/1.f:EHKDKA_01955 -            326 GH5_25.hmm           -            262   1.4e-12   51.7   6.7   1   1   9.2e-16   1.9e-12   51.3   1.2    46   172   109   226    95   231 0.87 [190263/405/1]
#
# Program:         hmmsearch
# Version:         3.3.2 (Nov 2020)
# Pipeline mode:   SEARCH
# Query file:      /kb/module/work/tmp/output.1725388484971/GH5_25/GH5_25.hmm
# Target file:     /kb/module/work/tmp/output.1725388484971/hCom2_RAST.fasta
# Option settings: /kb/module/hmmer/bin/hmmsearch --domtblout /kb/module/work/tmp/output.1725388484971/GH5_25/GH5_25-hCom2_RAST.hitout.txt --noali --notextw --domE 1e-15 /kb/module/work/tmp/output.1725388484971/GH5_25/GH5_25.hmm /kb/module/work/tmp/output.1725388484971/hCom2_RAST.fasta 
# Current dir:     /kb/module/work/tmp/output.1725388484971
# Date:            Tue Sep  3 18:46:47 2024
# [ok]
