#                                                                                   --- full sequence --- -------------- this domain -------------   hmm coord   ali coord   env coord
# target name               accession   tlen query name           accession   qlen   E-value  score  bias   #  of  c-Evalue  i-Evalue  score  bias  from    to  from    to  from    to  acc description of target
#       ------------------- ---------- ----- -------------------- ---------- ----- --------- ------ ----- --- --- --------- --------- ------ ----- ----- ----- ----- ----- ----- ----- ---- ---------------------
190263/513/1.f:MKNBNH_11750 -            343 GH5_37.hmm           -            313  3.3e-136  458.2   0.4   1   1  1.5e-139  3.7e-136  458.0   0.4     1   313    10   325    10   325 0.98 [190263/513/1]
190263/412/1.f:OOIBGL_13675 -            341 GH5_37.hmm           -            313  1.3e-133  449.7   0.0   1   1    6e-137  1.5e-133  449.5   0.0     1   313    10   323    10   323 0.99 [190263/412/1]
190263/400/1.f:EIBLKL_02485 -            341 GH5_37.hmm           -            313  7.6e-132  443.9   0.9   1   1  3.5e-135  8.5e-132  443.7   0.9     1   313    10   323    10   323 0.98 [190263/400/1]
190263/532/1.f:BGDBBA_12620 -            343 GH5_37.hmm           -            313  2.6e-125  422.4   0.3   1   1  1.2e-128  2.9e-125  422.3   0.3     1   313    10   325    10   325 0.97 [190263/532/1]
190263/396/1.f:KAAOMA_18305 -            316 GH5_37.hmm           -            313  2.1e-122  412.9   6.3   1   2  1.5e-103  3.7e-100  339.8   1.3     1   220    10   229    10   234 0.99 [190263/396/1]
190263/396/1.f:KAAOMA_18305 -            316 GH5_37.hmm           -            313  2.1e-122  412.9   6.3   2   2   1.2e-23   2.9e-20   77.3   0.3   245   313   230   298   227   298 0.96 [190263/396/1]
190263/580/1.f:JCPJNN_02145 -            357 GH5_37.hmm           -            313   2.2e-87  297.8   0.3   1   1     1e-90   2.5e-87  297.6   0.3     1   313     9   334     9   334 0.92 [190263/580/1]
190263/365/1.f:JJMMAK_12145 -            364 GH5_37.hmm           -            313   3.2e-79  271.0   3.1   1   1   1.6e-82     4e-79  270.7   3.1     1   309    32   339    32   341 0.96 [190263/365/1]
190263/562/1.f:KJGNCK_21975 -            508 GH5_37.hmm           -            313   8.5e-74  253.2   0.3   1   1   4.5e-77   1.1e-73  252.8   0.3     1   310    44   351    44   353 0.94 [190263/562/1]
190263/562/1.f:KJGNCK_21985 -            607 GH5_37.hmm           -            313   7.4e-72  246.8   0.6   1   1   4.1e-75     1e-71  246.4   0.6     1   310   143   450   143   452 0.94 [190263/562/1]
190263/595/1.f:HGDLEC_08030 -            392 GH5_37.hmm           -            313   7.6e-67  230.4   0.1   1   1   3.8e-70   9.3e-67  230.1   0.1     1   310    52   369    52   372 0.92 [190263/595/1]
190263/562/1.f:KJGNCK_05735 -            544 GH5_37.hmm           -            313   1.8e-66  229.2   0.3   1   2   1.4e-18   3.5e-15   60.7   0.0     1    92    44   132    44   149 0.89 [190263/562/1]
190263/562/1.f:KJGNCK_05735 -            544 GH5_37.hmm           -            313   1.8e-66  229.2   0.3   2   2   7.9e-51   1.9e-47  166.6   0.1    96   310   308   522   301   524 0.93 [190263/562/1]
190263/585/1.f:DLBDDB_04795 -            544 GH5_37.hmm           -            313   2.2e-66  228.8   0.3   1   2   1.4e-18   3.5e-15   60.7   0.0     1    92    44   132    44   149 0.89 [190263/585/1]
190263/585/1.f:DLBDDB_04795 -            544 GH5_37.hmm           -            313   2.2e-66  228.8   0.3   2   2     1e-50   2.5e-47  166.2   0.1    96   310   308   522   301   524 0.94 [190263/585/1]
190263/437/1.f:LBKKEJ_07885 -            416 GH5_37.hmm           -            313   4.6e-41  145.7   1.4   1   1   1.4e-39   3.4e-36  129.6   0.1    16   193    97   286    91   292 0.86 [190263/437/1]
190263/446/1.f:LHJMMB_05365 -            577 GH5_37.hmm           -            313   5.8e-41  145.3   0.0   1   1   3.1e-44   7.7e-41  144.9   0.0     1   307   227   529   227   534 0.90 [190263/446/1]
190263/421/1.f:PBKEAC_12465 -            577 GH5_37.hmm           -            313   5.9e-41  145.3   0.0   1   1   3.1e-44   7.7e-41  144.9   0.0     1   307   227   529   227   534 0.90 [190263/421/1]
190263/366/1.f:DBJPFP_05165 -            577 GH5_37.hmm           -            313   8.3e-41  144.8   0.0   1   1   4.4e-44   1.1e-40  144.4   0.0     1   307   227   529   227   534 0.90 [190263/366/1]
190263/405/1.f:EHKDKA_04435 -            415 GH5_37.hmm           -            313   5.4e-39  138.9   0.6   1   1     2e-37   4.9e-34  122.6   0.1    18   193   100   287    92   293 0.86 [190263/405/1]
190263/369/1.f:JCDIFE_05075 -            416 GH5_37.hmm           -            313   1.6e-38  137.3   0.6   1   1   5.4e-37   1.3e-33  121.1   0.1    18   193   101   288    93   294 0.85 [190263/369/1]
190263/502/1.f:NONHGB_04090 -            415 GH5_37.hmm           -            313   3.3e-38  136.3   0.4   1   1   8.9e-37   2.2e-33  120.4   0.1    18   193   100   287    92   293 0.85 [190263/502/1]
190263/461/1.f:DHPHOK_05495 -            416 GH5_37.hmm           -            313   5.3e-38  135.6   0.6   1   1   7.9e-37   1.9e-33  120.6   0.1    18   193   101   288    93   299 0.85 [190263/461/1]
190263/366/1.f:DBJPFP_06635 -            414 GH5_37.hmm           -            313   8.5e-38  134.9   0.2   1   1   4.5e-37   1.1e-33  121.4   0.0    19   194    98   285    90   292 0.87 [190263/366/1]
190263/461/1.f:DHPHOK_03780 -            470 GH5_37.hmm           -            313   2.4e-31  113.7   0.5   1   1   2.8e-29   6.8e-26   95.8   0.2    19   223   179   384   163   393 0.85 [190263/461/1]
190263/409/1.f:AJJCMD_27945 -            489 GH5_37.hmm           -            313     1e-28  105.1   3.5   1   1   8.1e-29     2e-25   94.3   1.0    15   196    64   265    59   302 0.83 [190263/409/1]
190263/580/1.f:JCPJNN_03075 -            446 GH5_37.hmm           -            313   3.2e-28  103.5   0.0   1   1   6.6e-27   1.6e-23   88.0   0.0    20   194    68   248    57   254 0.89 [190263/580/1]
190263/409/1.f:AJJCMD_29030 -            452 GH5_37.hmm           -            313   1.6e-27  101.1   0.0   1   1   7.4e-26   1.8e-22   84.6   0.0    20   194    68   248    59   252 0.90 [190263/409/1]
190263/396/1.f:KAAOMA_14180 -            947 GH5_37.hmm           -            313   1.5e-25   94.7   8.7   1   1   6.4e-18   1.6e-14   58.5   0.9    26   224    84   290    79   299 0.80 [190263/396/1]
190263/580/1.f:JCPJNN_16395 -            537 GH5_37.hmm           -            313   3.4e-25   93.5   0.0   1   1   1.3e-25   3.1e-22   83.8   0.0    18   194    78   268    73   271 0.83 [190263/580/1]
190263/475/1.f:MCKEEP_04325 -            361 GH5_37.hmm           -            313   1.3e-21   81.7   0.3   1   1   6.2e-24   1.5e-20   78.3   0.1    21   193    63   248    41   251 0.82 [190263/475/1]
190263/573/1.f:LIDFCI_19295 -            361 GH5_37.hmm           -            313   1.3e-21   81.7   0.3   1   1   6.2e-24   1.5e-20   78.3   0.1    21   193    63   248    41   251 0.82 [190263/573/1]
190263/562/1.f:KJGNCK_06265 -            361 GH5_37.hmm           -            313   1.4e-21   81.7   0.2   1   1   1.1e-23   2.8e-20   77.4   0.1    21   193    63   248    41   251 0.82 [190263/562/1]
190263/552/1.f:EMALNL_04190 -            361 GH5_37.hmm           -            313   1.4e-21   81.7   0.3   1   1   6.2e-24   1.5e-20   78.3   0.1    21   193    63   248    41   251 0.82 [190263/552/1]
190263/439/1.f:KGLJGB_01145 -           1137 GH5_37.hmm           -            313   5.2e-21   79.8   1.1   1   1     4e-24   9.9e-21   78.9   1.1    19   194   111   291   100   338 0.87 [190263/439/1]
190263/573/1.f:LIDFCI_19275 -            346 GH5_37.hmm           -            313   3.6e-20   77.0   1.3   1   1   2.3e-22   5.8e-19   73.1   0.6    17   193    53   234    35   237 0.82 [190263/573/1]
190263/552/1.f:EMALNL_04200 -            346 GH5_37.hmm           -            313   3.7e-20   77.0   1.3   1   1   2.3e-22   5.8e-19   73.1   0.6    17   193    53   234    35   237 0.82 [190263/552/1]
190263/562/1.f:KJGNCK_06255 -            346 GH5_37.hmm           -            313   1.3e-18   71.9   0.4   1   1   1.9e-20   4.6e-17   66.8   0.2    17   193    53   234    35   236 0.82 [190263/562/1]
190263/475/1.f:MCKEEP_04335 -            346 GH5_37.hmm           -            313   2.5e-18   71.0   0.6   1   1     2e-20   4.9e-17   66.7   0.2    17   193    53   234    35   237 0.82 [190263/475/1]
190263/439/1.f:KGLJGB_09080 -           1182 GH5_37.hmm           -            313   2.6e-18   70.9   2.3   1   1   1.1e-21   2.6e-18   70.9   2.3    19   194   117   305   107   310 0.85 [190263/439/1]
190263/546/1.f:GEHMID_14985 -            382 GH5_37.hmm           -            313   4.7e-17   66.8   0.1   1   1   5.1e-20   1.2e-16   65.4   0.0    14   133    47   168    33   175 0.85 [190263/546/1]
190263/396/1.f:KAAOMA_12410 -            691 GH5_37.hmm           -            313   1.3e-16   65.4   3.0   1   1   2.5e-16   6.1e-13   53.3   0.5    24   199   402   586   399   594 0.80 [190263/396/1]
190263/400/1.f:EIBLKL_07610 -            498 GH5_37.hmm           -            313   3.6e-16   63.9   5.0   1   1   1.1e-18   2.6e-15   61.0   4.0    27   200   203   392   198   419 0.78 [190263/400/1]
190263/400/1.f:EIBLKL_11415 -            493 GH5_37.hmm           -            313   3.7e-16   63.9   3.8   1   1   3.5e-18   8.7e-15   59.3   1.3    21   199   160   361   136   368 0.75 [190263/400/1]
190263/400/1.f:EIBLKL_04565 -            389 GH5_37.hmm           -            313     1e-15   62.4   5.0   1   1   4.6e-17   1.1e-13   55.7   3.2     5   206    62   285    51   291 0.73 [190263/400/1]
190263/434/1.f:NCAOKI_04590 -            354 GH5_37.hmm           -            313   1.6e-15   61.7   0.0   1   1   1.7e-18   4.1e-15   60.4   0.0    14   194    49   247    43   260 0.75 [190263/434/1]
190263/412/1.f:OOIBGL_12675 -            754 GH5_37.hmm           -            313   2.1e-15   61.4  11.3   1   1   2.2e-16   5.4e-13   53.5   5.9    26   202    85   276    78   287 0.79 [190263/412/1]
190263/405/1.f:EHKDKA_08245 -            598 GH5_37.hmm           -            313     3e-15   60.9   0.9   1   1   6.5e-17   1.6e-13   55.2   0.2    26   207   263   469   248   488 0.80 [190263/405/1]
190263/460/1.f:IHFGKI_02315 -            444 GH5_37.hmm           -            313   5.5e-15   60.0   9.0   1   1   6.4e-18   1.6e-14   58.5   9.0    29   264   148   404   130   412 0.77 [190263/460/1]
190263/514/1.f:MMHOAN_13685 -            290 GH5_37.hmm           -            313   6.6e-15   59.7   7.0   1   1   6.7e-18   1.6e-14   58.4   7.0    19   174    76   243    54   284 0.70 [190263/514/1]
190263/565/1.f:PAEINE_02490 -            353 GH5_37.hmm           -            313   1.6e-14   58.5   0.0   1   1   9.6e-18   2.4e-14   57.9   0.0    13   131    47   172    40   246 0.87 [190263/565/1]
190263/595/1.f:HGDLEC_01625 -            494 GH5_37.hmm           -            313   3.3e-14   57.4   3.0   1   1   1.5e-16   3.8e-13   54.0   0.6    19   204   188   389   177   402 0.77 [190263/595/1]
190263/455/1.f:GDGJDA_02900 -            388 GH5_37.hmm           -            313   4.3e-14   57.0   2.3   1   1   9.1e-17   2.2e-13   54.7   0.0    15   142    48   174    37   181 0.86 [190263/455/1]
190263/474/1.f:AMDJJA_07615 -            422 GH5_37.hmm           -            313   4.6e-14   57.0   0.0   1   1   4.7e-17   1.2e-13   55.6   0.0    16   133    58   177    52   188 0.89 [190263/474/1]
190263/420/1.f:GMHOLO_06775 -            402 GH5_37.hmm           -            313   1.1e-13   55.7   0.1   1   1   9.7e-17   2.4e-13   54.6   0.0    16   136    52   174    46   193 0.85 [190263/420/1]
190263/527/1.f:HGADJN_07105 -            402 GH5_37.hmm           -            313   1.1e-13   55.7   0.1   1   1   9.7e-17   2.4e-13   54.6   0.0    16   136    52   174    46   193 0.85 [190263/527/1]
190263/461/1.f:DHPHOK_02880 -            477 GH5_37.hmm           -            313   1.8e-13   55.0   2.0   1   1   4.9e-16   1.2e-12   52.3   2.0     5   143   152   286   148   373 0.74 [190263/461/1]
190263/420/1.f:GMHOLO_06765 -            399 GH5_37.hmm           -            313   2.6e-13   54.5   1.3   1   1   1.5e-16   3.7e-13   54.0   0.0    15   136    58   181    48   195 0.89 [190263/420/1]
190263/527/1.f:HGADJN_07095 -            399 GH5_37.hmm           -            313   2.6e-13   54.5   1.3   1   1   1.5e-16   3.7e-13   54.0   0.0    15   136    58   181    48   195 0.89 [190263/527/1]
190263/541/1.f:IDEEIE_12870 -            391 GH5_37.hmm           -            313   3.8e-13   54.0   1.6   1   1   1.9e-16   4.6e-13   53.7   0.0    15   137    48   172    37   179 0.87 [190263/541/1]
190263/552/1.f:EMALNL_04295 -            502 GH5_37.hmm           -            313   4.8e-13   53.6   1.0   1   1     5e-16   1.2e-12   52.3   0.8    28   199   196   379   192   392 0.83 [190263/552/1]
190263/562/1.f:KJGNCK_06155 -            502 GH5_37.hmm           -            313   7.8e-13   52.9   1.3   1   1   6.8e-16   1.7e-12   51.8   0.9    27   199   195   379   191   391 0.84 [190263/562/1]
#
# Program:         hmmsearch
# Version:         3.3.2 (Nov 2020)
# Pipeline mode:   SEARCH
# Query file:      /kb/module/work/tmp/output.1725388484971/GH5_37/GH5_37.hmm
# Target file:     /kb/module/work/tmp/output.1725388484971/hCom2_RAST.fasta
# Option settings: /kb/module/hmmer/bin/hmmsearch --domtblout /kb/module/work/tmp/output.1725388484971/GH5_37/GH5_37-hCom2_RAST.hitout.txt --noali --notextw --domE 1e-15 /kb/module/work/tmp/output.1725388484971/GH5_37/GH5_37.hmm /kb/module/work/tmp/output.1725388484971/hCom2_RAST.fasta 
# Current dir:     /kb/module/work/tmp/output.1725388484971
# Date:            Tue Sep  3 18:47:02 2024
# [ok]
