#                                                                                   --- full sequence --- -------------- this domain -------------   hmm coord   ali coord   env coord
# target name               accession   tlen query name           accession   qlen   E-value  score  bias   #  of  c-Evalue  i-Evalue  score  bias  from    to  from    to  from    to  acc description of target
#       ------------------- ---------- ----- -------------------- ---------- ----- --------- ------ ----- --- --- --------- --------- ------ ----- ----- ----- ----- ----- ----- ----- ---- ---------------------
190263/461/1.f:DHPHOK_05165 -            377 GH76.hmm             -            358   2.7e-87  297.9  22.6   1   1   4.1e-90   3.4e-87  297.5  22.6    25   332    50   352    31   374 0.87 [190263/461/1]
190263/368/1.f:HPMDBE_03275 -            363 GH76.hmm             -            358   3.1e-87  297.6  11.4   1   1   4.8e-90   3.9e-87  297.3  11.4    34   338    37   349    23   362 0.89 [190263/368/1]
190263/379/1.f:LOJHAC_05605 -            363 GH76.hmm             -            358   3.1e-87  297.6  11.4   1   1   4.8e-90   3.9e-87  297.3  11.4    34   338    37   349    23   362 0.89 [190263/379/1]
190263/516/1.f:MGNFBC_08740 -            363 GH76.hmm             -            358   3.1e-87  297.6  11.4   1   1   4.8e-90   3.9e-87  297.3  11.4    34   338    37   349    23   362 0.89 [190263/516/1]
190263/437/1.f:LBKKEJ_06050 -            374 GH76.hmm             -            358   9.6e-86  292.7  16.6   1   1   1.5e-88   1.2e-85  292.4  16.6    16   337    41   357    30   370 0.87 [190263/437/1]
190263/369/1.f:JCDIFE_04635 -            377 GH76.hmm             -            358   2.6e-85  291.3  22.2   1   1   3.9e-88   3.2e-85  291.0  22.2    26   332    51   352    30   374 0.88 [190263/369/1]
190263/522/1.f:NPJBCH_03685 -            388 GH76.hmm             -            358   8.2e-85  289.7  25.5   1   1   9.9e-88   8.2e-85  289.7  25.5    13   329    42   364    31   385 0.88 [190263/522/1]
190263/573/1.f:LIDFCI_17785 -            379 GH76.hmm             -            358   1.8e-83  285.2  19.6   1   1   2.9e-86   2.4e-83  284.9  19.6    16   336    42   358    30   375 0.86 [190263/573/1]
190263/504/1.f:DOAHDM_23670 -            408 GH76.hmm             -            358   1.6e-82  282.1  17.4   1   1   2.5e-85     2e-82  281.8  17.4     2   346    47   395    46   406 0.89 [190263/504/1]
190263/401/1.f:DMFJNH_24400 -            408 GH76.hmm             -            358   6.5e-82  280.1  17.8   1   1     1e-84   8.2e-82  279.8  17.8     2   346    47   395    46   406 0.89 [190263/401/1]
190263/417/1.f:MHBJAE_04855 -            388 GH76.hmm             -            358   2.7e-79  271.5  14.8   1   1   4.3e-82   3.5e-79  271.1  14.8    16   332    39   368    25   385 0.83 [190263/417/1]
190263/488/1.f:DNPFAC_05400 -            388 GH76.hmm             -            358   2.7e-79  271.5  14.7   1   1   4.5e-82   3.7e-79  271.1  14.7     8   332    31   368    21   385 0.84 [190263/488/1]
190263/488/1.f:DNPFAC_05500 -            372 GH76.hmm             -            358   4.8e-79  270.7  19.3   1   1   7.1e-82   5.8e-79  270.4  19.3    13   318    33   338    22   359 0.88 [190263/488/1]
190263/365/1.f:JJMMAK_16485 -            397 GH76.hmm             -            358   5.1e-79  270.6  15.7   1   1   8.2e-82   6.8e-79  270.2  15.7     8   328    38   372    33   392 0.87 [190263/365/1]
190263/417/1.f:MHBJAE_04925 -            372 GH76.hmm             -            358   1.3e-78  269.3  20.1   1   1     2e-81   1.7e-78  268.9  20.1     9   318    31   338    23   359 0.87 [190263/417/1]
190263/497/1.f:HENFFC_17555 -            397 GH76.hmm             -            358   1.3e-78  269.3  15.2   1   1     2e-81   1.7e-78  268.9  15.2     7   328    37   372    32   392 0.87 [190263/497/1]
190263/461/1.f:DHPHOK_05035 -            390 GH76.hmm             -            358   4.4e-78  267.5   9.3   1   1   8.5e-81     7e-78  266.9   9.2     9   336    33   373    24   385 0.84 [190263/461/1]
190263/526/1.f:GBBCGM_02235 -            393 GH76.hmm             -            358   1.3e-77  266.0  11.9   1   1     2e-80   1.6e-77  265.7  11.9    41   342    66   378    32   391 0.82 [190263/526/1]
190263/562/1.f:KJGNCK_01505 -            376 GH76.hmm             -            358   7.9e-77  263.4  15.6   1   1   2.2e-79   1.8e-76  262.2  15.8    37   333    59   360    31   370 0.88 [190263/562/1]
190263/504/1.f:DOAHDM_02525 -            376 GH76.hmm             -            358   1.9e-76  262.1  15.1   1   1   6.3e-79   5.2e-76  260.7  15.2    37   333    59   360    34   370 0.89 [190263/504/1]
190263/552/1.f:EMALNL_08485 -            376 GH76.hmm             -            358   3.5e-76  261.3  15.1   1   1   1.1e-78   9.3e-76  259.9  15.2    37   333    59   360    34   370 0.89 [190263/552/1]
190263/573/1.f:LIDFCI_15060 -            376 GH76.hmm             -            358   7.3e-76  260.2  15.5   1   1   2.3e-78   1.9e-75  258.8  15.6    37   333    59   360    34   370 0.89 [190263/573/1]
190263/401/1.f:DMFJNH_08075 -            387 GH76.hmm             -            358   1.2e-75  259.5  11.7   1   1   1.9e-78   1.6e-75  259.1  11.7    37   330    68   366    35   381 0.88 [190263/401/1]
190263/504/1.f:DOAHDM_08570 -            387 GH76.hmm             -            358   3.9e-75  257.8  11.9   1   1   6.1e-78     5e-75  257.5  11.9    37   330    68   366    35   381 0.88 [190263/504/1]
190263/475/1.f:MCKEEP_01265 -            376 GH76.hmm             -            358   4.5e-75  257.6  15.3   1   1   9.3e-78   7.7e-75  256.9  15.3    37   333    59   360    20   369 0.88 [190263/475/1]
190263/585/1.f:DLBDDB_02885 -            386 GH76.hmm             -            358   4.2e-74  254.4  10.1   1   1   6.6e-77   5.4e-74  254.1  10.1    30   328    57   360    21   378 0.83 [190263/585/1]
190263/504/1.f:DOAHDM_02480 -            517 GH76.hmm             -            358     4e-73  251.2  11.5   1   1   6.9e-76   5.7e-73  250.7  11.5    31   330   164   487   145   508 0.84 [190263/504/1]
190263/475/1.f:MCKEEP_06415 -            386 GH76.hmm             -            358   8.7e-73  250.1  13.9   1   1   1.3e-75   1.1e-72  249.8  13.9    33   328    49   360    19   380 0.81 [190263/475/1]
190263/552/1.f:EMALNL_05875 -            387 GH76.hmm             -            358     1e-71  246.5  12.2   1   1   1.6e-74   1.3e-71  246.2  12.2    30   328    57   360    22   378 0.84 [190263/552/1]
190263/562/1.f:KJGNCK_04365 -            387 GH76.hmm             -            358     1e-71  246.5  12.2   1   1   1.6e-74   1.3e-71  246.2  12.2    30   328    57   360    22   378 0.84 [190263/562/1]
190263/437/1.f:LBKKEJ_08015 -            409 GH76.hmm             -            358   8.1e-71  243.6  11.5   1   1   1.3e-73   1.1e-70  243.3  11.5    24   332    46   388    25   402 0.86 [190263/437/1]
190263/401/1.f:DMFJNH_06565 -            420 GH76.hmm             -            358   3.9e-70  241.4  13.9   1   1   6.3e-73   5.2e-70  241.0  13.9    30   333    60   399    17   412 0.87 [190263/401/1]
190263/504/1.f:DOAHDM_07205 -            420 GH76.hmm             -            358   3.9e-70  241.4  13.9   1   1   6.3e-73   5.2e-70  241.0  13.9    30   333    60   399    17   412 0.87 [190263/504/1]
190263/562/1.f:KJGNCK_02965 -            419 GH76.hmm             -            358   7.2e-70  240.5  15.3   1   1   1.1e-72   9.1e-70  240.2  15.3    29   333    58   398    27   412 0.85 [190263/562/1]
190263/556/1.f:EMIPPF_10110 -            394 GH76.hmm             -            358   7.9e-70  240.4   9.2   1   1   1.6e-72   1.4e-69  239.6   9.1    40   332    72   370    32   389 0.82 [190263/556/1]
190263/446/1.f:LHJMMB_02105 -            403 GH76.hmm             -            358   8.4e-70  240.3  22.2   1   1   1.3e-72   1.1e-69  239.9  22.2    22   341    56   397    38   402 0.83 [190263/446/1]
190263/502/1.f:NONHGB_04625 -            399 GH76.hmm             -            358   1.2e-69  239.8  13.8   1   1     2e-72   1.6e-69  239.3  13.8    32   329    70   382    27   398 0.83 [190263/502/1]
190263/475/1.f:MCKEEP_01235 -            463 GH76.hmm             -            358   1.4e-69  239.5  12.6   1   1   2.1e-72   1.7e-69  239.3  12.6     2   329    51   408    50   449 0.85 [190263/475/1]
190263/552/1.f:EMALNL_08515 -            463 GH76.hmm             -            358   1.4e-69  239.5  12.6   1   1   2.1e-72   1.7e-69  239.3  12.6     2   329    51   408    50   449 0.85 [190263/552/1]
190263/562/1.f:KJGNCK_01475 -            463 GH76.hmm             -            358   1.4e-69  239.5  12.6   1   1   2.1e-72   1.7e-69  239.3  12.6     2   329    51   408    50   449 0.85 [190263/562/1]
190263/573/1.f:LIDFCI_15030 -            463 GH76.hmm             -            358   1.6e-69  239.4  13.4   1   1   2.4e-72   1.9e-69  239.1  13.4     2   329    51   408    50   449 0.85 [190263/573/1]
190263/502/1.f:NONHGB_04650 -            419 GH76.hmm             -            358   2.5e-69  238.7   9.1   1   1     4e-72   3.3e-69  238.3   9.1    24   333    56   398    26   411 0.84 [190263/502/1]
190263/417/1.f:MHBJAE_20135 -            399 GH76.hmm             -            358   2.6e-69  238.6  11.0   1   1   4.2e-72   3.5e-69  238.3  11.0    28   329    70   382    46   398 0.82 [190263/417/1]
190263/573/1.f:LIDFCI_16630 -            419 GH76.hmm             -            358   4.8e-69  237.8  16.9   1   1   7.3e-72     6e-69  237.5  16.9    28   336    57   401    27   412 0.86 [190263/573/1]
190263/552/1.f:EMALNL_07195 -            419 GH76.hmm             -            358     1e-68  236.7  17.6   1   1   1.6e-71   1.3e-68  236.4  17.6    28   336    57   401    27   412 0.86 [190263/552/1]
190263/475/1.f:MCKEEP_07815 -            398 GH76.hmm             -            358     1e-68  236.7  14.4   1   1   1.7e-71   1.4e-68  236.3  14.4    34   323    59   363    26   392 0.84 [190263/475/1]
190263/475/1.f:MCKEEP_07820 -            419 GH76.hmm             -            358   1.1e-68  236.6  17.0   1   1   1.7e-71   1.4e-68  236.3  17.0    28   336    57   401    27   412 0.86 [190263/475/1]
190263/504/1.f:DOAHDM_08615 -            525 GH76.hmm             -            358   1.4e-68  236.3  10.5   1   1   2.4e-71     2e-68  235.7  10.5     7   320   157   487   153   500 0.84 [190263/504/1]
190263/401/1.f:DMFJNH_08120 -            525 GH76.hmm             -            358     2e-68  235.7  10.3   1   1   3.6e-71   2.9e-68  235.2  10.3     7   320   157   487   153   500 0.85 [190263/401/1]
190263/562/1.f:KJGNCK_23585 -            398 GH76.hmm             -            358   2.3e-68  235.5  14.6   1   1   3.8e-71   3.1e-68  235.1  14.6    41   322    68   362    26   391 0.84 [190263/562/1]
190263/446/1.f:LHJMMB_02090 -            396 GH76.hmm             -            358   2.8e-68  235.3   9.1   1   1   6.9e-71   5.7e-68  234.3   9.1    30   332    62   369    27   391 0.81 [190263/446/1]
190263/405/1.f:EHKDKA_05080 -            399 GH76.hmm             -            358   3.7e-68  234.9  12.4   1   1   6.1e-71     5e-68  234.4  12.4    32   330    70   376    53   398 0.83 [190263/405/1]
190263/573/1.f:LIDFCI_17790 -            392 GH76.hmm             -            358   2.4e-67  232.2   7.3   1   1   3.9e-70   3.2e-67  231.8   7.3    33   329    67   371    44   390 0.83 [190263/573/1]
190263/504/1.f:DOAHDM_06075 -            395 GH76.hmm             -            358   3.3e-67  231.8  14.1   1   1   5.1e-70   4.2e-67  231.4  14.1    22   332    55   374    29   394 0.79 [190263/504/1]
190263/401/1.f:DMFJNH_06550 -            428 GH76.hmm             -            358   3.8e-67  231.5  19.4   1   1   5.9e-70   4.9e-67  231.2  19.4    30   332    64   405    41   421 0.86 [190263/401/1]
190263/504/1.f:DOAHDM_07190 -            428 GH76.hmm             -            358   3.8e-67  231.5  19.4   1   1   5.9e-70   4.9e-67  231.2  19.4    30   332    64   405    41   421 0.86 [190263/504/1]
190263/369/1.f:JCDIFE_04610 -            409 GH76.hmm             -            358   7.6e-67  230.6  10.4   1   1   1.2e-69   9.9e-67  230.2  10.4    24   329    67   390    57   408 0.82 [190263/369/1]
190263/401/1.f:DMFJNH_05405 -            395 GH76.hmm             -            358     1e-66  230.1  14.9   1   1   1.5e-69   1.2e-66  229.8  14.9    25   329    58   378    27   395 0.80 [190263/401/1]
190263/461/1.f:DHPHOK_05140 -            409 GH76.hmm             -            358   1.1e-65  226.7  10.7   1   1   1.8e-68   1.5e-65  226.3  10.7    23   329    66   390    55   408 0.83 [190263/461/1]
190263/437/1.f:LBKKEJ_06025 -            395 GH76.hmm             -            358   1.3e-65  226.5   6.4   1   1     2e-68   1.7e-65  226.1   6.4    42   324    73   363    29   392 0.86 [190263/437/1]
190263/552/1.f:EMALNL_07180 -            439 GH76.hmm             -            358   1.7e-65  226.2  19.7   1   1   2.7e-68   2.2e-65  225.7  19.7    29   328    63   413    42   431 0.89 [190263/552/1]
190263/573/1.f:LIDFCI_16645 -            439 GH76.hmm             -            358   1.8e-65  226.0  19.8   1   1     3e-68   2.5e-65  225.6  19.8    29   328    63   413    42   431 0.88 [190263/573/1]
190263/556/1.f:EMIPPF_10115 -            388 GH76.hmm             -            358   2.9e-64  222.0   4.5   1   1   4.7e-67   3.8e-64  221.7   4.5    44   329    73   371    49   387 0.84 [190263/556/1]
190263/562/1.f:KJGNCK_02980 -            439 GH76.hmm             -            358   3.9e-64  221.6  21.4   1   1   6.2e-67   5.1e-64  221.2  21.4    30   328    64   413    40   431 0.88 [190263/562/1]
190263/366/1.f:DBJPFP_00095 -            394 GH76.hmm             -            358   7.6e-63  217.4   1.6   1   1   1.3e-65     1e-62  216.9   1.6    46   329    60   376    24   393 0.80 [190263/366/1]
190263/475/1.f:MCKEEP_24395 -            399 GH76.hmm             -            358   2.2e-62  215.9   7.1   1   1   3.5e-65   2.9e-62  215.5   7.1     6   333    33   367    29   390 0.84 [190263/475/1]
190263/573/1.f:LIDFCI_23505 -            399 GH76.hmm             -            358   2.3e-62  215.8   6.9   1   1   3.5e-65   2.9e-62  215.5   6.9     7   333    34   367    28   390 0.83 [190263/573/1]
190263/552/1.f:EMALNL_24820 -            399 GH76.hmm             -            358   1.5e-61  213.1   6.9   1   1   2.4e-64     2e-61  212.7   6.9     6   333    33   367    29   390 0.84 [190263/552/1]
190263/585/1.f:DLBDDB_20930 -            382 GH76.hmm             -            358   1.6e-61  213.1   7.2   1   1   2.3e-64   1.9e-61  212.8   7.2     6   333    17   351    12   372 0.85 [190263/585/1]
190263/461/1.f:DHPHOK_01600 -            409 GH76.hmm             -            358     3e-61  212.2   7.8   1   1   4.7e-64   3.8e-61  211.8   7.8    44   329    89   390    51   406 0.85 [190263/461/1]
190263/552/1.f:EMALNL_09440 -            519 GH76.hmm             -            358   3.1e-60  208.8  14.2   1   1   5.2e-63   4.3e-60  208.3  14.2    33   313   166   468   130   484 0.86 [190263/552/1]
190263/437/1.f:LBKKEJ_03060 -            394 GH76.hmm             -            358   4.1e-57  198.5  16.7   1   1   8.3e-60   6.8e-57  197.8  16.3     7   331    34   365    28   382 0.81 [190263/437/1]
190263/401/1.f:DMFJNH_06365 -            492 GH76.hmm             -            358   1.4e-52  183.7  16.8   1   1   2.3e-55   1.9e-52  183.2  16.8    22   337   161   474   148   490 0.84 [190263/401/1]
190263/504/1.f:DOAHDM_07090 -            492 GH76.hmm             -            358   1.4e-52  183.7  16.8   1   1   2.3e-55   1.9e-52  183.2  16.8    22   337   161   474   148   490 0.84 [190263/504/1]
190263/366/1.f:DBJPFP_00195 -            367 GH76.hmm             -            358   3.8e-52  182.2   4.5   1   1   5.6e-55   4.6e-52  181.9   4.5    56   333     1   335     1   359 0.81 [190263/366/1]
190263/522/1.f:NPJBCH_12035 -           1325 GH76.hmm             -            358   4.3e-52  182.0  12.5   1   1   1.1e-54   9.4e-52  180.9  12.5    33   328   196   499   174   535 0.85 [190263/522/1]
190263/556/1.f:EMIPPF_01260 -            401 GH76.hmm             -            358   1.1e-50  177.4   5.1   1   1   1.7e-53   1.4e-50  177.0   5.1     8   332    36   368    31   394 0.86 [190263/556/1]
190263/439/1.f:KGLJGB_09065 -           1384 GH76.hmm             -            358   4.8e-50  175.3  23.2   1   1   5.8e-53   4.8e-50  175.3  23.2     8   340   193   514   188   534 0.88 [190263/439/1]
190263/437/1.f:LBKKEJ_03065 -            401 GH76.hmm             -            358   6.9e-49  171.5  13.6   1   1   1.1e-51   8.9e-49  171.1  13.6    24   333    51   381    37   399 0.82 [190263/437/1]
190263/475/1.f:MCKEEP_24400 -            408 GH76.hmm             -            358     9e-49  171.1   9.5   1   1   1.4e-51   1.1e-48  170.8   9.5    16   329    55   381    41   401 0.83 [190263/475/1]
190263/573/1.f:LIDFCI_23500 -            408 GH76.hmm             -            358   2.4e-48  169.7   9.6   1   1   3.8e-51   3.2e-48  169.3   9.6    17   329    60   381    40   401 0.81 [190263/573/1]
190263/552/1.f:EMALNL_24825 -            408 GH76.hmm             -            358   7.8e-48  168.0   9.3   1   1   1.2e-50     1e-47  167.7   9.3    17   329    60   381    40   401 0.80 [190263/552/1]
190263/585/1.f:DLBDDB_20935 -            408 GH76.hmm             -            358   1.2e-47  167.5   8.9   1   1   1.8e-50   1.5e-47  167.1   8.9    16   330    55   382    42   400 0.82 [190263/585/1]
190263/556/1.f:EMIPPF_13920 -            392 GH76.hmm             -            358   1.9e-43  153.6  13.8   1   1   7.2e-45   5.9e-42  148.7  13.1    28   262    68   309    44   321 0.84 [190263/556/1]
190263/401/1.f:DMFJNH_03800 -            396 GH76.hmm             -            358   3.9e-40  142.7  14.4   1   1     8e-43   6.6e-40  141.9  11.8    70   262   101   310    44   321 0.81 [190263/401/1]
190263/504/1.f:DOAHDM_04230 -            396 GH76.hmm             -            358   3.9e-40  142.7  14.4   1   1     8e-43   6.6e-40  141.9  11.8    70   262   101   310    44   321 0.81 [190263/504/1]
190263/369/1.f:JCDIFE_01300 -            482 GH76.hmm             -            358     2e-39  140.4  12.1   1   1   4.2e-42   3.5e-39  139.6  11.7    24   330    64   453    43   477 0.82 [190263/369/1]
190263/461/1.f:DHPHOK_01475 -            485 GH76.hmm             -            358   1.3e-37  134.4  15.1   1   1   2.2e-40   1.8e-37  133.9  15.1    24   326    67   453    47   480 0.81 [190263/461/1]
190263/466/1.f:PGJOII_06025 -            481 GH76.hmm             -            358   1.7e-37  134.0  13.9   1   1   2.9e-40   2.4e-37  133.5  13.9    24   332    63   454    44   475 0.80 [190263/466/1]
190263/437/1.f:LBKKEJ_06075 -            237 GH76.hmm             -            358   3.4e-37  133.0  11.5   1   1     5e-40   4.1e-37  132.7  11.5     2   192    29   230    28   236 0.88 [190263/437/1]
190263/556/1.f:EMIPPF_03770 -            424 GH76.hmm             -            358   1.6e-30  111.1  23.6   1   1   4.2e-33   3.5e-30  110.0  23.5    26   328    79   391    52   421 0.71 [190263/556/1]
#
# Program:         hmmsearch
# Version:         3.3.2 (Nov 2020)
# Pipeline mode:   SEARCH
# Query file:      /kb/module/work/tmp/output.1725388484971/GH76/GH76.hmm
# Target file:     /kb/module/work/tmp/output.1725388484971/hCom2_RAST.fasta
# Option settings: /kb/module/hmmer/bin/hmmsearch --domtblout /kb/module/work/tmp/output.1725388484971/GH76/GH76-hCom2_RAST.hitout.txt --noali --notextw --domE 1e-15 /kb/module/work/tmp/output.1725388484971/GH76/GH76.hmm /kb/module/work/tmp/output.1725388484971/hCom2_RAST.fasta 
# Current dir:     /kb/module/work/tmp/output.1725388484971
# Date:            Tue Sep  3 18:54:12 2024
# [ok]
