#                                                                                   --- full sequence --- -------------- this domain -------------   hmm coord   ali coord   env coord
# target name               accession   tlen query name           accession   qlen   E-value  score  bias   #  of  c-Evalue  i-Evalue  score  bias  from    to  from    to  from    to  acc description of target
#       ------------------- ---------- ----- -------------------- ---------- ----- --------- ------ ----- --- --- --------- --------- ------ ----- ----- ----- ----- ----- ----- ----- ---- ---------------------
190263/531/1.f:KJIPPC_02830 -            495 GH77.hmm             -            494  2.4e-179  601.7   0.1   1   1  1.1e-182  2.7e-179  601.6   0.1     1   492     8   493     8   495 0.96 [190263/531/1]
190263/557/1.f:DOLMEB_03515 -            522 GH77.hmm             -            494  6.5e-179  600.3   0.2   1   1  3.2e-182  7.5e-179  600.1   0.2     1   492     9   488     9   490 0.97 [190263/557/1]
190263/549/1.f:CNBDFB_12225 -            508 GH77.hmm             -            494  7.5e-179  600.1   0.0   1   1  3.7e-182  8.7e-179  599.9   0.0     1   492     8   493     8   495 0.96 [190263/549/1]
190263/478/1.f:BOCJFA_12835 -            514 GH77.hmm             -            494  9.6e-179  599.7   0.2   1   1  4.8e-182  1.1e-178  599.5   0.2     1   492     8   490     8   492 0.96 [190263/478/1]
190263/423/1.f:PDNKFB_03335 -            524 GH77.hmm             -            494  2.3e-178  598.4   0.4   1   1  1.2e-181  2.8e-178  598.2   0.4     1   492     8   488     8   490 0.96 [190263/423/1]
190263/546/1.f:GEHMID_11740 -            494 GH77.hmm             -            494  2.4e-178  598.4   0.4   1   1  1.2e-181  2.7e-178  598.2   0.4     1   492     9   491     9   493 0.96 [190263/546/1]
190263/452/1.f:PEIHBN_07680 -            502 GH77.hmm             -            494  2.1e-176  592.0   0.4   1   1    1e-179  2.4e-176  591.8   0.4     1   492     8   493     8   495 0.96 [190263/452/1]
190263/512/1.f:JBCLGH_02745 -            495 GH77.hmm             -            494  9.9e-176  589.8   0.0   1   1  5.2e-179  1.2e-175  589.5   0.0     1   471     9   472     9   490 0.96 [190263/512/1]
190263/520/1.f:GGDGDE_07960 -            513 GH77.hmm             -            494    2e-175  588.7   0.2   1   1    1e-178  2.4e-175  588.5   0.2     1   488     8   484     8   490 0.95 [190263/520/1]
190263/507/1.f:KPMKPI_00840 -            492 GH77.hmm             -            494    8e-175  586.8   0.6   1   1    4e-178  9.2e-175  586.6   0.6     1   491     8   487     8   490 0.96 [190263/507/1]
190263/455/1.f:GDGJDA_10110 -            543 GH77.hmm             -            494  1.1e-174  586.3   0.0   1   1  5.5e-178  1.3e-174  586.1   0.0     1   492    37   519    37   521 0.96 [190263/455/1]
190263/433/1.f:ADFNDI_11775 -            524 GH77.hmm             -            494  2.7e-174  585.0   0.2   1   1  1.4e-177  3.3e-174  584.8   0.2     2   481     9   479     8   492 0.95 [190263/433/1]
190263/478/1.f:BOCJFA_00905 -            502 GH77.hmm             -            494  2.9e-174  584.9   1.9   1   1  1.5e-177  3.5e-174  584.7   1.9     1   486    10   489    10   496 0.95 [190263/478/1]
190263/513/1.f:MKNBNH_10310 -            499 GH77.hmm             -            494  5.6e-174  584.0   2.1   1   1  2.9e-177  6.8e-174  583.7   2.1     1   489     9   491     9   495 0.95 [190263/513/1]
190263/495/1.f:ANKNCD_15410 -            507 GH77.hmm             -            494  8.3e-174  583.4   0.1   1   1  4.2e-177  9.8e-174  583.2   0.1     1   490     8   486     8   490 0.96 [190263/495/1]
190263/531/1.f:KJIPPC_02505 -            512 GH77.hmm             -            494  1.5e-173  582.6   1.4   1   1  7.8e-177  1.8e-173  582.3   1.4     1   489    10   492    10   496 0.95 [190263/531/1]
190263/530/1.f:LBOGMJ_11850 -            498 GH77.hmm             -            494  1.9e-173  582.2   0.2   1   1    1e-176  2.3e-173  581.9   0.2     2   471    10   474     9   492 0.94 [190263/530/1]
190263/568/1.f:ABMLLK_00830 -            493 GH77.hmm             -            494    3e-173  581.6   0.0   1   1  1.5e-176  3.4e-173  581.4   0.0     1   492     8   490     8   492 0.96 [190263/568/1]
190263/546/1.f:GEHMID_13055 -            494 GH77.hmm             -            494  7.5e-173  580.3   0.1   1   1  3.7e-176  8.5e-173  580.1   0.1     1   491     9   490     9   493 0.95 [190263/546/1]
190263/596/1.f:GDHELL_05805 -            495 GH77.hmm             -            494  8.4e-173  580.1   0.3   1   1  4.2e-176  9.7e-173  579.9   0.3     1   490     9   488     9   492 0.96 [190263/596/1]
190263/495/1.f:ANKNCD_04260 -            495 GH77.hmm             -            494  3.5e-172  578.1   0.0   1   1  1.7e-175  3.9e-172  577.9   0.0     1   491     8   490     8   493 0.96 [190263/495/1]
190263/487/1.f:MPKEFC_00780 -            503 GH77.hmm             -            494  3.8e-172  578.0   0.0   1   1  1.8e-175  4.2e-172  577.8   0.0     1   492    19   501    19   503 0.97 [190263/487/1]
190263/386/1.f:DBGIOG_16460 -            491 GH77.hmm             -            494    4e-172  577.9   0.4   1   1  1.9e-175  4.5e-172  577.7   0.4     1   492     8   488     8   490 0.97 [190263/386/1]
190263/439/1.f:KGLJGB_05425 -            494 GH77.hmm             -            494  4.7e-172  577.7   0.0   1   1  2.2e-175  5.2e-172  577.5   0.0     1   492     8   492     8   494 0.95 [190263/439/1]
190263/400/1.f:EIBLKL_01550 -            502 GH77.hmm             -            494  7.6e-172  577.0   0.9   1   1    4e-175  9.4e-172  576.7   0.9     1   482    11   479    11   491 0.95 [190263/400/1]
190263/472/1.f:NMGHJI_16280 -            501 GH77.hmm             -            494  1.3e-171  576.2   1.4   1   1  6.9e-175  1.6e-171  575.9   1.4     1   489    10   492    10   496 0.95 [190263/472/1]
190263/477/1.f:PCLDCI_10890 -            489 GH77.hmm             -            494  1.4e-171  576.0   0.2   1   1    7e-175  1.6e-171  575.9   0.2     1   492     8   486     8   488 0.97 [190263/477/1]
190263/549/1.f:CNBDFB_01600 -            503 GH77.hmm             -            494  5.7e-171  574.1   0.2   1   1  2.9e-174  6.8e-171  573.8   0.2     1   482    12   494    12   501 0.94 [190263/549/1]
190263/370/1.f:MFKGBO_27935 -            500 GH77.hmm             -            494    7e-171  573.8   0.4   1   1  3.6e-174  8.3e-171  573.5   0.4     1   471     9   477     9   494 0.95 [190263/370/1]
190263/433/1.f:ADFNDI_03855 -            499 GH77.hmm             -            494  7.8e-171  573.6   0.5   1   1  4.1e-174  9.6e-171  573.3   0.5     1   489    11   493    11   497 0.95 [190263/433/1]
190263/578/1.f:HIHCLH_11395 -            493 GH77.hmm             -            494  1.8e-170  572.4   0.1   1   1  8.7e-174    2e-170  572.3   0.1     1   491     8   488     8   491 0.95 [190263/578/1]
190263/384/1.f:CDKGIA_06775 -            499 GH77.hmm             -            494  3.2e-170  571.6   0.1   1   1  1.7e-173  3.9e-170  571.3   0.1     1   475     9   478     9   494 0.94 [190263/384/1]
190263/382/1.f:JACGKO_09355 -           1151 GH77.hmm             -            494  3.3e-170  571.5   2.3   1   1  8.6e-173    2e-169  569.0   3.6     1   479   665  1139   665  1148 0.94 [190263/382/1]
190263/439/1.f:KGLJGB_07095 -            496 GH77.hmm             -            494  3.6e-170  571.4   0.0   1   1  1.8e-173  4.1e-170  571.2   0.0     1   492     8   493     8   495 0.96 [190263/439/1]
190263/586/1.f:KBDCAC_15365 -            499 GH77.hmm             -            494    1e-169  569.9   0.2   1   1  5.5e-173  1.3e-169  569.6   0.2     1   471    13   479    13   486 0.95 [190263/586/1]
190263/452/1.f:PEIHBN_13280 -            502 GH77.hmm             -            494  1.4e-169  569.5   0.1   1   1  7.2e-173  1.7e-169  569.2   0.1     1   488    12   495    12   500 0.95 [190263/452/1]
190263/541/1.f:IDEEIE_14870 -            507 GH77.hmm             -            494  1.4e-169  569.5   0.2   1   1  6.9e-173  1.6e-169  569.3   0.2     1   491    21   504    21   507 0.96 [190263/541/1]
190263/586/1.f:KBDCAC_15690 -            500 GH77.hmm             -            494  1.5e-169  569.4   1.1   1   1  7.8e-173  1.8e-169  569.1   1.1     1   471     9   477     9   492 0.95 [190263/586/1]
190263/537/1.f:AHPNMI_01220 -            502 GH77.hmm             -            494  3.1e-169  568.3   0.0   1   1  1.5e-172  3.5e-169  568.2   0.0     1   491    12   498    12   501 0.95 [190263/537/1]
190263/532/1.f:BGDBBA_05320 -           1255 GH77.hmm             -            494  8.2e-169  567.0   0.2   1   1  4.8e-172  1.1e-168  566.5   0.2     1   492    13   492    13   494 0.96 [190263/532/1]
190263/429/1.f:OMPHBF_14000 -            500 GH77.hmm             -            494  1.5e-168  566.1   0.3   1   1  7.7e-172  1.8e-168  565.8   0.3     1   487     9   485     9   491 0.95 [190263/429/1]
190263/443/1.f:LNLACP_04485 -            513 GH77.hmm             -            494  1.5e-168  566.1   1.6   1   1  7.6e-172  1.8e-168  565.9   1.6     1   490    11   498    11   502 0.95 [190263/443/1]
190263/443/1.f:LNLACP_05530 -            493 GH77.hmm             -            494  2.5e-168  565.4   2.0   1   1  1.2e-171  2.9e-168  565.2   2.0     1   488     8   484     8   490 0.95 [190263/443/1]
190263/458/1.f:AMPCAI_01185 -            494 GH77.hmm             -            494  2.5e-168  565.4   0.6   1   1  1.2e-171  2.9e-168  565.2   0.6     1   490     8   489     8   493 0.96 [190263/458/1]
190263/567/1.f:NOEGFN_17645 -            527 GH77.hmm             -            494    7e-168  563.9   0.2   1   1  3.4e-171    8e-168  563.7   0.2     1   471     9   469     9   488 0.95 [190263/567/1]
190263/412/1.f:OOIBGL_16240 -            495 GH77.hmm             -            494  1.4e-167  562.9   0.2   1   1  6.9e-171  1.6e-167  562.7   0.2     1   492     8   490     8   492 0.96 [190263/412/1]
190263/487/1.f:MPKEFC_08360 -            493 GH77.hmm             -            494  1.8e-167  562.6   0.0   1   1  8.9e-171  2.1e-167  562.3   0.0     1   471     8   472     8   490 0.95 [190263/487/1]
190263/513/1.f:MKNBNH_02310 -            511 GH77.hmm             -            494  2.7e-167  561.9   1.5   1   1  1.4e-170  3.3e-167  561.7   1.5     1   480    13   482    13   494 0.95 [190263/513/1]
190263/510/1.f:DELAEA_06690 -            513 GH77.hmm             -            494  8.1e-167  560.4   0.2   1   1    4e-170  9.3e-167  560.2   0.2     1   490    10   490    10   494 0.95 [190263/510/1]
190263/578/1.f:HIHCLH_07795 -           1257 GH77.hmm             -            494  1.5e-166  559.5   0.3   1   1  9.2e-170  2.1e-166  559.0   0.3     1   492    13   492    13   494 0.97 [190263/578/1]
190263/390/1.f:OLPOLE_18375 -            491 GH77.hmm             -            494  1.7e-166  559.4   0.4   1   1    8e-170  1.9e-166  559.2   0.4     1   492     8   488     8   490 0.96 [190263/390/1]
190263/396/1.f:KAAOMA_02850 -            490 GH77.hmm             -            494  8.4e-166  557.0   0.1   1   1  4.1e-169  9.5e-166  556.9   0.1     1   492     8   488     8   490 0.96 [190263/396/1]
190263/513/1.f:MKNBNH_00410 -            522 GH77.hmm             -            494  3.2e-165  555.1   0.8   1   1  1.6e-168  3.7e-165  554.9   0.8     2   489    19   504    18   509 0.95 [190263/513/1]
190263/490/1.f:OIBLLI_05520 -            538 GH77.hmm             -            494  3.3e-165  555.1   0.0   1   1  1.7e-168    4e-165  554.8   0.0     1   471    14   516    14   532 0.94 [190263/490/1]
190263/409/1.f:AJJCMD_27960 -            492 GH77.hmm             -            494  4.3e-165  554.7   0.4   1   1  2.1e-168  4.9e-165  554.5   0.4     1   491     8   488     8   491 0.94 [190263/409/1]
190263/576/1.f:FNMBCG_14025 -            513 GH77.hmm             -            494  5.3e-165  554.4   1.3   1   1  2.7e-168  6.3e-165  554.1   1.3     1   479     8   501     8   511 0.93 [190263/576/1]
190263/496/1.f:JJBAFO_05570 -            495 GH77.hmm             -            494  5.3e-165  554.4   0.1   1   1  2.6e-168  6.1e-165  554.2   0.1     1   492     9   490     9   492 0.96 [190263/496/1]
190263/362/1.f:KJODLM_06305 -            502 GH77.hmm             -            494  1.6e-164  552.8   0.4   1   1  8.1e-168  1.9e-164  552.6   0.4     1   484    10   489    10   496 0.94 [190263/362/1]
190263/584/1.f:DDCNLE_13175 -            520 GH77.hmm             -            494  8.1e-164  550.5   0.2   1   1    4e-167  9.4e-164  550.3   0.2     1   492    17   497    17   499 0.96 [190263/584/1]
190263/532/1.f:BGDBBA_01400 -            509 GH77.hmm             -            494  2.3e-163  549.0   1.9   1   1  1.2e-166  2.8e-163  548.7   1.9     2   485    19   500    18   508 0.95 [190263/532/1]
190263/457/1.f:IIKDLL_12230 -            507 GH77.hmm             -            494  2.7e-162  545.5   0.1   1   1  1.3e-165  3.1e-162  545.3   0.1     1   489    15   498    15   503 0.95 [190263/457/1]
190263/400/1.f:EIBLKL_02705 -            505 GH77.hmm             -            494  2.9e-162  545.3   0.4   1   1  1.5e-165  3.6e-162  545.0   0.4     1   487     8   487     8   494 0.94 [190263/400/1]
190263/384/1.f:CDKGIA_04135 -            500 GH77.hmm             -            494  3.4e-162  545.1   0.0   1   1  1.8e-165  4.2e-162  544.8   0.0     1   484     8   486     8   495 0.93 [190263/384/1]
190263/375/1.f:CNGHJF_19590 -            492 GH77.hmm             -            494  7.4e-162  544.0   0.0   1   1  3.6e-165  8.4e-162  543.8   0.0     1   491     8   488     8   491 0.94 [190263/375/1]
190263/576/1.f:FNMBCG_08225 -            492 GH77.hmm             -            494  2.2e-161  542.4   0.6   1   1  1.1e-164  2.7e-161  542.2   0.6     1   480     8   475     8   486 0.96 [190263/576/1]
190263/390/1.f:OLPOLE_01685 -            491 GH77.hmm             -            494    3e-161  542.0   0.0   1   1  1.5e-164  3.6e-161  541.8   0.0     1   471     8   471     8   488 0.95 [190263/390/1]
190263/413/1.f:NMLDCG_03915 -            491 GH77.hmm             -            494    1e-160  540.2   0.4   1   1    5e-164  1.2e-160  540.1   0.4     1   491     9   487     9   490 0.95 [190263/413/1]
190263/370/1.f:MFKGBO_04710 -            530 GH77.hmm             -            494  5.9e-160  537.7   0.0   1   1  3.1e-163  7.2e-160  537.5   0.0     1   476     8   500     8   517 0.91 [190263/370/1]
190263/565/1.f:PAEINE_00180 -            501 GH77.hmm             -            494  2.6e-158  532.3   0.5   1   1  1.3e-161    3e-158  532.1   0.5     1   490     9   486     9   490 0.95 [190263/565/1]
190263/380/1.f:GDCFAC_09060 -            491 GH77.hmm             -            494  8.6e-157  527.3   0.7   1   1  4.2e-160  9.8e-157  527.1   0.7     1   492    10   488    10   490 0.97 [190263/380/1]
190263/520/1.f:GGDGDE_02750 -            493 GH77.hmm             -            494  1.3e-156  526.7   0.5   1   1  6.1e-160  1.4e-156  526.6   0.5     1   490     9   489     9   493 0.94 [190263/520/1]
190263/456/1.f:LKAJBD_00025 -            896 GH77.hmm             -            494  4.5e-156  524.9   9.8   1   1  2.5e-159  5.8e-156  524.6   9.8     1   489   247   891   247   895 0.95 [190263/456/1]
190263/369/1.f:JCDIFE_00020 -            897 GH77.hmm             -            494  4.9e-156  524.8   8.0   1   1  2.7e-159  6.3e-156  524.5   8.0     1   490   247   893   247   896 0.95 [190263/369/1]
190263/585/1.f:DLBDDB_00020 -            893 GH77.hmm             -            494  8.9e-156  524.0   3.3   1   1    5e-159  1.2e-155  523.6   3.3     1   490   240   885   240   888 0.96 [190263/585/1]
190263/502/1.f:NONHGB_00020 -            899 GH77.hmm             -            494  1.4e-155  523.3   8.5   1   1  8.2e-159  1.9e-155  522.9   8.5     1   490   247   893   247   896 0.95 [190263/502/1]
190263/417/1.f:MHBJAE_00020 -            900 GH77.hmm             -            494  1.8e-155  523.0   7.5   1   1  9.4e-159  2.2e-155  522.7   7.5     1   491   247   893   247   896 0.95 [190263/417/1]
190263/534/1.f:OHCFJE_04755 -            892 GH77.hmm             -            494  4.2e-155  521.7   5.8   1   1  2.4e-158  5.5e-155  521.4   5.8     1   489   242   886   242   890 0.95 [190263/534/1]
190263/405/1.f:EHKDKA_00020 -            899 GH77.hmm             -            494  4.6e-155  521.6   8.4   1   1  2.6e-158  6.1e-155  521.2   8.4     1   489   247   892   247   896 0.95 [190263/405/1]
190263/488/1.f:DNPFAC_00020 -            900 GH77.hmm             -            494  4.7e-155  521.6   6.8   1   1  2.5e-158  5.7e-155  521.3   6.8     1   491   247   893   247   896 0.95 [190263/488/1]
190263/391/1.f:NONBJF_08215 -            892 GH77.hmm             -            494  4.8e-155  521.5   5.7   1   1  2.7e-158  6.3e-155  521.2   5.7     1   489   242   886   242   890 0.95 [190263/391/1]
190263/461/1.f:DHPHOK_00020 -            897 GH77.hmm             -            494  8.3e-155  520.8   9.5   1   1  4.5e-158    1e-154  520.4   9.5     1   489   247   892   247   896 0.95 [190263/461/1]
190263/388/1.f:FDDJJK_07200 -            892 GH77.hmm             -            494    1e-154  520.5   6.0   1   1  5.8e-158  1.3e-154  520.1   6.0     1   489   242   886   242   890 0.95 [190263/388/1]
190263/466/1.f:PGJOII_00020 -            896 GH77.hmm             -            494  1.4e-154  520.0   8.9   1   1  7.8e-158  1.8e-154  519.6   8.9     1   489   247   891   247   895 0.95 [190263/466/1]
190263/399/1.f:CDLIDF_06625 -            892 GH77.hmm             -            494  1.8e-154  519.7   3.8   1   1  9.9e-158  2.3e-154  519.3   3.8     1   489   242   886   242   890 0.95 [190263/399/1]
190263/437/1.f:LBKKEJ_06320 -            901 GH77.hmm             -            494  1.8e-154  519.7   7.9   1   1  9.9e-158  2.3e-154  519.3   7.9     1   489   242   886   242   890 0.95 [190263/437/1]
190263/495/1.f:ANKNCD_06855 -            498 GH77.hmm             -            494  1.9e-154  519.6   0.9   1   1  9.1e-158  2.1e-154  519.4   0.9     1   491    14   495    14   498 0.95 [190263/495/1]
190263/401/1.f:DMFJNH_00020 -            893 GH77.hmm             -            494  2.3e-154  519.3   2.0   1   1  1.2e-157  2.8e-154  519.0   2.0     1   490   240   885   240   889 0.95 [190263/401/1]
190263/504/1.f:DOAHDM_00020 -            893 GH77.hmm             -            494  2.3e-154  519.3   2.0   1   1  1.2e-157  2.8e-154  519.0   2.0     1   490   240   885   240   889 0.95 [190263/504/1]
190263/404/1.f:BGJBIG_00020 -            893 GH77.hmm             -            494  2.6e-154  519.1   2.5   1   1  1.5e-157  3.4e-154  518.7   2.5     1   490   240   885   240   888 0.95 [190263/404/1]
190263/562/1.f:KJGNCK_00020 -            893 GH77.hmm             -            494  4.4e-154  518.4   2.7   1   1  2.5e-157  5.9e-154  518.0   2.7     1   490   240   885   240   888 0.96 [190263/562/1]
190263/552/1.f:EMALNL_00020 -            904 GH77.hmm             -            494  4.6e-154  518.3   2.7   1   1  2.6e-157  6.1e-154  517.9   2.7     1   490   251   896   251   899 0.96 [190263/552/1]
190263/583/1.f:BCCKNC_06575 -            892 GH77.hmm             -            494  6.6e-154  517.8   3.6   1   1  3.6e-157  8.4e-154  517.5   3.6     1   490   242   887   242   890 0.95 [190263/583/1]
190263/545/1.f:NCJBIN_08330 -            892 GH77.hmm             -            494  8.1e-154  517.5   5.7   1   1  4.5e-157  1.1e-153  517.1   5.7     1   489   242   886   242   890 0.95 [190263/545/1]
190263/475/1.f:MCKEEP_00020 -            893 GH77.hmm             -            494  9.6e-154  517.3   3.1   1   1  5.4e-157  1.3e-153  516.9   3.1     1   490   240   885   240   888 0.96 [190263/475/1]
190263/573/1.f:LIDFCI_23080 -            904 GH77.hmm             -            494  2.5e-153  515.9   2.2   1   1  1.4e-156  3.3e-153  515.5   2.2     1   490   251   896   251   899 0.95 [190263/573/1]
190263/446/1.f:LHJMMB_11710 -            867 GH77.hmm             -            494  1.2e-152  513.6   1.8   1   1  6.5e-156  1.5e-152  513.3   1.8     1   488   230   860   230   864 0.95 [190263/446/1]
190263/556/1.f:EMIPPF_02140 -            866 GH77.hmm             -            494  1.3e-151  510.3   0.7   1   1  6.8e-155  1.6e-151  509.9   0.7     1   489   229   860   229   864 0.95 [190263/556/1]
190263/588/1.f:LGPOLK_03735 -           1132 GH77.hmm             -            494  8.4e-151  507.5   2.9   1   1  6.8e-154  1.6e-150  506.7   2.9     1   483   647  1121   647  1131 0.93 [190263/588/1]
190263/446/1.f:LHJMMB_09650 -            867 GH77.hmm             -            494  1.3e-150  507.0   0.3   1   1  6.9e-154  1.6e-150  506.6   0.3     1   489   230   861   230   865 0.95 [190263/446/1]
190263/421/1.f:PBKEAC_05020 -            867 GH77.hmm             -            494  1.5e-150  506.8   0.6   1   1  7.8e-154  1.8e-150  506.4   0.6     1   489   230   861   230   865 0.95 [190263/421/1]
190263/497/1.f:HENFFC_00015 -            894 GH77.hmm             -            494  3.3e-149  502.3   0.2   1   1  2.1e-152  4.9e-149  501.7   0.2     1   489   244   888   244   892 0.94 [190263/497/1]
190263/522/1.f:NPJBCH_12440 -            901 GH77.hmm             -            494  1.5e-148  500.2   4.9   1   1  8.7e-152    2e-148  499.7   4.9     1   489   250   895   250   899 0.94 [190263/522/1]
190263/595/1.f:HGDLEC_06175 -            896 GH77.hmm             -            494  8.7e-148  497.6   2.2   1   1  4.9e-151  1.1e-147  497.2   2.2     1   489   246   890   246   894 0.95 [190263/595/1]
190263/516/1.f:MGNFBC_00015 -            895 GH77.hmm             -            494  4.2e-147  495.4   1.9   1   1  2.4e-150  5.5e-147  495.0   1.9     1   489   245   889   245   893 0.94 [190263/516/1]
190263/379/1.f:LOJHAC_00015 -            895 GH77.hmm             -            494  5.4e-147  495.0   1.4   1   1    3e-150  7.1e-147  494.6   1.4     1   489   245   889   245   893 0.94 [190263/379/1]
190263/365/1.f:JJMMAK_00015 -            894 GH77.hmm             -            494  5.6e-147  494.9   0.4   1   1  3.8e-150  8.8e-147  494.3   0.4     1   489   244   888   244   892 0.94 [190263/365/1]
190263/460/1.f:IHFGKI_10915 -            891 GH77.hmm             -            494    7e-147  494.6   7.3   1   1    4e-150  9.2e-147  494.2   7.3     1   489   241   885   241   889 0.95 [190263/460/1]
190263/368/1.f:HPMDBE_00015 -            895 GH77.hmm             -            494  7.8e-147  494.5   1.8   1   1  4.4e-150    1e-146  494.1   1.8     1   489   245   889   245   893 0.94 [190263/368/1]
190263/383/1.f:KCEMEB_02910 -            471 GH77.hmm             -            494  3.9e-146  492.1   0.0   1   2   6.2e-37   1.4e-33  120.9   0.0     1   147     8   146     8   152 0.92 [190263/383/1]
190263/383/1.f:KCEMEB_02910 -            471 GH77.hmm             -            494  3.9e-146  492.1   0.0   2   2  1.8e-112  4.2e-109  370.0   0.0   180   489   151   458   147   463 0.97 [190263/383/1]
190263/458/1.f:AMPCAI_07920 -            480 GH77.hmm             -            494  4.5e-144  485.3   0.6   1   1  2.4e-147  5.6e-144  485.1   0.6     2   484     8   469     7   477 0.93 [190263/458/1]
190263/537/1.f:AHPNMI_13445 -            506 GH77.hmm             -            494  1.2e-143  483.9   0.3   1   1  6.4e-147  1.5e-143  483.6   0.3     1   480     8   472     8   483 0.92 [190263/537/1]
190263/472/1.f:NMGHJI_18065 -            490 GH77.hmm             -            494  4.1e-142  478.9   0.4   1   1  2.2e-145    5e-142  478.6   0.4     1   479     8   479     8   489 0.93 [190263/472/1]
190263/560/1.f:OAGBLH_03645 -            490 GH77.hmm             -            494    3e-141  476.1   3.2   1   1  1.6e-144  3.6e-141  475.8   3.2     1   470     9   469     9   476 0.94 [190263/560/1]
190263/541/1.f:IDEEIE_03900 -            483 GH77.hmm             -            494  1.2e-140  474.1   0.5   1   1  5.7e-144  1.3e-140  473.9   0.5     1   483     8   478     8   483 0.94 [190263/541/1]
190263/514/1.f:MMHOAN_12720 -            489 GH77.hmm             -            494    2e-139  470.0   0.0   1   1    1e-142  2.4e-139  469.8   0.0     1   475     8   472     8   487 0.93 [190263/514/1]
190263/363/1.f:CIHHOC_04790 -            484 GH77.hmm             -            494  1.8e-138  466.8   0.0   1   1  9.4e-142  2.2e-138  466.6   0.0     1   471     8   466     8   480 0.93 [190263/363/1]
190263/468/1.f:DIOFOH_01705 -            476 GH77.hmm             -            494  6.8e-138  465.0   4.3   1   1  3.5e-141  8.1e-138  464.7   4.3     1   471     1   453     1   474 0.93 [190263/468/1]
190263/447/1.f:OLODHC_11560 -            477 GH77.hmm             -            494  1.7e-137  463.7   0.1   1   1  8.9e-141  2.1e-137  463.4   0.1     1   482     1   467     1   476 0.93 [190263/447/1]
190263/527/1.f:HGADJN_01665 -            720 GH77.hmm             -            494  6.2e-135  455.2   0.2   1   1  3.4e-138    8e-135  454.8   0.2     2   481   188   705   187   718 0.88 [190263/527/1]
190263/547/1.f:KJCAKO_08025 -            489 GH77.hmm             -            494    4e-134  452.6   0.1   1   1    2e-137  4.7e-134  452.3   0.1     2   471    10   470     9   488 0.93 [190263/547/1]
190263/420/1.f:GMHOLO_01550 -            720 GH77.hmm             -            494  1.3e-133  450.8   0.2   1   1  7.1e-137  1.7e-133  450.5   0.2     2   476   188   700   187   718 0.88 [190263/420/1]
190263/420/1.f:GMHOLO_08480 -            723 GH77.hmm             -            494  6.8e-133  448.5   4.3   1   1  3.7e-136  8.6e-133  448.1   4.3     2   482   186   709   185   721 0.89 [190263/420/1]
190263/527/1.f:HGADJN_08850 -            720 GH77.hmm             -            494  6.9e-133  448.5   4.3   1   1  3.7e-136  8.6e-133  448.1   4.3     2   482   181   704   180   716 0.90 [190263/527/1]
190263/436/1.f:KEEIED_02150 -           1120 GH77.hmm             -            494  2.1e-132  446.9   8.5   1   1  7.4e-123  1.7e-119  404.3   5.9   121   489   744  1115   729  1119 0.92 [190263/436/1]
190263/506/1.f:IKGMED_08335 -            619 GH77.hmm             -            494  8.1e-132  444.9   3.9   1   1  4.3e-135    1e-131  444.6   3.9     1   471    11   554    11   569 0.87 [190263/506/1]
190263/438/1.f:IKAFOJ_05445 -            475 GH77.hmm             -            494  9.2e-132  444.8   0.2   1   1  4.9e-135  1.1e-131  444.4   0.2     2   470     8   453     7   465 0.95 [190263/438/1]
190263/474/1.f:AMDJJA_00515 -            738 GH77.hmm             -            494  1.8e-130  440.5   1.5   1   1    1e-133  2.4e-130  440.1   1.5     2   481   193   716   192   728 0.88 [190263/474/1]
190263/474/1.f:AMDJJA_08550 -            737 GH77.hmm             -            494  1.8e-130  440.5   2.6   1   1    1e-133  2.4e-130  440.1   2.6     2   474   205   715   204   725 0.89 [190263/474/1]
190263/494/1.f:LHPBBO_03385 -            874 GH77.hmm             -            494  3.2e-126  426.5   4.9   1   1  2.2e-115  5.2e-112  379.6   2.5   121   472   512   853   501   870 0.91 [190263/494/1]
190263/434/1.f:NCAOKI_09055 -           1104 GH77.hmm             -            494  1.1e-120  408.2   1.5   1   1  9.2e-111  2.1e-107  364.4   0.3   105   472   724  1077   717  1092 0.92 [190263/434/1]
190263/496/1.f:JJBAFO_04445 -           1096 GH77.hmm             -            494  2.8e-120  406.9   4.2   1   1  1.6e-109  3.8e-106  360.3   1.0   121   480   737  1084   721  1092 0.91 [190263/496/1]
190263/565/1.f:PAEINE_06670 -           1098 GH77.hmm             -            494  7.3e-110  372.5   4.2   1   1  1.2e-100   2.7e-97  331.1   2.3   109   479   727  1082   716  1094 0.89 [190263/565/1]
190263/423/1.f:PDNKFB_09330 -            353 GH77.hmm             -            494    2e-106  361.2   3.8   1   1    1e-109  2.3e-106  361.0   3.8   143   479     2   339     1   352 0.94 [190263/423/1]
190263/580/1.f:JCPJNN_08090 -            291 GH77.hmm             -            494  1.2e-105  358.7   0.1   1   1  5.9e-109  1.4e-105  358.4   0.1   202   492     4   289     2   291 0.97 [190263/580/1]
190263/422/1.f:HJBCNJ_09865 -            172 GH77.hmm             -            494   2.8e-38  136.4   0.0   1   1   1.3e-41     3e-38  136.3   0.0   315   491     3   169     1   172 0.90 [190263/422/1]
#
# Program:         hmmsearch
# Version:         3.3.2 (Nov 2020)
# Pipeline mode:   SEARCH
# Query file:      /kb/module/work/tmp/output.1725388484971/GH77/GH77.hmm
# Target file:     /kb/module/work/tmp/output.1725388484971/hCom2_RAST.fasta
# Option settings: /kb/module/hmmer/bin/hmmsearch --domtblout /kb/module/work/tmp/output.1725388484971/GH77/GH77-hCom2_RAST.hitout.txt --noali --notextw --domE 1e-15 /kb/module/work/tmp/output.1725388484971/GH77/GH77.hmm /kb/module/work/tmp/output.1725388484971/hCom2_RAST.fasta 
# Current dir:     /kb/module/work/tmp/output.1725388484971
# Date:            Tue Sep  3 18:54:14 2024
# [ok]
