#                                                                                   --- full sequence --- -------------- this domain -------------   hmm coord   ali coord   env coord
# target name               accession   tlen query name           accession   qlen   E-value  score  bias   #  of  c-Evalue  i-Evalue  score  bias  from    to  from    to  from    to  acc description of target
#       ------------------- ---------- ----- -------------------- ---------- ----- --------- ------ ----- --- --- --------- --------- ------ ----- ----- ----- ----- ----- ----- ----- ---- ---------------------
190263/409/1.f:AJJCMD_12665 -            864 GH78.hmm             -            504  7.1e-179  600.1   0.8   1   1  1.4e-181  8.8e-179  599.8   0.8     2   504   318   842   317   842 0.97 [190263/409/1]
190263/580/1.f:JCPJNN_12890 -            926 GH78.hmm             -            504  2.9e-176  591.5   0.1   1   1  5.8e-179  3.6e-176  591.2   0.1     4   504   318   830   315   830 0.97 [190263/580/1]
190263/477/1.f:PCLDCI_13995 -           1895 GH78.hmm             -            504  6.8e-176  590.3   7.5   1   1  1.1e-178  6.8e-176  590.3   7.5     3   503   539  1055   537  1056 0.96 [190263/477/1]
190263/379/1.f:LOJHAC_05480 -           1147 GH78.hmm             -            504  4.6e-173  580.9   3.0   1   1  1.1e-175  6.9e-173  580.3   3.0     6   504   552  1106   547  1106 0.95 [190263/379/1]
190263/368/1.f:HPMDBE_03400 -           1147 GH78.hmm             -            504  1.4e-172  579.4   2.8   1   1  3.6e-175  2.2e-172  578.7   2.8     6   504   552  1106   547  1106 0.95 [190263/368/1]
190263/516/1.f:MGNFBC_08615 -           1147 GH78.hmm             -            504  1.7e-172  579.1   3.0   1   1  4.4e-175  2.7e-172  578.4   3.0     6   504   552  1106   547  1106 0.95 [190263/516/1]
190263/401/1.f:DMFJNH_01545 -           1152 GH78.hmm             -            504  5.6e-172  577.4   6.2   1   1  1.4e-174  8.4e-172  576.8   6.2     5   504   569  1102   566  1102 0.95 [190263/401/1]
190263/504/1.f:DOAHDM_01955 -           1152 GH78.hmm             -            504  1.4e-170  572.8   6.0   1   1  3.3e-173  2.1e-170  572.2   6.0     5   504   569  1102   566  1102 0.95 [190263/504/1]
190263/409/1.f:AJJCMD_06200 -            904 GH78.hmm             -            504  1.4e-169  569.4   1.7   1   1  2.9e-172  1.8e-169  569.1   1.7     3   504   339   864   337   864 0.97 [190263/409/1]
190263/514/1.f:MMHOAN_15200 -            910 GH78.hmm             -            504  1.6e-169  569.3   4.7   1   1  3.1e-172  1.9e-169  569.0   4.7     4   504   305   814   302   814 0.97 [190263/514/1]
190263/520/1.f:GGDGDE_13670 -            913 GH78.hmm             -            504  3.4e-168  564.9   5.4   1   1  7.9e-171  4.9e-168  564.3   5.4     2   503   308   818   307   819 0.97 [190263/520/1]
190263/455/1.f:GDGJDA_13160 -            913 GH78.hmm             -            504    6e-168  564.1   5.2   1   1  1.3e-170  8.1e-168  563.6   5.2     3   503   309   818   307   819 0.97 [190263/455/1]
190263/540/1.f:BCGFLB_05165 -            924 GH78.hmm             -            504  4.7e-165  554.5   0.9   1   1  9.3e-168  5.7e-165  554.2   0.9     1   503   358   877   358   878 0.97 [190263/540/1]
190263/417/1.f:MHBJAE_06095 -            911 GH78.hmm             -            504  3.3e-164  551.7   2.2   1   1  6.5e-167    4e-164  551.4   2.2     1   503   348   865   348   866 0.97 [190263/417/1]
190263/477/1.f:PCLDCI_06435 -           1569 GH78.hmm             -            504  4.9e-164  551.1   5.2   1   1    8e-167  4.9e-164  551.1   5.2     1   503   413   937   413   938 0.97 [190263/477/1]
190263/405/1.f:EHKDKA_06590 -           1192 GH78.hmm             -            504  2.3e-163  548.9   0.8   1   1  4.8e-166    3e-163  548.6   0.8     2   504   579  1125   578  1125 0.93 [190263/405/1]
190263/540/1.f:BCGFLB_03695 -            926 GH78.hmm             -            504  5.5e-163  547.7   2.3   1   1  1.1e-165  6.9e-163  547.4   2.3     3   503   364   879   362   880 0.97 [190263/540/1]
190263/502/1.f:NONHGB_05780 -           1186 GH78.hmm             -            504  8.5e-163  547.1   0.8   1   1  1.9e-165  1.2e-162  546.6   0.8     2   504   578  1124   577  1124 0.93 [190263/502/1]
190263/399/1.f:CDLIDF_04630 -           1160 GH78.hmm             -            504  9.9e-163  546.8   1.3   1   1  2.1e-165  1.3e-162  546.5   1.3     2   504   568  1114   567  1114 0.95 [190263/399/1]
190263/562/1.f:KJGNCK_17930 -           1290 GH78.hmm             -            504  1.1e-162  546.6   2.8   1   1  2.7e-165  1.6e-162  546.1   2.8     7   504   359   888   354   888 0.94 [190263/562/1]
190263/388/1.f:FDDJJK_14080 -            918 GH78.hmm             -            504  3.7e-162  545.0   0.1   1   1  7.6e-165  4.7e-162  544.6   0.1     3   504   384   900   382   900 0.96 [190263/388/1]
190263/573/1.f:LIDFCI_07010 -           1286 GH78.hmm             -            504  6.1e-162  544.2   2.0   1   1  1.7e-164    1e-161  543.5   2.0     7   504   355   884   350   884 0.95 [190263/573/1]
190263/475/1.f:MCKEEP_17320 -           1286 GH78.hmm             -            504    1e-161  543.5   1.9   1   1  2.6e-164  1.6e-161  542.9   1.9     7   504   355   884   350   884 0.95 [190263/475/1]
190263/585/1.f:DLBDDB_14270 -           1288 GH78.hmm             -            504  3.2e-161  541.8   4.2   1   1  7.4e-164  4.6e-161  541.3   4.2     7   504   357   886   352   886 0.95 [190263/585/1]
190263/391/1.f:NONBJF_15330 -            918 GH78.hmm             -            504  8.3e-161  540.5   0.2   1   1  1.7e-163    1e-160  540.2   0.2     3   504   384   900   382   900 0.97 [190263/391/1]
190263/405/1.f:EHKDKA_15950 -           1288 GH78.hmm             -            504  9.4e-161  540.3   2.2   1   1  2.1e-163  1.3e-160  539.8   2.2     5   504   354   885   350   885 0.95 [190263/405/1]
190263/534/1.f:OHCFJE_15245 -            918 GH78.hmm             -            504  1.1e-160  540.1   0.2   1   1  2.2e-163  1.4e-160  539.8   0.2     3   504   384   900   382   900 0.97 [190263/534/1]
190263/552/1.f:EMALNL_16960 -           1286 GH78.hmm             -            504  1.2e-160  540.0   2.4   1   1  2.6e-163  1.6e-160  539.6   2.4     7   504   355   884   350   884 0.95 [190263/552/1]
190263/580/1.f:JCPJNN_22080 -            902 GH78.hmm             -            504  1.6e-160  539.5   4.1   1   1  3.2e-163    2e-160  539.3   4.1     4   502   322   858   319   860 0.95 [190263/580/1]
190263/545/1.f:NCJBIN_15860 -            918 GH78.hmm             -            504  2.6e-160  538.9   0.3   1   1  5.3e-163  3.3e-160  538.5   0.3     3   504   384   900   382   900 0.97 [190263/545/1]
190263/365/1.f:JJMMAK_01430 -            911 GH78.hmm             -            504  8.8e-160  537.1   1.3   1   1  1.7e-162  1.1e-159  536.8   1.3     3   503   358   873   356   874 0.97 [190263/365/1]
190263/580/1.f:JCPJNN_17860 -            724 GH78.hmm             -            504  3.3e-159  535.2   2.9   1   1  6.8e-162  4.2e-159  534.9   2.9     3   499   205   702   203   706 0.96 [190263/580/1]
190263/545/1.f:NCJBIN_02885 -           1172 GH78.hmm             -            504    4e-159  534.9   0.1   1   1  9.2e-162  5.7e-159  534.4   0.1     2   504   579  1125   578  1125 0.93 [190263/545/1]
190263/391/1.f:NONBJF_02510 -           1172 GH78.hmm             -            504    4e-159  534.9   0.1   1   1  9.2e-162  5.7e-159  534.4   0.1     2   504   579  1125   578  1125 0.93 [190263/391/1]
190263/585/1.f:DLBDDB_17075 -           1165 GH78.hmm             -            504  6.7e-159  534.2   0.1   1   1  1.5e-161    9e-159  533.8   0.1     2   504   574  1120   573  1120 0.93 [190263/585/1]
190263/585/1.f:DLBDDB_14300 -            944 GH78.hmm             -            504  7.9e-159  534.0   2.1   1   1  1.7e-161    1e-158  533.6   2.1     3   504   396   924   394   924 0.95 [190263/585/1]
190263/475/1.f:MCKEEP_17295 -            944 GH78.hmm             -            504  1.3e-158  533.3   0.8   1   1  2.7e-161  1.6e-158  532.9   0.8     3   504   396   924   394   924 0.95 [190263/475/1]
190263/401/1.f:DMFJNH_18120 -           1290 GH78.hmm             -            504  2.1e-158  532.6   3.6   1   1  4.7e-161  2.9e-158  532.1   3.6     6   504   357   887   352   887 0.95 [190263/401/1]
190263/552/1.f:EMALNL_16940 -            944 GH78.hmm             -            504  2.3e-158  532.4   1.4   1   1  4.8e-161    3e-158  532.1   1.4     7   504   400   924   394   924 0.95 [190263/552/1]
190263/504/1.f:DOAHDM_19135 -           1290 GH78.hmm             -            504  4.2e-158  531.6   3.7   1   1  9.4e-161  5.8e-158  531.1   3.7     6   504   357   887   352   887 0.95 [190263/504/1]
190263/564/1.f:KIHMBJ_04680 -            934 GH78.hmm             -            504  1.8e-157  529.5   3.2   1   1  3.5e-160  2.2e-157  529.2   3.2     1   504   357   895   357   895 0.95 [190263/564/1]
190263/573/1.f:LIDFCI_06985 -            944 GH78.hmm             -            504  2.3e-157  529.1   1.1   1   1  4.8e-160  2.9e-157  528.8   1.1     3   504   396   924   394   924 0.95 [190263/573/1]
190263/497/1.f:HENFFC_09850 -            911 GH78.hmm             -            504  2.6e-157  528.9   1.1   1   1  5.2e-160  3.2e-157  528.7   1.1     1   503   356   873   356   874 0.97 [190263/497/1]
190263/546/1.f:GEHMID_15040 -            725 GH78.hmm             -            504  2.7e-157  528.9   3.3   1   1  5.5e-160  3.4e-157  528.6   3.3     2   493   198   695   197   703 0.95 [190263/546/1]
190263/477/1.f:PCLDCI_14005 -           1841 GH78.hmm             -            504    9e-157  527.2   9.0   1   1  1.5e-159    9e-157  527.2   9.0     5   503   770  1283   767  1284 0.95 [190263/477/1]
190263/562/1.f:KJGNCK_17900 -            923 GH78.hmm             -            504  3.9e-156  525.1   0.8   1   1  7.9e-159  4.9e-156  524.8   0.8     3   504   379   903   377   903 0.95 [190263/562/1]
190263/504/1.f:DOAHDM_01960 -            881 GH78.hmm             -            504  7.7e-156  524.1   1.0   1   1  1.5e-158  9.5e-156  523.8   1.0     2   503   347   856   346   857 0.97 [190263/504/1]
190263/405/1.f:EHKDKA_15875 -            937 GH78.hmm             -            504  8.4e-156  524.0   0.4   1   1  1.8e-158  1.1e-155  523.6   0.4     7   504   388   910   383   910 0.96 [190263/405/1]
190263/405/1.f:EHKDKA_11590 -           1289 GH78.hmm             -            504  1.4e-155  523.2   2.7   1   1  3.4e-158  2.1e-155  522.7   2.7     5   504   357   887   353   887 0.96 [190263/405/1]
190263/477/1.f:PCLDCI_07035 -           1850 GH78.hmm             -            504  1.9e-155  522.8   8.3   1   1  3.1e-158  1.9e-155  522.8   8.3     5   503   764  1285   761  1286 0.95 [190263/477/1]
190263/401/1.f:DMFJNH_01550 -            881 GH78.hmm             -            504  2.2e-155  522.6   0.8   1   1  4.4e-158  2.7e-155  522.3   0.8     2   503   347   856   346   857 0.97 [190263/401/1]
190263/437/1.f:LBKKEJ_04235 -           1267 GH78.hmm             -            504  4.7e-155  521.5   0.2   1   1  9.9e-158  6.1e-155  521.1   0.2     7   503   359   885   352   886 0.96 [190263/437/1]
190263/401/1.f:DMFJNH_18090 -            953 GH78.hmm             -            504  6.1e-155  521.2   1.3   1   1  1.2e-157  7.6e-155  520.8   1.3     3   504   395   933   393   933 0.95 [190263/401/1]
190263/504/1.f:DOAHDM_19165 -            953 GH78.hmm             -            504  6.1e-155  521.2   1.3   1   1  1.2e-157  7.6e-155  520.8   1.3     3   504   395   933   393   933 0.95 [190263/504/1]
190263/429/1.f:OMPHBF_13950 -            887 GH78.hmm             -            504  2.8e-154  519.0   0.0   1   1  5.4e-157  3.3e-154  518.7   0.0     2   504   321   841   320   841 0.96 [190263/429/1]
190263/437/1.f:LBKKEJ_07925 -            888 GH78.hmm             -            504  5.8e-154  517.9   2.4   1   1  1.2e-156  7.2e-154  517.6   2.4     1   503   331   848   331   849 0.97 [190263/437/1]
190263/552/1.f:EMALNL_05855 -            885 GH78.hmm             -            504  7.3e-154  517.6   2.4   1   1  1.5e-156  9.4e-154  517.2   2.4     2   503   347   856   346   857 0.96 [190263/552/1]
190263/562/1.f:KJGNCK_04385 -            885 GH78.hmm             -            504  7.3e-154  517.6   2.4   1   1  1.5e-156  9.4e-154  517.2   2.4     2   503   347   856   346   857 0.96 [190263/562/1]
190263/540/1.f:BCGFLB_03900 -            878 GH78.hmm             -            504    1e-153  517.1   0.8   1   1  2.5e-156  1.5e-153  516.5   0.8     4   503   355   861   352   862 0.96 [190263/540/1]
190263/475/1.f:MCKEEP_06775 -            878 GH78.hmm             -            504  1.8e-153  516.3   2.0   1   1  4.1e-156  2.5e-153  515.8   2.0     5   503   357   861   353   862 0.96 [190263/475/1]
190263/562/1.f:KJGNCK_03985 -            878 GH78.hmm             -            504  1.8e-153  516.3   2.0   1   1  4.1e-156  2.5e-153  515.8   2.0     5   503   357   861   353   862 0.96 [190263/562/1]
190263/369/1.f:JCDIFE_04645 -            875 GH78.hmm             -            504  1.9e-153  516.2   0.3   1   1  3.9e-156  2.4e-153  515.9   0.3     3   504   345   853   343   853 0.96 [190263/369/1]
190263/366/1.f:DBJPFP_01520 -            876 GH78.hmm             -            504  8.6e-153  514.0   4.3   1   1  1.7e-155  1.1e-152  513.7   4.3     5   503   353   858   349   859 0.96 [190263/366/1]
190263/417/1.f:MHBJAE_05035 -            879 GH78.hmm             -            504  1.4e-152  513.3   0.4   1   1  3.7e-155  2.3e-152  512.7   0.4     5   504   350   860   346   860 0.95 [190263/417/1]
190263/514/1.f:MMHOAN_00570 -            861 GH78.hmm             -            504  2.7e-152  512.4   0.9   1   1  5.5e-155  3.4e-152  512.1   0.9     1   503   302   828   302   829 0.94 [190263/514/1]
190263/365/1.f:JJMMAK_14880 -            931 GH78.hmm             -            504  2.7e-152  512.4   1.2   1   1  5.5e-155  3.4e-152  512.1   1.2     2   504   370   883   369   883 0.96 [190263/365/1]
190263/456/1.f:LKAJBD_05200 -           1345 GH78.hmm             -            504  7.5e-152  511.0   4.9   1   1  1.5e-154  9.5e-152  510.6   4.9     5   504   353   886   349   886 0.95 [190263/456/1]
190263/562/1.f:KJGNCK_08630 -            882 GH78.hmm             -            504  1.2e-151  510.2   0.1   1   1  2.7e-154  1.7e-151  509.8   0.1     3   502   347   854   345   856 0.95 [190263/562/1]
190263/388/1.f:FDDJJK_13625 -           1324 GH78.hmm             -            504  1.9e-151  509.6   5.3   1   1  3.8e-154  2.4e-151  509.3   5.3     6   504   361   891   356   891 0.95 [190263/388/1]
190263/545/1.f:NCJBIN_15110 -           1324 GH78.hmm             -            504  2.9e-151  509.0   5.4   1   1    6e-154  3.7e-151  508.7   5.4     6   504   361   891   356   891 0.95 [190263/545/1]
190263/391/1.f:NONBJF_14615 -           1321 GH78.hmm             -            504    3e-151  508.9   5.6   1   1  6.3e-154  3.9e-151  508.6   5.6     6   504   358   888   353   888 0.95 [190263/391/1]
190263/534/1.f:OHCFJE_14185 -           1324 GH78.hmm             -            504  3.1e-151  508.9   5.6   1   1  6.3e-154  3.9e-151  508.6   5.6     6   504   361   891   356   891 0.95 [190263/534/1]
190263/368/1.f:HPMDBE_01275 -            888 GH78.hmm             -            504  3.6e-151  508.7   5.7   1   1  7.4e-154  4.6e-151  508.4   5.7     1   504   350   869   350   869 0.95 [190263/368/1]
190263/456/1.f:LKAJBD_05060 -            897 GH78.hmm             -            504  5.8e-151  508.0   0.1   1   1  1.3e-153  7.9e-151  507.6   0.1     3   502   382   894   380   895 0.97 [190263/456/1]
190263/516/1.f:MGNFBC_06880 -            860 GH78.hmm             -            504  1.6e-150  506.6   0.4   1   1  3.3e-153    2e-150  506.2   0.4     3   503   332   841   330   842 0.96 [190263/516/1]
190263/379/1.f:LOJHAC_08150 -            860 GH78.hmm             -            504    2e-150  506.2   0.2   1   1  4.2e-153  2.6e-150  505.9   0.2     3   503   332   841   330   842 0.96 [190263/379/1]
190263/552/1.f:EMALNL_04220 -            910 GH78.hmm             -            504    3e-150  505.7   1.6   1   1  6.5e-153    4e-150  505.3   1.6     2   501   369   876   368   878 0.96 [190263/552/1]
190263/595/1.f:HGDLEC_05970 -           1330 GH78.hmm             -            504  6.7e-150  504.5   0.3   1   1  1.4e-152  8.7e-150  504.1   0.3     7   504   366   893   361   893 0.95 [190263/595/1]
190263/461/1.f:DHPHOK_05175 -            875 GH78.hmm             -            504  6.7e-150  504.5   0.1   1   1  1.3e-152  8.2e-150  504.2   0.1     2   504   344   853   343   853 0.96 [190263/461/1]
190263/573/1.f:LIDFCI_19255 -            910 GH78.hmm             -            504  8.5e-150  504.2   1.4   1   1  1.8e-152  1.1e-149  503.8   1.4     2   501   369   876   368   878 0.96 [190263/573/1]
190263/497/1.f:HENFFC_16035 -            947 GH78.hmm             -            504  9.1e-150  504.1   1.7   1   1  1.9e-152  1.2e-149  503.7   1.7     2   504   386   899   385   899 0.96 [190263/497/1]
190263/368/1.f:HPMDBE_07615 -            858 GH78.hmm             -            504  9.4e-150  504.0   0.5   1   1    2e-152  1.2e-149  503.7   0.5     3   503   330   839   328   840 0.96 [190263/368/1]
190263/556/1.f:EMIPPF_06050 -            877 GH78.hmm             -            504  9.5e-150  504.0   0.3   1   1  1.8e-152  1.1e-149  503.8   0.3     2   504   344   852   343   852 0.96 [190263/556/1]
190263/405/1.f:EHKDKA_08130 -            889 GH78.hmm             -            504  1.9e-149  503.1   0.6   1   1    3e-152  1.9e-149  503.1   0.6     2   504   339   847   338   847 0.96 [190263/405/1]
190263/562/1.f:KJGNCK_06235 -            910 GH78.hmm             -            504    4e-149  501.9   0.8   1   1  8.8e-152  5.4e-149  501.5   0.8     2   501   369   876   368   878 0.96 [190263/562/1]
190263/456/1.f:LKAJBD_04520 -            882 GH78.hmm             -            504  5.4e-149  501.5   0.3   1   1  1.2e-151  7.4e-149  501.1   0.3     2   504   347   864   346   864 0.96 [190263/456/1]
190263/475/1.f:MCKEEP_04355 -            909 GH78.hmm             -            504  8.7e-149  500.8   1.6   1   1  1.9e-151  1.2e-148  500.4   1.6     2   501   368   875   367   877 0.96 [190263/475/1]
190263/497/1.f:HENFFC_07395 -            859 GH78.hmm             -            504  1.2e-148  500.4   0.4   1   1  2.4e-151  1.5e-148  500.0   0.4     2   503   331   842   330   843 0.95 [190263/497/1]
190263/502/1.f:NONHGB_06595 -            891 GH78.hmm             -            504  2.3e-148  499.4   1.4   1   1  4.7e-151  2.9e-148  499.1   1.4     3   504   343   851   341   851 0.96 [190263/502/1]
190263/564/1.f:KIHMBJ_07785 -            935 GH78.hmm             -            504  3.5e-148  498.8   1.1   1   1  7.5e-151  4.6e-148  498.4   1.1     4   504   377   889   375   889 0.96 [190263/564/1]
190263/365/1.f:JJMMAK_06100 -            859 GH78.hmm             -            504  4.4e-148  498.5   0.3   1   1  9.1e-151  5.6e-148  498.2   0.3     2   503   331   842   330   843 0.95 [190263/365/1]
190263/573/1.f:LIDFCI_01675 -            918 GH78.hmm             -            504  1.3e-147  496.9   1.2   1   1  2.7e-150  1.7e-147  496.6   1.2     3   504   370   873   368   873 0.97 [190263/573/1]
190263/580/1.f:JCPJNN_09540 -            876 GH78.hmm             -            504  3.4e-147  495.6   0.3   1   1  6.8e-150  4.2e-147  495.3   0.3     4   504   304   851   301   851 0.93 [190263/580/1]
190263/390/1.f:OLPOLE_00760 -            870 GH78.hmm             -            504  5.7e-147  494.8   0.4   1   1  1.1e-149  7.1e-147  494.5   0.4     3   504   330   855   328   855 0.94 [190263/390/1]
190263/497/1.f:HENFFC_16370 -            879 GH78.hmm             -            504  3.6e-146  492.2   0.1   1   1  7.2e-149  4.4e-146  491.9   0.1     3   504   366   858   364   858 0.94 [190263/497/1]
190263/375/1.f:CNGHJF_06020 -            768 GH78.hmm             -            504  1.1e-145  490.6   0.0   1   1  2.1e-148  1.3e-145  490.4   0.0     1   503   212   745   212   746 0.95 [190263/375/1]
190263/580/1.f:JCPJNN_24820 -            890 GH78.hmm             -            504  1.7e-145  490.0   0.5   1   1  3.3e-148    2e-145  489.7   0.5     3   503   304   842   302   843 0.93 [190263/580/1]
190263/556/1.f:EMIPPF_03620 -            942 GH78.hmm             -            504  6.8e-145  488.0   0.2   1   1  1.4e-147  8.6e-145  487.7   0.2     1   503   381   896   381   897 0.95 [190263/556/1]
190263/477/1.f:PCLDCI_02525 -           1268 GH78.hmm             -            504  7.7e-145  487.8  11.3   1   1  2.4e-147  1.5e-144  486.9  10.9     5   504   400   948   397   948 0.90 [190263/477/1]
190263/405/1.f:EHKDKA_03115 -            928 GH78.hmm             -            504  1.2e-144  487.2   1.2   1   1  2.3e-147  1.4e-144  486.9   1.2     1   504   367   881   367   881 0.96 [190263/405/1]
190263/477/1.f:PCLDCI_05255 -           1462 GH78.hmm             -            504  1.6e-144  486.7   8.3   1   1  2.6e-147  1.6e-144  486.7   8.3     3   504   601  1131   599  1131 0.94 [190263/477/1]
190263/546/1.f:GEHMID_16110 -            907 GH78.hmm             -            504  3.4e-144  485.7   0.2   1   1  6.7e-147  4.2e-144  485.4   0.2     4   503   306   848   303   849 0.93 [190263/546/1]
190263/443/1.f:LNLACP_00170 -            870 GH78.hmm             -            504  5.1e-144  485.1   1.5   1   1    1e-146  6.2e-144  484.8   1.5     3   504   330   855   328   855 0.93 [190263/443/1]
190263/540/1.f:BCGFLB_07395 -            935 GH78.hmm             -            504  1.5e-143  483.5   0.0   1   1  3.4e-146  2.1e-143  483.1   0.0     4   503   377   888   375   889 0.96 [190263/540/1]
190263/477/1.f:PCLDCI_02885 -           1453 GH78.hmm             -            504  5.4e-143  481.7   3.8   1   1  1.5e-145  9.4e-143  480.9   3.8     4   504   589  1131   587  1131 0.92 [190263/477/1]
190263/478/1.f:BOCJFA_17135 -            854 GH78.hmm             -            504  2.5e-142  479.6   0.0   1   1  4.8e-145    3e-142  479.3   0.0     1   502   322   830   322   832 0.95 [190263/478/1]
190263/477/1.f:PCLDCI_14000 -           1812 GH78.hmm             -            504  1.5e-141  477.0   1.3   1   1    4e-144  2.5e-141  476.2   1.3     3   504   948  1483   947  1483 0.94 [190263/477/1]
190263/477/1.f:PCLDCI_07905 -           1889 GH78.hmm             -            504  2.9e-141  476.0   3.9   1   1  4.6e-144  2.9e-141  476.0   3.9     1   503   538  1038   538  1039 0.96 [190263/477/1]
190263/514/1.f:MMHOAN_15190 -            607 GH78.hmm             -            504    3e-141  476.0   1.1   1   1  5.9e-144  3.6e-141  475.7   1.1     4   502    60   590    58   592 0.94 [190263/514/1]
190263/475/1.f:MCKEEP_05055 -            856 GH78.hmm             -            504  6.6e-141  474.8   2.7   1   1  1.3e-143  8.2e-141  474.5   2.7     5   504   292   838   289   838 0.93 [190263/475/1]
190263/552/1.f:EMALNL_05040 -            856 GH78.hmm             -            504  7.4e-141  474.7   2.9   1   1  1.5e-143  9.2e-141  474.4   2.9     5   504   292   838   289   838 0.94 [190263/552/1]
190263/477/1.f:PCLDCI_05190 -           1756 GH78.hmm             -            504    3e-140  472.7   7.9   1   1  7.3e-143  4.5e-140  472.1   7.9     1   504   529  1054   529  1054 0.95 [190263/477/1]
190263/573/1.f:LIDFCI_18595 -            856 GH78.hmm             -            504  3.3e-140  472.6   1.7   1   1  6.6e-143  4.1e-140  472.2   1.7     5   504   292   838   289   838 0.94 [190263/573/1]
190263/562/1.f:KJGNCK_05195 -            856 GH78.hmm             -            504    4e-140  472.3   3.5   1   1    8e-143    5e-140  472.0   3.5     5   504   292   838   289   838 0.93 [190263/562/1]
190263/556/1.f:EMIPPF_04405 -            935 GH78.hmm             -            504  1.7e-139  470.2   0.0   1   1  3.5e-142  2.1e-139  469.9   0.0     1   504   371   890   371   890 0.97 [190263/556/1]
190263/375/1.f:CNGHJF_07365 -            602 GH78.hmm             -            504    2e-139  469.9   0.1   1   1  3.8e-142  2.3e-139  469.7   0.1    17   504     1   502     1   502 0.95 [190263/375/1]
190263/477/1.f:PCLDCI_05460 -           1446 GH78.hmm             -            504  3.4e-139  469.2   8.3   1   1  7.8e-142  4.8e-139  468.7   8.3     3   504   585  1127   583  1127 0.93 [190263/477/1]
190263/562/1.f:KJGNCK_03375 -           1137 GH78.hmm             -            504  3.8e-139  469.1   0.5   1   1  8.2e-142  5.1e-139  468.6   0.5     3   504   364   877   362   877 0.95 [190263/562/1]
190263/564/1.f:KIHMBJ_09920 -            968 GH78.hmm             -            504    4e-139  469.0   0.4   1   1  9.8e-142  6.1e-139  468.4   0.4     2   504   409   902   408   902 0.94 [190263/564/1]
190263/404/1.f:BGJBIG_16625 -            856 GH78.hmm             -            504  2.9e-138  466.1   2.4   1   1  5.8e-141  3.6e-138  465.8   2.4     5   504   292   838   289   838 0.93 [190263/404/1]
190263/540/1.f:BCGFLB_02835 -            927 GH78.hmm             -            504  2.1e-137  463.3   0.6   1   1  4.2e-140  2.6e-137  463.0   0.6     4   504   358   885   355   885 0.90 [190263/540/1]
190263/580/1.f:JCPJNN_07385 -            730 GH78.hmm             -            504  3.6e-136  459.2   0.0   1   1  7.8e-139  4.8e-136  458.8   0.0     3   494   208   700   206   704 0.97 [190263/580/1]
190263/366/1.f:DBJPFP_07145 -            892 GH78.hmm             -            504  4.6e-136  458.9   0.0   1   1    9e-139  5.6e-136  458.6   0.0     2   504   308   841   307   841 0.91 [190263/366/1]
190263/580/1.f:JCPJNN_17900 -            891 GH78.hmm             -            504  8.7e-135  454.7   0.3   1   1  1.8e-137  1.1e-134  454.3   0.3     1   502   340   872   340   874 0.94 [190263/580/1]
190263/595/1.f:HGDLEC_06025 -            789 GH78.hmm             -            504  1.3e-134  454.1   0.2   1   1    3e-137  1.9e-134  453.6   0.2     8   496   260   760   255   766 0.95 [190263/595/1]
190263/477/1.f:PCLDCI_07040 -           1293 GH78.hmm             -            504  2.1e-134  453.4   9.5   1   1  5.7e-137  3.5e-134  452.7   9.5     5   504   422   970   419   970 0.92 [190263/477/1]
190263/540/1.f:BCGFLB_10985 -            962 GH78.hmm             -            504  2.1e-134  453.4   0.0   1   1  4.3e-137  2.7e-134  453.0   0.0     5   502   387   914   383   916 0.93 [190263/540/1]
190263/390/1.f:OLPOLE_03890 -            867 GH78.hmm             -            504  1.4e-133  450.6   0.0   1   1  2.8e-136  1.7e-133  450.4   0.0     3   504   329   838   327   838 0.96 [190263/390/1]
190263/540/1.f:BCGFLB_02125 -            907 GH78.hmm             -            504  1.2e-132  447.6   2.1   1   1    2e-135  1.2e-132  447.6   2.1     1   504   372   861   372   861 0.95 [190263/540/1]
190263/477/1.f:PCLDCI_02935 -           1490 GH78.hmm             -            504  6.9e-132  445.1   1.9   1   1  1.7e-134  1.1e-131  444.5   1.9     6   504   625  1170   621  1170 0.91 [190263/477/1]
190263/477/1.f:PCLDCI_03915 -           1526 GH78.hmm             -            504  4.7e-130  439.0  10.3   1   1  1.7e-132    1e-129  437.9  10.3     5   504   610  1204   606  1204 0.88 [190263/477/1]
190263/379/1.f:LOJHAC_19480 -            894 GH78.hmm             -            504  1.6e-129  437.3   1.2   1   1  3.1e-132  1.9e-129  437.0   1.2     1   502   351   857   351   859 0.96 [190263/379/1]
190263/368/1.f:HPMDBE_18225 -            894 GH78.hmm             -            504  2.3e-129  436.8   0.9   1   1  4.5e-132  2.8e-129  436.5   0.9     1   502   351   857   351   859 0.96 [190263/368/1]
190263/368/1.f:HPMDBE_01270 -            889 GH78.hmm             -            504  4.4e-129  435.8   5.3   1   1  8.9e-132  5.5e-129  435.5   5.3     4   504   347   849   344   849 0.95 [190263/368/1]
190263/516/1.f:MGNFBC_16180 -            894 GH78.hmm             -            504  9.2e-129  434.8   0.9   1   1  1.8e-131  1.1e-128  434.5   0.9     1   501   351   856   351   859 0.96 [190263/516/1]
190263/477/1.f:PCLDCI_07005 -           1473 GH78.hmm             -            504    1e-128  434.7  12.4   1   1  2.5e-131  1.6e-128  434.0  12.4     5   504   613  1151   610  1151 0.92 [190263/477/1]
190263/477/1.f:PCLDCI_07865 -           1300 GH78.hmm             -            504    2e-128  433.6   5.8   1   1  5.1e-131  3.1e-128  433.0   5.8     5   504   425   977   421   977 0.90 [190263/477/1]
190263/475/1.f:MCKEEP_09605 -            888 GH78.hmm             -            504  6.3e-125  422.1   3.5   1   1  1.3e-127  7.8e-125  421.8   3.5     1   502   346   851   346   853 0.96 [190263/475/1]
190263/386/1.f:DBGIOG_15930 -            955 GH78.hmm             -            504  1.1e-124  421.3   3.3   1   1  2.4e-127  1.5e-124  420.9   3.3     6   504   375   906   372   906 0.94 [190263/386/1]
190263/573/1.f:LIDFCI_13630 -            893 GH78.hmm             -            504  1.7e-123  417.4   3.8   1   1  3.3e-126    2e-123  417.2   3.8     2   502   352   856   351   858 0.96 [190263/573/1]
190263/556/1.f:EMIPPF_09210 -            905 GH78.hmm             -            504  1.9e-123  417.3   0.5   1   1  3.7e-126  2.3e-123  417.0   0.5     3   502   360   862   358   864 0.96 [190263/556/1]
190263/552/1.f:EMALNL_10600 -            893 GH78.hmm             -            504    2e-123  417.2   3.3   1   1    4e-126  2.5e-123  416.9   3.3     2   502   352   856   351   858 0.96 [190263/552/1]
190263/580/1.f:JCPJNN_17090 -            696 GH78.hmm             -            504  2.3e-123  417.0   0.0   1   1  4.7e-126  2.9e-123  416.7   0.0     9   502   198   678   193   680 0.93 [190263/580/1]
190263/401/1.f:DMFJNH_09745 -            904 GH78.hmm             -            504  5.3e-123  415.8   1.4   1   1  1.2e-125  7.1e-123  415.4   1.4     1   502   363   867   363   869 0.97 [190263/401/1]
190263/504/1.f:DOAHDM_10095 -            904 GH78.hmm             -            504  5.3e-123  415.8   1.4   1   1  1.2e-125  7.1e-123  415.4   1.4     1   502   363   867   363   869 0.97 [190263/504/1]
190263/477/1.f:PCLDCI_05810 -           1244 GH78.hmm             -            504  4.9e-122  412.6   9.6   1   1  7.9e-125  4.9e-122  412.6   9.6     6   504   400   925   396   925 0.92 [190263/477/1]
190263/562/1.f:KJGNCK_10700 -            896 GH78.hmm             -            504  8.7e-122  411.8   1.1   1   1  1.7e-124  1.1e-121  411.5   1.1     1   502   353   857   353   859 0.96 [190263/562/1]
190263/502/1.f:NONHGB_06640 -           1589 GH78.hmm             -            504    4e-121  409.6   0.9   1   1  8.6e-124  5.3e-121  409.2   0.9     1   504  1030  1538  1030  1538 0.93 [190263/502/1]
190263/405/1.f:EHKDKA_07375 -           1588 GH78.hmm             -            504  4.8e-120  406.0   0.4   1   1  1.1e-122  7.1e-120  405.5   0.4     2   504  1031  1538  1030  1538 0.94 [190263/405/1]
190263/580/1.f:JCPJNN_08990 -            938 GH78.hmm             -            504  9.1e-119  401.8   0.0   1   1  1.9e-121  1.2e-118  401.5   0.0     3   503   351   896   349   897 0.92 [190263/580/1]
190263/388/1.f:FDDJJK_13640 -            714 GH78.hmm             -            504  7.6e-116  392.2   4.7   1   1  1.6e-118    1e-115  391.8   4.7     4   485   191   679   187   693 0.90 [190263/388/1]
190263/391/1.f:NONBJF_14630 -            714 GH78.hmm             -            504  1.5e-115  391.2   5.0   1   1  3.2e-118    2e-115  390.8   5.0     4   483   191   677   187   693 0.90 [190263/391/1]
190263/534/1.f:OHCFJE_14200 -            714 GH78.hmm             -            504  1.5e-115  391.2   5.0   1   1  3.2e-118    2e-115  390.8   5.0     4   483   191   677   187   693 0.90 [190263/534/1]
190263/545/1.f:NCJBIN_15125 -            714 GH78.hmm             -            504  1.5e-115  391.2   5.0   1   1  3.2e-118    2e-115  390.8   5.0     4   483   191   677   187   693 0.90 [190263/545/1]
190263/475/1.f:MCKEEP_18695 -            734 GH78.hmm             -            504  6.8e-115  389.0   4.0   1   1  1.5e-117  9.5e-115  388.6   4.0     3   489   191   685   189   693 0.89 [190263/475/1]
190263/552/1.f:EMALNL_17175 -            734 GH78.hmm             -            504  4.7e-114  386.3   3.9   1   1  1.1e-116  6.6e-114  385.8   3.9     3   489   191   685   189   693 0.88 [190263/552/1]
190263/401/1.f:DMFJNH_18175 -            729 GH78.hmm             -            504    2e-113  384.2   3.2   1   1  4.3e-116  2.7e-113  383.8   3.2     3   489   186   680   184   688 0.90 [190263/401/1]
190263/585/1.f:DLBDDB_14230 -            734 GH78.hmm             -            504  2.1e-113  384.1   3.3   1   1  4.6e-116  2.9e-113  383.7   3.3     3   489   191   685   189   693 0.88 [190263/585/1]
190263/540/1.f:BCGFLB_02965 -            796 GH78.hmm             -            504  2.8e-113  383.7   0.1   1   1  5.8e-116  3.6e-113  383.3   0.1     6   502   275   777   270   779 0.92 [190263/540/1]
190263/405/1.f:EHKDKA_15980 -            735 GH78.hmm             -            504  4.4e-113  383.1   4.1   1   1  9.5e-116  5.9e-113  382.6   4.1     3   485   191   683   189   694 0.89 [190263/405/1]
190263/562/1.f:KJGNCK_18170 -            734 GH78.hmm             -            504  7.2e-113  382.4   4.6   1   1  1.6e-115  9.6e-113  381.9   4.6     3   490   191   686   189   694 0.88 [190263/562/1]
190263/504/1.f:DOAHDM_19080 -            729 GH78.hmm             -            504  7.9e-113  382.2   3.0   1   1  1.7e-115    1e-112  381.8   3.0     3   489   186   680   184   688 0.89 [190263/504/1]
190263/564/1.f:KIHMBJ_10245 -            841 GH78.hmm             -            504  1.2e-111  378.3   0.0   1   1  2.7e-114  1.7e-111  377.8   0.0     8   484   304   790   298   821 0.91 [190263/564/1]
190263/379/1.f:LOJHAC_11770 -            808 GH78.hmm             -            504  1.4e-110  374.8   4.2   1   1  2.9e-113  1.8e-110  374.4   4.2     8   500   278   784   271   787 0.91 [190263/379/1]
190263/456/1.f:LKAJBD_05075 -            700 GH78.hmm             -            504  1.6e-110  374.6   3.8   1   1  3.4e-113  2.1e-110  374.2   3.8     4   495   191   671   188   675 0.89 [190263/456/1]
190263/516/1.f:MGNFBC_09405 -            808 GH78.hmm             -            504  3.4e-110  373.5   4.0   1   1  7.3e-113  4.5e-110  373.1   4.0     8   500   278   784   271   787 0.91 [190263/516/1]
190263/497/1.f:HENFFC_02700 -            807 GH78.hmm             -            504  3.9e-110  373.3   2.3   1   1  9.8e-113    6e-110  372.7   2.3     7   501   279   787   273   789 0.90 [190263/497/1]
190263/365/1.f:JJMMAK_08545 -            807 GH78.hmm             -            504  5.7e-110  372.8   2.6   1   1  1.2e-112  7.5e-110  372.4   2.6     7   501   279   787   273   790 0.90 [190263/365/1]
190263/368/1.f:HPMDBE_10440 -            808 GH78.hmm             -            504    1e-109  371.9   4.0   1   1  2.2e-112  1.4e-109  371.5   4.0     8   500   278   784   271   787 0.91 [190263/368/1]
190263/437/1.f:LBKKEJ_02660 -            729 GH78.hmm             -            504  2.1e-108  367.6   3.6   1   1  4.7e-111  2.9e-108  367.1   3.6     8   491   195   684   190   690 0.87 [190263/437/1]
190263/366/1.f:DBJPFP_07140 -            805 GH78.hmm             -            504  2.5e-106  360.8   0.0   1   1    5e-109  3.1e-106  360.5   0.0     6   501   285   785   280   788 0.91 [190263/366/1]
190263/365/1.f:JJMMAK_00155 -            762 GH78.hmm             -            504  8.1e-105  355.8   0.0   1   1  1.6e-107  9.8e-105  355.5   0.0     1   504   184   720   184   720 0.90 [190263/365/1]
190263/497/1.f:HENFFC_00160 -            762 GH78.hmm             -            504  1.4e-104  355.0   0.1   1   1  2.8e-107  1.7e-104  354.7   0.1     1   504   184   720   184   720 0.89 [190263/497/1]
190263/399/1.f:CDLIDF_03495 -            584 GH78.hmm             -            504  1.5e-104  354.9   0.0   1   1    3e-107  1.8e-104  354.6   0.0     7   499    77   581    70   583 0.89 [190263/399/1]
190263/564/1.f:KIHMBJ_05140 -            583 GH78.hmm             -            504  2.1e-104  354.4   0.5   1   1  4.5e-107  2.8e-104  354.0   0.5     8   499    89   580    82   582 0.89 [190263/564/1]
190263/429/1.f:OMPHBF_06660 -           1580 GH78.hmm             -            504  3.5e-102  347.1   4.0   1   1  9.5e-105  5.9e-102  346.4   4.0     1   503   360   860   360   861 0.91 [190263/429/1]
190263/497/1.f:HENFFC_07400 -            583 GH78.hmm             -            504  2.5e-101  344.3   0.0   1   1  5.2e-104  3.2e-101  343.9   0.0     7   499    75   580    69   582 0.87 [190263/497/1]
190263/556/1.f:EMIPPF_06040 -            587 GH78.hmm             -            504    3e-101  344.0   0.0   1   1  6.1e-104  3.8e-101  343.7   0.0     5   499    88   584    84   586 0.90 [190263/556/1]
190263/365/1.f:JJMMAK_06105 -            583 GH78.hmm             -            504  3.9e-101  343.6   0.0   1   1    8e-104  4.9e-101  343.3   0.0     7   499    75   580    69   582 0.87 [190263/365/1]
190263/368/1.f:HPMDBE_07620 -            582 GH78.hmm             -            504  8.2e-101  342.6   0.0   1   1  1.7e-103    1e-100  342.2   0.0     7   499    76   579    70   581 0.87 [190263/368/1]
190263/516/1.f:MGNFBC_06885 -            583 GH78.hmm             -            504  1.7e-100  341.6   0.0   1   1  3.6e-103  2.2e-100  341.2   0.0     7   498    76   578    70   581 0.88 [190263/516/1]
190263/379/1.f:LOJHAC_08155 -            583 GH78.hmm             -            504  6.2e-100  339.7   0.0   1   1  1.3e-102  8.2e-100  339.3   0.0     7   498    76   578    70   581 0.87 [190263/379/1]
190263/366/1.f:DBJPFP_01420 -            595 GH78.hmm             -            504   2.5e-98  334.4   0.0   1   1  7.1e-101   4.4e-98  333.6   0.0     9   502    98   590    91   592 0.89 [190263/366/1]
190263/477/1.f:PCLDCI_05730 -           1704 GH78.hmm             -            504   3.5e-98  333.9   7.2   1   1  1.1e-100   6.6e-98  333.0   7.2     2   504   877  1403   876  1403 0.92 [190263/477/1]
190263/461/1.f:DHPHOK_03790 -            768 GH78.hmm             -            504   8.6e-97  329.3   8.2   1   1   1.7e-99     1e-96  329.1   8.2     7   502   247   749   241   751 0.92 [190263/461/1]
190263/477/1.f:PCLDCI_02905 -           1090 GH78.hmm             -            504   6.3e-96  326.5   5.2   1   1   1.4e-98   8.7e-96  326.0   5.2     5   504   356   842   352   842 0.91 [190263/477/1]
190263/562/1.f:KJGNCK_00370 -            605 GH78.hmm             -            504   8.7e-96  326.0   0.0   1   1   1.8e-98   1.1e-95  325.6   0.0     8   499    98   602    92   604 0.89 [190263/562/1]
190263/580/1.f:JCPJNN_10005 -            704 GH78.hmm             -            504     2e-95  324.8   0.1   1   1   4.2e-98   2.6e-95  324.4   0.1     4   483   174   670   171   678 0.88 [190263/580/1]
190263/552/1.f:EMALNL_00390 -            605 GH78.hmm             -            504   6.4e-95  323.2   0.0   1   1   1.3e-97   8.2e-95  322.8   0.0     8   499    98   602    92   604 0.89 [190263/552/1]
190263/540/1.f:BCGFLB_00150 -            596 GH78.hmm             -            504   6.5e-95  323.1   0.0   1   1   1.4e-97   8.7e-95  322.7   0.0     7   499   101   593    95   595 0.89 [190263/540/1]
190263/564/1.f:KIHMBJ_05145 -            753 GH78.hmm             -            504   6.9e-95  323.0   0.0   1   1   1.4e-97   8.7e-95  322.7   0.0     2   504   183   706   182   706 0.88 [190263/564/1]
190263/477/1.f:PCLDCI_13555 -           1796 GH78.hmm             -            504   2.2e-94  321.4   8.5   1   1   5.6e-97   3.5e-94  320.7   8.5     3   504   550  1051   548  1051 0.90 [190263/477/1]
190263/388/1.f:FDDJJK_00910 -            593 GH78.hmm             -            504   6.4e-94  319.9   0.0   1   1   1.4e-96   8.7e-94  319.4   0.0     3   499    92   591    90   593 0.88 [190263/388/1]
190263/534/1.f:OHCFJE_03160 -            590 GH78.hmm             -            504   1.6e-93  318.6   0.0   1   1   3.6e-96   2.2e-93  318.1   0.0     7   499    91   586    86   589 0.87 [190263/534/1]
190263/534/1.f:OHCFJE_01695 -            593 GH78.hmm             -            504   2.1e-93  318.2   0.0   1   1   4.5e-96   2.8e-93  317.7   0.0     3   499    92   591    90   593 0.88 [190263/534/1]
190263/545/1.f:NCJBIN_01040 -            593 GH78.hmm             -            504   2.1e-93  318.2   0.0   1   1   4.5e-96   2.8e-93  317.7   0.0     3   499    92   591    90   593 0.88 [190263/545/1]
190263/564/1.f:KIHMBJ_06090 -            733 GH78.hmm             -            504   4.4e-93  317.1   7.2   1   1   9.5e-96   5.9e-93  316.7   7.2    16   502   245   713   240   715 0.89 [190263/564/1]
190263/391/1.f:NONBJF_00930 -            593 GH78.hmm             -            504   3.2e-92  314.3   0.0   1   1     7e-95   4.3e-92  313.8   0.0     3   499    92   591    90   593 0.88 [190263/391/1]
190263/520/1.f:GGDGDE_15715 -            787 GH78.hmm             -            504   2.9e-91  311.1   0.0   1   1   7.1e-94   4.4e-91  310.5   0.0     1   481   290   773   290   782 0.93 [190263/520/1]
190263/502/1.f:NONHGB_08340 -            587 GH78.hmm             -            504   4.9e-90  307.0   0.0   1   1   1.1e-92   6.8e-90  306.6   0.0     3   499    86   585    84   587 0.87 [190263/502/1]
190263/365/1.f:JJMMAK_15250 -            715 GH78.hmm             -            504     1e-87  299.4   0.1   1   1   2.8e-90   1.8e-87  298.6   0.1     3   343   366   702   364   710 0.92 [190263/365/1]
190263/580/1.f:JCPJNN_05035 -            784 GH78.hmm             -            504     1e-87  299.3   0.0   1   1   2.2e-90   1.3e-87  299.0   0.0     8   501   262   759   255   761 0.93 [190263/580/1]
190263/546/1.f:GEHMID_09675 -            728 GH78.hmm             -            504   6.7e-87  296.7   0.0   1   1   1.6e-89   9.6e-87  296.2   0.0     3   464   219   701   218   714 0.92 [190263/546/1]
190263/540/1.f:BCGFLB_03170 -            779 GH78.hmm             -            504   8.4e-87  296.4   2.7   1   1   1.9e-89   1.2e-86  295.9   2.7    17   502   257   723   240   724 0.88 [190263/540/1]
190263/564/1.f:KIHMBJ_11190 -            724 GH78.hmm             -            504   1.2e-86  295.9   0.4   1   1   2.6e-89   1.6e-86  295.4   0.4     7   501   237   708   232   710 0.91 [190263/564/1]
190263/545/1.f:NCJBIN_10515 -            765 GH78.hmm             -            504   7.9e-86  293.1   6.5   1   1   1.8e-88   1.1e-85  292.7   6.5    89   504   313   719   271   719 0.90 [190263/545/1]
190263/399/1.f:CDLIDF_15455 -            732 GH78.hmm             -            504   3.3e-84  287.8   4.4   1   1   6.8e-87   4.2e-84  287.5   4.4    31   504   245   699   229   699 0.87 [190263/399/1]
190263/365/1.f:JJMMAK_06095 -            738 GH78.hmm             -            504   5.6e-84  287.0   2.0   1   1   1.1e-86   7.1e-84  286.7   2.0    27   503   255   713   224   714 0.86 [190263/365/1]
190263/379/1.f:LOJHAC_08145 -            738 GH78.hmm             -            504     7e-84  286.7   3.4   1   1   1.5e-86   9.1e-84  286.4   3.4    22   502   258   720   242   722 0.89 [190263/379/1]
190263/405/1.f:EHKDKA_03120 -            765 GH78.hmm             -            504   7.3e-84  286.7   6.0   1   1   6.7e-86   4.2e-83  284.2   7.4    18   498   244   705   228   710 0.89 [190263/405/1]
190263/497/1.f:HENFFC_07390 -            730 GH78.hmm             -            504   8.4e-84  286.5   1.7   1   1   1.7e-86   1.1e-83  286.1   1.7    28   503   256   713   224   714 0.87 [190263/497/1]
190263/516/1.f:MGNFBC_06875 -            738 GH78.hmm             -            504   9.2e-84  286.3   3.1   1   1   1.9e-86   1.2e-83  286.0   3.1    22   502   258   720   247   722 0.89 [190263/516/1]
190263/368/1.f:HPMDBE_07610 -            738 GH78.hmm             -            504   2.8e-83  284.8   2.5   1   1   5.7e-86   3.5e-83  284.4   2.5    22   502   258   720   239   722 0.89 [190263/368/1]
190263/433/1.f:ADFNDI_04930 -            523 GH78.hmm             -            504   9.6e-83  283.0   0.2   1   1   1.8e-85   1.1e-82  282.7   0.2     6   440    68   521    64   522 0.89 [190263/433/1]
190263/477/1.f:PCLDCI_11510 -           2015 GH78.hmm             -            504   2.1e-82  281.9  11.6   1   1   7.7e-85   4.7e-82  280.7  11.6    15   502   295   761   281   763 0.89 [190263/477/1]
190263/404/1.f:BGJBIG_16635 -            758 GH78.hmm             -            504   3.3e-82  281.2   2.9   1   1   6.9e-85   4.3e-82  280.8   2.9    88   504   308   716   266   716 0.92 [190263/404/1]
190263/573/1.f:LIDFCI_01690 -            738 GH78.hmm             -            504   3.8e-81  277.7   5.1   1   1   7.9e-84   4.9e-81  277.3   5.1    47   500   257   702   239   706 0.88 [190263/573/1]
190263/502/1.f:NONHGB_01270 -            734 GH78.hmm             -            504   6.4e-81  277.0   0.9   1   1   1.4e-83   8.5e-81  276.6   0.9    21   504   231   718   226   718 0.87 [190263/502/1]
190263/433/1.f:ADFNDI_00185 -            654 GH78.hmm             -            504   9.6e-80  273.1   0.0   1   1   2.1e-82   1.3e-79  272.6   0.0    74   481   216   619   157   629 0.84 [190263/433/1]
190263/366/1.f:DBJPFP_07135 -            782 GH78.hmm             -            504   5.2e-79  270.7   0.1   1   1     1e-81   6.4e-79  270.4   0.1    60   504   291   724   235   724 0.88 [190263/366/1]
190263/405/1.f:EHKDKA_01395 -            733 GH78.hmm             -            504   9.2e-79  269.8   1.6   1   1   2.1e-81   1.3e-78  269.4   1.6    23   504   232   717   219   717 0.87 [190263/405/1]
190263/562/1.f:KJGNCK_00380 -            738 GH78.hmm             -            504   2.1e-77  265.4   0.1   1   1   4.3e-80   2.7e-77  265.0   0.1    24   502   256   714   236   716 0.87 [190263/562/1]
190263/477/1.f:PCLDCI_13875 -           1982 GH78.hmm             -            504   8.4e-77  263.4   8.8   1   1   1.4e-79   8.4e-77  263.4   8.8    46   503   293   733   261   734 0.87 [190263/477/1]
190263/388/1.f:FDDJJK_09285 -            664 GH78.hmm             -            504     1e-76  263.1   0.0   1   1   2.1e-79   1.3e-76  262.7   0.0     5   502   144   641   140   643 0.91 [190263/388/1]
190263/477/1.f:PCLDCI_08545 -           1658 GH78.hmm             -            504   7.3e-76  260.3   3.8   1   1   2.1e-78   1.3e-75  259.5   3.8     2   502   291   768   290   770 0.89 [190263/477/1]
190263/573/1.f:LIDFCI_01695 -            765 GH78.hmm             -            504   4.1e-74  254.5   1.4   1   1     9e-77   5.6e-74  254.1   1.4    55   494   277   702   232   709 0.85 [190263/573/1]
190263/502/1.f:NONHGB_08350 -            739 GH78.hmm             -            504   6.1e-74  253.9   0.0   1   1   1.2e-76   7.5e-74  253.6   0.0     5   502   219   716   215   718 0.91 [190263/502/1]
190263/368/1.f:HPMDBE_13545 -            542 GH78.hmm             -            504   6.5e-74  253.9   0.0   1   1   1.3e-76   7.9e-74  253.6   0.0     8   439    84   536    77   537 0.86 [190263/368/1]
190263/516/1.f:MGNFBC_12500 -            542 GH78.hmm             -            504   6.5e-74  253.9   0.0   1   1   1.3e-76   7.9e-74  253.6   0.0     8   439    84   536    77   537 0.86 [190263/516/1]
190263/540/1.f:BCGFLB_00695 -            823 GH78.hmm             -            504   7.3e-72  247.1   0.3   1   1   1.5e-74   9.5e-72  246.7   0.3     7   502   102   583    96   585 0.84 [190263/540/1]
190263/477/1.f:PCLDCI_02915 -           1466 GH78.hmm             -            504   7.8e-72  247.0   0.4   1   1     2e-74   1.2e-71  246.4   0.4     3   502   266   750   264   752 0.89 [190263/477/1]
190263/399/1.f:CDLIDF_17525 -            783 GH78.hmm             -            504   3.1e-71  245.0   3.0   1   1   6.8e-74   4.2e-71  244.6   3.0    55   492   291   714   236   718 0.86 [190263/399/1]
190263/477/1.f:PCLDCI_04950 -           1589 GH78.hmm             -            504   5.1e-71  244.3   0.6   1   1   1.7e-73   1.1e-70  243.3   0.6    13   503   426   892   414   893 0.88 [190263/477/1]
190263/365/1.f:JJMMAK_07205 -            546 GH78.hmm             -            504   5.5e-71  244.2   0.1   1   1   1.2e-73   7.1e-71  243.8   0.1     8   439    87   540    82   541 0.86 [190263/365/1]
190263/540/1.f:BCGFLB_01250 -            542 GH78.hmm             -            504   8.3e-71  243.6   0.1   1   1   1.7e-73   1.1e-70  243.2   0.1     6   439    84   536    80   537 0.88 [190263/540/1]
190263/497/1.f:HENFFC_08020 -            546 GH78.hmm             -            504     9e-71  243.5   0.5   1   1   1.9e-73   1.2e-70  243.1   0.5     8   439    87   540    82   541 0.85 [190263/497/1]
190263/556/1.f:EMIPPF_07015 -            823 GH78.hmm             -            504     9e-70  240.2   0.4   1   1   1.8e-72   1.1e-69  239.9   0.4     9   501   102   580    94   583 0.87 [190263/556/1]
190263/562/1.f:KJGNCK_05135 -            545 GH78.hmm             -            504   3.5e-69  238.2   0.1   1   1   7.2e-72   4.4e-69  237.9   0.1     7   439    85   539    81   540 0.87 [190263/562/1]
190263/384/1.f:CDKGIA_22925 -            546 GH78.hmm             -            504   4.9e-69  237.8   0.0   1   1     1e-71   6.4e-69  237.4   0.0     6   439    87   544    83   545 0.85 [190263/384/1]
190263/564/1.f:KIHMBJ_02320 -            552 GH78.hmm             -            504   6.8e-67  230.7   0.0   1   1   1.4e-69   8.5e-67  230.4   0.0     8   439    93   546    86   547 0.87 [190263/564/1]
190263/540/1.f:BCGFLB_02865 -            779 GH78.hmm             -            504   1.6e-64  222.8   0.0   1   1   3.9e-67   2.4e-64  222.3   0.0    11   497   258   750   250   755 0.87 [190263/540/1]
190263/564/1.f:KIHMBJ_06100 -            742 GH78.hmm             -            504   2.4e-63  219.0   0.0   1   1   5.5e-66   3.4e-63  218.5   0.0    10   502   236   731   229   732 0.85 [190263/564/1]
190263/580/1.f:JCPJNN_20915 -            736 GH78.hmm             -            504   1.7e-60  209.6   0.0   1   1   3.3e-63     2e-60  209.3   0.0     5   480   251   732   247   736 0.85 [190263/580/1]
190263/456/1.f:LKAJBD_04785 -            852 GH78.hmm             -            504   2.3e-60  209.2   0.0   1   1   4.9e-63     3e-60  208.8   0.0     9   503   302   813   296   814 0.87 [190263/456/1]
190263/564/1.f:KIHMBJ_10000 -            876 GH78.hmm             -            504   1.2e-55  193.6   0.0   1   1   2.5e-58   1.6e-55  193.2   0.0     8   504   302   816   296   816 0.86 [190263/564/1]
190263/368/1.f:HPMDBE_01280 -            849 GH78.hmm             -            504   1.2e-53  187.0   0.0   1   1   2.5e-56   1.6e-53  186.6   0.0    10   504   301   813   295   813 0.87 [190263/368/1]
190263/477/1.f:PCLDCI_03200 -           1124 GH78.hmm             -            504   1.2e-53  186.9   8.0   1   1   3.5e-56   2.2e-53  186.1   8.0   112   497   377   812   291   815 0.81 [190263/477/1]
190263/475/1.f:MCKEEP_03235 -            341 GH78.hmm             -            504     5e-49  171.7   0.1   1   1     1e-51   6.2e-49  171.4   0.1     8   257    82   332    75   340 0.87 [190263/475/1]
190263/573/1.f:LIDFCI_20355 -            341 GH78.hmm             -            504     5e-49  171.7   0.1   1   1   1.1e-51   6.7e-49  171.3   0.1     8   257    82   332    76   340 0.87 [190263/573/1]
190263/477/1.f:PCLDCI_03150 -           1194 GH78.hmm             -            504   6.1e-47  164.9  11.3   1   1   9.9e-50   6.1e-47  164.9  11.3   111   498   462   884   434   888 0.82 [190263/477/1]
190263/365/1.f:JJMMAK_15255 -            158 GH78.hmm             -            504   2.9e-41  146.1   0.0   1   1   5.2e-44   3.2e-41  146.0   0.0   367   504     2   134     1   134 0.98 [190263/365/1]
190263/531/1.f:KJIPPC_04625 -            388 GH78.hmm             -            504   5.3e-39  138.7   1.4   1   1   8.6e-42   5.3e-39  138.7   1.4   309   502    32   232    29   234 0.88 [190263/531/1]
190263/478/1.f:BOCJFA_13170 -            180 GH78.hmm             -            504   6.6e-34  121.9   0.3   1   1   1.4e-36   8.6e-34  121.5   0.3   267   439     5   178     2   179 0.92 [190263/478/1]
190263/531/1.f:KJIPPC_04615 -            377 GH78.hmm             -            504   5.4e-28  102.3   1.1   1   1   8.8e-31   5.4e-28  102.3   1.1     1   176   187   361   187   372 0.91 [190263/531/1]
190263/478/1.f:BOCJFA_13175 -            188 GH78.hmm             -            504   6.3e-26   95.5   0.6   1   1   1.5e-28   9.3e-26   95.0   0.6    76   194    35   158    26   185 0.91 [190263/478/1]
190263/447/1.f:OLODHC_11570 -            642 GH78.hmm             -            504   1.2e-23   88.0   0.1   1   1   3.1e-26   1.9e-23   87.3   0.1   149   354   299   528   298   594 0.82 [190263/447/1]
190263/363/1.f:CIHHOC_04780 -            646 GH78.hmm             -            504   5.5e-22   82.5   0.0   1   1   1.5e-24   9.5e-22   81.8   0.0   149   354   300   529   299   570 0.86 [190263/363/1]
190263/514/1.f:MMHOAN_12730 -            647 GH78.hmm             -            504   1.4e-21   81.2   0.0   1   1   3.7e-24   2.3e-21   80.5   0.0   149   354   301   529   300   549 0.84 [190263/514/1]
190263/541/1.f:IDEEIE_03890 -            647 GH78.hmm             -            504   7.4e-20   75.5   0.2   1   1   2.2e-22   1.3e-19   74.7   0.2   149   354   300   528   299   586 0.85 [190263/541/1]
190263/580/1.f:JCPJNN_26935 -            653 GH78.hmm             -            504     2e-19   74.1   0.0   1   1   6.3e-22   3.9e-19   73.1   0.0   149   354   303   532   302   556 0.84 [190263/580/1]
190263/405/1.f:EHKDKA_23955 -            785 GH78.hmm             -            504   7.2e-19   72.3   8.5   1   1   2.4e-21   1.5e-18   71.2   8.5   149   492   288   684   286   692 0.82 [190263/405/1]
190263/409/1.f:AJJCMD_08065 -            649 GH78.hmm             -            504   1.6e-18   71.1   0.0   1   1   4.2e-21   2.6e-18   70.4   0.0   149   354   301   533   300   550 0.83 [190263/409/1]
190263/405/1.f:EHKDKA_05315 -            468 GH78.hmm             -            504     1e-16   65.1   0.9   1   1   2.2e-19   1.3e-16   64.8   0.9   206   389   102   333    16   400 0.80 [190263/405/1]
190263/461/1.f:DHPHOK_03315 -            669 GH78.hmm             -            504   1.9e-16   64.3   1.8   1   1   5.2e-19   3.2e-16   63.5   1.8   167   354   345   568   335   582 0.79 [190263/461/1]
190263/495/1.f:ANKNCD_06900 -            673 GH78.hmm             -            504     2e-16   64.2   0.1   1   1   7.2e-19   4.5e-16   63.0   0.0   149   351   321   551   319   563 0.82 [190263/495/1]
190263/478/1.f:BOCJFA_13135 -            385 GH78.hmm             -            504   4.6e-16   63.0   0.0   1   1   1.1e-18   7.1e-16   62.4   0.0   139   198    10    70     7    83 0.92 [190263/478/1]
190263/583/1.f:BCCKNC_04605 -            432 GH78.hmm             -            504   1.1e-15   61.8   0.3   1   1   2.4e-18   1.5e-15   61.3   0.3   148   357    63   325    62   383 0.80 [190263/583/1]
190263/580/1.f:JCPJNN_21145 -            408 GH78.hmm             -            504     2e-15   60.9   1.2   1   1   4.1e-18   2.5e-15   60.6   1.2   165   415    68   356    53   378 0.76 [190263/580/1]
190263/368/1.f:HPMDBE_19015 -            781 GH78.hmm             -            504   3.6e-15   60.1   2.3   1   1     1e-16   6.4e-14   55.9   1.8   161   328   354   524   347   571 0.77 [190263/368/1]
190263/379/1.f:LOJHAC_18300 -            728 GH78.hmm             -            504   3.9e-15   60.0   2.4   1   1     1e-16   6.4e-14   55.9   1.9   161   328   301   471   294   518 0.77 [190263/379/1]
190263/506/1.f:IKGMED_06505 -            507 GH78.hmm             -            504   1.5e-14   58.0   0.8   1   1   3.2e-17     2e-14   57.6   0.8   213   454   143   447    84   452 0.78 [190263/506/1]
190263/423/1.f:PDNKFB_08695 -            679 GH78.hmm             -            504   1.7e-14   57.8   0.2   1   1   4.2e-17   2.6e-14   57.2   0.2   149   354   325   556   323   574 0.84 [190263/423/1]
190263/540/1.f:BCGFLB_00800 -            465 GH78.hmm             -            504   5.2e-14   56.2   0.0   1   1   1.2e-16   7.3e-14   55.7   0.0   227   391   172   378   164   386 0.80 [190263/540/1]
190263/477/1.f:PCLDCI_02800 -           1111 GH78.hmm             -            504   1.7e-13   54.5   6.5   1   1   2.8e-16   1.7e-13   54.5   6.5   175   320    34   179    17   218 0.87 [190263/477/1]
#
# Program:         hmmsearch
# Version:         3.3.2 (Nov 2020)
# Pipeline mode:   SEARCH
# Query file:      /kb/module/work/tmp/output.1725388484971/GH78/GH78.hmm
# Target file:     /kb/module/work/tmp/output.1725388484971/hCom2_RAST.fasta
# Option settings: /kb/module/hmmer/bin/hmmsearch --domtblout /kb/module/work/tmp/output.1725388484971/GH78/GH78-hCom2_RAST.hitout.txt --noali --notextw --domE 1e-15 /kb/module/work/tmp/output.1725388484971/GH78/GH78.hmm /kb/module/work/tmp/output.1725388484971/hCom2_RAST.fasta 
# Current dir:     /kb/module/work/tmp/output.1725388484971
# Date:            Tue Sep  3 18:54:18 2024
# [ok]
