#                                                                                   --- full sequence --- -------------- this domain -------------   hmm coord   ali coord   env coord
# target name               accession   tlen query name           accession   qlen   E-value  score  bias   #  of  c-Evalue  i-Evalue  score  bias  from    to  from    to  from    to  acc description of target
#       ------------------- ---------- ----- -------------------- ---------- ----- --------- ------ ----- --- --- --------- --------- ------ ----- ----- ----- ----- ----- ----- ----- ---- ---------------------
190263/488/1.f:DNPFAC_01210 -            739 GH84.hmm             -            295  4.3e-118  398.3   0.4   1   1  1.6e-121  8.3e-118  397.3   0.4     1   294   151   443   151   444 0.99 [190263/488/1]
190263/417/1.f:MHBJAE_00895 -            739 GH84.hmm             -            295  1.2e-117  396.8   0.5   1   1  4.1e-121  2.1e-117  396.0   0.5     1   294   151   443   151   444 0.99 [190263/417/1]
190263/404/1.f:BGJBIG_08355 -            737 GH84.hmm             -            295    2e-116  392.8   0.4   1   1  6.2e-120  3.3e-116  392.1   0.4     1   294   151   443   151   444 0.99 [190263/404/1]
190263/388/1.f:FDDJJK_10675 -            737 GH84.hmm             -            295  1.4e-115  390.0   1.0   1   1  2.6e-119  1.4e-115  390.0   1.0     1   294   149   441   149   442 0.99 [190263/388/1]
190263/391/1.f:NONBJF_11260 -            737 GH84.hmm             -            295  3.9e-115  388.5   1.0   1   1  7.4e-119  3.9e-115  388.5   1.0     1   294   149   441   149   442 0.99 [190263/391/1]
190263/534/1.f:OHCFJE_11460 -            737 GH84.hmm             -            295  3.9e-115  388.5   1.0   1   1  7.4e-119  3.9e-115  388.5   1.0     1   294   149   441   149   442 0.99 [190263/534/1]
190263/545/1.f:NCJBIN_12115 -            737 GH84.hmm             -            295  3.9e-115  388.5   1.0   1   1  7.4e-119  3.9e-115  388.5   1.0     1   294   149   441   149   442 0.99 [190263/545/1]
190263/401/1.f:DMFJNH_11415 -            737 GH84.hmm             -            295  1.3e-114  386.8   0.7   1   1  3.6e-118  1.9e-114  386.3   0.7     1   294   151   443   151   444 0.99 [190263/401/1]
190263/504/1.f:DOAHDM_11725 -            737 GH84.hmm             -            295  2.3e-114  386.0   0.9   1   1  6.2e-118  3.3e-114  385.5   0.9     1   294   151   443   151   444 0.99 [190263/504/1]
190263/516/1.f:MGNFBC_05935 -            837 GH84.hmm             -            295  1.6e-111  376.7   0.2   1   1  4.9e-115  2.6e-111  376.0   0.2     1   294   151   441   151   442 0.98 [190263/516/1]
190263/379/1.f:LOJHAC_02260 -            837 GH84.hmm             -            295    3e-111  375.8   0.3   1   1  8.8e-115  4.6e-111  375.2   0.3     1   294   151   441   151   442 0.98 [190263/379/1]
190263/368/1.f:HPMDBE_06840 -            837 GH84.hmm             -            295  3.5e-111  375.6   0.3   1   1  1.1e-114  5.7e-111  374.9   0.3     1   294   151   441   151   442 0.98 [190263/368/1]
190263/438/1.f:IKAFOJ_04550 -           1260 GH84.hmm             -            295  4.8e-110  371.8   3.6   1   1  2.8e-113  1.5e-109  370.2   3.6     1   294   181   478   181   479 0.98 [190263/438/1]
190263/506/1.f:IKGMED_00285 -            953 GH84.hmm             -            295  3.2e-109  369.2   0.0   1   1  8.5e-113  4.5e-109  368.7   0.0     1   294   128   423   128   424 0.97 [190263/506/1]
190263/583/1.f:BCCKNC_00860 -            739 GH84.hmm             -            295  4.1e-109  368.8   0.4   1   1  1.2e-112  6.2e-109  368.2   0.4     1   294   151   443   151   444 0.98 [190263/583/1]
190263/497/1.f:HENFFC_04930 -            832 GH84.hmm             -            295  6.4e-109  368.1   0.1   1   1  1.9e-112  9.9e-109  367.5   0.1     1   294   148   438   148   439 0.98 [190263/497/1]
190263/365/1.f:JJMMAK_07440 -            831 GH84.hmm             -            295  1.2e-108  367.2   0.0   1   1  3.7e-112  1.9e-108  366.6   0.0     1   294   148   438   148   439 0.98 [190263/365/1]
190263/364/1.f:DKBBKL_18875 -            737 GH84.hmm             -            295  4.7e-108  365.3   0.0   1   1  1.2e-111  6.3e-108  364.9   0.0     1   294   149   441   149   442 0.98 [190263/364/1]
190263/437/1.f:LBKKEJ_01915 -            845 GH84.hmm             -            295  2.1e-107  363.2   0.1   1   1    4e-108  2.1e-104  353.3   0.0     1   294   168   462   168   463 0.99 [190263/437/1]
190263/522/1.f:NPJBCH_11300 -            853 GH84.hmm             -            295    4e-107  362.3   0.0   1   1  2.6e-108  1.4e-104  353.9   0.0     1   294   179   473   179   474 0.98 [190263/522/1]
190263/438/1.f:IKAFOJ_10950 -           1273 GH84.hmm             -            295    6e-107  361.7   1.2   1   1  1.1e-110    6e-107  361.7   1.2     1   294   191   483   191   484 0.98 [190263/438/1]
190263/399/1.f:CDLIDF_10750 -            862 GH84.hmm             -            295  6.2e-105  355.1   0.0   1   1  8.8e-108  4.6e-104  352.2   0.0     1   294   186   480   186   481 0.98 [190263/399/1]
190263/369/1.f:JCDIFE_10600 -            734 GH84.hmm             -            295  1.1e-104  354.3   0.3   1   1  2.9e-108  1.5e-104  353.8   0.3     1   294   151   443   151   444 0.98 [190263/369/1]
190263/438/1.f:IKAFOJ_01415 -           1123 GH84.hmm             -            295  1.2e-104  354.1   1.0   1   1    7e-108  3.7e-104  352.5   1.0     1   294   187   484   187   485 0.98 [190263/438/1]
190263/461/1.f:DHPHOK_18705 -            734 GH84.hmm             -            295  2.3e-103  349.9   0.2   1   1  6.4e-107  3.4e-103  349.4   0.2     1   294   151   443   151   444 0.98 [190263/461/1]
190263/438/1.f:IKAFOJ_01405 -           1363 GH84.hmm             -            295    3e-101  343.0   0.4   1   1  1.6e-104  8.2e-101  341.5   0.4     1   294   191   484   191   485 0.98 [190263/438/1]
190263/512/1.f:JBCLGH_03220 -           2022 GH84.hmm             -            295  6.5e-100  338.6   0.8   1   1  2.8e-103   1.5e-99  337.4   0.8     1   294   183   489   183   490 0.96 [190263/512/1]
190263/541/1.f:IDEEIE_16645 -           2101 GH84.hmm             -            295   2.4e-99  336.7   0.9   1   1  4.6e-103   2.4e-99  336.7   0.9     1   294   183   489   183   490 0.96 [190263/541/1]
190263/557/1.f:DOLMEB_00915 -           1959 GH84.hmm             -            295   3.9e-99  336.0   0.4   1   1  7.4e-103   3.9e-99  336.0   0.4     1   294   183   491   183   492 0.96 [190263/557/1]
190263/438/1.f:IKAFOJ_01765 -           1654 GH84.hmm             -            295   1.8e-98  333.9   0.9   1   1  1.1e-101   5.6e-98  332.2   0.7     1   285   184   483   184   493 0.95 [190263/438/1]
190263/438/1.f:IKAFOJ_08225 -           1712 GH84.hmm             -            295   1.9e-98  333.8   4.7   1   1  3.6e-102   1.9e-98  333.8   4.7     1   294   182   485   182   486 0.95 [190263/438/1]
190263/541/1.f:IDEEIE_14685 -           1745 GH84.hmm             -            295     3e-98  333.1   0.1   1   1  5.8e-102     3e-98  333.1   0.1     1   294   185   484   185   485 0.94 [190263/541/1]
190263/458/1.f:AMPCAI_05600 -           1746 GH84.hmm             -            295   1.4e-95  324.3   1.3   1   1   2.7e-99   1.4e-95  324.3   1.3     1   293   177   479   177   481 0.95 [190263/458/1]
190263/438/1.f:IKAFOJ_09240 -           1481 GH84.hmm             -            295   3.2e-95  323.2   0.3   1   1   1.2e-98   6.5e-95  322.2   0.3     1   291   184   487   184   491 0.94 [190263/438/1]
190263/512/1.f:JBCLGH_11730 -           1605 GH84.hmm             -            295   3.3e-94  319.8   0.1   1   1   1.1e-97   5.7e-94  319.1   0.1     1   294   197   499   197   500 0.94 [190263/512/1]
190263/560/1.f:OAGBLH_04490 -           2105 GH84.hmm             -            295   3.3e-93  316.6   0.2   1   1   6.2e-97   3.3e-93  316.6   0.2     1   294   181   479   181   480 0.94 [190263/560/1]
190263/434/1.f:NCAOKI_02330 -           1700 GH84.hmm             -            295   2.6e-92  313.6   1.0   1   1     1e-95   5.3e-92  312.6   1.0     1   292   190   496   190   499 0.94 [190263/434/1]
190263/510/1.f:DELAEA_01485 -           1696 GH84.hmm             -            295   7.8e-92  312.1   1.3   1   1   2.6e-95   1.4e-91  311.2   1.3     1   292   305   618   305   621 0.94 [190263/510/1]
190263/382/1.f:JACGKO_06595 -            482 GH84.hmm             -            295   2.2e-88  300.7   0.0   1   1   5.9e-92   3.1e-88  300.2   0.0     1   293    46   339    46   341 0.95 [190263/382/1]
190263/434/1.f:NCAOKI_04390 -           1463 GH84.hmm             -            295   6.5e-84  286.1   0.1   1   1   1.7e-87     9e-84  285.6   0.1     1   294   192   500   192   501 0.94 [190263/434/1]
190263/507/1.f:KPMKPI_04875 -           1823 GH84.hmm             -            295   1.9e-72  248.4   3.1   1   1   6.7e-76   3.5e-72  247.5   3.1     1   293   197   499   197   501 0.93 [190263/507/1]
190263/541/1.f:IDEEIE_06900 -           1943 GH84.hmm             -            295     4e-71  244.1   5.0   1   1   2.1e-74   1.1e-70  242.6   5.0     1   293   207   500   207   502 0.93 [190263/541/1]
190263/557/1.f:DOLMEB_02945 -           1931 GH84.hmm             -            295   3.1e-69  237.9   1.3   1   1   1.2e-72   6.4e-69  236.8   1.3     1   291   197   492   197   496 0.91 [190263/557/1]
190263/512/1.f:JBCLGH_05925 -           1592 GH84.hmm             -            295   1.4e-68  235.7   2.1   1   1   4.9e-72   2.6e-68  234.8   2.1     1   293   191   484   191   486 0.92 [190263/512/1]
#
# Program:         hmmsearch
# Version:         3.3.2 (Nov 2020)
# Pipeline mode:   SEARCH
# Query file:      /kb/module/work/tmp/output.1725388484971/GH84/GH84.hmm
# Target file:     /kb/module/work/tmp/output.1725388484971/hCom2_RAST.fasta
# Option settings: /kb/module/hmmer/bin/hmmsearch --domtblout /kb/module/work/tmp/output.1725388484971/GH84/GH84-hCom2_RAST.hitout.txt --noali --notextw --domE 1e-15 /kb/module/work/tmp/output.1725388484971/GH84/GH84.hmm /kb/module/work/tmp/output.1725388484971/hCom2_RAST.fasta 
# Current dir:     /kb/module/work/tmp/output.1725388484971
# Date:            Tue Sep  3 18:54:26 2024
# [ok]
