#                                                                                   --- full sequence --- -------------- this domain -------------   hmm coord   ali coord   env coord
# target name               accession   tlen query name           accession   qlen   E-value  score  bias   #  of  c-Evalue  i-Evalue  score  bias  from    to  from    to  from    to  acc description of target
#       ------------------- ---------- ----- -------------------- ---------- ----- --------- ------ ----- --- --- --------- --------- ------ ----- ----- ----- ----- ----- ----- ----- ---- ---------------------
190263/370/1.f:MFKGBO_12980 -            396 GH88.hmm             -            329  3.4e-132  445.0   0.0   1   1  3.2e-135  3.9e-132  444.8   0.0     5   329    63   388    59   388 0.98 [190263/370/1]
190263/580/1.f:JCPJNN_23815 -            384 GH88.hmm             -            329  8.3e-132  443.7   4.8   1   1  8.1e-135    1e-131  443.4   4.8     4   329    46   376    43   376 0.98 [190263/580/1]
190263/552/1.f:EMALNL_14800 -            419 GH88.hmm             -            329  2.6e-131  442.1   3.4   1   1  2.8e-134  3.5e-131  441.6   3.4     6   328    89   408    85   409 0.98 [190263/552/1]
190263/562/1.f:KJGNCK_15280 -            419 GH88.hmm             -            329  2.6e-131  442.1   3.4   1   1  2.8e-134  3.5e-131  441.6   3.4     6   328    89   408    85   409 0.98 [190263/562/1]
190263/365/1.f:JJMMAK_12110 -            398 GH88.hmm             -            329    3e-131  441.9   1.4   1   1  2.9e-134  3.6e-131  441.6   1.4     3   329    68   394    66   394 0.98 [190263/365/1]
190263/409/1.f:AJJCMD_14480 -            392 GH88.hmm             -            329  5.9e-131  440.9   1.5   1   1  5.4e-134  6.7e-131  440.7   1.5     3   329    53   384    51   384 0.98 [190263/409/1]
190263/375/1.f:CNGHJF_09845 -            392 GH88.hmm             -            329  6.9e-131  440.7   3.0   1   1  6.7e-134  8.3e-131  440.4   3.0     2   329    52   384    51   384 0.98 [190263/375/1]
190263/384/1.f:CDKGIA_09835 -            401 GH88.hmm             -            329  8.6e-131  440.4   0.0   1   1  8.3e-134    1e-130  440.1   0.0     5   329    68   393    64   393 0.98 [190263/384/1]
190263/404/1.f:BGJBIG_07925 -            432 GH88.hmm             -            329  9.6e-131  440.2   3.4   1   1  9.3e-134  1.2e-130  439.9   3.4     4   329    80   422    77   422 0.97 [190263/404/1]
190263/497/1.f:HENFFC_13580 -            398 GH88.hmm             -            329  1.8e-130  439.3   2.1   1   1  1.7e-133  2.1e-130  439.1   2.1     3   329    68   394    66   394 0.98 [190263/497/1]
190263/409/1.f:AJJCMD_24020 -            392 GH88.hmm             -            329  6.3e-130  437.5   0.7   1   1  5.1e-133  6.3e-130  437.5   0.7     4   328    54   383    51   384 0.98 [190263/409/1]
190263/562/1.f:KJGNCK_05335 -            416 GH88.hmm             -            329  1.3e-129  436.4   2.1   1   1  1.4e-132  1.7e-129  436.1   2.1     5   328    85   405    82   406 0.98 [190263/562/1]
190263/404/1.f:BGJBIG_02690 -            402 GH88.hmm             -            329  5.1e-129  434.5   2.0   1   1  5.1e-132  6.3e-129  434.2   2.0     3   329    67   392    65   392 0.98 [190263/404/1]
190263/573/1.f:LIDFCI_17380 -            400 GH88.hmm             -            329  6.8e-129  434.1   1.5   1   1  6.9e-132  8.5e-129  433.8   1.5     6   328    70   393    66   394 0.97 [190263/573/1]
190263/502/1.f:NONHGB_04020 -            777 GH88.hmm             -            329  1.3e-128  433.3   7.9   1   1    1e-131  1.3e-128  433.3   7.9     6   328   451   771   447   772 0.98 [190263/502/1]
190263/369/1.f:JCDIFE_05355 -            399 GH88.hmm             -            329  1.4e-128  433.1   1.2   1   1  1.4e-131  1.8e-128  432.7   1.2     6   328    70   393    66   394 0.98 [190263/369/1]
190263/461/1.f:DHPHOK_05650 -            399 GH88.hmm             -            329  1.4e-128  433.1   1.2   1   1  1.4e-131  1.8e-128  432.7   1.2     6   328    70   393    66   394 0.98 [190263/461/1]
190263/552/1.f:EMALNL_06325 -            400 GH88.hmm             -            329  1.7e-128  432.8   1.2   1   1  1.7e-131  2.1e-128  432.5   1.2     6   328    70   393    66   394 0.97 [190263/552/1]
190263/585/1.f:DLBDDB_02560 -            399 GH88.hmm             -            329    2e-128  432.6   0.9   1   1    2e-131  2.5e-128  432.3   0.9     6   328    70   393    66   394 0.97 [190263/585/1]
190263/475/1.f:MCKEEP_06935 -            400 GH88.hmm             -            329  2.2e-128  432.5   1.1   1   1  2.2e-131  2.7e-128  432.2   1.1     6   328    70   393    66   394 0.97 [190263/475/1]
190263/406/1.f:DKNBGD_00240 -            390 GH88.hmm             -            329  2.5e-128  432.3   3.2   1   1  2.4e-131  2.9e-128  432.0   3.2     6   329    54   382    49   382 0.98 [190263/406/1]
190263/502/1.f:NONHGB_03815 -            399 GH88.hmm             -            329  2.5e-128  432.2   1.1   1   1  2.6e-131  3.2e-128  431.9   1.1     6   328    70   393    66   394 0.98 [190263/502/1]
190263/366/1.f:DBJPFP_00330 -            395 GH88.hmm             -            329  2.6e-128  432.2   0.2   1   1  2.6e-131  3.2e-128  431.9   0.2     4   329    65   389    63   389 0.99 [190263/366/1]
190263/502/1.f:NONHGB_20260 -            406 GH88.hmm             -            329  2.7e-128  432.2   7.4   1   1  3.2e-131  3.9e-128  431.6   7.4     4   329    63   403    60   403 0.97 [190263/502/1]
190263/409/1.f:AJJCMD_18350 -            393 GH88.hmm             -            329  3.5e-128  431.8   1.8   1   1  3.4e-131  4.2e-128  431.5   1.8     4   329    55   385    52   385 0.98 [190263/409/1]
190263/399/1.f:CDLIDF_03480 -            399 GH88.hmm             -            329  3.8e-128  431.7   3.0   1   1  3.8e-131  4.6e-128  431.4   3.0     5   329    68   392    65   392 0.99 [190263/399/1]
190263/580/1.f:JCPJNN_30360 -            392 GH88.hmm             -            329  3.9e-128  431.6   0.8   1   1  4.4e-131  5.4e-128  431.2   0.8     5   329    54   383    50   383 0.98 [190263/580/1]
190263/405/1.f:EHKDKA_04355 -            777 GH88.hmm             -            329  6.6e-128  430.9   5.4   1   1  5.3e-131  6.6e-128  430.9   5.4     6   328   451   771   447   772 0.99 [190263/405/1]
190263/404/1.f:BGJBIG_04315 -            400 GH88.hmm             -            329  7.4e-128  430.7   1.3   1   1  7.5e-131  9.3e-128  430.4   1.3     6   328    70   393    66   394 0.97 [190263/404/1]
190263/365/1.f:JJMMAK_03590 -            405 GH88.hmm             -            329    1e-127  430.3   4.9   1   1  9.8e-131  1.2e-127  430.0   4.9     5   328    73   393    69   394 0.98 [190263/365/1]
190263/564/1.f:KIHMBJ_07450 -            411 GH88.hmm             -            329  1.3e-127  429.9   0.2   1   1  1.3e-130  1.6e-127  429.6   0.2     5   328    78   399    74   400 0.97 [190263/564/1]
190263/370/1.f:MFKGBO_11155 -            392 GH88.hmm             -            329  1.4e-127  429.8   0.4   1   1  1.3e-130  1.6e-127  429.6   0.4     3   329    52   383    50   383 0.98 [190263/370/1]
190263/552/1.f:EMALNL_04540 -            408 GH88.hmm             -            329  1.6e-127  429.6   1.3   1   1  1.3e-130  1.6e-127  429.6   1.3     5   329    72   393    69   393 0.98 [190263/552/1]
190263/552/1.f:EMALNL_23045 -            399 GH88.hmm             -            329  1.9e-127  429.4   1.4   1   1  1.9e-130  2.4e-127  429.0   1.4     4   329    68   390    65   390 0.98 [190263/552/1]
190263/562/1.f:KJGNCK_03820 -            400 GH88.hmm             -            329    2e-127  429.3   0.9   1   1    2e-130  2.5e-127  429.0   0.9     6   328    70   393    66   394 0.97 [190263/562/1]
190263/504/1.f:DOAHDM_06315 -            400 GH88.hmm             -            329  2.6e-127  428.9   1.0   1   1  2.7e-130  3.3e-127  428.6   1.0     6   328    70   393    66   394 0.97 [190263/504/1]
190263/405/1.f:EHKDKA_04195 -            404 GH88.hmm             -            329  2.9e-127  428.8   0.6   1   1    3e-130  3.7e-127  428.4   0.6     6   328    70   393    66   394 0.98 [190263/405/1]
190263/514/1.f:MMHOAN_02705 -            405 GH88.hmm             -            329  5.6e-127  427.8   0.7   1   1  5.3e-130  6.5e-127  427.6   0.7     4   329    71   397    68   397 0.98 [190263/514/1]
190263/384/1.f:CDKGIA_10245 -            392 GH88.hmm             -            329  6.6e-127  427.6   0.2   1   1  6.3e-130  7.8e-127  427.4   0.2     3   329    52   383    50   383 0.98 [190263/384/1]
190263/401/1.f:DMFJNH_05650 -            400 GH88.hmm             -            329  7.8e-127  427.4   1.4   1   1    8e-130  9.8e-127  427.0   1.4     6   328    70   393    66   394 0.97 [190263/401/1]
190263/456/1.f:LKAJBD_03380 -            399 GH88.hmm             -            329  8.1e-127  427.3   1.2   1   1  8.4e-130    1e-126  427.0   1.2     6   328    70   393    66   394 0.98 [190263/456/1]
190263/510/1.f:DELAEA_05825 -            393 GH88.hmm             -            329  1.1e-126  426.9   5.1   1   1    1e-129  1.2e-126  426.7   5.1     3   328    59   384    57   385 0.98 [190263/510/1]
190263/369/1.f:JCDIFE_07385 -            399 GH88.hmm             -            329  2.3e-126  425.8   3.4   1   1  2.2e-129  2.7e-126  425.6   3.4     4   329    64   388    61   388 0.98 [190263/369/1]
190263/421/1.f:PBKEAC_07700 -            396 GH88.hmm             -            329  2.3e-126  425.8   0.0   1   1  2.3e-129  2.8e-126  425.5   0.0     4   328    66   389    64   390 0.99 [190263/421/1]
190263/406/1.f:DKNBGD_14255 -            387 GH88.hmm             -            329    3e-126  425.4   0.1   1   1  2.8e-129  3.5e-126  425.2   0.1     3   329    48   379    46   379 0.98 [190263/406/1]
190263/595/1.f:HGDLEC_09345 -            404 GH88.hmm             -            329  3.2e-126  425.4   2.3   1   1    3e-129  3.7e-126  425.1   2.3     3   329    66   393    64   393 0.98 [190263/595/1]
190263/401/1.f:DMFJNH_03600 -            402 GH88.hmm             -            329  3.5e-126  425.2   0.9   1   1  3.5e-129  4.4e-126  424.9   0.9     3   329    67   392    65   392 0.98 [190263/401/1]
190263/504/1.f:DOAHDM_04035 -            402 GH88.hmm             -            329  3.5e-126  425.2   0.9   1   1  3.5e-129  4.4e-126  424.9   0.9     3   329    67   392    65   392 0.98 [190263/504/1]
190263/502/1.f:NONHGB_10460 -            399 GH88.hmm             -            329  4.4e-126  424.9   4.9   1   1  4.2e-129  5.2e-126  424.6   4.9     3   329    69   394    67   394 0.99 [190263/502/1]
190263/405/1.f:EHKDKA_23495 -            407 GH88.hmm             -            329    1e-125  423.7   9.8   1   1  1.1e-128  1.3e-125  423.3   9.8     5   328    77   395    74   396 0.97 [190263/405/1]
190263/573/1.f:LIDFCI_14550 -            402 GH88.hmm             -            329  1.1e-125  423.6   1.9   1   1    1e-128  1.3e-125  423.4   1.9     4   329    68   390    65   390 0.98 [190263/573/1]
190263/365/1.f:JJMMAK_12255 -            401 GH88.hmm             -            329  1.3e-125  423.4   4.7   1   1  1.3e-128  1.6e-125  423.0   4.7     6   328    77   395    73   396 0.98 [190263/365/1]
190263/520/1.f:GGDGDE_15710 -            395 GH88.hmm             -            329  1.6e-125  423.0   0.7   1   1  1.6e-128  1.9e-125  422.8   0.7     4   329    57   387    54   387 0.98 [190263/520/1]
190263/502/1.f:NONHGB_21565 -            407 GH88.hmm             -            329  1.8e-125  422.9   9.0   1   1  1.7e-128  2.1e-125  422.6   9.0     5   328    77   395    73   396 0.97 [190263/502/1]
190263/468/1.f:DIOFOH_04920 -            394 GH88.hmm             -            329  2.3e-125  422.5   3.5   1   1  2.1e-128  2.6e-125  422.3   3.5     5   328    63   385    59   386 0.99 [190263/468/1]
190263/585/1.f:DLBDDB_16960 -            406 GH88.hmm             -            329  2.9e-125  422.2   0.3   1   1  2.8e-128  3.5e-125  421.9   0.3     3   329    71   395    69   395 0.97 [190263/585/1]
190263/466/1.f:PGJOII_03950 -            399 GH88.hmm             -            329  3.3e-125  422.0   3.0   1   1  3.4e-128  4.3e-125  421.6   3.0     6   328    70   393    66   394 0.97 [190263/466/1]
190263/507/1.f:KPMKPI_02065 -            381 GH88.hmm             -            329  3.4e-125  422.0   2.3   1   1  3.2e-128  3.9e-125  421.8   2.3     4   328    41   372    38   373 0.97 [190263/507/1]
190263/562/1.f:KJGNCK_09695 -            402 GH88.hmm             -            329  3.9e-125  421.8   2.4   1   1  3.8e-128  4.7e-125  421.5   2.4     4   329    68   390    65   390 0.98 [190263/562/1]
190263/475/1.f:MCKEEP_01690 -            402 GH88.hmm             -            329  4.4e-125  421.6   1.7   1   1  4.3e-128  5.3e-125  421.3   1.7     4   329    68   390    65   390 0.98 [190263/475/1]
190263/562/1.f:KJGNCK_05515 -            399 GH88.hmm             -            329  5.4e-125  421.3   1.3   1   1  5.3e-128  6.5e-125  421.0   1.3     3   329    66   392    64   392 0.98 [190263/562/1]
190263/475/1.f:MCKEEP_14515 -            406 GH88.hmm             -            329  1.1e-124  420.3   0.3   1   1  1.1e-127  1.3e-124  420.0   0.3     3   329    71   395    69   395 0.97 [190263/475/1]
190263/573/1.f:LIDFCI_04240 -            406 GH88.hmm             -            329  1.1e-124  420.3   0.3   1   1  1.1e-127  1.3e-124  420.0   0.3     3   329    71   395    69   395 0.97 [190263/573/1]
190263/573/1.f:LIDFCI_18465 -            393 GH88.hmm             -            329  1.1e-124  420.3   1.6   1   1  9.1e-128  1.1e-124  420.3   1.6     5   329    64   388    61   388 0.98 [190263/573/1]
190263/369/1.f:JCDIFE_05105 -            792 GH88.hmm             -            329  1.6e-124  419.7   3.4   1   1  1.3e-127  1.6e-124  419.7   3.4     6   328   456   785   452   786 0.98 [190263/369/1]
190263/391/1.f:NONBJF_09710 -            396 GH88.hmm             -            329  2.4e-124  419.2   2.5   1   1  2.2e-127  2.8e-124  419.0   2.5     3   329    65   389    63   389 0.98 [190263/391/1]
190263/534/1.f:OHCFJE_03140 -            396 GH88.hmm             -            329  2.4e-124  419.2   2.5   1   1  2.2e-127  2.8e-124  419.0   2.5     3   329    65   389    63   389 0.98 [190263/534/1]
190263/545/1.f:NCJBIN_10540 -            396 GH88.hmm             -            329  2.4e-124  419.2   2.5   1   1  2.2e-127  2.8e-124  419.0   2.5     3   329    65   389    63   389 0.98 [190263/545/1]
190263/562/1.f:KJGNCK_05020 -            393 GH88.hmm             -            329  2.8e-124  419.0   2.0   1   1  2.2e-127  2.8e-124  419.0   2.0     5   329    64   388    61   388 0.98 [190263/562/1]
190263/552/1.f:EMALNL_05170 -            393 GH88.hmm             -            329  2.9e-124  418.9   2.0   1   1  2.3e-127  2.9e-124  418.9   2.0     5   329    64   388    61   388 0.98 [190263/552/1]
190263/507/1.f:KPMKPI_02855 -            392 GH88.hmm             -            329    3e-124  418.8   1.3   1   1  2.9e-127  3.6e-124  418.6   1.3     3   328    53   383    51   384 0.98 [190263/507/1]
190263/475/1.f:MCKEEP_05225 -            392 GH88.hmm             -            329  3.4e-124  418.7   2.8   1   1  2.7e-127  3.4e-124  418.7   2.8     4   329    63   388    60   388 0.98 [190263/475/1]
190263/399/1.f:CDLIDF_06915 -            410 GH88.hmm             -            329    4e-124  418.4   2.1   1   1  4.1e-127  5.1e-124  418.1   2.1     6   328    72   395    68   396 0.98 [190263/399/1]
190263/405/1.f:EHKDKA_22565 -            390 GH88.hmm             -            329  5.6e-124  418.0   2.8   1   1  5.5e-127  6.8e-124  417.7   2.8     3   329    62   385    60   385 0.98 [190263/405/1]
190263/375/1.f:CNGHJF_12255 -            391 GH88.hmm             -            329  7.3e-124  417.6   0.4   1   1  7.1e-127  8.8e-124  417.3   0.4     2   329    51   383    50   383 0.98 [190263/375/1]
190263/507/1.f:KPMKPI_02900 -            392 GH88.hmm             -            329    8e-124  417.5   1.2   1   1  7.9e-127  9.8e-124  417.2   1.2     3   328    53   383    51   384 0.98 [190263/507/1]
190263/502/1.f:NONHGB_06630 -            396 GH88.hmm             -            329  8.2e-124  417.4   0.2   1   1  9.2e-127  1.1e-123  417.0   0.2     2   329    65   389    64   389 0.98 [190263/502/1]
190263/369/1.f:JCDIFE_10745 -            406 GH88.hmm             -            329  1.4e-123  416.7   1.1   1   1  1.3e-126  1.6e-123  416.4   1.1     3   329    72   395    70   395 0.97 [190263/369/1]
190263/545/1.f:NCJBIN_00640 -            407 GH88.hmm             -            329  1.5e-123  416.6   0.2   1   1  1.6e-126  1.9e-123  416.2   0.2     3   329    72   395    70   395 0.97 [190263/545/1]
190263/534/1.f:OHCFJE_01310 -            407 GH88.hmm             -            329  1.5e-123  416.6   0.2   1   1  1.6e-126  1.9e-123  416.2   0.2     3   329    72   395    70   395 0.97 [190263/534/1]
190263/388/1.f:FDDJJK_00605 -            407 GH88.hmm             -            329  1.9e-123  416.3   0.1   1   1  1.8e-126  2.3e-123  416.0   0.1     3   329    72   395    70   395 0.97 [190263/388/1]
190263/545/1.f:NCJBIN_10575 -            396 GH88.hmm             -            329    2e-123  416.1   0.7   1   1  1.9e-126  2.4e-123  415.9   0.7     5   329    67   389    63   389 0.98 [190263/545/1]
190263/401/1.f:DMFJNH_14550 -            406 GH88.hmm             -            329    2e-123  416.1   0.3   1   1    2e-126  2.4e-123  415.9   0.3     3   329    71   395    69   395 0.97 [190263/401/1]
190263/504/1.f:DOAHDM_14580 -            406 GH88.hmm             -            329  2.1e-123  416.1   0.3   1   1    2e-126  2.4e-123  415.9   0.3     3   329    71   395    69   395 0.97 [190263/504/1]
190263/552/1.f:EMALNL_14150 -            406 GH88.hmm             -            329  2.4e-123  415.9   0.3   1   1  2.3e-126  2.9e-123  415.6   0.3     3   329    71   395    69   395 0.97 [190263/552/1]
190263/405/1.f:EHKDKA_07365 -            396 GH88.hmm             -            329  2.5e-123  415.9   0.1   1   1  2.7e-126  3.4e-123  415.4   0.1     2   329    65   389    64   389 0.98 [190263/405/1]
190263/502/1.f:NONHGB_14090 -            407 GH88.hmm             -            329  3.3e-123  415.4   0.1   1   1  3.2e-126    4e-123  415.2   0.1     3   329    74   397    72   397 0.97 [190263/502/1]
190263/534/1.f:OHCFJE_03105 -            396 GH88.hmm             -            329  3.6e-123  415.3   0.8   1   1  3.4e-126  4.3e-123  415.1   0.8     5   329    67   389    63   389 0.98 [190263/534/1]
190263/391/1.f:NONBJF_00545 -            407 GH88.hmm             -            329  3.8e-123  415.2   0.2   1   1    4e-126  4.9e-123  414.9   0.2     3   329    72   395    70   395 0.97 [190263/391/1]
190263/562/1.f:KJGNCK_14350 -            406 GH88.hmm             -            329  4.7e-123  414.9   0.2   1   1  4.6e-126  5.6e-123  414.7   0.2     3   329    71   395    69   395 0.97 [190263/562/1]
190263/409/1.f:AJJCMD_13415 -            404 GH88.hmm             -            329  1.4e-122  413.4   0.0   1   1  1.4e-125  1.7e-122  413.1   0.0     3   329    57   396    55   396 0.97 [190263/409/1]
190263/405/1.f:EHKDKA_15360 -            407 GH88.hmm             -            329  1.6e-122  413.2   0.1   1   1  1.5e-125  1.9e-122  412.9   0.1     3   329    74   397    72   397 0.97 [190263/405/1]
190263/370/1.f:MFKGBO_08460 -            393 GH88.hmm             -            329  2.4e-122  412.6   0.1   1   1  2.2e-125  2.8e-122  412.4   0.1     3   329    54   385    52   385 0.98 [190263/370/1]
190263/366/1.f:DBJPFP_12830 -            398 GH88.hmm             -            329  4.4e-122  411.7   0.4   1   1  4.1e-125  5.1e-122  411.5   0.4     4   329    66   387    63   387 0.98 [190263/366/1]
190263/405/1.f:EHKDKA_15395 -            406 GH88.hmm             -            329  4.9e-122  411.6   5.0   1   1  4.5e-125  5.6e-122  411.4   5.0     7   329    71   393    65   393 0.96 [190263/405/1]
190263/399/1.f:CDLIDF_07985 -            423 GH88.hmm             -            329  5.4e-122  411.5   1.1   1   1  5.4e-125  6.7e-122  411.1   1.1     6   329    73   413    68   413 0.97 [190263/399/1]
190263/546/1.f:GEHMID_08120 -            399 GH88.hmm             -            329  1.7e-121  409.8   0.4   1   1  1.6e-124    2e-121  409.6   0.4     5   329    57   390    53   390 0.97 [190263/546/1]
190263/421/1.f:PBKEAC_13095 -            398 GH88.hmm             -            329    2e-121  409.5   0.2   1   1  1.9e-124  2.4e-121  409.3   0.2     4   329    66   387    63   387 0.98 [190263/421/1]
190263/399/1.f:CDLIDF_10115 -            406 GH88.hmm             -            329  2.8e-121  409.1   0.6   1   1  3.3e-124    4e-121  408.6   0.6     4   329    73   395    70   395 0.97 [190263/399/1]
190263/456/1.f:LKAJBD_02815 -            792 GH88.hmm             -            329  1.2e-120  407.0   2.3   1   1  1.5e-123  1.8e-120  406.4   2.3     6   329    72   393    68   393 0.98 [190263/456/1]
190263/421/1.f:PBKEAC_05185 -            401 GH88.hmm             -            329  1.5e-120  406.7   0.0   1   1  1.5e-123  1.9e-120  406.4   0.0     5   329    66   390    63   390 0.98 [190263/421/1]
190263/388/1.f:FDDJJK_00720 -            408 GH88.hmm             -            329  2.2e-120  406.2   5.6   1   1    2e-123  2.5e-120  406.0   5.6     4   329    70   395    67   395 0.97 [190263/388/1]
190263/552/1.f:EMALNL_14875 -           1456 GH88.hmm             -            329  2.7e-120  405.8   6.3   1   1  3.4e-123  4.1e-120  405.3   6.3     5   328    61   382    57   383 0.97 [190263/552/1]
190263/562/1.f:KJGNCK_15355 -            755 GH88.hmm             -            329  3.9e-120  405.3   3.3   1   1  5.1e-123  6.3e-120  404.7   3.3     5   328    63   384    59   385 0.97 [190263/562/1]
190263/391/1.f:NONBJF_00690 -            408 GH88.hmm             -            329    5e-120  405.0   5.6   1   1  4.7e-123  5.9e-120  404.8   5.6     4   329    70   395    67   395 0.97 [190263/391/1]
190263/545/1.f:NCJBIN_00820 -            408 GH88.hmm             -            329    5e-120  405.0   5.6   1   1  4.7e-123  5.9e-120  404.8   5.6     4   329    70   395    67   395 0.97 [190263/545/1]
190263/404/1.f:BGJBIG_04105 -            433 GH88.hmm             -            329  7.2e-120  404.5   5.1   1   1  7.6e-123  9.4e-120  404.1   5.1     6   329    83   423    79   423 0.97 [190263/404/1]
190263/534/1.f:OHCFJE_01460 -            408 GH88.hmm             -            329  9.9e-120  404.0   6.4   1   1  9.3e-123  1.1e-119  403.8   6.4     4   329    70   395    67   395 0.97 [190263/534/1]
190263/456/1.f:LKAJBD_17470 -            420 GH88.hmm             -            329  1.3e-119  403.6   0.3   1   1  1.4e-122  1.7e-119  403.3   0.3     6   329    99   415    96   415 0.97 [190263/456/1]
190263/466/1.f:PGJOII_17345 -            430 GH88.hmm             -            329    2e-119  403.0   0.3   1   1    2e-122  2.5e-119  402.7   0.3     6   329   103   419   100   419 0.97 [190263/466/1]
190263/366/1.f:DBJPFP_13840 -            390 GH88.hmm             -            329  2.2e-119  402.9   0.0   1   1    2e-122  2.5e-119  402.7   0.0     4   329    64   386    61   386 0.97 [190263/366/1]
190263/421/1.f:PBKEAC_01970 -            404 GH88.hmm             -            329  2.3e-119  402.8   0.9   1   1  2.3e-122  2.9e-119  402.5   0.9     6   328    70   393    66   394 0.98 [190263/421/1]
190263/573/1.f:LIDFCI_23370 -            794 GH88.hmm             -            329  4.2e-119  402.0   6.1   1   1  4.9e-122    6e-119  401.4   6.1     5   329    73   395    69   395 0.97 [190263/573/1]
190263/488/1.f:DNPFAC_05635 -            403 GH88.hmm             -            329  5.9e-119  401.5   0.1   1   1    6e-122  7.4e-119  401.1   0.1     7   328    71   397    68   398 0.96 [190263/488/1]
190263/388/1.f:FDDJJK_09090 -            408 GH88.hmm             -            329  6.2e-119  401.4   1.7   1   1  6.4e-122  7.9e-119  401.0   1.7     6   328    74   399    71   400 0.97 [190263/388/1]
190263/497/1.f:HENFFC_19140 -            403 GH88.hmm             -            329  6.7e-119  401.3   0.2   1   1  6.8e-122  8.4e-119  401.0   0.2     7   328    71   395    68   396 0.97 [190263/497/1]
190263/417/1.f:MHBJAE_05100 -            403 GH88.hmm             -            329  7.3e-119  401.2   0.1   1   1  7.3e-122  9.1e-119  400.8   0.1     7   328    71   397    68   398 0.96 [190263/417/1]
190263/456/1.f:LKAJBD_17555 -            431 GH88.hmm             -            329    1e-118  400.7   0.7   1   1  1.3e-121  1.6e-118  400.0   0.7     6   329   104   420   101   420 0.97 [190263/456/1]
190263/466/1.f:PGJOII_17300 -            422 GH88.hmm             -            329  1.1e-118  400.6   0.4   1   1  1.1e-121  1.4e-118  400.2   0.4     6   329    99   415    95   415 0.97 [190263/466/1]
190263/404/1.f:BGJBIG_03380 -            407 GH88.hmm             -            329  1.2e-118  400.4   0.6   1   1  1.3e-121  1.6e-118  400.0   0.6     7   328    73   398    70   399 0.97 [190263/404/1]
190263/497/1.f:HENFFC_16470 -            405 GH88.hmm             -            329  2.7e-118  399.3   0.0   1   1  2.6e-121  3.2e-118  399.0   0.0     7   328    69   393    65   394 0.97 [190263/497/1]
190263/534/1.f:OHCFJE_03390 -            408 GH88.hmm             -            329  3.2e-118  399.1   1.3   1   1  3.3e-121  4.1e-118  398.7   1.3     6   328    74   399    71   400 0.97 [190263/534/1]
190263/545/1.f:NCJBIN_10305 -            408 GH88.hmm             -            329  3.2e-118  399.1   1.3   1   1  3.3e-121  4.1e-118  398.7   1.3     6   328    74   399    71   400 0.97 [190263/545/1]
190263/391/1.f:NONBJF_09490 -            408 GH88.hmm             -            329  3.2e-118  399.1   1.3   1   1  3.3e-121  4.1e-118  398.7   1.3     6   328    74   399    71   400 0.97 [190263/391/1]
190263/401/1.f:DMFJNH_13660 -            434 GH88.hmm             -            329    5e-118  398.4   3.2   1   1  5.1e-121  6.3e-118  398.1   3.2     7   328   102   416    99   417 0.98 [190263/401/1]
190263/504/1.f:DOAHDM_13090 -            434 GH88.hmm             -            329    5e-118  398.4   3.2   1   1  5.1e-121  6.3e-118  398.1   3.2     7   328   102   416    99   417 0.98 [190263/504/1]
190263/369/1.f:JCDIFE_09910 -            421 GH88.hmm             -            329  7.9e-118  397.7   5.3   1   1  6.4e-121  7.9e-118  397.7   5.3     5   329    99   416    96   416 0.97 [190263/369/1]
190263/585/1.f:DLBDDB_18370 -            434 GH88.hmm             -            329    9e-118  397.6   3.5   1   1  9.3e-121  1.2e-117  397.2   3.5     7   328   102   416    98   417 0.97 [190263/585/1]
190263/583/1.f:BCCKNC_00995 -            413 GH88.hmm             -            329  9.8e-118  397.4   0.1   1   1    1e-120  1.3e-117  397.1   0.1     7   328    78   403    74   404 0.97 [190263/583/1]
190263/475/1.f:MCKEEP_12570 -            434 GH88.hmm             -            329  1.3e-117  397.0   3.9   1   1  1.3e-120  1.6e-117  396.7   3.9     6   328   101   416    97   417 0.97 [190263/475/1]
190263/502/1.f:NONHGB_00550 -            429 GH88.hmm             -            329    2e-117  396.4   2.8   1   1    2e-120  2.5e-117  396.1   2.8     5   329   101   418    98   418 0.97 [190263/502/1]
190263/502/1.f:NONHGB_06135 -            794 GH88.hmm             -            329  3.4e-117  395.7   3.7   1   1  3.7e-120  4.6e-117  395.3   3.7     5   329    73   395    69   395 0.97 [190263/502/1]
190263/365/1.f:JJMMAK_17900 -            403 GH88.hmm             -            329  3.7e-117  395.5   0.2   1   1  3.8e-120  4.7e-117  395.2   0.2     7   328    71   395    68   396 0.97 [190263/365/1]
190263/562/1.f:KJGNCK_13295 -            428 GH88.hmm             -            329  1.3e-116  393.7   2.3   1   1  1.3e-119  1.6e-116  393.5   2.3     6   328   101   416    97   417 0.97 [190263/562/1]
190263/404/1.f:BGJBIG_09465 -            400 GH88.hmm             -            329  3.5e-116  392.4   1.4   1   1  3.5e-119  4.4e-116  392.0   1.4     6   328    68   394    65   395 0.97 [190263/404/1]
190263/405/1.f:EHKDKA_00535 -            429 GH88.hmm             -            329  3.9e-116  392.2   2.6   1   1  3.9e-119  4.8e-116  391.9   2.6     5   329   101   418    98   418 0.97 [190263/405/1]
190263/466/1.f:PGJOII_06300 -            425 GH88.hmm             -            329  5.2e-116  391.8   4.8   1   1  5.2e-119  6.4e-116  391.5   4.8     6   328    98   413    94   414 0.97 [190263/466/1]
190263/456/1.f:LKAJBD_00615 -            425 GH88.hmm             -            329  5.6e-116  391.7   4.8   1   1  5.7e-119    7e-116  391.4   4.8     6   328    98   413    94   414 0.97 [190263/456/1]
190263/573/1.f:LIDFCI_03430 -            434 GH88.hmm             -            329  9.7e-116  390.9   2.5   1   1  9.8e-119  1.2e-115  390.6   2.5     6   328   101   416    97   417 0.97 [190263/573/1]
190263/552/1.f:EMALNL_13270 -            434 GH88.hmm             -            329  9.9e-116  390.9   2.4   1   1  9.8e-119  1.2e-115  390.6   2.4     6   328   101   416    97   417 0.97 [190263/552/1]
190263/580/1.f:JCPJNN_21325 -            380 GH88.hmm             -            329  1.4e-114  387.1   3.7   1   1  1.4e-117  1.7e-114  386.8   3.7     4   329    49   372    46   372 0.96 [190263/580/1]
190263/409/1.f:AJJCMD_21730 -            387 GH88.hmm             -            329  1.6e-114  386.9   0.0   1   1  1.5e-117  1.9e-114  386.6   0.0     5   328    56   378    52   379 0.96 [190263/409/1]
190263/585/1.f:DLBDDB_06300 -            424 GH88.hmm             -            329  3.7e-114  385.7   1.9   1   1    4e-117  4.9e-114  385.3   1.9     7   329    99   413    96   413 0.97 [190263/585/1]
190263/370/1.f:MFKGBO_05990 -            370 GH88.hmm             -            329  2.3e-112  379.8   0.1   1   1  2.3e-115  2.8e-112  379.5   0.1     3   329    43   361    41   361 0.95 [190263/370/1]
190263/546/1.f:GEHMID_02765 -            388 GH88.hmm             -            329  7.9e-111  374.8   0.6   1   1  9.6e-114  1.2e-110  374.2   0.6     7   328    62   379    58   380 0.97 [190263/546/1]
190263/580/1.f:JCPJNN_21515 -            376 GH88.hmm             -            329  1.6e-109  370.5   1.0   1   1  1.5e-112  1.8e-109  370.3   1.0     3   327    45   366    43   368 0.96 [190263/580/1]
190263/546/1.f:GEHMID_10220 -            384 GH88.hmm             -            329  7.5e-109  368.3   2.5   1   1  7.6e-112  9.5e-109  367.9   2.5     7   329    56   376    51   376 0.96 [190263/546/1]
190263/580/1.f:JCPJNN_29680 -            379 GH88.hmm             -            329  9.3e-108  364.7   0.5   1   1  8.8e-111  1.1e-107  364.4   0.5     3   329    51   371    49   371 0.96 [190263/580/1]
190263/390/1.f:OLPOLE_13335 -            399 GH88.hmm             -            329  4.9e-105  355.7   0.8   1   1  4.6e-108  5.7e-105  355.5   0.8     6   329    67   389    62   389 0.97 [190263/390/1]
190263/502/1.f:NONHGB_20710 -            217 GH88.hmm             -            329   3.7e-82  280.5   0.4   1   1   3.3e-85   4.1e-82  280.4   0.4   118   329     1   212     1   212 0.99 [190263/502/1]
190263/365/1.f:JJMMAK_15325 -            152 GH88.hmm             -            329   1.4e-55  193.2   0.0   1   1   1.3e-58   1.5e-55  193.0   0.0    59   204     1   151     1   152 0.97 [190263/365/1]
190263/502/1.f:NONHGB_20715 -            149 GH88.hmm             -            329   6.9e-24   89.0   0.0   1   1   8.3e-27     1e-23   88.4   0.0     3    90    62   146    60   148 0.96 [190263/502/1]
#
# Program:         hmmsearch
# Version:         3.3.2 (Nov 2020)
# Pipeline mode:   SEARCH
# Query file:      /kb/module/work/tmp/output.1725388484971/GH88/GH88.hmm
# Target file:     /kb/module/work/tmp/output.1725388484971/hCom2_RAST.fasta
# Option settings: /kb/module/hmmer/bin/hmmsearch --domtblout /kb/module/work/tmp/output.1725388484971/GH88/GH88-hCom2_RAST.hitout.txt --noali --notextw --domE 1e-15 /kb/module/work/tmp/output.1725388484971/GH88/GH88.hmm /kb/module/work/tmp/output.1725388484971/hCom2_RAST.fasta 
# Current dir:     /kb/module/work/tmp/output.1725388484971
# Date:            Tue Sep  3 18:54:33 2024
# [ok]
