#                                                                                   --- full sequence --- -------------- this domain -------------   hmm coord   ali coord   env coord
# target name               accession   tlen query name           accession   qlen   E-value  score  bias   #  of  c-Evalue  i-Evalue  score  bias  from    to  from    to  from    to  acc description of target
#       ------------------- ---------- ----- -------------------- ---------- ----- --------- ------ ----- --- --- --------- --------- ------ ----- ----- ----- ----- ----- ----- ----- ---- ---------------------
190263/417/1.f:MHBJAE_06385 -            718 GH89.hmm             -            663  9.2e-265  884.4  12.7   1   1  2.1e-268  1.1e-264  884.2  12.7     2   662    56   715    55   716 0.98 [190263/417/1]
190263/488/1.f:DNPFAC_07425 -            718 GH89.hmm             -            663  6.6e-264  881.5  13.9   1   1  1.5e-267  7.6e-264  881.3  13.9     2   662    56   715    55   716 0.98 [190263/488/1]
190263/399/1.f:CDLIDF_03050 -            722 GH89.hmm             -            663  1.4e-258  863.9  11.7   1   1  3.1e-262  1.6e-258  863.7  11.7     2   663    59   717    58   717 0.98 [190263/399/1]
190263/583/1.f:BCCKNC_06775 -            718 GH89.hmm             -            663    3e-255  852.9  14.1   1   1  6.7e-259  3.5e-255  852.7  14.1     2   661    55   712    54   714 0.98 [190263/583/1]
190263/405/1.f:EHKDKA_07155 -            721 GH89.hmm             -            663  9.8e-255  851.2  12.7   1   1  2.2e-258  1.1e-254  851.0  12.7     2   663    60   718    59   718 0.98 [190263/405/1]
190263/562/1.f:KJGNCK_09915 -            727 GH89.hmm             -            663  5.7e-254  848.7  12.3   1   1  1.3e-257  6.7e-254  848.5  12.3     2   663    53   713    52   713 0.99 [190263/562/1]
190263/475/1.f:MCKEEP_08870 -            727 GH89.hmm             -            663  8.3e-254  848.2  11.5   1   1  1.9e-257  9.8e-254  847.9  11.5     2   663    53   713    52   713 0.99 [190263/475/1]
190263/502/1.f:NONHGB_06440 -            720 GH89.hmm             -            663  8.4e-254  848.1  14.6   1   1  1.9e-257  9.7e-254  847.9  14.6     2   663    57   715    56   715 0.98 [190263/502/1]
190263/391/1.f:NONBJF_10105 -            717 GH89.hmm             -            663  1.2e-253  847.7  10.3   1   1  2.6e-257  1.3e-253  847.5  10.3     2   662    55   714    54   715 0.98 [190263/391/1]
190263/534/1.f:OHCFJE_02715 -            717 GH89.hmm             -            663  1.2e-253  847.7  10.3   1   1  2.6e-257  1.3e-253  847.5  10.3     2   662    55   714    54   715 0.98 [190263/534/1]
190263/545/1.f:NCJBIN_10940 -            717 GH89.hmm             -            663  1.2e-253  847.7  10.3   1   1  2.6e-257  1.3e-253  847.5  10.3     2   662    55   714    54   715 0.98 [190263/545/1]
190263/388/1.f:FDDJJK_09635 -            717 GH89.hmm             -            663  1.8e-253  847.0  10.1   1   1    4e-257  2.1e-253  846.8  10.1     2   662    55   714    54   715 0.98 [190263/388/1]
190263/365/1.f:JJMMAK_14215 -            718 GH89.hmm             -            663  5.2e-253  845.5  13.3   1   1  1.2e-256    6e-253  845.3  13.3     2   661    55   712    54   714 0.98 [190263/365/1]
190263/497/1.f:HENFFC_15405 -            718 GH89.hmm             -            663  5.8e-252  842.1  14.9   1   1  1.3e-255  6.7e-252  841.9  14.9     2   661    55   712    54   714 0.98 [190263/497/1]
190263/552/1.f:EMALNL_09090 -            727 GH89.hmm             -            663  6.1e-252  842.0  12.0   1   1  1.4e-255  7.2e-252  841.8  12.0     2   663    53   713    52   713 0.99 [190263/552/1]
190263/401/1.f:DMFJNH_11240 -            736 GH89.hmm             -            663  3.3e-250  836.3  16.6   1   1  7.4e-254  3.8e-250  836.1  16.6     2   661    65   729    64   731 0.96 [190263/401/1]
190263/504/1.f:DOAHDM_11555 -            736 GH89.hmm             -            663  3.3e-250  836.3  16.6   1   1  7.4e-254  3.8e-250  836.1  16.6     2   661    65   729    64   731 0.96 [190263/504/1]
190263/504/1.f:DOAHDM_07560 -            732 GH89.hmm             -            663  3.7e-248  829.5  17.2   1   1  8.2e-252  4.2e-248  829.3  17.2     2   661    63   721    62   723 0.99 [190263/504/1]
190263/401/1.f:DMFJNH_06960 -            732 GH89.hmm             -            663  1.1e-247  827.9  17.2   1   1  2.5e-251  1.3e-247  827.7  17.2     2   661    63   721    62   723 0.99 [190263/401/1]
190263/562/1.f:KJGNCK_12020 -            711 GH89.hmm             -            663    4e-247  826.1  18.7   1   1  8.9e-251  4.6e-247  825.9  18.7     2   645    64   707    63   711 0.98 [190263/562/1]
190263/552/1.f:EMALNL_11975 -            711 GH89.hmm             -            663  9.6e-247  824.8  18.4   1   1  2.1e-250  1.1e-246  824.6  18.4     2   645    64   707    63   711 0.98 [190263/552/1]
190263/475/1.f:MCKEEP_15750 -            726 GH89.hmm             -            663    1e-245  821.4  21.1   1   1  2.3e-249  1.2e-245  821.2  21.1     2   661    59   717    58   719 0.99 [190263/475/1]
190263/404/1.f:BGJBIG_08160 -            707 GH89.hmm             -            663  1.7e-245  820.7  14.8   1   1  3.8e-249    2e-245  820.5  14.8     2   644    64   706    63   707 0.98 [190263/404/1]
190263/366/1.f:DBJPFP_03845 -            728 GH89.hmm             -            663    4e-245  819.5   3.0   1   1    9e-249  4.6e-245  819.3   3.0     2   662    61   718    60   719 0.99 [190263/366/1]
190263/421/1.f:PBKEAC_08490 -            728 GH89.hmm             -            663    4e-245  819.5   3.0   1   1    9e-249  4.6e-245  819.3   3.0     2   662    61   718    60   719 0.99 [190263/421/1]
190263/391/1.f:NONBJF_04300 -            754 GH89.hmm             -            663  7.5e-244  815.3  13.4   1   1  2.5e-247  1.3e-243  814.5  13.4     2   661    60   749    59   750 0.95 [190263/391/1]
190263/534/1.f:OHCFJE_07905 -            754 GH89.hmm             -            663  1.1e-243  814.6  13.6   1   1  3.7e-247  1.9e-243  813.9  13.6     2   661    60   749    59   750 0.95 [190263/534/1]
190263/545/1.f:NCJBIN_04975 -            754 GH89.hmm             -            663  1.2e-243  814.6  13.6   1   1  3.7e-247  1.9e-243  813.9  13.6     2   661    60   749    59   750 0.95 [190263/545/1]
190263/401/1.f:DMFJNH_16380 -            676 GH89.hmm             -            663  8.2e-243  811.8  21.9   1   1  1.8e-246  9.3e-243  811.6  21.9     2   662    10   669     9   670 0.99 [190263/401/1]
190263/504/1.f:DOAHDM_16040 -            676 GH89.hmm             -            663  8.9e-243  811.7  22.1   1   1    2e-246    1e-242  811.5  22.1     2   662    10   669     9   670 0.99 [190263/504/1]
190263/573/1.f:LIDFCI_05540 -            720 GH89.hmm             -            663  8.1e-240  801.9  18.8   1   1  1.8e-243  9.3e-240  801.7  18.8     2   661    50   708    49   710 0.98 [190263/573/1]
190263/585/1.f:DLBDDB_15660 -            720 GH89.hmm             -            663  2.1e-239  800.6  18.1   1   1  4.7e-243  2.4e-239  800.4  18.1     2   661    50   708    49   710 0.98 [190263/585/1]
190263/573/1.f:LIDFCI_20055 -            727 GH89.hmm             -            663  6.3e-232  775.9  11.4   1   1  1.5e-235  7.7e-232  775.6  11.4     2   649    62   702    61   712 0.98 [190263/573/1]
190263/552/1.f:EMALNL_03315 -            727 GH89.hmm             -            663    1e-231  775.1   9.4   1   1  2.5e-235  1.3e-231  774.8   9.4     2   649    62   702    61   712 0.98 [190263/552/1]
190263/475/1.f:MCKEEP_03455 -            727 GH89.hmm             -            663  1.4e-231  774.7  10.9   1   1  3.4e-235  1.7e-231  774.4  10.9     2   648    62   701    61   712 0.98 [190263/475/1]
190263/562/1.f:KJGNCK_07445 -            727 GH89.hmm             -            663  2.5e-231  773.9  11.8   1   1  6.1e-235  3.1e-231  773.6  11.8     2   648    62   701    61   711 0.98 [190263/562/1]
190263/522/1.f:NPJBCH_03525 -            723 GH89.hmm             -            663  1.8e-226  757.8   9.0   1   1  4.1e-230  2.1e-226  757.6   9.0     2   656    66   713    65   720 0.97 [190263/522/1]
190263/438/1.f:IKAFOJ_00910 -           2006 GH89.hmm             -            663  9.7e-226  755.4  25.8   1   1  1.9e-229  9.7e-226  755.4  25.8     2   646   243   887   242   905 0.96 [190263/438/1]
190263/434/1.f:NCAOKI_07775 -           1941 GH89.hmm             -            663  1.7e-222  744.7  17.0   1   1  8.2e-226  4.2e-222  743.4  17.0     2   661   256   925   255   927 0.96 [190263/434/1]
190263/369/1.f:JCDIFE_07415 -            726 GH89.hmm             -            663  7.7e-222  742.5   9.7   1   1  1.7e-225  8.8e-222  742.3   9.7     2   662    67   719    66   720 0.98 [190263/369/1]
190263/557/1.f:DOLMEB_12020 -           1655 GH89.hmm             -            663  8.9e-215  719.2  16.9   1   1  2.4e-218  1.2e-214  718.7  16.9     2   651   548  1211   547  1220 0.96 [190263/557/1]
190263/541/1.f:IDEEIE_02650 -           1656 GH89.hmm             -            663  4.9e-213  713.4  15.1   1   1  9.5e-217  4.9e-213  713.4  15.1     2   656   547  1215   546  1221 0.96 [190263/541/1]
190263/506/1.f:IKGMED_06300 -            852 GH89.hmm             -            663  8.1e-212  709.4   0.2   1   1    2e-215    1e-211  709.1   0.2     3   662    67   725    66   726 0.98 [190263/506/1]
190263/506/1.f:IKGMED_00325 -            848 GH89.hmm             -            663  1.2e-211  708.8   8.2   1   1  2.8e-215  1.5e-211  708.6   8.2     3   661    72   719    70   721 0.97 [190263/506/1]
190263/512/1.f:JBCLGH_04905 -           1863 GH89.hmm             -            663  1.7e-211  708.4  18.1   1   1  3.2e-215  1.7e-211  708.4  18.1     2   656   542  1211   541  1217 0.96 [190263/512/1]
190263/475/1.f:MCKEEP_03475 -            718 GH89.hmm             -            663  5.2e-210  703.4  18.5   1   1  1.2e-213  6.3e-210  703.2  18.5     2   662    66   714    65   715 0.95 [190263/475/1]
190263/552/1.f:EMALNL_03335 -            718 GH89.hmm             -            663  1.1e-209  702.4  19.9   1   1  2.5e-213  1.3e-209  702.1  19.9     2   662    66   714    65   715 0.95 [190263/552/1]
190263/562/1.f:KJGNCK_07425 -            718 GH89.hmm             -            663  1.3e-209  702.1  19.3   1   1  3.1e-213  1.6e-209  701.8  19.3     2   662    66   714    65   715 0.95 [190263/562/1]
190263/573/1.f:LIDFCI_20035 -            718 GH89.hmm             -            663  1.4e-209  702.0  20.6   1   1  3.2e-213  1.7e-209  701.8  20.6     2   662    66   714    65   715 0.95 [190263/573/1]
190263/560/1.f:OAGBLH_10760 -           2150 GH89.hmm             -            663  3.3e-208  697.5  17.9   1   1  6.5e-212  3.3e-208  697.5  17.9     2   647   254   908   253   922 0.96 [190263/560/1]
190263/522/1.f:NPJBCH_03520 -            717 GH89.hmm             -            663  4.8e-205  687.0  16.0   1   1  1.1e-208  5.9e-205  686.7  16.0     3   621    65   686    63   712 0.94 [190263/522/1]
190263/366/1.f:DBJPFP_04025 -           1564 GH89.hmm             -            663  1.3e-204  685.6   0.0   1   1  3.3e-208  1.7e-204  685.2   0.0     2   660    72   720    71   722 0.98 [190263/366/1]
190263/404/1.f:BGJBIG_15185 -            752 GH89.hmm             -            663  1.2e-202  679.2   0.8   1   1  2.7e-206  1.4e-202  678.9   0.8     2   663    61   724    60   724 0.97 [190263/404/1]
190263/365/1.f:JJMMAK_05360 -            752 GH89.hmm             -            663  1.5e-202  678.8   1.2   1   1  3.5e-206  1.8e-202  678.5   1.2     2   663    61   723    60   723 0.97 [190263/365/1]
190263/583/1.f:BCCKNC_00045 -            833 GH89.hmm             -            663  5.2e-201  673.7  12.2   1   1  1.3e-204  6.5e-201  673.4  12.2     3   648    59   692    57   706 0.95 [190263/583/1]
190263/404/1.f:BGJBIG_01550 -            715 GH89.hmm             -            663  1.6e-198  665.5  15.5   1   1  3.7e-202  1.9e-198  665.2  15.5     3   652    64   703    62   714 0.97 [190263/404/1]
190263/405/1.f:EHKDKA_06070 -            755 GH89.hmm             -            663  3.9e-198  664.2   6.0   1   1  8.9e-202  4.6e-198  664.0   6.0     2   661    63   723    62   725 0.97 [190263/405/1]
190263/369/1.f:JCDIFE_07410 -            720 GH89.hmm             -            663  5.9e-198  663.6  13.6   1   1  1.4e-201  7.3e-198  663.3  13.6     3   613    70   683    68   714 0.94 [190263/369/1]
190263/438/1.f:IKAFOJ_00955 -           1762 GH89.hmm             -            663  2.8e-192  644.9  22.8   1   1  1.1e-195  5.7e-192  643.8  22.8     2   654   684  1336   683  1345 0.93 [190263/438/1]
190263/583/1.f:BCCKNC_00985 -            635 GH89.hmm             -            663  8.3e-179  600.3   0.0   1   1  1.9e-182  9.7e-179  600.1   0.0     2   581    64   629    63   634 0.98 [190263/583/1]
#
# Program:         hmmsearch
# Version:         3.3.2 (Nov 2020)
# Pipeline mode:   SEARCH
# Query file:      /kb/module/work/tmp/output.1725388484971/GH89/GH89.hmm
# Target file:     /kb/module/work/tmp/output.1725388484971/hCom2_RAST.fasta
# Option settings: /kb/module/hmmer/bin/hmmsearch --domtblout /kb/module/work/tmp/output.1725388484971/GH89/GH89-hCom2_RAST.hitout.txt --noali --notextw --domE 1e-15 /kb/module/work/tmp/output.1725388484971/GH89/GH89.hmm /kb/module/work/tmp/output.1725388484971/hCom2_RAST.fasta 
# Current dir:     /kb/module/work/tmp/output.1725388484971
# Date:            Tue Sep  3 18:54:36 2024
# [ok]
