#                                                                                   --- full sequence --- -------------- this domain -------------   hmm coord   ali coord   env coord
# target name               accession   tlen query name           accession   qlen   E-value  score  bias   #  of  c-Evalue  i-Evalue  score  bias  from    to  from    to  from    to  acc description of target
#       ------------------- ---------- ----- -------------------- ---------- ----- --------- ------ ----- --- --- --------- --------- ------ ----- ----- ----- ----- ----- ----- ----- ---- ---------------------
190263/502/1.f:NONHGB_06775 -            826 GH95.hmm             -            722  6.4e-298  994.5   0.6   1   1    6e-301  8.4e-298  994.1   0.6     7   714    32   761    26   767 0.97 [190263/502/1]
190263/534/1.f:OHCFJE_16235 -            819 GH95.hmm             -            722  2.7e-297  992.4   0.1   1   1  2.5e-300  3.5e-297  992.1   0.1     5   713    21   755    17   760 0.98 [190263/534/1]
190263/545/1.f:NCJBIN_17790 -            819 GH95.hmm             -            722  2.7e-297  992.4   0.1   1   1  2.5e-300  3.5e-297  992.1   0.1     5   713    21   755    17   760 0.98 [190263/545/1]
190263/391/1.f:NONBJF_16325 -            819 GH95.hmm             -            722  3.8e-297  992.0   0.1   1   1  3.5e-300  4.9e-297  991.6   0.1     5   713    21   755    17   760 0.98 [190263/391/1]
190263/388/1.f:FDDJJK_15375 -            819 GH95.hmm             -            722  6.8e-297  991.1   0.1   1   1  6.2e-300  8.7e-297  990.8   0.1     5   713    21   755    17   760 0.98 [190263/388/1]
190263/540/1.f:BCGFLB_00805 -            820 GH95.hmm             -            722  3.6e-296  988.7   0.0   1   1  3.4e-299  4.7e-296  988.4   0.0     4   715    23   757    20   763 0.98 [190263/540/1]
190263/562/1.f:KJGNCK_02455 -            810 GH95.hmm             -            722  7.4e-294  981.1   5.7   1   1  7.2e-297    1e-293  980.7   5.7     5   713    20   743    18   749 0.97 [190263/562/1]
190263/405/1.f:EHKDKA_12770 -           1074 GH95.hmm             -            722  1.7e-293  979.9   3.7   1   1  1.6e-296  2.3e-293  979.5   3.7     3   713   279  1010   277  1017 0.98 [190263/405/1]
190263/388/1.f:FDDJJK_13610 -            814 GH95.hmm             -            722  2.3e-293  979.5   0.1   1   1  2.2e-296    3e-293  979.1   0.1     3   713    20   751    18   757 0.98 [190263/388/1]
190263/437/1.f:LBKKEJ_00025 -            821 GH95.hmm             -            722    4e-293  978.7   1.2   1   1  3.8e-296  5.3e-293  978.3   1.2     3   713    19   757    17   762 0.98 [190263/437/1]
190263/534/1.f:OHCFJE_14170 -            814 GH95.hmm             -            722  1.9e-292  976.4   0.2   1   1  1.9e-295  2.6e-292  976.0   0.2     3   713    20   751    18   757 0.98 [190263/534/1]
190263/391/1.f:NONBJF_14600 -            814 GH95.hmm             -            722  1.9e-292  976.4   0.2   1   1  1.9e-295  2.6e-292  976.0   0.2     3   713    20   751    18   757 0.98 [190263/391/1]
190263/545/1.f:NCJBIN_15095 -            814 GH95.hmm             -            722  1.9e-292  976.4   0.2   1   1  1.9e-295  2.6e-292  976.0   0.2     3   713    20   751    18   757 0.98 [190263/545/1]
190263/401/1.f:DMFJNH_18135 -            822 GH95.hmm             -            722  2.7e-291  972.6   0.1   1   1  2.5e-294  3.5e-291  972.2   0.1     3   713    27   759    23   765 0.98 [190263/401/1]
190263/502/1.f:NONHGB_11115 -           1074 GH95.hmm             -            722  3.1e-291  972.4   2.3   1   1  2.9e-294    4e-291  972.0   2.3     3   713   279  1010   277  1017 0.98 [190263/502/1]
190263/504/1.f:DOAHDM_19120 -            822 GH95.hmm             -            722  9.5e-291  970.8   0.0   1   1    9e-294  1.3e-290  970.4   0.0     3   713    27   759    23   765 0.98 [190263/504/1]
190263/562/1.f:KJGNCK_17945 -            822 GH95.hmm             -            722  1.2e-290  970.5   0.0   1   1  1.1e-293  1.6e-290  970.1   0.0     3   713    27   759    23   765 0.98 [190263/562/1]
190263/573/1.f:LIDFCI_15930 -            811 GH95.hmm             -            722  2.1e-290  969.6   3.5   1   1  2.1e-293  2.9e-290  969.2   3.5     5   713    20   743    16   749 0.97 [190263/573/1]
190263/552/1.f:EMALNL_07605 -            811 GH95.hmm             -            722  2.2e-290  969.6   6.1   1   1  2.1e-293  2.9e-290  969.2   6.1     5   713    20   743    16   749 0.97 [190263/552/1]
190263/585/1.f:DLBDDB_14255 -            822 GH95.hmm             -            722  2.3e-290  969.5   0.0   1   1  2.2e-293    3e-290  969.2   0.0     3   713    27   759    23   765 0.98 [190263/585/1]
190263/573/1.f:LIDFCI_07025 -            822 GH95.hmm             -            722  3.1e-290  969.1   0.0   1   1    3e-293  4.1e-290  968.7   0.0     6   713    30   759    24   765 0.98 [190263/573/1]
190263/405/1.f:EHKDKA_15965 -            822 GH95.hmm             -            722  4.4e-290  968.6   0.1   1   1  4.3e-293  5.9e-290  968.2   0.1     3   714    27   760    23   765 0.98 [190263/405/1]
190263/475/1.f:MCKEEP_08400 -            811 GH95.hmm             -            722  5.9e-290  968.2   6.8   1   1  5.7e-293  7.9e-290  967.8   6.8     5   713    20   743    16   749 0.97 [190263/475/1]
190263/466/1.f:PGJOII_00195 -            825 GH95.hmm             -            722  6.7e-290  968.0   2.4   1   1  6.4e-293  8.8e-290  967.6   2.4     5   713    25   758    21   763 0.97 [190263/466/1]
190263/552/1.f:EMALNL_16975 -            822 GH95.hmm             -            722    2e-289  966.4   0.1   1   1  1.9e-292  2.7e-289  966.0   0.1     6   713    30   759    24   765 0.98 [190263/552/1]
190263/475/1.f:MCKEEP_17335 -            822 GH95.hmm             -            722  2.1e-289  966.4   0.0   1   1    2e-292  2.8e-289  965.9   0.0     6   713    30   759    24   765 0.98 [190263/475/1]
190263/456/1.f:LKAJBD_08220 -           1083 GH95.hmm             -            722  2.2e-289  966.3   2.1   1   1  2.1e-292  2.9e-289  965.9   2.1     3   713   287  1016   284  1021 0.97 [190263/456/1]
190263/552/1.f:EMALNL_08255 -            816 GH95.hmm             -            722  3.8e-289  965.5   0.1   1   1  3.6e-292    5e-289  965.1   0.1     7   714    17   750    12   756 0.97 [190263/552/1]
190263/405/1.f:EHKDKA_02585 -            809 GH95.hmm             -            722  1.1e-288  964.0   0.1   1   1    1e-291  1.4e-288  963.6   0.1     3   713    19   745    17   751 0.97 [190263/405/1]
190263/585/1.f:DLBDDB_01070 -            816 GH95.hmm             -            722  2.3e-288  962.9   0.1   1   1  2.2e-291    3e-288  962.5   0.1     7   714    17   750    12   756 0.96 [190263/585/1]
190263/552/1.f:EMALNL_01630 -           1100 GH95.hmm             -            722  3.4e-288  962.4   1.7   1   1  3.2e-291  4.5e-288  962.0   1.7     5   712   286  1020   282  1026 0.97 [190263/552/1]
190263/405/1.f:EHKDKA_12350 -            828 GH95.hmm             -            722  4.1e-288  962.1   0.0   1   1  3.9e-291  5.4e-288  961.7   0.0     4   716    30   766    27   772 0.97 [190263/405/1]
190263/405/1.f:EHKDKA_03265 -            823 GH95.hmm             -            722  5.7e-288  961.6   0.1   1   1  5.3e-291  7.4e-288  961.2   0.1     4   716    24   760    20   765 0.98 [190263/405/1]
190263/405/1.f:EHKDKA_11570 -            826 GH95.hmm             -            722  9.2e-288  960.9   1.9   1   1  8.9e-291  1.2e-287  960.5   1.9     3   714    23   759    20   763 0.97 [190263/405/1]
190263/502/1.f:NONHGB_02365 -            809 GH95.hmm             -            722  1.5e-287  960.3   0.1   1   1  1.4e-290    2e-287  959.9   0.1     4   713    20   745    17   750 0.97 [190263/502/1]
190263/456/1.f:LKAJBD_05190 -            828 GH95.hmm             -            722  3.2e-287  959.1   0.4   1   1  3.1e-290  4.3e-287  958.7   0.4     4   713    35   765    32   772 0.98 [190263/456/1]
190263/365/1.f:JJMMAK_14020 -            864 GH95.hmm             -            722  1.7e-286  956.7   0.0   1   1  1.7e-289  2.3e-286  956.3   0.0     4   715    42   823    39   829 0.98 [190263/365/1]
190263/534/1.f:OHCFJE_07695 -            824 GH95.hmm             -            722  1.5e-285  953.6   0.0   1   1  1.4e-288    2e-285  953.2   0.0     4   716    24   760    21   764 0.97 [190263/534/1]
190263/497/1.f:HENFFC_15210 -            844 GH95.hmm             -            722  2.4e-285  953.0   0.0   1   1  2.1e-288    3e-285  952.6   0.0     3   713    21   801    17   809 0.98 [190263/497/1]
190263/552/1.f:EMALNL_01785 -            808 GH95.hmm             -            722  4.4e-285  952.1   0.1   1   1    4e-288  5.6e-285  951.7   0.1     4   713    22   744    18   750 0.98 [190263/552/1]
190263/502/1.f:NONHGB_10025 -            830 GH95.hmm             -            722    1e-284  950.8   0.9   1   1    1e-287  1.4e-284  950.4   0.9     3   714    24   760    21   764 0.96 [190263/502/1]
190263/405/1.f:EHKDKA_15450 -            822 GH95.hmm             -            722  2.7e-284  949.5   0.0   1   1  2.5e-287  3.4e-284  949.1   0.0     3   713    20   785    18   792 0.97 [190263/405/1]
190263/497/1.f:HENFFC_13615 -            809 GH95.hmm             -            722  1.1e-283  947.5   0.0   1   1  9.7e-287  1.3e-283  947.2   0.0     5   719    25   776    21   779 0.98 [190263/497/1]
190263/365/1.f:JJMMAK_12140 -            809 GH95.hmm             -            722  1.1e-282  944.2   0.0   1   1    1e-285  1.4e-282  943.8   0.0     5   718    25   775    21   778 0.98 [190263/365/1]
190263/595/1.f:HGDLEC_05980 -            785 GH95.hmm             -            722  8.2e-282  941.3   2.2   1   1  7.4e-285    1e-281  940.9   2.2     4   717    22   769    19   774 0.96 [190263/595/1]
190263/412/1.f:OOIBGL_15175 -            759 GH95.hmm             -            722  2.3e-281  939.8   0.0   1   1  2.1e-284  2.9e-281  939.5   0.0     8   719     6   730     2   733 0.98 [190263/412/1]
190263/399/1.f:CDLIDF_16940 -            816 GH95.hmm             -            722  3.7e-280  935.8   0.1   1   1  3.4e-283  4.7e-280  935.4   0.1     4   713    23   752    20   757 0.97 [190263/399/1]
190263/497/1.f:HENFFC_12070 -            811 GH95.hmm             -            722  1.3e-279  934.0   0.0   1   1  1.2e-282  1.6e-279  933.7   0.0     4   713    20   773    17   780 0.97 [190263/497/1]
190263/520/1.f:GGDGDE_19890 -            741 GH95.hmm             -            722  1.5e-279  933.8   0.0   1   1  1.2e-282  1.7e-279  933.6   0.0     8   720     3   729     1   731 0.98 [190263/520/1]
190263/460/1.f:IHFGKI_00030 -            807 GH95.hmm             -            722  5.8e-279  931.8   3.0   1   1  5.4e-282  7.5e-279  931.5   3.0     5   713    30   745    25   754 0.96 [190263/460/1]
190263/368/1.f:HPMDBE_13590 -            809 GH95.hmm             -            722  2.5e-277  926.4   0.0   1   1  2.2e-280  3.1e-277  926.1   0.0     6   718    25   775    20   779 0.98 [190263/368/1]
190263/379/1.f:LOJHAC_15055 -            809 GH95.hmm             -            722  2.5e-277  926.4   0.0   1   1  2.2e-280  3.1e-277  926.1   0.0     6   718    25   775    20   779 0.98 [190263/379/1]
190263/516/1.f:MGNFBC_12545 -            809 GH95.hmm             -            722  9.5e-277  924.5   0.0   1   1  8.4e-280  1.2e-276  924.2   0.0     6   718    25   775    20   779 0.98 [190263/516/1]
190263/526/1.f:GBBCGM_16655 -            807 GH95.hmm             -            722  3.2e-276  922.8   0.0   1   1  2.9e-279    4e-276  922.5   0.0     6   718    27   773    23   777 0.98 [190263/526/1]
190263/417/1.f:MHBJAE_02875 -            829 GH95.hmm             -            722  8.9e-276  921.3   0.6   1   1  7.9e-279  1.1e-275  921.0   0.6    10   717    65   806    56   811 0.96 [190263/417/1]
190263/488/1.f:DNPFAC_03815 -            821 GH95.hmm             -            722  4.6e-275  919.0   0.0   1   1    4e-278  5.6e-275  918.7   0.0     5   719    22   806    20   809 0.96 [190263/488/1]
190263/488/1.f:DNPFAC_03165 -            829 GH95.hmm             -            722  7.1e-275  918.3   0.6   1   1  6.3e-278  8.7e-275  918.0   0.6    10   717    65   806    56   811 0.96 [190263/488/1]
190263/504/1.f:DOAHDM_05405 -            815 GH95.hmm             -            722  9.1e-274  914.7   0.6   1   1  8.1e-277  1.1e-273  914.4   0.6    13   717    54   792    45   797 0.96 [190263/504/1]
190263/404/1.f:BGJBIG_02245 -            831 GH95.hmm             -            722  7.6e-272  908.3   0.2   1   1  6.7e-275  9.3e-272  908.0   0.2    10   717    65   806    56   811 0.96 [190263/404/1]
190263/504/1.f:DOAHDM_13220 -            812 GH95.hmm             -            722  3.8e-271  906.0   1.0   1   1  3.5e-274  4.9e-271  905.7   1.0     9   717    44   787    37   792 0.96 [190263/504/1]
190263/401/1.f:DMFJNH_14120 -            812 GH95.hmm             -            722  2.4e-270  903.4   2.0   1   1  2.2e-273  3.1e-270  903.0   2.0     9   718    44   788    37   792 0.96 [190263/401/1]
190263/475/1.f:MCKEEP_05295 -            815 GH95.hmm             -            722  2.7e-270  903.2   0.3   1   1  2.4e-273  3.4e-270  902.9   0.3    12   718    53   793    45   797 0.96 [190263/475/1]
190263/573/1.f:LIDFCI_18405 -            815 GH95.hmm             -            722  2.7e-270  903.2   0.3   1   1  2.4e-273  3.4e-270  902.9   0.3    12   718    53   793    45   797 0.96 [190263/573/1]
190263/437/1.f:LBKKEJ_18210 -           1006 GH95.hmm             -            722  7.2e-270  901.8   0.1   1   1  6.7e-273  9.3e-270  901.4   0.1     6   717   228   975   224   980 0.97 [190263/437/1]
190263/399/1.f:CDLIDF_15475 -            800 GH95.hmm             -            722  1.1e-269  901.2   0.4   1   1    1e-272  1.4e-269  900.8   0.4     7   716    28   783    22   788 0.95 [190263/399/1]
190263/412/1.f:OOIBGL_17590 -            761 GH95.hmm             -            722  1.6e-269  900.6   0.0   1   1  1.5e-272  2.1e-269  900.2   0.0     5   714     7   727     5   734 0.98 [190263/412/1]
190263/573/1.f:LIDFCI_20210 -            830 GH95.hmm             -            722  8.2e-269  898.3   0.4   1   1  7.5e-272    1e-268  897.9   0.4    14   717    69   806    60   811 0.96 [190263/573/1]
190263/388/1.f:FDDJJK_06580 -            818 GH95.hmm             -            722  2.2e-268  896.9   0.1   1   1    2e-271  2.8e-268  896.5   0.1    10   715    44   791    36   798 0.96 [190263/388/1]
190263/534/1.f:OHCFJE_05700 -            818 GH95.hmm             -            722  2.8e-268  896.5   0.1   1   1  2.6e-271  3.6e-268  896.2   0.1    10   717    44   793    36   798 0.96 [190263/534/1]
190263/369/1.f:JCDIFE_06000 -            822 GH95.hmm             -            722  3.9e-268  896.1   0.0   1   1  3.4e-271  4.7e-268  895.8   0.0     6   717    27   788    22   793 0.97 [190263/369/1]
190263/562/1.f:KJGNCK_07665 -            829 GH95.hmm             -            722    4e-268  896.0   0.5   1   1  3.6e-271    5e-268  895.7   0.5    16   717    70   805    59   810 0.96 [190263/562/1]
190263/545/1.f:NCJBIN_07575 -            818 GH95.hmm             -            722  1.3e-267  894.4   0.0   1   1  1.1e-270  1.6e-267  894.0   0.0    10   717    44   793    36   798 0.96 [190263/545/1]
190263/562/1.f:KJGNCK_13305 -            812 GH95.hmm             -            722  2.5e-267  893.4   1.7   1   1  2.5e-270  3.4e-267  892.9   1.7     3   716    20   795    18   800 0.97 [190263/562/1]
190263/391/1.f:NONBJF_07400 -            818 GH95.hmm             -            722  2.9e-267  893.2   0.1   1   1  2.6e-270  3.6e-267  892.8   0.1    10   717    44   793    36   798 0.96 [190263/391/1]
190263/502/1.f:NONHGB_03220 -            817 GH95.hmm             -            722  5.6e-267  892.2   0.5   1   1  5.1e-270  7.1e-267  891.9   0.5    16   717    58   793    44   798 0.96 [190263/502/1]
190263/405/1.f:EHKDKA_08335 -            824 GH95.hmm             -            722  1.2e-266  891.1   0.0   1   1  1.2e-269  1.6e-266  890.7   0.0     6   715    30   788    26   794 0.96 [190263/405/1]
190263/399/1.f:CDLIDF_03120 -            809 GH95.hmm             -            722  1.3e-266  891.0   0.1   1   1  1.1e-269  1.6e-266  890.7   0.1     4   720    29   798    26   800 0.97 [190263/399/1]
190263/552/1.f:EMALNL_03190 -            829 GH95.hmm             -            722  2.2e-266  890.2   0.2   1   1  2.1e-269  2.9e-266  889.9   0.2    16   717    70   805    59   810 0.96 [190263/552/1]
190263/580/1.f:JCPJNN_07445 -            832 GH95.hmm             -            722  3.9e-266  889.4   0.0   1   1  3.3e-269  4.6e-266  889.2   0.0     5   717    52   814    48   819 0.97 [190263/580/1]
190263/461/1.f:DHPHOK_06240 -            820 GH95.hmm             -            722  1.1e-265  887.9   0.0   1   1    1e-268  1.4e-265  887.6   0.0     6   716    27   785    22   791 0.96 [190263/461/1]
190263/585/1.f:DLBDDB_04570 -            820 GH95.hmm             -            722  4.2e-265  886.0   0.4   1   1  3.8e-268  5.3e-265  885.7   0.4    12   717    53   792    43   797 0.96 [190263/585/1]
190263/396/1.f:KAAOMA_16520 -            772 GH95.hmm             -            722  3.6e-264  882.9   0.0   1   1  3.3e-267  4.6e-264  882.6   0.0     8   714     6   737     2   744 0.97 [190263/396/1]
190263/405/1.f:EHKDKA_03070 -            814 GH95.hmm             -            722  2.3e-262  877.0   0.0   1   1  2.1e-265    3e-262  876.6   0.0     5   718    30   796    27   800 0.95 [190263/405/1]
190263/460/1.f:IHFGKI_13285 -            790 GH95.hmm             -            722  3.2e-262  876.5   4.0   1   1  2.8e-265    4e-262  876.2   4.0     5   719    26   778    22   781 0.97 [190263/460/1]
190263/595/1.f:HGDLEC_08865 -            796 GH95.hmm             -            722  5.1e-262  875.8   0.4   1   1  4.8e-265  6.6e-262  875.5   0.4     6   717    26   783    22   787 0.97 [190263/595/1]
190263/580/1.f:JCPJNN_19875 -            742 GH95.hmm             -            722  6.1e-262  875.6   0.0   1   1    5e-265    7e-262  875.4   0.0     7   718     1   728     1   732 0.98 [190263/580/1]
190263/522/1.f:NPJBCH_13475 -            793 GH95.hmm             -            722  3.2e-260  869.9  11.6   1   1  2.7e-263  3.8e-260  869.6  11.6     5   710    22   769    18   782 0.96 [190263/522/1]
190263/400/1.f:EIBLKL_07350 -            776 GH95.hmm             -            722  2.4e-259  867.0   0.0   1   1  2.1e-262  2.9e-259  866.7   0.0     8   714     4   742     1   747 0.96 [190263/400/1]
190263/583/1.f:BCCKNC_09395 -            825 GH95.hmm             -            722  1.6e-257  861.0   0.2   1   1  1.5e-260    2e-257  860.6   0.2    16   719    64   803    57   806 0.96 [190263/583/1]
190263/541/1.f:IDEEIE_15610 -           1549 GH95.hmm             -            722  5.2e-256  856.0   6.8   1   1  3.7e-259  5.2e-256  856.0   6.8    16   715    66   811    34   818 0.95 [190263/541/1]
190263/475/1.f:MCKEEP_03360 -            802 GH95.hmm             -            722  7.3e-256  855.5   0.3   1   1  7.1e-259  9.9e-256  855.1   0.3    14   682    89   791    80   794 0.96 [190263/475/1]
190263/477/1.f:PCLDCI_13665 -           1957 GH95.hmm             -            722    1e-253  848.4   1.6   1   1  7.2e-257    1e-253  848.4   1.6     5   714    44   812    39   819 0.95 [190263/477/1]
190263/460/1.f:IHFGKI_01870 -           1246 GH95.hmm             -            722    3e-253  846.9  10.2   1   1    3e-256  4.2e-253  846.4  10.2     5   714   346  1131   342  1138 0.95 [190263/460/1]
190263/562/1.f:KJGNCK_25255 -            859 GH95.hmm             -            722    1e-252  845.1   1.4   1   1  1.1e-255  1.5e-252  844.5   1.4     4   716    29   828    25   833 0.94 [190263/562/1]
190263/514/1.f:MMHOAN_02455 -           2177 GH95.hmm             -            722  3.7e-251  839.9   3.7   1   1  6.6e-254  9.2e-251  838.6   3.7     4   717    41   819    37   824 0.94 [190263/514/1]
190263/507/1.f:KPMKPI_05450 -           1719 GH95.hmm             -            722    2e-250  837.5   6.7   1   1  1.4e-253    2e-250  837.5   6.7    15   717    67   813    36   817 0.94 [190263/507/1]
190263/504/1.f:DOAHDM_23120 -           1019 GH95.hmm             -            722  2.1e-249  834.2   1.4   1   2   3.6e-21     5e-18   69.2   0.0     4    76    32   114    28   190 0.80 [190263/504/1]
190263/504/1.f:DOAHDM_23120 -           1019 GH95.hmm             -            722  2.1e-249  834.2   1.4   2   2  2.6e-231  3.7e-228  763.9   0.4    97   717   321   984   298   989 0.94 [190263/504/1]
190263/401/1.f:DMFJNH_23880 -           1019 GH95.hmm             -            722  2.8e-249  833.7   1.1   1   2   4.1e-21   5.8e-18   69.0   0.0     5    76    33   114    28   191 0.78 [190263/401/1]
190263/401/1.f:DMFJNH_23880 -           1019 GH95.hmm             -            722  2.8e-249  833.7   1.1   2   2  3.5e-231  4.9e-228  763.5   0.3    97   717   321   984   298   989 0.94 [190263/401/1]
190263/585/1.f:DLBDDB_04370 -            861 GH95.hmm             -            722  3.2e-249  833.5   0.3   1   1  3.6e-252    5e-249  832.9   0.3     6   716    34   829    30   834 0.94 [190263/585/1]
190263/514/1.f:MMHOAN_03150 -            768 GH95.hmm             -            722  7.3e-249  832.3   0.0   1   1  7.2e-252    1e-248  831.9   0.0    10   714     5   748     2   755 0.98 [190263/514/1]
190263/504/1.f:DOAHDM_05305 -            808 GH95.hmm             -            722  7.6e-249  832.3   0.2   1   1  7.1e-252  9.9e-249  831.9   0.2     3   716    25   771    23   776 0.97 [190263/504/1]
190263/580/1.f:JCPJNN_23040 -            722 GH95.hmm             -            722  2.2e-248  830.7   0.0   1   1    2e-251  2.7e-248  830.5   0.0     5   706     2   720     1   722 0.97 [190263/580/1]
190263/388/1.f:FDDJJK_03915 -            800 GH95.hmm             -            722  6.1e-247  826.0   1.1   1   1  5.6e-250  7.8e-247  825.6   1.1     5   718    26   767    22   771 0.97 [190263/388/1]
190263/506/1.f:IKGMED_05770 -            796 GH95.hmm             -            722  6.3e-247  825.9   0.7   1   1  3.4e-249  4.7e-246  823.1   0.7    10   719    55   778    45   781 0.96 [190263/506/1]
190263/514/1.f:MMHOAN_12680 -            771 GH95.hmm             -            722    6e-246  822.7   0.0   1   1    5e-249  6.9e-246  822.5   0.0     7   717     3   756     1   761 0.95 [190263/514/1]
190263/391/1.f:NONBJF_03870 -            800 GH95.hmm             -            722  1.7e-245  821.2   0.9   1   1  1.5e-248  2.1e-245  820.9   0.9     5   718    26   767    22   771 0.97 [190263/391/1]
190263/545/1.f:NCJBIN_04550 -            800 GH95.hmm             -            722  1.7e-245  821.2   0.9   1   1  1.5e-248  2.1e-245  820.9   0.9     5   718    26   767    22   771 0.97 [190263/545/1]
190263/401/1.f:DMFJNH_04685 -            808 GH95.hmm             -            722  2.2e-245  820.8   0.4   1   1    2e-248  2.7e-245  820.5   0.4     3   718    25   773    23   777 0.97 [190263/401/1]
190263/534/1.f:OHCFJE_08320 -            800 GH95.hmm             -            722  4.8e-245  819.7   0.8   1   1  4.4e-248  6.1e-245  819.4   0.8     5   718    26   767    22   771 0.97 [190263/534/1]
190263/477/1.f:PCLDCI_04230 -           1708 GH95.hmm             -            722  1.6e-244  818.0  12.6   1   2     5e-22   6.9e-19   72.1   0.1     3   105    38   185    35   208 0.71 [190263/477/1]
190263/477/1.f:PCLDCI_04230 -           1708 GH95.hmm             -            722  1.6e-244  818.0  12.6   2   2  3.1e-228  4.4e-225  753.7   1.5   100   715   330   972   306   979 0.94 [190263/477/1]
190263/564/1.f:KIHMBJ_06450 -            777 GH95.hmm             -            722    2e-244  817.7   3.4   1   2   3.3e-19   4.6e-16   62.7   0.2     8    56    39    88    34    91 0.93 [190263/564/1]
190263/564/1.f:KIHMBJ_06450 -            777 GH95.hmm             -            722    2e-244  817.7   3.4   2   2  3.5e-229  4.8e-226  756.9   0.3    91   713    88   726    85   731 0.97 [190263/564/1]
190263/477/1.f:PCLDCI_08610 -           1158 GH95.hmm             -            722  4.1e-244  816.6   2.6   1   1    3e-247  4.1e-244  816.6   2.6     5   713    42   846    37   855 0.93 [190263/477/1]
190263/557/1.f:DOLMEB_10755 -           1956 GH95.hmm             -            722  1.8e-242  811.2  11.3   1   1  1.3e-245  1.8e-242  811.2  11.3     5   717    40   832    36   837 0.94 [190263/557/1]
190263/433/1.f:ADFNDI_10740 -            749 GH95.hmm             -            722  3.2e-240  803.8   0.0   1   1  2.9e-243    4e-240  803.4   0.0     7   712     4   729     1   739 0.96 [190263/433/1]
190263/466/1.f:PGJOII_07695 -            657 GH95.hmm             -            722  2.5e-237  794.2   0.0   1   1  2.2e-240  3.1e-237  793.9   0.0    98   715     1   630     1   635 0.96 [190263/466/1]
190263/477/1.f:PCLDCI_13885 -           1565 GH95.hmm             -            722  7.3e-237  792.7   5.9   1   1  5.2e-240  7.3e-237  792.7   5.9     4   714    42   834    38   842 0.93 [190263/477/1]
190263/404/1.f:BGJBIG_07290 -           1543 GH95.hmm             -            722  1.2e-236  792.0   0.5   1   2  3.1e-179  4.3e-176  591.8   0.0     7   710    33   773    28   782 0.95 [190263/404/1]
190263/404/1.f:BGJBIG_07290 -           1543 GH95.hmm             -            722  1.2e-236  792.0   0.5   2   2   6.1e-60   8.4e-57  197.4   0.2   136   713   928  1503   880  1511 0.73 [190263/404/1]
190263/477/1.f:PCLDCI_07090 -           1549 GH95.hmm             -            722  1.2e-235  788.6   1.2   1   1  8.8e-239  1.2e-235  788.6   1.2     5   715    50   818    46   825 0.94 [190263/477/1]
190263/405/1.f:EHKDKA_05720 -            776 GH95.hmm             -            722    2e-235  787.9   0.0   1   1  1.8e-238  2.6e-235  787.6   0.0     7   718    25   762    20   766 0.95 [190263/405/1]
190263/557/1.f:DOLMEB_09705 -            773 GH95.hmm             -            722  2.6e-235  787.6   0.0   1   1  2.1e-238    3e-235  787.3   0.0     8   718     2   758     1   762 0.96 [190263/557/1]
190263/472/1.f:NMGHJI_15915 -            751 GH95.hmm             -            722    1e-233  782.3   0.0   1   1  8.4e-237  1.2e-233  782.1   0.0     6   719     3   737     1   740 0.97 [190263/472/1]
190263/512/1.f:JBCLGH_00465 -           1966 GH95.hmm             -            722  6.7e-230  769.7  12.4   1   1  4.8e-233  6.7e-230  769.7  12.4     3   717    45   844    42   849 0.90 [190263/512/1]
190263/512/1.f:JBCLGH_02205 -           1802 GH95.hmm             -            722  3.4e-228  764.0   9.5   1   1  2.5e-231  3.4e-228  764.0   9.5     4   711    44   855    40   865 0.92 [190263/512/1]
190263/541/1.f:IDEEIE_14660 -           1797 GH95.hmm             -            722  1.6e-227  761.8   8.1   1   1  2.5e-230  3.5e-227  760.7   8.1     4   705    45   850    41   863 0.92 [190263/541/1]
190263/434/1.f:NCAOKI_02015 -           1197 GH95.hmm             -            722  2.3e-227  761.3   0.0   1   1  2.3e-230  3.2e-227  760.8   0.0     4   712    47   822    44   830 0.94 [190263/434/1]
190263/514/1.f:MMHOAN_14255 -           2237 GH95.hmm             -            722  1.7e-226  758.4   9.2   1   1  3.4e-229  4.8e-226  756.9   9.2     4   708    44   852    40   864 0.92 [190263/514/1]
190263/541/1.f:IDEEIE_15605 -           1388 GH95.hmm             -            722  1.4e-225  755.3  11.7   1   2   2.8e-17   3.9e-14   56.4   0.0    11   109    68   184    58   194 0.81 [190263/541/1]
190263/541/1.f:IDEEIE_15605 -           1388 GH95.hmm             -            722  1.4e-225  755.3  11.7   2   2  7.7e-214  1.1e-210  706.2   1.7   106   713   451  1114   434  1122 0.92 [190263/541/1]
190263/562/1.f:KJGNCK_22375 -            765 GH95.hmm             -            722  4.7e-225  753.6   3.9   1   1  1.5e-225  2.1e-222  744.9   3.9     5   713    30   721    26   729 0.94 [190263/562/1]
190263/580/1.f:JCPJNN_11955 -            846 GH95.hmm             -            722  5.6e-225  753.4   0.0   1   1  5.1e-228  7.1e-225  753.0   0.0     8   714     5   801     1   806 0.93 [190263/580/1]
190263/580/1.f:JCPJNN_19845 -            770 GH95.hmm             -            722  5.5e-219  733.6   0.0   1   1    5e-222    7e-219  733.2   0.0     6   710     4   726     1   731 0.97 [190263/580/1]
190263/527/1.f:HGADJN_09095 -            783 GH95.hmm             -            722    2e-217  728.4   0.0   1   1  1.7e-220  2.4e-217  728.2   0.0     8   712     2   760     1   768 0.93 [190263/527/1]
190263/474/1.f:AMDJJA_06945 -            783 GH95.hmm             -            722  1.6e-215  722.1   0.0   1   1  1.5e-218    2e-215  721.8   0.0     8   711     2   759     1   767 0.94 [190263/474/1]
190263/507/1.f:KPMKPI_14875 -            744 GH95.hmm             -            722  1.9e-212  711.9   0.0   1   1  1.9e-215  2.6e-212  711.5   0.0    12   714     8   721     4   728 0.97 [190263/507/1]
190263/477/1.f:PCLDCI_02895 -           1743 GH95.hmm             -            722  7.2e-212  710.1  15.9   1   1    1e-205  1.4e-202  679.4   4.3    97   717   107   770    98   775 0.95 [190263/477/1]
190263/477/1.f:PCLDCI_04215 -           1796 GH95.hmm             -            722  1.7e-210  705.5   0.7   1   1  3.4e-213  4.7e-210  704.0   0.7   103   717   171   832   146   837 0.93 [190263/477/1]
190263/477/1.f:PCLDCI_02945 -           1657 GH95.hmm             -            722  2.5e-208  698.3   2.2   1   1  2.4e-202  3.4e-199  668.2   0.6    97   715   112   766   104   773 0.94 [190263/477/1]
190263/502/1.f:NONHGB_20290 -            792 GH95.hmm             -            722  9.5e-207  693.1   0.1   1   1  5.1e-202  7.2e-199  667.1   0.0    93   717    96   756    89   761 0.94 [190263/502/1]
190263/552/1.f:EMALNL_04560 -            786 GH95.hmm             -            722  1.5e-206  692.4   6.5   1   1  3.3e-208  4.6e-205  687.6   6.5     4   716    38   772    34   777 0.92 [190263/552/1]
190263/562/1.f:KJGNCK_05340 -            793 GH95.hmm             -            722  4.9e-205  687.5   0.0   1   1  9.8e-199  1.4e-195  656.2   0.0    97   715    99   755    95   762 0.94 [190263/562/1]
190263/506/1.f:IKGMED_00970 -            788 GH95.hmm             -            722  1.4e-193  649.6   0.0   1   1  1.3e-196  1.9e-193  649.2   0.0     6   711    28   762    25   772 0.95 [190263/506/1]
190263/417/1.f:MHBJAE_06220 -            867 GH95.hmm             -            722    4e-173  582.0   0.0   1   1  3.7e-176  5.1e-173  581.6   0.0     8   714   101   843    95   851 0.93 [190263/417/1]
190263/488/1.f:DNPFAC_07110 -            800 GH95.hmm             -            722    6e-169  568.2   0.0   1   1  5.3e-172  7.3e-169  567.9   0.0     8   717    34   779    28   784 0.92 [190263/488/1]
190263/405/1.f:EHKDKA_05425 -            796 GH95.hmm             -            722  5.8e-164  551.7   0.0   1   1  5.2e-167  7.3e-164  551.4   0.0    11   719    34   779    27   782 0.91 [190263/405/1]
190263/534/1.f:OHCFJE_00290 -            793 GH95.hmm             -            722  4.3e-159  535.6   0.0   1   1  3.8e-162  5.3e-159  535.3   0.0    11   719    33   779    23   782 0.91 [190263/534/1]
190263/429/1.f:OMPHBF_13520 -            753 GH95.hmm             -            722  4.7e-159  535.5   0.0   1   1  4.3e-162  5.9e-159  535.1   0.0    13   706     8   747     3   752 0.92 [190263/429/1]
190263/502/1.f:NONHGB_02260 -            790 GH95.hmm             -            722  1.9e-146  493.8   0.0   1   1  1.7e-149  2.4e-146  493.5   0.0     9   715    31   769    24   776 0.90 [190263/502/1]
190263/477/1.f:PCLDCI_12025 -           1383 GH95.hmm             -            722  2.4e-139  470.3   0.1   1   1  1.7e-142  2.4e-139  470.3   0.1    10   713    56   808    45   816 0.87 [190263/477/1]
190263/477/1.f:PCLDCI_00705 -            628 GH95.hmm             -            722  1.7e-132  447.7   0.4   1   1  5.3e-133  7.3e-130  438.9   0.4     4   547    48   603    45   610 0.91 [190263/477/1]
190263/583/1.f:BCCKNC_10090 -            746 GH95.hmm             -            722  4.9e-116  393.2   2.4   1   1  2.7e-118  3.8e-115  390.3   2.4     3   710    27   722    25   730 0.88 [190263/583/1]
190263/488/1.f:DNPFAC_08710 -            755 GH95.hmm             -            722  3.7e-115  390.3  11.5   1   1  2.7e-109  3.8e-106  360.6  10.2   243   712   258   722   207   729 0.93 [190263/488/1]
190263/417/1.f:MHBJAE_07550 -            755 GH95.hmm             -            722  2.1e-113  384.6   7.3   1   1  9.8e-116  1.4e-112  381.9   7.3     7   712    30   722    25   731 0.84 [190263/417/1]
190263/429/1.f:OMPHBF_13105 -            823 GH95.hmm             -            722  3.6e-113  383.8   0.0   1   1  4.2e-116  5.8e-113  383.1   0.0    14   709    37   782    27   793 0.89 [190263/429/1]
190263/490/1.f:OIBLLI_10245 -            827 GH95.hmm             -            722  1.4e-110  375.2   0.1   1   1  1.4e-113  1.9e-110  374.8   0.1    17   713    24   813    13   821 0.86 [190263/490/1]
190263/365/1.f:JJMMAK_14535 -            761 GH95.hmm             -            722    1e-108  369.1   0.2   1   1  2.5e-110  3.4e-107  364.0   0.2     7   715    31   725    26   731 0.85 [190263/365/1]
190263/404/1.f:BGJBIG_03610 -            761 GH95.hmm             -            722  1.2e-106  362.2   0.2   1   1  4.2e-103  5.8e-100  340.1   0.2   241   711   256   720   203   728 0.93 [190263/404/1]
190263/564/1.f:KIHMBJ_04195 -            785 GH95.hmm             -            722  1.2e-102  348.9   4.1   1   1  2.4e-105  3.4e-102  347.5   4.1     5   712    57   752    54   758 0.87 [190263/564/1]
190263/495/1.f:ANKNCD_12155 -            740 GH95.hmm             -            722  1.7e-101  345.2   0.0   1   1  1.6e-104  2.2e-101  344.8   0.0     7   711     6   700     2   709 0.89 [190263/495/1]
190263/466/1.f:PGJOII_17195 -            739 GH95.hmm             -            722   7.5e-90  306.7   0.7   1   1   3.6e-90     5e-87  297.3   0.2   103   714    93   682    70   689 0.87 [190263/466/1]
190263/456/1.f:LKAJBD_17465 -            739 GH95.hmm             -            722   1.3e-89  305.9   0.1   1   1   1.2e-89   1.7e-86  295.6   0.0   108   715   101   683    86   689 0.88 [190263/456/1]
190263/585/1.f:DLBDDB_18345 -            792 GH95.hmm             -            722     4e-87  297.7   0.3   1   1   1.4e-85   1.9e-82  282.2   0.2   113   713   151   726   135   731 0.85 [190263/585/1]
190263/562/1.f:KJGNCK_13335 -            755 GH95.hmm             -            722   1.5e-86  295.8   0.6   1   1   1.8e-85   2.6e-82  281.8   0.4   115   713   117   690   100   695 0.86 [190263/562/1]
190263/404/1.f:BGJBIG_03385 -            753 GH95.hmm             -            722   4.4e-84  287.6   1.4   1   1   1.2e-84   1.6e-81  279.1   0.9   106   713   110   690    98   696 0.90 [190263/404/1]
190263/583/1.f:BCCKNC_00990 -            761 GH95.hmm             -            722   5.4e-83  284.0   2.1   1   1   1.9e-82   2.6e-79  271.8   0.3   104   714   111   694    98   700 0.88 [190263/583/1]
190263/405/1.f:EHKDKA_23470 -            756 GH95.hmm             -            722   9.6e-74  253.4   0.8   1   1   3.9e-59   5.4e-56  194.8   1.3   101   539    92   527    84   542 0.86 [190263/405/1]
190263/502/1.f:NONHGB_21540 -            756 GH95.hmm             -            722   2.1e-73  252.3   0.4   1   1   5.4e-60   7.5e-57  197.6   0.9   101   539    92   527    83   541 0.86 [190263/502/1]
190263/583/1.f:BCCKNC_18105 -            766 GH95.hmm             -            722   2.9e-63  218.8   3.1   1   1   2.7e-65   3.7e-62  215.1   1.4   135   719   144   727   101   730 0.78 [190263/583/1]
190263/580/1.f:JCPJNN_22900 -            737 GH95.hmm             -            722   4.4e-63  218.2   0.0   1   1   2.7e-65   3.8e-62  215.1   0.0    15   715    11   701     2   707 0.80 [190263/580/1]
190263/562/1.f:KJGNCK_07280 -            838 GH95.hmm             -            722   3.5e-62  215.2   2.8   1   1   3.5e-63   4.8e-60  208.1   2.8     6   713    44   755    40   763 0.79 [190263/562/1]
190263/545/1.f:NCJBIN_20280 -            838 GH95.hmm             -            722   4.5e-61  211.5   4.3   1   1   1.1e-56   1.5e-53  186.6   1.2   101   713   106   754    97   762 0.79 [190263/545/1]
190263/534/1.f:OHCFJE_19330 -            838 GH95.hmm             -            722   6.9e-60  207.6   4.2   1   1   1.1e-60   1.5e-57  199.9   4.2     6   713    43   754    39   762 0.79 [190263/534/1]
190263/391/1.f:NONBJF_20245 -            838 GH95.hmm             -            722   7.7e-60  207.5   3.9   1   1   1.2e-60   1.7e-57  199.7   3.9     6   713    43   754    39   762 0.79 [190263/391/1]
190263/417/1.f:MHBJAE_05740 -            789 GH95.hmm             -            722   1.4e-58  203.3   1.7   1   1     7e-61   9.7e-58  200.5   0.3   136   712   173   748   140   756 0.77 [190263/417/1]
190263/477/1.f:PCLDCI_00745 -           1110 GH95.hmm             -            722   2.6e-57  199.1   0.2   1   1   1.8e-60   2.6e-57  199.1   0.2   579   717     1   139     1   144 0.97 [190263/477/1]
190263/564/1.f:KIHMBJ_05350 -            765 GH95.hmm             -            722   4.3e-34  122.3   1.2   1   1   8.6e-33   1.2e-29  107.7   1.0   339   684   371   726   352   748 0.81 [190263/564/1]
190263/433/1.f:ADFNDI_08190 -             57 GH95.hmm             -            722   5.7e-23   85.6   0.0   1   1   4.2e-26   5.8e-23   85.6   0.0   626   676     5    55     1    57 0.96 [190263/433/1]
190263/585/1.f:DLBDDB_05295 -            671 GH95.hmm             -            722   1.2e-17   68.0   0.0   1   1   1.3e-20   1.8e-17   67.4   0.0   390   679   371   659   291   670 0.80 [190263/585/1]
190263/545/1.f:NCJBIN_15405 -            743 GH95.hmm             -            722   1.5e-17   67.7   1.0   1   1   1.4e-19   1.9e-16   64.0   0.5   342   709   362   735   324   742 0.83 [190263/545/1]
190263/437/1.f:LBKKEJ_04505 -            677 GH95.hmm             -            722   3.5e-17   66.5   0.1   1   1   1.3e-18   1.9e-15   60.7   0.0   372   679   361   666   340   674 0.79 [190263/437/1]
190263/573/1.f:LIDFCI_07235 -            783 GH95.hmm             -            722     4e-17   66.3   1.2   1   1   7.6e-18   1.1e-14   58.3   0.3   314   711   349   776   328   783 0.75 [190263/573/1]
190263/391/1.f:NONBJF_14885 -            743 GH95.hmm             -            722   4.2e-17   66.2   2.6   1   1   1.4e-19   1.9e-16   64.0   0.5   342   709   362   735   324   742 0.83 [190263/391/1]
190263/534/1.f:OHCFJE_14445 -            743 GH95.hmm             -            722   4.2e-17   66.2   2.6   1   1   1.4e-19   1.9e-16   64.0   0.5   342   709   362   735   324   742 0.83 [190263/534/1]
190263/388/1.f:FDDJJK_13905 -            743 GH95.hmm             -            722   4.6e-17   66.0   2.2   1   1   3.7e-19   5.2e-16   62.6   1.3   342   708   362   734   323   742 0.81 [190263/388/1]
190263/562/1.f:KJGNCK_18350 -            766 GH95.hmm             -            722   1.1e-16   64.8   0.9   1   1   5.8e-18   8.1e-15   58.6   0.2   313   708   331   756   308   766 0.76 [190263/562/1]
190263/475/1.f:MCKEEP_18470 -            783 GH95.hmm             -            722   1.2e-16   64.7   0.8   1   1   8.8e-18   1.2e-14   58.0   0.2   314   711   349   776   328   783 0.75 [190263/475/1]
190263/552/1.f:EMALNL_17365 -            766 GH95.hmm             -            722   1.3e-16   64.6   1.2   1   1   4.3e-18     6e-15   59.1   0.4   313   711   331   759   308   766 0.76 [190263/552/1]
190263/405/1.f:EHKDKA_05545 -            775 GH95.hmm             -            722   3.7e-16   63.1   0.2   1   1   1.3e-18   1.8e-15   60.8   0.2    99   708    79   757    24   770 0.72 [190263/405/1]
190263/585/1.f:DLBDDB_14175 -            783 GH95.hmm             -            722   2.1e-15   60.6   4.0   1   1   1.2e-16   1.7e-13   54.3   4.0    90   707   117   776    20   782 0.63 [190263/585/1]
190263/585/1.f:DLBDDB_01745 -             68 GH95.hmm             -            722     5e-15   59.3   0.4   1   1   3.8e-18   5.3e-15   59.3   0.4   414   466     1    53     1    64 0.91 [190263/585/1]
190263/401/1.f:DMFJNH_18275 -            803 GH95.hmm             -            722   6.4e-15   59.0   7.7   1   1   9.2e-17   1.3e-13   54.7   7.7     8   708    24   795    19   803 0.65 [190263/401/1]
190263/504/1.f:DOAHDM_18985 -            803 GH95.hmm             -            722   6.4e-15   59.0   7.7   1   1   9.2e-17   1.3e-13   54.7   7.7     8   708    24   795    19   803 0.65 [190263/504/1]
190263/475/1.f:MCKEEP_04085 -            669 GH95.hmm             -            722   2.6e-14   57.0   0.0   1   1     3e-17   4.2e-14   56.3   0.0   390   687   371   665   295   669 0.82 [190263/475/1]
190263/573/1.f:LIDFCI_19525 -            669 GH95.hmm             -            722   2.6e-14   57.0   0.0   1   1     3e-17   4.2e-14   56.3   0.0   390   687   371   665   295   669 0.82 [190263/573/1]
190263/534/1.f:OHCFJE_03015 -             98 GH95.hmm             -            722   8.7e-14   55.2   0.0   1   1   7.2e-17     1e-13   55.0   0.0   655   712    16    73     4    80 0.94 [190263/534/1]
190263/405/1.f:EHKDKA_15805 -            738 GH95.hmm             -            722     5e-13   52.7   1.4   1   1   9.7e-16   1.3e-12   51.3   1.4   341   711   343   731   269   738 0.75 [190263/405/1]
#
# Program:         hmmsearch
# Version:         3.3.2 (Nov 2020)
# Pipeline mode:   SEARCH
# Query file:      /kb/module/work/tmp/output.1725388484971/GH95/GH95.hmm
# Target file:     /kb/module/work/tmp/output.1725388484971/hCom2_RAST.fasta
# Option settings: /kb/module/hmmer/bin/hmmsearch --domtblout /kb/module/work/tmp/output.1725388484971/GH95/GH95-hCom2_RAST.hitout.txt --noali --notextw --domE 1e-15 /kb/module/work/tmp/output.1725388484971/GH95/GH95.hmm /kb/module/work/tmp/output.1725388484971/hCom2_RAST.fasta 
# Current dir:     /kb/module/work/tmp/output.1725388484971
# Date:            Tue Sep  3 18:54:53 2024
# [ok]
