#                                                                                   --- full sequence --- -------------- this domain -------------   hmm coord   ali coord   env coord
# target name               accession   tlen query name           accession   qlen   E-value  score  bias   #  of  c-Evalue  i-Evalue  score  bias  from    to  from    to  from    to  acc description of target
#       ------------------- ---------- ----- -------------------- ---------- ----- --------- ------ ----- --- --- --------- --------- ------ ----- ----- ----- ----- ----- ----- ----- ---- ---------------------
190263/497/1.f:HENFFC_19605 -           1261 GH97.hmm             -            631  2.2e-292  975.3   0.9   1   2  2.5e-143  2.9e-140  472.8   0.0    12   630    28   640     8   641 0.92 [190263/497/1]
190263/497/1.f:HENFFC_19605 -           1261 GH97.hmm             -            631  2.2e-292  975.3   0.9   2   2    4e-151  4.5e-148  498.6   2.9    12   630   652  1255   643  1256 0.94 [190263/497/1]
190263/488/1.f:DNPFAC_09795 -            719 GH97.hmm             -            631  2.4e-263  879.4   1.5   1   1  2.6e-266  2.9e-263  879.1   1.5     3   630    16   704    12   705 0.98 [190263/488/1]
190263/417/1.f:MHBJAE_08645 -            719 GH97.hmm             -            631  1.6e-262  876.7   2.4   1   1  1.7e-265    2e-262  876.4   2.4     4   630    17   704    12   705 0.98 [190263/417/1]
190263/405/1.f:EHKDKA_13030 -            718 GH97.hmm             -            631  1.2e-260  870.4   1.6   1   1  1.3e-263  1.5e-260  870.2   1.6     3   630    14   703     9   704 0.97 [190263/405/1]
190263/456/1.f:LKAJBD_09020 -            720 GH97.hmm             -            631  8.3e-260  867.7   0.9   1   1  8.6e-263  9.8e-260  867.5   0.9     3   630    16   705    11   706 0.97 [190263/456/1]
190263/502/1.f:NONHGB_11335 -            718 GH97.hmm             -            631  8.4e-260  867.7   1.2   1   1    9e-263    1e-259  867.4   1.2     4   630    15   703     9   704 0.97 [190263/502/1]
190263/475/1.f:MCKEEP_12215 -            719 GH97.hmm             -            631  1.1e-259  867.4   1.0   1   1  1.1e-262  1.3e-259  867.1   1.0     4   630    16   704    11   705 0.98 [190263/475/1]
190263/573/1.f:LIDFCI_03075 -            719 GH97.hmm             -            631  1.1e-259  867.4   0.7   1   1  1.1e-262  1.3e-259  867.1   0.7     3   630    15   704    12   705 0.98 [190263/573/1]
190263/562/1.f:KJGNCK_12965 -            719 GH97.hmm             -            631  1.4e-259  866.9   1.3   1   1  1.6e-262  1.8e-259  866.6   1.3     4   630    16   704    11   705 0.98 [190263/562/1]
190263/461/1.f:DHPHOK_10900 -            717 GH97.hmm             -            631  2.3e-259  866.2   0.4   1   1  2.4e-262  2.7e-259  866.0   0.4     3   630    13   702     8   703 0.98 [190263/461/1]
190263/369/1.f:JCDIFE_19170 -            717 GH97.hmm             -            631  4.7e-259  865.2   0.4   1   1  4.9e-262  5.5e-259  865.0   0.4     3   630    13   702     8   703 0.98 [190263/369/1]
190263/585/1.f:DLBDDB_18585 -            719 GH97.hmm             -            631  6.8e-259  864.7   0.3   1   1  7.4e-262  8.4e-259  864.4   0.3     4   630    16   704    11   705 0.98 [190263/585/1]
190263/552/1.f:EMALNL_12810 -            719 GH97.hmm             -            631  9.4e-259  864.3   0.8   1   1    1e-261  1.2e-258  863.9   0.8     4   630    16   704    11   705 0.98 [190263/552/1]
190263/583/1.f:BCCKNC_06560 -            726 GH97.hmm             -            631  1.1e-257  860.8   4.2   1   1  1.1e-260  1.2e-257  860.6   4.2     4   630    11   722     7   723 0.98 [190263/583/1]
190263/401/1.f:DMFJNH_12735 -            719 GH97.hmm             -            631  1.3e-257  860.5   2.8   1   1  1.4e-260  1.6e-257  860.2   2.8     5   630    15   704    10   705 0.97 [190263/401/1]
190263/504/1.f:DOAHDM_12690 -            719 GH97.hmm             -            631  1.3e-257  860.5   2.8   1   1  1.4e-260  1.6e-257  860.2   2.8     5   630    15   704    10   705 0.97 [190263/504/1]
190263/466/1.f:PGJOII_14745 -            720 GH97.hmm             -            631  3.3e-256  855.8   0.8   1   1  3.7e-259  4.2e-256  855.5   0.8     4   630    16   705    12   706 0.97 [190263/466/1]
190263/466/1.f:PGJOII_08775 -            713 GH97.hmm             -            631  5.7e-256  855.0   1.5   1   1  6.1e-259    7e-256  854.8   1.5     3   630     8   697     5   698 0.98 [190263/466/1]
190263/502/1.f:NONHGB_16350 -            717 GH97.hmm             -            631    6e-256  855.0   2.7   1   1  6.6e-259  7.5e-256  854.7   2.7     5   630    10   698     5   699 0.97 [190263/502/1]
190263/399/1.f:CDLIDF_07520 -            726 GH97.hmm             -            631  8.5e-256  854.5   7.2   1   1  9.2e-259    1e-255  854.2   7.2     4   630    11   722     8   723 0.98 [190263/399/1]
190263/545/1.f:NCJBIN_08285 -            738 GH97.hmm             -            631    1e-255  854.2   8.3   1   1  1.1e-258  1.3e-255  853.9   8.3     4   630    12   723     9   724 0.98 [190263/545/1]
190263/461/1.f:DHPHOK_15680 -            717 GH97.hmm             -            631  1.2e-255  854.0   2.5   1   1  1.3e-258  1.5e-255  853.7   2.5     6   630    12   698     5   699 0.97 [190263/461/1]
190263/391/1.f:NONBJF_08170 -            738 GH97.hmm             -            631  1.2e-255  854.0   8.5   1   1  1.3e-258  1.5e-255  853.7   8.5     4   630    12   723     9   724 0.98 [190263/391/1]
190263/534/1.f:OHCFJE_04795 -            738 GH97.hmm             -            631  1.2e-255  854.0   8.5   1   1  1.3e-258  1.5e-255  853.7   8.5     4   630    12   723     9   724 0.98 [190263/534/1]
190263/405/1.f:EHKDKA_18220 -            717 GH97.hmm             -            631  1.7e-255  853.5   2.4   1   1  1.9e-258  2.1e-255  853.2   2.4     5   630    10   698     5   699 0.97 [190263/405/1]
190263/388/1.f:FDDJJK_07160 -            738 GH97.hmm             -            631  6.6e-255  851.5   8.3   1   1  7.3e-258  8.3e-255  851.2   8.3     4   630    12   723     9   724 0.98 [190263/388/1]
190263/437/1.f:LBKKEJ_03790 -            726 GH97.hmm             -            631  3.8e-253  845.7   7.6   1   1    4e-256  4.5e-253  845.5   7.6     4   630    11   722     7   723 0.97 [190263/437/1]
190263/585/1.f:DLBDDB_01365 -            725 GH97.hmm             -            631  5.1e-253  845.3   6.4   1   1  5.5e-256  6.3e-253  845.0   6.4     4   630    10   721     6   722 0.97 [190263/585/1]
190263/595/1.f:HGDLEC_06170 -            710 GH97.hmm             -            631  1.5e-251  840.4   4.3   1   1  1.6e-254  1.8e-251  840.2   4.3     3   630     9   707     6   708 0.98 [190263/595/1]
190263/401/1.f:DMFJNH_07620 -            738 GH97.hmm             -            631  3.3e-250  836.0   8.9   1   1  3.6e-253  4.1e-250  835.7   8.9     4   630    12   723     8   724 0.97 [190263/401/1]
190263/504/1.f:DOAHDM_08125 -            738 GH97.hmm             -            631  3.3e-250  836.0   8.9   1   1  3.6e-253  4.1e-250  835.7   8.9     4   630    12   723     8   724 0.97 [190263/504/1]
190263/522/1.f:NPJBCH_12435 -            710 GH97.hmm             -            631  2.8e-249  833.0   6.6   1   1  2.9e-252  3.3e-249  832.7   6.6     4   630    10   707     6   708 0.98 [190263/522/1]
190263/475/1.f:MCKEEP_01650 -            736 GH97.hmm             -            631  4.9e-249  832.1   7.5   1   1  5.3e-252  6.1e-249  831.8   7.5     3   630    10   721     6   722 0.97 [190263/475/1]
190263/573/1.f:LIDFCI_15595 -            736 GH97.hmm             -            631  4.9e-249  832.1   7.5   1   1  5.3e-252  6.1e-249  831.8   7.5     3   630    10   721     6   722 0.97 [190263/573/1]
190263/562/1.f:KJGNCK_02030 -            738 GH97.hmm             -            631  1.2e-248  830.9   6.1   1   1  1.2e-251  1.4e-248  830.6   6.1     3   630    12   723     8   724 0.97 [190263/562/1]
190263/552/1.f:EMALNL_07980 -            738 GH97.hmm             -            631    2e-248  830.1   5.8   1   1  2.2e-251  2.5e-248  829.8   5.8     3   630    12   723     8   724 0.97 [190263/552/1]
190263/421/1.f:PBKEAC_05070 -            731 GH97.hmm             -            631  8.3e-247  824.8   0.0   1   1    9e-250    1e-246  824.5   0.0     6   630    13   717     5   718 0.97 [190263/421/1]
190263/446/1.f:LHJMMB_09595 -            731 GH97.hmm             -            631  8.3e-247  824.8   0.0   1   1    9e-250    1e-246  824.5   0.0     6   630    13   717     5   718 0.97 [190263/446/1]
190263/460/1.f:IHFGKI_10505 -            700 GH97.hmm             -            631  1.4e-246  824.0   4.5   1   1  1.5e-249  1.7e-246  823.8   4.5     5   630    11   697     4   698 0.97 [190263/460/1]
190263/460/1.f:IHFGKI_10910 -            711 GH97.hmm             -            631  2.9e-246  823.0   6.0   1   1    3e-249  3.4e-246  822.8   6.0     5   630    11   708     6   709 0.97 [190263/460/1]
190263/399/1.f:CDLIDF_04535 -            701 GH97.hmm             -            631  7.2e-246  821.7   3.6   1   1  7.6e-249  8.6e-246  821.4   3.6     7   630    12   698     4   699 0.97 [190263/399/1]
190263/556/1.f:EMIPPF_02190 -            731 GH97.hmm             -            631  7.8e-246  821.6   0.0   1   1  8.4e-249  9.6e-246  821.3   0.0     6   630    13   717     5   718 0.98 [190263/556/1]
190263/595/1.f:HGDLEC_07160 -            708 GH97.hmm             -            631  1.4e-245  820.7   0.9   1   1  1.6e-248  1.8e-245  820.4   0.9     4   630    10   705     6   706 0.98 [190263/595/1]
190263/437/1.f:LBKKEJ_05455 -            702 GH97.hmm             -            631    5e-245  818.9   3.5   1   1    5e-248  5.7e-245  818.7   3.5     6   630    11   699     4   700 0.97 [190263/437/1]
190263/405/1.f:EHKDKA_02840 -            718 GH97.hmm             -            631  1.2e-239  801.2   0.3   1   1  1.2e-242  1.4e-239  800.9   0.3    14   630    23   702     8   703 0.97 [190263/405/1]
190263/461/1.f:DHPHOK_18790 -            715 GH97.hmm             -            631  1.6e-237  794.1   0.1   1   1  1.7e-240    2e-237  793.8   0.1     4   630    12   701     7   702 0.97 [190263/461/1]
190263/502/1.f:NONHGB_03615 -            714 GH97.hmm             -            631  2.5e-236  790.2   0.7   1   1  2.6e-239  2.9e-236  789.9   0.7     3   630     9   699     5   700 0.97 [190263/502/1]
190263/405/1.f:EHKDKA_03915 -            714 GH97.hmm             -            631  6.4e-236  788.8   0.7   1   1  6.6e-239  7.5e-236  788.6   0.7     3   630     9   699     5   700 0.97 [190263/405/1]
190263/401/1.f:DMFJNH_19685 -            671 GH97.hmm             -            631  1.9e-233  780.6   1.2   1   1    2e-236  2.3e-233  780.4   1.2     4   630    13   666     9   667 0.97 [190263/401/1]
190263/504/1.f:DOAHDM_17355 -            671 GH97.hmm             -            631  1.9e-233  780.6   1.2   1   1    2e-236  2.3e-233  780.4   1.2     4   630    13   666     9   667 0.97 [190263/504/1]
190263/585/1.f:DLBDDB_13035 -            669 GH97.hmm             -            631  1.9e-233  780.6   1.2   1   1  1.9e-236  2.2e-233  780.4   1.2     3   630    12   666     9   667 0.97 [190263/585/1]
190263/366/1.f:DBJPFP_03910 -            669 GH97.hmm             -            631  2.7e-233  780.2   0.0   1   1  2.9e-236  3.3e-233  779.9   0.0     4   630    14   660     8   661 0.97 [190263/366/1]
190263/552/1.f:EMALNL_18775 -            669 GH97.hmm             -            631  3.2e-232  776.6   2.2   1   1  3.3e-235  3.8e-232  776.4   2.2     7   630    16   666     9   667 0.97 [190263/552/1]
190263/405/1.f:EHKDKA_13770 -            675 GH97.hmm             -            631    5e-232  775.9   0.0   1   1  5.4e-235  6.2e-232  775.7   0.0     4   630    17   661    12   662 0.97 [190263/405/1]
190263/421/1.f:PBKEAC_08555 -            669 GH97.hmm             -            631  1.1e-231  774.8   0.0   1   1  1.2e-234  1.3e-231  774.5   0.0     4   630    14   660     8   661 0.97 [190263/421/1]
190263/562/1.f:KJGNCK_20830 -            669 GH97.hmm             -            631  2.5e-231  773.6   2.4   1   1  2.7e-234    3e-231  773.4   2.4     7   630    16   666     9   667 0.97 [190263/562/1]
190263/417/1.f:MHBJAE_09170 -            671 GH97.hmm             -            631    2e-230  770.7   2.7   1   1  2.1e-233  2.4e-230  770.4   2.7     4   630    14   666     7   667 0.97 [190263/417/1]
190263/388/1.f:FDDJJK_03240 -            671 GH97.hmm             -            631  7.7e-230  768.7   0.2   1   1  8.4e-233  9.6e-230  768.4   0.2     3   630    11   666     8   667 0.97 [190263/388/1]
190263/534/1.f:OHCFJE_08550 -            671 GH97.hmm             -            631  2.6e-229  767.0   0.3   1   1  2.8e-232  3.2e-229  766.7   0.3     3   630    11   666     8   667 0.97 [190263/534/1]
190263/404/1.f:BGJBIG_12615 -            669 GH97.hmm             -            631  3.4e-229  766.6   2.1   1   1  3.6e-232  4.1e-229  766.3   2.1     3   630    12   666     8   667 0.97 [190263/404/1]
190263/488/1.f:DNPFAC_10310 -            671 GH97.hmm             -            631  3.6e-229  766.5   1.7   1   1  3.7e-232  4.2e-229  766.3   1.7     4   630    14   666     7   667 0.97 [190263/488/1]
190263/391/1.f:NONBJF_03120 -            671 GH97.hmm             -            631  3.7e-229  766.5   0.2   1   1  4.1e-232  4.6e-229  766.2   0.2     3   630    11   666     8   667 0.97 [190263/391/1]
190263/545/1.f:NCJBIN_03475 -            671 GH97.hmm             -            631  3.7e-229  766.5   0.2   1   1  4.1e-232  4.6e-229  766.2   0.2     3   630    11   666     8   667 0.97 [190263/545/1]
190263/466/1.f:PGJOII_07060 -            667 GH97.hmm             -            631  7.1e-229  765.5   0.6   1   1  7.7e-232  8.8e-229  765.2   0.6     4   630    11   664     7   665 0.97 [190263/466/1]
190263/502/1.f:NONHGB_10965 -            668 GH97.hmm             -            631  2.3e-228  763.8   0.5   1   1  2.5e-231  2.9e-228  763.5   0.5     4   630    12   665     8   666 0.97 [190263/502/1]
190263/405/1.f:EHKDKA_12610 -            669 GH97.hmm             -            631  4.2e-228  763.0   1.3   1   1  4.5e-231  5.2e-228  762.7   1.3     5   630    15   666     9   667 0.97 [190263/405/1]
190263/446/1.f:LHJMMB_12240 -            665 GH97.hmm             -            631  1.3e-226  758.1   0.0   1   1  1.3e-229  1.5e-226  757.8   0.0     5   630    12   661     5   662 0.97 [190263/446/1]
190263/421/1.f:PBKEAC_12430 -            671 GH97.hmm             -            631  8.2e-219  732.3   0.0   1   1  8.7e-222  9.9e-219  732.0   0.0     3   630    17   666    13   667 0.97 [190263/421/1]
190263/446/1.f:LHJMMB_05330 -            671 GH97.hmm             -            631  2.5e-218  730.7   0.0   1   1  2.6e-221    3e-218  730.5   0.0     3   630    17   666    13   667 0.97 [190263/446/1]
190263/366/1.f:DBJPFP_05200 -            671 GH97.hmm             -            631  9.4e-218  728.8   0.0   1   1  9.9e-221  1.1e-217  728.5   0.0     3   630    17   666    13   667 0.97 [190263/366/1]
190263/556/1.f:EMIPPF_02610 -            669 GH97.hmm             -            631  8.5e-215  719.0   0.0   1   1  8.7e-218    1e-214  718.8   0.0     5   630    16   664     9   665 0.96 [190263/556/1]
190263/497/1.f:HENFFC_03760 -            662 GH97.hmm             -            631  1.1e-211  708.8   0.1   1   1  1.2e-214  1.3e-211  708.5   0.1     6   630    14   660     7   661 0.96 [190263/497/1]
190263/421/1.f:PBKEAC_07320 -            665 GH97.hmm             -            631  1.3e-210  705.2   0.0   1   1  1.3e-213  1.5e-210  705.0   0.0     8   629    17   661     4   663 0.95 [190263/421/1]
190263/365/1.f:JJMMAK_07795 -            662 GH97.hmm             -            631  5.1e-210  703.3   0.1   1   1  5.5e-213  6.3e-210  703.0   0.1     6   630    14   660     7   661 0.96 [190263/365/1]
190263/556/1.f:EMIPPF_11975 -            665 GH97.hmm             -            631  6.1e-209  699.7   0.0   1   1  6.4e-212  7.3e-209  699.4   0.0     4   630    13   662     7   663 0.96 [190263/556/1]
190263/573/1.f:LIDFCI_21735 -            664 GH97.hmm             -            631  2.2e-208  697.8   0.0   1   1  2.4e-211  2.8e-208  697.5   0.0     5   630    14   663     8   664 0.95 [190263/573/1]
190263/585/1.f:DLBDDB_19885 -            664 GH97.hmm             -            631  1.2e-207  695.4   0.0   1   1  1.2e-210  1.4e-207  695.2   0.0     4   630    13   663     8   664 0.95 [190263/585/1]
190263/379/1.f:LOJHAC_09760 -            663 GH97.hmm             -            631  2.4e-207  694.4   0.0   1   1  2.6e-210    3e-207  694.1   0.0     6   630    15   660     6   661 0.95 [190263/379/1]
190263/475/1.f:MCKEEP_01920 -            664 GH97.hmm             -            631  2.5e-207  694.4   0.0   1   1  2.7e-210    3e-207  694.1   0.0     5   630    14   663     8   664 0.95 [190263/475/1]
190263/401/1.f:DMFJNH_24335 -            662 GH97.hmm             -            631  2.6e-207  694.3   0.0   1   1  2.8e-210  3.2e-207  694.0   0.0     4   630    11   661     7   662 0.95 [190263/401/1]
190263/516/1.f:MGNFBC_02770 -            664 GH97.hmm             -            631  2.9e-207  694.1   0.2   1   1  3.2e-210  3.6e-207  693.8   0.2     6   630    15   661     6   662 0.95 [190263/516/1]
190263/368/1.f:HPMDBE_09545 -            664 GH97.hmm             -            631  3.2e-207  694.0   0.2   1   1  3.4e-210  3.9e-207  693.7   0.2     6   630    15   661     6   662 0.94 [190263/368/1]
190263/504/1.f:DOAHDM_23605 -            662 GH97.hmm             -            631  3.4e-207  693.9   0.0   1   1  3.7e-210  4.2e-207  693.6   0.0     4   630    11   661     7   662 0.95 [190263/504/1]
190263/552/1.f:EMALNL_01095 -            664 GH97.hmm             -            631    4e-207  693.7   0.0   1   1  4.4e-210    5e-207  693.4   0.0     5   630    14   663     8   664 0.95 [190263/552/1]
190263/461/1.f:DHPHOK_01240 -            664 GH97.hmm             -            631  5.1e-206  690.0   1.0   1   1  5.3e-209    6e-206  689.8   1.0     4   630    12   661     4   662 0.95 [190263/461/1]
190263/562/1.f:KJGNCK_09480 -            679 GH97.hmm             -            631  1.2e-205  688.8   0.0   1   1  1.3e-208  1.5e-205  688.5   0.0     5   630    29   678    23   679 0.95 [190263/562/1]
190263/404/1.f:BGJBIG_17425 -            662 GH97.hmm             -            631  6.3e-205  686.4   0.0   1   1  6.4e-208  7.3e-205  686.2   0.0     4   630    10   661     6   662 0.95 [190263/404/1]
190263/405/1.f:EHKDKA_22545 -            666 GH97.hmm             -            631  8.6e-205  686.0   0.0   1   1  9.3e-208  1.1e-204  685.7   0.0     4   630    13   663     8   664 0.95 [190263/405/1]
190263/502/1.f:NONHGB_20685 -            666 GH97.hmm             -            631  1.5e-204  685.2   0.1   1   1  1.6e-207  1.8e-204  684.9   0.1     4   630    13   663     8   664 0.95 [190263/502/1]
190263/366/1.f:DBJPFP_15725 -            665 GH97.hmm             -            631  1.9e-204  684.8   0.0   1   1    2e-207  2.3e-204  684.6   0.0     5   630    15   661     5   662 0.95 [190263/366/1]
190263/399/1.f:CDLIDF_01875 -            642 GH97.hmm             -            631  2.1e-204  684.7   0.8   1   1  2.1e-207  2.4e-204  684.5   0.8     3   630     9   641     5   642 0.94 [190263/399/1]
190263/401/1.f:DMFJNH_05370 -            650 GH97.hmm             -            631  2.1e-204  684.7   0.1   1   1  2.2e-207  2.6e-204  684.4   0.1     6   630    15   649     6   650 0.93 [190263/401/1]
190263/368/1.f:HPMDBE_18195 -            653 GH97.hmm             -            631  3.2e-204  684.1   0.1   1   1  3.3e-207  3.8e-204  683.9   0.1     7   630    11   648     2   649 0.96 [190263/368/1]
190263/516/1.f:MGNFBC_16125 -            655 GH97.hmm             -            631  4.7e-204  683.6   0.1   1   1  4.8e-207  5.5e-204  683.3   0.1     7   630    11   648     2   649 0.96 [190263/516/1]
190263/552/1.f:EMALNL_04765 -            664 GH97.hmm             -            631  1.9e-203  681.5   0.3   1   1    2e-206  2.3e-203  681.3   0.3     5   630    13   660     5   661 0.96 [190263/552/1]
190263/583/1.f:BCCKNC_08735 -            664 GH97.hmm             -            631  3.5e-203  680.7   0.0   1   1  3.8e-206  4.3e-203  680.4   0.0     5   630    14   663     7   664 0.95 [190263/583/1]
190263/504/1.f:DOAHDM_06040 -            650 GH97.hmm             -            631  3.8e-203  680.5   0.0   1   1    4e-206  4.6e-203  680.3   0.0     6   630    15   649     6   650 0.93 [190263/504/1]
190263/522/1.f:NPJBCH_07815 -            659 GH97.hmm             -            631  9.1e-203  679.3   0.6   1   1  9.2e-206  1.1e-202  679.1   0.6     6   630    13   658     5   659 0.95 [190263/522/1]
190263/475/1.f:MCKEEP_09140 -            648 GH97.hmm             -            631    1e-202  679.2   0.1   1   1  1.1e-205  1.2e-202  678.9   0.1     3   630    11   647     6   648 0.93 [190263/475/1]
190263/562/1.f:KJGNCK_10295 -            648 GH97.hmm             -            631  1.3e-201  675.5   0.1   1   1  1.3e-204  1.5e-201  675.2   0.1     3   630    11   647     7   648 0.94 [190263/562/1]
190263/573/1.f:LIDFCI_14090 -            648 GH97.hmm             -            631  1.8e-201  675.0   0.1   1   1    2e-204  2.3e-201  674.7   0.1     3   630    11   647     6   648 0.93 [190263/573/1]
190263/573/1.f:LIDFCI_19870 -            666 GH97.hmm             -            631  2.2e-201  674.7   0.0   1   1  2.3e-204  2.7e-201  674.5   0.0     7   630    18   664    11   665 0.95 [190263/573/1]
190263/475/1.f:MCKEEP_03600 -            666 GH97.hmm             -            631  2.4e-201  674.6   0.0   1   1  2.5e-204  2.9e-201  674.3   0.0     7   630    18   664    11   665 0.95 [190263/475/1]
190263/368/1.f:HPMDBE_16905 -            693 GH97.hmm             -            631  2.4e-201  674.6   0.0   1   1  2.6e-204    3e-201  674.3   0.0     3   630    15   657     9   658 0.95 [190263/368/1]
190263/516/1.f:MGNFBC_14835 -            660 GH97.hmm             -            631  2.9e-201  674.3   0.0   1   1  3.1e-204  3.5e-201  674.0   0.0     3   630    15   657     9   658 0.95 [190263/516/1]
190263/379/1.f:LOJHAC_17425 -            660 GH97.hmm             -            631  3.5e-201  674.1   0.0   1   1  3.8e-204  4.3e-201  673.8   0.0     3   630    15   657     9   658 0.95 [190263/379/1]
190263/417/1.f:MHBJAE_00715 -            649 GH97.hmm             -            631  4.1e-201  673.8   0.0   1   1  4.4e-204    5e-201  673.5   0.0     8   630    18   646     6   647 0.94 [190263/417/1]
190263/552/1.f:EMALNL_09495 -            648 GH97.hmm             -            631  5.8e-201  673.3   0.1   1   1  6.1e-204  6.9e-201  673.1   0.1     3   630    11   647     6   648 0.93 [190263/552/1]
190263/488/1.f:DNPFAC_01035 -            649 GH97.hmm             -            631  1.6e-200  671.9   0.1   1   1  1.7e-203    2e-200  671.6   0.1     8   630    18   646     6   647 0.94 [190263/488/1]
190263/437/1.f:LBKKEJ_06060 -            651 GH97.hmm             -            631  1.8e-199  668.4   0.0   1   1  1.9e-202  2.1e-199  668.2   0.0     4   628    15   648    10   651 0.93 [190263/437/1]
190263/405/1.f:EHKDKA_05305 -            664 GH97.hmm             -            631  3.5e-199  667.4   0.1   1   1  3.7e-202  4.2e-199  667.2   0.1     3   630    26   663    22   664 0.94 [190263/405/1]
190263/502/1.f:NONHGB_04645 -            649 GH97.hmm             -            631  2.1e-198  664.8   0.2   1   1  2.2e-201  2.5e-198  664.6   0.2     3   630    11   648     5   649 0.93 [190263/502/1]
190263/417/1.f:MHBJAE_20105 -            649 GH97.hmm             -            631  2.8e-198  664.5   0.1   1   1  2.8e-201  3.2e-198  664.3   0.1     5   630    12   648     5   649 0.93 [190263/417/1]
190263/369/1.f:JCDIFE_07095 -            672 GH97.hmm             -            631  5.4e-198  663.5   0.0   1   1  5.9e-201  6.7e-198  663.2   0.0     3   630    12   668     9   669 0.94 [190263/369/1]
190263/461/1.f:DHPHOK_02190 -            671 GH97.hmm             -            631  6.3e-198  663.3   0.0   1   1  6.8e-201  7.8e-198  663.0   0.0     3   630    12   668     9   669 0.94 [190263/461/1]
190263/461/1.f:DHPHOK_02885 -            690 GH97.hmm             -            631  2.1e-195  655.0   0.0   1   1  2.3e-198  2.6e-195  654.6   0.0     4   630    13   687     9   688 0.94 [190263/461/1]
190263/369/1.f:JCDIFE_02330 -            690 GH97.hmm             -            631  5.8e-195  653.5   0.0   1   1  6.3e-198  7.2e-195  653.2   0.0     4   630    13   687     9   688 0.94 [190263/369/1]
190263/526/1.f:GBBCGM_18775 -            660 GH97.hmm             -            631  2.2e-194  651.6   0.0   1   1  2.4e-197  2.7e-194  651.3   0.0     4   630    14   655    10   656 0.95 [190263/526/1]
190263/369/1.f:JCDIFE_04600 -            649 GH97.hmm             -            631  2.9e-194  651.2   0.0   1   1    3e-197  3.4e-194  651.0   0.0     3   630    11   648     6   649 0.94 [190263/369/1]
190263/405/1.f:EHKDKA_07405 -            665 GH97.hmm             -            631  4.6e-193  647.2   0.0   1   1  4.9e-196  5.6e-193  647.0   0.0     5   630    15   663     8   664 0.95 [190263/405/1]
190263/421/1.f:PBKEAC_08545 -            655 GH97.hmm             -            631  2.6e-192  644.8   0.0   1   1  2.6e-195    3e-192  644.6   0.0    11   630    15   651     4   652 0.94 [190263/421/1]
190263/461/1.f:DHPHOK_05125 -            649 GH97.hmm             -            631  3.7e-192  644.2   0.0   1   1    4e-195  4.6e-192  643.9   0.0     3   630    11   648     7   649 0.94 [190263/461/1]
190263/366/1.f:DBJPFP_03900 -            655 GH97.hmm             -            631  4.5e-192  644.0   0.0   1   1  4.6e-195  5.3e-192  643.7   0.0    11   630    15   651     4   652 0.94 [190263/366/1]
190263/461/1.f:DHPHOK_04995 -            660 GH97.hmm             -            631  5.1e-192  643.8   0.0   1   1  5.3e-195  6.1e-192  643.5   0.0     2   630    14   657     9   658 0.95 [190263/461/1]
190263/366/1.f:DBJPFP_06255 -            673 GH97.hmm             -            631  8.4e-192  643.1   0.0   1   1  8.9e-195    1e-191  642.8   0.0     6   630    12   662     6   663 0.95 [190263/366/1]
190263/388/1.f:FDDJJK_05835 -            907 GH97.hmm             -            631    4e-191  640.8   0.0   1   1  4.7e-194  5.3e-191  640.4   0.0     8   630    23   661    10   662 0.95 [190263/388/1]
190263/504/1.f:DOAHDM_02465 -            649 GH97.hmm             -            631  7.4e-191  640.0   0.0   1   1  7.9e-194    9e-191  639.7   0.0     4   630    11   648     7   649 0.94 [190263/504/1]
190263/461/1.f:DHPHOK_04905 -            657 GH97.hmm             -            631  3.7e-190  637.6   0.0   1   1  3.9e-193  4.5e-190  637.4   0.0     2   630    11   654     6   655 0.95 [190263/461/1]
190263/391/1.f:NONBJF_06485 -            907 GH97.hmm             -            631  8.8e-190  636.4   0.0   1   1    1e-192  1.1e-189  636.0   0.0    11   630    25   661    11   662 0.95 [190263/391/1]
190263/534/1.f:OHCFJE_06595 -            907 GH97.hmm             -            631  2.8e-189  634.7   0.0   1   1  3.3e-192  3.7e-189  634.3   0.0     8   630    23   661    11   662 0.95 [190263/534/1]
190263/545/1.f:NCJBIN_06350 -            907 GH97.hmm             -            631  7.2e-189  633.4   0.0   1   1  8.3e-192  9.5e-189  633.0   0.0    11   630    25   661    11   662 0.95 [190263/545/1]
190263/405/1.f:EHKDKA_01810 -            908 GH97.hmm             -            631  3.1e-188  631.3   0.2   1   1  3.5e-191  3.9e-188  630.9   0.2    11   630    25   662    10   663 0.95 [190263/405/1]
190263/502/1.f:NONHGB_01685 -            908 GH97.hmm             -            631  7.6e-188  630.0   0.6   1   1  8.6e-191  9.8e-188  629.6   0.6    11   630    25   662    10   663 0.95 [190263/502/1]
190263/399/1.f:CDLIDF_06480 -            907 GH97.hmm             -            631  1.5e-187  629.1   0.0   1   1  1.6e-190  1.8e-187  628.8   0.0     5   630    18   660    11   661 0.94 [190263/399/1]
190263/556/1.f:EMIPPF_04410 -            647 GH97.hmm             -            631  2.6e-187  628.3   0.0   1   1  2.7e-190  3.1e-187  628.0   0.0     7   630    14   646     6   647 0.94 [190263/556/1]
190263/446/1.f:LHJMMB_02080 -            647 GH97.hmm             -            631  3.5e-187  627.8   0.0   1   1  3.7e-190  4.3e-187  627.5   0.0     4   630    13   646     8   647 0.95 [190263/446/1]
190263/446/1.f:LHJMMB_08310 -            668 GH97.hmm             -            631  5.6e-187  627.1   0.0   1   1  5.7e-190  6.5e-187  626.9   0.0     6   630    16   665     5   666 0.95 [190263/446/1]
190263/556/1.f:EMIPPF_10130 -            646 GH97.hmm             -            631  8.5e-187  626.5   0.0   1   1  8.5e-190  9.7e-187  626.4   0.0     8   630    17   645     5   646 0.94 [190263/556/1]
190263/404/1.f:BGJBIG_02440 -            647 GH97.hmm             -            631  2.8e-186  624.8   2.3   1   1  3.1e-189  3.6e-186  624.5   2.3     4   627    13   640     5   645 0.94 [190263/404/1]
190263/366/1.f:DBJPFP_07580 -            659 GH97.hmm             -            631    1e-184  619.7   0.0   1   1  1.1e-187  1.2e-184  619.4   0.0    11   630    20   652     8   653 0.94 [190263/366/1]
190263/545/1.f:NCJBIN_05655 -            642 GH97.hmm             -            631  3.5e-184  617.9   0.1   1   1  3.9e-187  4.4e-184  617.6   0.1     4   627     6   639     3   641 0.95 [190263/545/1]
190263/534/1.f:OHCFJE_07275 -            642 GH97.hmm             -            631    7e-184  616.9   0.1   1   1  7.8e-187  8.9e-184  616.6   0.1     4   627     6   639     3   641 0.95 [190263/534/1]
190263/391/1.f:NONBJF_05460 -            642 GH97.hmm             -            631  1.8e-183  615.6   0.0   1   1    2e-186  2.2e-183  615.2   0.0     4   627     6   639     3   641 0.95 [190263/391/1]
190263/388/1.f:FDDJJK_05205 -            642 GH97.hmm             -            631  1.8e-183  615.5   0.1   1   1    2e-186  2.3e-183  615.2   0.1     4   627     6   639     3   641 0.95 [190263/388/1]
190263/502/1.f:NONHGB_06780 -            750 GH97.hmm             -            631  8.4e-183  613.3   1.0   1   1  9.3e-186  1.1e-182  613.0   1.0    11   629    35   654    22   656 0.93 [190263/502/1]
190263/504/1.f:DOAHDM_05350 -            674 GH97.hmm             -            631  1.3e-182  612.7   1.5   1   1  1.4e-185  1.6e-182  612.4   1.5     3   630    15   670    10   671 0.91 [190263/504/1]
190263/556/1.f:EMIPPF_10690 -            658 GH97.hmm             -            631  1.6e-182  612.4   0.0   1   1  1.7e-185  1.9e-182  612.1   0.0    11   630    18   652     8   653 0.94 [190263/556/1]
190263/401/1.f:DMFJNH_04745 -            674 GH97.hmm             -            631  3.8e-182  611.2   1.3   1   1  4.1e-185  4.6e-182  610.9   1.3     3   630    15   670    10   671 0.91 [190263/401/1]
190263/401/1.f:DMFJNH_07400 -            647 GH97.hmm             -            631  8.6e-182  610.0   0.0   1   1  9.8e-185  1.1e-181  609.6   0.0     6   626    14   643     7   646 0.96 [190263/401/1]
190263/504/1.f:DOAHDM_07915 -            647 GH97.hmm             -            631  8.6e-182  610.0   0.0   1   1  9.8e-185  1.1e-181  609.6   0.0     6   626    14   643     7   646 0.96 [190263/504/1]
190263/366/1.f:DBJPFP_08035 -            669 GH97.hmm             -            631  9.9e-182  609.8   0.0   1   1  1.1e-184  1.2e-181  609.5   0.0     3   630    13   666     8   667 0.95 [190263/366/1]
190263/456/1.f:LKAJBD_00125 -            662 GH97.hmm             -            631  2.1e-181  608.7   0.0   1   1  2.4e-184  2.7e-181  608.4   0.0     4   628    26   660    21   661 0.95 [190263/456/1]
190263/388/1.f:FDDJJK_00700 -            644 GH97.hmm             -            631  9.5e-181  606.6   0.1   1   1  9.8e-184  1.1e-180  606.3   0.1     5   630    13   626     8   627 0.94 [190263/388/1]
190263/401/1.f:DMFJNH_14480 -            649 GH97.hmm             -            631  1.8e-180  605.7   0.2   1   1  1.9e-183  2.2e-180  605.3   0.2    10   630    28   645    12   646 0.94 [190263/401/1]
190263/504/1.f:DOAHDM_14510 -            649 GH97.hmm             -            631  1.8e-180  605.7   0.2   1   1  1.9e-183  2.2e-180  605.3   0.2    10   630    28   645    12   646 0.94 [190263/504/1]
190263/585/1.f:DLBDDB_17050 -            650 GH97.hmm             -            631  3.5e-180  604.7   0.0   1   1  3.6e-183  4.1e-180  604.4   0.0    11   630    25   645    11   646 0.94 [190263/585/1]
190263/405/1.f:EHKDKA_15490 -            643 GH97.hmm             -            631  4.1e-180  604.5   0.0   1   1  4.5e-183  5.2e-180  604.1   0.0     4   630    11   625     8   626 0.94 [190263/405/1]
190263/562/1.f:KJGNCK_14265 -            650 GH97.hmm             -            631  1.4e-179  602.7   0.0   1   1  1.4e-182  1.6e-179  602.5   0.0    11   630    25   645    11   646 0.94 [190263/562/1]
190263/562/1.f:KJGNCK_02195 -            656 GH97.hmm             -            631  1.4e-179  602.7   0.0   1   1  1.6e-182  1.8e-179  602.3   0.0     4   627    12   644     8   646 0.95 [190263/562/1]
190263/552/1.f:EMALNL_13980 -            650 GH97.hmm             -            631  1.5e-179  602.6   0.0   1   1  1.6e-182  1.8e-179  602.3   0.0    11   630    24   645    11   646 0.94 [190263/552/1]
190263/573/1.f:LIDFCI_04130 -            644 GH97.hmm             -            631  3.5e-179  601.4   0.0   1   1  3.7e-182  4.2e-179  601.1   0.0    11   630    20   640     6   641 0.94 [190263/573/1]
190263/461/1.f:DHPHOK_00500 -            648 GH97.hmm             -            631  3.5e-179  601.4   0.0   1   1  3.8e-182  4.4e-179  601.1   0.0     5   628    14   646     7   647 0.95 [190263/461/1]
190263/552/1.f:EMALNL_07820 -            648 GH97.hmm             -            631  4.2e-179  601.1   0.0   1   1  4.8e-182  5.5e-179  600.7   0.0     4   627    12   644     8   646 0.95 [190263/552/1]
190263/399/1.f:CDLIDF_04275 -            631 GH97.hmm             -            631  5.7e-179  600.7   0.0   1   1    6e-182  6.9e-179  600.4   0.0     6   630    21   627    13   628 0.95 [190263/399/1]
190263/405/1.f:EHKDKA_00240 -            975 GH97.hmm             -            631  6.8e-179  600.4   0.0   1   1  9.1e-182    1e-178  599.8   0.0     3   627    13   646     9   648 0.95 [190263/405/1]
190263/526/1.f:GBBCGM_16450 -            646 GH97.hmm             -            631    1e-178  599.8   0.0   1   1  1.2e-181  1.3e-178  599.4   0.0     3   628    11   644     8   645 0.96 [190263/526/1]
190263/502/1.f:NONHGB_00265 -            975 GH97.hmm             -            631    1e-178  599.8   0.0   1   1  1.4e-181  1.6e-178  599.2   0.0     3   627    13   646     9   648 0.95 [190263/502/1]
190263/545/1.f:NCJBIN_00785 -            644 GH97.hmm             -            631  1.6e-178  599.2   0.0   1   1  1.7e-181    2e-178  598.9   0.0     5   630    13   626     8   627 0.94 [190263/545/1]
190263/369/1.f:JCDIFE_00210 -            648 GH97.hmm             -            631  1.8e-178  599.1   0.0   1   1    2e-181  2.2e-178  598.7   0.0     5   628    14   646     7   647 0.95 [190263/369/1]
190263/388/1.f:FDDJJK_01110 -            627 GH97.hmm             -            631  1.8e-178  599.0   0.0   1   1    2e-181  2.3e-178  598.7   0.0     3   628    16   621    13   624 0.95 [190263/388/1]
190263/534/1.f:OHCFJE_01425 -            644 GH97.hmm             -            631  2.1e-178  598.8   0.0   1   1  2.3e-181  2.6e-178  598.5   0.0     5   630    13   626     8   627 0.94 [190263/534/1]
190263/573/1.f:LIDFCI_15745 -            649 GH97.hmm             -            631  2.6e-178  598.5   0.0   1   1    3e-181  3.4e-178  598.1   0.0     4   627    13   645     8   647 0.95 [190263/573/1]
190263/475/1.f:MCKEEP_08575 -            649 GH97.hmm             -            631  4.4e-178  597.7   0.0   1   1  4.9e-181  5.6e-178  597.4   0.0     4   627    13   645     8   647 0.95 [190263/475/1]
190263/404/1.f:BGJBIG_05310 -            675 GH97.hmm             -            631  1.7e-177  595.8   0.0   1   1    2e-180  2.3e-177  595.4   0.0     5   628    34   667    28   668 0.95 [190263/404/1]
190263/369/1.f:JCDIFE_07340 -            654 GH97.hmm             -            631  4.8e-177  594.3   0.1   1   1  4.8e-180  5.5e-177  594.1   0.1     2   630    13   651    11   652 0.95 [190263/369/1]
190263/585/1.f:DLBDDB_01470 -            649 GH97.hmm             -            631    2e-176  592.3   0.0   1   1  2.2e-179  2.5e-176  591.9   0.0     4   627    13   645     8   647 0.95 [190263/585/1]
190263/401/1.f:DMFJNH_07435 -            638 GH97.hmm             -            631  2.1e-175  588.9   0.0   1   1  2.2e-178  2.5e-175  588.7   0.0     3   630    18   637    14   638 0.94 [190263/401/1]
190263/504/1.f:DOAHDM_07940 -            638 GH97.hmm             -            631  2.1e-175  588.9   0.0   1   1  2.2e-178  2.5e-175  588.7   0.0     3   630    18   637    14   638 0.94 [190263/504/1]
190263/564/1.f:KIHMBJ_06430 -            639 GH97.hmm             -            631  1.1e-174  586.5   0.0   1   1  1.3e-177  1.4e-174  586.1   0.0     4   630    17   631    13   632 0.95 [190263/564/1]
190263/456/1.f:LKAJBD_17200 -            630 GH97.hmm             -            631  3.8e-174  584.8   0.0   1   1    4e-177  4.5e-174  584.5   0.0     3   630    12   629     9   630 0.93 [190263/456/1]
190263/390/1.f:OLPOLE_13480 -            981 GH97.hmm             -            631  3.2e-173  581.7   4.4   1   1  3.7e-176  4.2e-173  581.3   4.4    12   630   131   709   123   710 0.94 [190263/390/1]
190263/595/1.f:HGDLEC_10540 -            650 GH97.hmm             -            631  9.3e-173  580.2   0.0   1   1  1.8e-174  2.1e-171  575.7   0.0     6   630    14   648     6   649 0.94 [190263/595/1]
190263/534/1.f:OHCFJE_08335 -            662 GH97.hmm             -            631  1.5e-171  576.1   0.0   1   1  1.7e-174  1.9e-171  575.8   0.0     5   630    15   658     9   659 0.90 [190263/534/1]
190263/391/1.f:NONBJF_03855 -            662 GH97.hmm             -            631  1.6e-171  576.1   0.0   1   1  1.7e-174  1.9e-171  575.8   0.0     5   630    15   658     9   659 0.90 [190263/391/1]
190263/545/1.f:NCJBIN_04535 -            662 GH97.hmm             -            631  1.6e-171  576.1   0.0   1   1  1.7e-174    2e-171  575.8   0.0     5   630    15   658     9   659 0.90 [190263/545/1]
190263/405/1.f:EHKDKA_23585 -            648 GH97.hmm             -            631  4.8e-171  574.5   0.0   1   1  5.1e-174  5.8e-171  574.2   0.0     5   629    14   646     9   648 0.93 [190263/405/1]
190263/502/1.f:NONHGB_21655 -            648 GH97.hmm             -            631  1.9e-170  572.6   0.0   1   1  1.9e-173  2.2e-170  572.3   0.0     4   628    14   645     8   648 0.92 [190263/502/1]
190263/502/1.f:NONHGB_05235 -            673 GH97.hmm             -            631  2.1e-170  572.4   0.0   1   1  2.3e-173  2.6e-170  572.1   0.0     5   628    38   671    31   672 0.94 [190263/502/1]
190263/399/1.f:CDLIDF_02660 -            646 GH97.hmm             -            631  1.2e-169  569.9   0.0   1   1  1.3e-172  1.5e-169  569.6   0.0     5   627    13   643     6   645 0.94 [190263/399/1]
190263/405/1.f:EHKDKA_05895 -            630 GH97.hmm             -            631  2.9e-169  568.6   0.0   1   1    3e-172  3.4e-169  568.4   0.0     4   630    13   629    10   630 0.93 [190263/405/1]
190263/399/1.f:CDLIDF_04450 -            646 GH97.hmm             -            631  3.7e-169  568.3   0.0   1   1  4.2e-172  4.8e-169  567.9   0.0     4   627    12   643     8   645 0.94 [190263/399/1]
190263/388/1.f:FDDJJK_00615 -            645 GH97.hmm             -            631  8.1e-169  567.1   0.5   1   1  8.8e-172    1e-168  566.8   0.5     6   630    15   626     6   627 0.95 [190263/388/1]
190263/475/1.f:MCKEEP_08330 -            658 GH97.hmm             -            631  9.6e-169  566.9   0.0   1   1  1.1e-171  1.2e-168  566.5   0.0     5   628    23   656    16   657 0.94 [190263/475/1]
190263/573/1.f:LIDFCI_16010 -            646 GH97.hmm             -            631  1.3e-167  563.2   0.0   1   1  1.4e-170  1.6e-167  562.8   0.0     5   628    11   644     4   645 0.94 [190263/573/1]
190263/391/1.f:NONBJF_00555 -            645 GH97.hmm             -            631  1.6e-167  562.9   0.2   1   1  1.7e-170  1.9e-167  562.6   0.2     6   630    15   626     5   627 0.95 [190263/391/1]
190263/534/1.f:OHCFJE_01320 -            645 GH97.hmm             -            631  2.1e-167  562.4   0.1   1   1  2.3e-170  2.6e-167  562.2   0.1    11   630    15   626     5   627 0.95 [190263/534/1]
190263/545/1.f:NCJBIN_00650 -            645 GH97.hmm             -            631  2.6e-167  562.2   0.2   1   1  2.9e-170  3.3e-167  561.8   0.2     6   630    15   626     6   627 0.95 [190263/545/1]
190263/369/1.f:JCDIFE_07380 -            624 GH97.hmm             -            631  3.8e-167  561.6   0.0   1   1  4.1e-170  4.6e-167  561.3   0.0     7   630    13   619     7   620 0.93 [190263/369/1]
190263/552/1.f:EMALNL_07530 -            646 GH97.hmm             -            631  5.3e-167  561.1   0.0   1   1  5.9e-170  6.7e-167  560.8   0.0     5   628    11   644     4   645 0.94 [190263/552/1]
190263/405/1.f:EHKDKA_05915 -            646 GH97.hmm             -            631  1.3e-166  559.8   0.0   1   1  1.5e-169  1.7e-166  559.5   0.0     5   628    11   644     5   645 0.94 [190263/405/1]
190263/502/1.f:NONHGB_05210 -            630 GH97.hmm             -            631  3.3e-166  558.5   0.0   1   1  3.4e-169  3.9e-166  558.3   0.0     4   630    13   629    10   630 0.92 [190263/502/1]
190263/460/1.f:IHFGKI_11325 -            653 GH97.hmm             -            631  4.6e-166  558.0   1.6   1   1  4.9e-169  5.6e-166  557.8   1.6     4   628    12   651     5   652 0.92 [190263/460/1]
190263/391/1.f:NONBJF_09690 -            634 GH97.hmm             -            631  2.5e-165  555.6   0.1   1   1  2.6e-168    3e-165  555.4   0.1     4   630    13   630     7   631 0.93 [190263/391/1]
190263/399/1.f:CDLIDF_16925 -            653 GH97.hmm             -            631  3.2e-163  548.7   0.0   1   1  3.6e-166  4.1e-163  548.3   0.0     4   628    13   650     9   652 0.93 [190263/399/1]
190263/369/1.f:JCDIFE_10735 -            649 GH97.hmm             -            631  3.5e-163  548.5   0.0   1   1  3.6e-166  4.2e-163  548.3   0.0     4   630    15   630     9   631 0.95 [190263/369/1]
190263/562/1.f:KJGNCK_02450 -            650 GH97.hmm             -            631  1.2e-162  546.8   0.0   1   1  1.4e-165  1.6e-162  546.4   0.0     5   628    13   648     9   649 0.95 [190263/562/1]
190263/405/1.f:EHKDKA_15370 -            647 GH97.hmm             -            631  3.1e-162  545.4   0.8   1   1  3.3e-165  3.8e-162  545.1   0.8     9   630    16   628     7   629 0.94 [190263/405/1]
190263/502/1.f:NONHGB_20445 -            644 GH97.hmm             -            631  4.7e-162  544.8   0.0   1   1  5.2e-165  5.9e-162  544.5   0.0     5   628    10   641     4   643 0.94 [190263/502/1]
190263/399/1.f:CDLIDF_10105 -            645 GH97.hmm             -            631  9.9e-162  543.7   0.7   1   1  1.1e-164  1.2e-161  543.4   0.7    10   630    19   626    10   627 0.94 [190263/399/1]
190263/456/1.f:LKAJBD_08210 -            648 GH97.hmm             -            631  2.2e-161  542.6   0.0   1   1  2.4e-164  2.7e-161  542.3   0.0     4   628    12   646     6   647 0.94 [190263/456/1]
190263/502/1.f:NONHGB_14100 -            647 GH97.hmm             -            631  2.4e-160  539.1   0.7   1   1  2.5e-163  2.9e-160  538.9   0.7    11   630    19   628     7   629 0.94 [190263/502/1]
190263/534/1.f:OHCFJE_01450 -            627 GH97.hmm             -            631    1e-158  533.8   0.0   1   1  1.1e-161  1.3e-158  533.5   0.0     6   630    11   624     5   625 0.94 [190263/534/1]
190263/545/1.f:NCJBIN_00810 -            627 GH97.hmm             -            631  9.1e-158  530.6   0.0   1   1  9.8e-161  1.1e-157  530.3   0.0     6   630    11   624     5   625 0.94 [190263/545/1]
190263/552/1.f:EMALNL_01480 -           1179 GH97.hmm             -            631  4.5e-157  528.3   0.2   1   1  5.3e-160  6.1e-157  527.9   0.2    10   629   556  1177   547  1179 0.91 [190263/552/1]
190263/405/1.f:EHKDKA_08320 -            619 GH97.hmm             -            631  7.5e-157  527.6   0.0   1   1    8e-160  9.1e-157  527.3   0.0     4   630    12   618     8   619 0.93 [190263/405/1]
190263/552/1.f:EMALNL_01640 -            661 GH97.hmm             -            631  7.6e-155  521.0   0.0   1   1  8.7e-158    1e-154  520.6   0.0     2   629     9   657     8   658 0.94 [190263/552/1]
190263/460/1.f:IHFGKI_00330 -            665 GH97.hmm             -            631  4.9e-149  501.8   2.9   1   1  5.3e-152  6.1e-149  501.5   2.9     5   628    13   664     8   665 0.94 [190263/460/1]
190263/595/1.f:HGDLEC_07550 -            653 GH97.hmm             -            631  6.5e-147  494.8   0.0   1   1  6.9e-150  7.9e-147  494.5   0.0     6   627    12   651     6   653 0.93 [190263/595/1]
190263/552/1.f:EMALNL_01520 -            658 GH97.hmm             -            631  1.1e-145  490.7   0.0   1   1  1.1e-148  1.3e-145  490.5   0.0     5   628     3   656     1   657 0.92 [190263/552/1]
190263/506/1.f:IKGMED_07310 -            642 GH97.hmm             -            631  1.2e-145  490.6   0.0   1   1  1.3e-148  1.5e-145  490.3   0.0    11   630    16   632     4   633 0.92 [190263/506/1]
190263/405/1.f:EHKDKA_23590 -            632 GH97.hmm             -            631  3.2e-144  485.9   0.0   1   1  3.4e-147  3.9e-144  485.6   0.0     7   630    18   628     9   629 0.92 [190263/405/1]
190263/405/1.f:EHKDKA_05870 -            635 GH97.hmm             -            631    6e-144  485.0   0.0   1   1  6.6e-147  7.5e-144  484.7   0.0     7   630    14   629     5   630 0.91 [190263/405/1]
190263/502/1.f:NONHGB_05185 -            635 GH97.hmm             -            631  1.1e-142  480.8   0.0   1   1  1.2e-145  1.4e-142  480.4   0.0     7   630    14   629     5   630 0.91 [190263/502/1]
190263/365/1.f:JJMMAK_18370 -            666 GH97.hmm             -            631  3.2e-142  479.3   0.0   1   1  3.4e-145  3.9e-142  479.0   0.0    12   630    28   640     8   641 0.92 [190263/365/1]
190263/396/1.f:KAAOMA_18605 -           1111 GH97.hmm             -            631  5.6e-142  478.5   0.0   1   1  2.7e-144    3e-141  476.0   0.0    12   630   298   905   285   906 0.90 [190263/396/1]
190263/564/1.f:KIHMBJ_05860 -            612 GH97.hmm             -            631  7.9e-142  478.0   0.0   1   1  8.3e-145  9.5e-142  477.7   0.0     4   630    14   608     9   609 0.93 [190263/564/1]
190263/446/1.f:LHJMMB_10410 -            632 GH97.hmm             -            631  8.3e-134  451.5   0.0   1   2   2.5e-99   2.9e-96  327.5   0.0    15   453    12   439     1   451 0.90 [190263/446/1]
190263/446/1.f:LHJMMB_10410 -            632 GH97.hmm             -            631  8.3e-134  451.5   0.0   2   2   3.1e-37   3.6e-34  122.3   0.0   453   630   463   631   456   632 0.92 [190263/446/1]
190263/564/1.f:KIHMBJ_05275 -            628 GH97.hmm             -            631  5.2e-133  448.8   0.0   1   1  5.5e-136  6.2e-133  448.6   0.0    11   630    16   624     4   625 0.90 [190263/564/1]
190263/556/1.f:EMIPPF_03360 -            641 GH97.hmm             -            631  1.1e-132  447.7   0.0   1   2   2.3e-99   2.6e-96  327.6   0.0     8   453    13   448     5   460 0.89 [190263/556/1]
190263/556/1.f:EMIPPF_03360 -            641 GH97.hmm             -            631  1.1e-132  447.7   0.0   2   2   5.4e-36   6.1e-33  118.3   0.0   453   630   472   640   464   641 0.91 [190263/556/1]
190263/488/1.f:DNPFAC_21370 -            640 GH97.hmm             -            631  5.8e-132  445.4   0.0   1   1  3.4e-133  3.9e-130  439.4   0.0    22   630    22   635    18   636 0.90 [190263/488/1]
190263/388/1.f:FDDJJK_03895 -            525 GH97.hmm             -            631  6.7e-125  422.1   0.0   1   1  7.1e-128  8.1e-125  421.8   0.0     4   485    14   505     9   525 0.87 [190263/388/1]
190263/502/1.f:NONHGB_21660 -            533 GH97.hmm             -            631  1.4e-120  407.8   0.0   1   1  1.4e-123  1.6e-120  407.6   0.0     7   535    16   533     6   533 0.91 [190263/502/1]
190263/421/1.f:PBKEAC_14285 -            342 GH97.hmm             -            631  1.1e-117  398.2   0.9   1   1  1.1e-120  1.3e-117  398.0   0.9   321   630     3   337     1   338 0.98 [190263/421/1]
190263/556/1.f:EMIPPF_13635 -            342 GH97.hmm             -            631  4.8e-117  396.1   0.9   1   1  4.7e-120  5.3e-117  396.0   0.9   321   630     3   337     1   338 0.98 [190263/556/1]
190263/556/1.f:EMIPPF_05480 -            343 GH97.hmm             -            631  2.9e-114  386.9   0.0   1   1  2.9e-117  3.3e-114  386.8   0.0   293   630     2   340     1   341 0.98 [190263/556/1]
190263/396/1.f:KAAOMA_03805 -            592 GH97.hmm             -            631  5.6e-105  356.3   0.2   1   1  5.9e-108  6.7e-105  356.0   0.2   234   630     2   391     1   392 0.94 [190263/396/1]
190263/583/1.f:BCCKNC_14510 -            231 GH97.hmm             -            631   5.7e-63  217.5   0.0   1   1   5.7e-66   6.5e-63  217.3   0.0   377   597     1   220     1   230 0.94 [190263/583/1]
190263/583/1.f:BCCKNC_14515 -            390 GH97.hmm             -            631   1.4e-54  189.8   0.9   1   1   1.1e-55   1.3e-52  183.3   0.9    22   363    22   362     5   371 0.86 [190263/583/1]
190263/556/1.f:EMIPPF_05485 -            282 GH97.hmm             -            631   1.9e-40  143.1   0.0   1   1     2e-43   2.2e-40  142.8   0.0     7   246    17   280     6   282 0.90 [190263/556/1]
190263/388/1.f:FDDJJK_03890 -            134 GH97.hmm             -            631   2.4e-36  129.5   0.0   1   1   2.3e-39   2.7e-36  129.4   0.0   501   630     1   131     1   132 0.98 [190263/388/1]
#
# Program:         hmmsearch
# Version:         3.3.2 (Nov 2020)
# Pipeline mode:   SEARCH
# Query file:      /kb/module/work/tmp/output.1725388484971/GH97/GH97.hmm
# Target file:     /kb/module/work/tmp/output.1725388484971/hCom2_RAST.fasta
# Option settings: /kb/module/hmmer/bin/hmmsearch --domtblout /kb/module/work/tmp/output.1725388484971/GH97/GH97-hCom2_RAST.hitout.txt --noali --notextw --domE 1e-15 /kb/module/work/tmp/output.1725388484971/GH97/GH97.hmm /kb/module/work/tmp/output.1725388484971/hCom2_RAST.fasta 
# Current dir:     /kb/module/work/tmp/output.1725388484971
# Date:            Tue Sep  3 18:54:58 2024
# [ok]
