#                                                                                   --- full sequence --- -------------- this domain -------------   hmm coord   ali coord   env coord
# target name               accession   tlen query name           accession   qlen   E-value  score  bias   #  of  c-Evalue  i-Evalue  score  bias  from    to  from    to  from    to  acc description of target
#       ------------------- ---------- ----- -------------------- ---------- ----- --------- ------ ----- --- --- --------- --------- ------ ----- ----- ----- ----- ----- ----- ----- ---- ---------------------
190263/506/1.f:IKGMED_04870 -            298 GT11.hmm             -            276   1.5e-74  255.6   0.0   1   1   3.2e-78   1.7e-74  255.4   0.0     2   276     7   298     6   298 0.92 [190263/506/1]
190263/580/1.f:JCPJNN_10810 -            290 GT11.hmm             -            276   1.9e-74  255.3  11.2   1   1   4.2e-78   2.2e-74  255.1  11.2     1   276     1   284     1   284 0.80 [190263/580/1]
190263/388/1.f:FDDJJK_16550 -            281 GT11.hmm             -            276   9.9e-74  252.9   8.1   1   1   2.1e-77   1.1e-73  252.8   8.1     3   275     3   277     1   278 0.88 [190263/388/1]
190263/466/1.f:PGJOII_04040 -            287 GT11.hmm             -            276   3.7e-73  251.0   6.8   1   1   7.9e-77   4.2e-73  250.9   6.8     3   275     3   277     1   278 0.88 [190263/466/1]
190263/437/1.f:LBKKEJ_04330 -            281 GT11.hmm             -            276     7e-73  250.1   9.0   1   1   1.5e-76   7.8e-73  250.0   9.0     3   275     3   277     1   278 0.95 [190263/437/1]
190263/456/1.f:LKAJBD_03480 -            281 GT11.hmm             -            276   1.9e-72  248.7   7.6   1   1   4.1e-76   2.2e-72  248.5   7.6     3   275     3   277     1   278 0.86 [190263/456/1]
190263/404/1.f:BGJBIG_15110 -            290 GT11.hmm             -            276   2.3e-72  248.4   9.1   1   1   4.9e-76   2.6e-72  248.3   9.1     2   273     2   287     1   290 0.85 [190263/404/1]
190263/545/1.f:NCJBIN_18800 -            281 GT11.hmm             -            276   2.5e-72  248.3   5.9   1   1   5.3e-76   2.8e-72  248.2   5.9     3   275     3   277     1   278 0.86 [190263/545/1]
190263/391/1.f:NONBJF_18325 -            281 GT11.hmm             -            276   7.2e-72  246.8   6.4   1   1   1.5e-75     8e-72  246.7   6.4     3   275     3   277     1   278 0.85 [190263/391/1]
190263/404/1.f:BGJBIG_14365 -            289 GT11.hmm             -            276   1.3e-71  246.0   0.3   1   1   2.9e-75   1.5e-71  245.7   0.3     2   275     2   288     1   289 0.88 [190263/404/1]
190263/534/1.f:OHCFJE_17280 -            281 GT11.hmm             -            276   2.6e-71  245.0   6.1   1   1   5.5e-75   2.9e-71  244.8   6.1     3   275     3   277     1   278 0.85 [190263/534/1]
190263/488/1.f:DNPFAC_04960 -            299 GT11.hmm             -            276   1.5e-67  232.7  14.1   1   1   3.2e-71   1.7e-67  232.5  14.1     3   276    20   297    18   297 0.88 [190263/488/1]
190263/580/1.f:JCPJNN_10935 -            289 GT11.hmm             -            276   2.1e-67  232.2   0.0   1   1   4.5e-71   2.4e-67  232.0   0.0     1   260     1   277     1   289 0.88 [190263/580/1]
190263/552/1.f:EMALNL_19540 -            292 GT11.hmm             -            276   4.6e-67  231.0   4.1   1   1   1.1e-70   5.7e-67  230.8   4.1     2   276     2   289     1   289 0.83 [190263/552/1]
190263/534/1.f:OHCFJE_17460 -            300 GT11.hmm             -            276   6.5e-66  227.3   9.6   1   1   1.5e-69   7.9e-66  227.0   9.6     1   276     1   300     1   300 0.85 [190263/534/1]
190263/401/1.f:DMFJNH_16135 -            306 GT11.hmm             -            276   1.7e-65  225.9   4.7   1   1   4.4e-69   2.3e-65  225.5   4.7     2   274     2   297     1   299 0.86 [190263/401/1]
190263/363/1.f:CIHHOC_06200 -            310 GT11.hmm             -            276   1.6e-64  222.7  10.5   1   1   3.6e-68   1.9e-64  222.5  10.5     3   276     4   303     2   303 0.87 [190263/363/1]
190263/475/1.f:MCKEEP_12710 -            301 GT11.hmm             -            276   9.1e-63  217.0   9.5   1   1   2.9e-66   1.5e-62  216.2   9.5     1   275     1   300     1   301 0.80 [190263/475/1]
190263/488/1.f:DNPFAC_17905 -            271 GT11.hmm             -            276   1.5e-61  213.0   9.9   1   1   3.2e-65   1.7e-61  212.8   9.9     2   276     2   271     1   271 0.81 [190263/488/1]
190263/552/1.f:EMALNL_13480 -            286 GT11.hmm             -            276   2.3e-61  212.4  13.8   1   1   5.3e-65   2.8e-61  212.1  13.8     1   276     1   286     1   286 0.85 [190263/552/1]
190263/534/1.f:OHCFJE_18695 -            263 GT11.hmm             -            276   1.2e-60  210.0  16.7   1   1   2.6e-64   1.4e-60  209.8  16.7     3   276     3   263     1   263 0.87 [190263/534/1]
190263/580/1.f:JCPJNN_10865 -            299 GT11.hmm             -            276   1.4e-60  209.8   4.7   1   1   2.9e-64   1.6e-60  209.6   4.7     1   275     1   291     1   292 0.85 [190263/580/1]
190263/502/1.f:NONHGB_15960 -            296 GT11.hmm             -            276   3.5e-60  208.5   1.9   1   1   7.8e-64   4.1e-60  208.3   1.9     1   274     1   264     1   266 0.88 [190263/502/1]
190263/417/1.f:MHBJAE_16560 -            292 GT11.hmm             -            276   7.7e-60  207.4  14.5   1   1   1.7e-63   9.2e-60  207.1  14.5     3   276     3   291     1   291 0.82 [190263/417/1]
190263/391/1.f:NONBJF_22175 -            289 GT11.hmm             -            276   3.8e-59  205.1   8.5   1   1     9e-63   4.7e-59  204.8   8.5     1   275     1   286     1   287 0.81 [190263/391/1]
190263/552/1.f:EMALNL_20860 -            265 GT11.hmm             -            276   5.6e-59  204.5   4.6   1   1   1.4e-62   7.3e-59  204.1   4.6     3   275     3   264     1   265 0.81 [190263/552/1]
190263/583/1.f:BCCKNC_08510 -            290 GT11.hmm             -            276   5.7e-58  201.2   4.4   1   1   1.6e-61   8.4e-58  200.7   4.4     3   275     4   289     2   290 0.83 [190263/583/1]
190263/391/1.f:NONBJF_22160 -            292 GT11.hmm             -            276   1.4e-57  200.0  16.7   1   1     4e-61   2.1e-57  199.4  16.7     2   275     3   290     2   291 0.83 [190263/391/1]
190263/417/1.f:MHBJAE_09975 -            286 GT11.hmm             -            276   3.9e-57  198.5  10.7   1   1     9e-61   4.8e-57  198.2  10.7     5   274     6   284     2   286 0.85 [190263/417/1]
190263/502/1.f:NONHGB_18075 -            276 GT11.hmm             -            276   2.6e-56  195.8   8.0   1   1   5.6e-60   2.9e-56  195.6   8.0     1   276     1   276     1   276 0.90 [190263/502/1]
190263/573/1.f:LIDFCI_10295 -            290 GT11.hmm             -            276   4.4e-56  195.0   7.0   1   1   9.8e-60   5.2e-56  194.8   7.0     4   276     4   287     1   287 0.82 [190263/573/1]
190263/545/1.f:NCJBIN_22325 -            266 GT11.hmm             -            276   1.2e-55  193.6   6.4   1   1   3.2e-59   1.7e-55  193.1   6.4     3   275     4   265     2   266 0.79 [190263/545/1]
190263/365/1.f:JJMMAK_16045 -            276 GT11.hmm             -            276   1.7e-55  193.1   6.0   1   1   4.2e-59   2.2e-55  192.7   6.0     4   257     8   266     6   272 0.87 [190263/365/1]
190263/388/1.f:FDDJJK_17785 -            275 GT11.hmm             -            276   1.5e-54  190.0   7.5   1   1   3.5e-58   1.9e-54  189.7   7.5     7   276     7   273     3   273 0.88 [190263/388/1]
190263/391/1.f:NONBJF_19585 -            275 GT11.hmm             -            276   1.5e-54  190.0   7.5   1   1   3.5e-58   1.9e-54  189.7   7.5     7   276     7   273     3   273 0.88 [190263/391/1]
190263/475/1.f:MCKEEP_20715 -            274 GT11.hmm             -            276   1.1e-53  187.2   7.8   1   1   2.6e-57   1.4e-53  186.8   7.8     5   275     5   270     1   271 0.80 [190263/475/1]
190263/443/1.f:LNLACP_06200 -            305 GT11.hmm             -            276     6e-51  178.2   0.0   1   1   5.9e-53   3.1e-49  172.6   0.0     1   276     1   302     1   302 0.80 [190263/443/1]
190263/520/1.f:GGDGDE_16200 -            292 GT11.hmm             -            276   3.5e-50  175.7   0.7   1   1   8.2e-54   4.3e-50  175.4   0.7     1   273     1   288     1   291 0.90 [190263/520/1]
190263/506/1.f:IKGMED_05875 -            261 GT11.hmm             -            276   1.2e-33  121.4   0.0   1   1   9.3e-36   4.9e-32  116.1   0.0     9   275    24   260    20   261 0.81 [190263/506/1]
190263/573/1.f:LIDFCI_17215 -            303 GT11.hmm             -            276   2.6e-31  113.8   0.3   1   1   6.9e-35   3.6e-31  113.3   0.3     3   254    26   287    24   300 0.83 [190263/573/1]
190263/552/1.f:EMALNL_06490 -            303 GT11.hmm             -            276   7.6e-31  112.2   0.2   1   1     2e-34   1.1e-30  111.8   0.2     3   254    26   287    24   300 0.83 [190263/552/1]
190263/475/1.f:MCKEEP_07110 -            300 GT11.hmm             -            276   5.6e-30  109.4   0.0   1   1   2.1e-33   1.1e-29  108.4   0.0     2   257    23   287    22   299 0.72 [190263/475/1]
190263/369/1.f:JCDIFE_05505 -            303 GT11.hmm             -            276   8.4e-30  108.8   0.0   1   1   2.1e-33   1.1e-29  108.4   0.0     5   253    28   286    25   298 0.78 [190263/369/1]
190263/461/1.f:DHPHOK_05825 -            303 GT11.hmm             -            276   1.9e-29  107.7   0.0   1   1   4.4e-33   2.3e-29  107.4   0.0     3   258    26   291    24   303 0.76 [190263/461/1]
190263/580/1.f:JCPJNN_10925 -            343 GT11.hmm             -            276   2.2e-23   87.8   2.4   1   1     6e-27   3.2e-23   87.3   2.4     9   273    11   269     7   272 0.82 [190263/580/1]
190263/580/1.f:JCPJNN_10790 -            583 GT11.hmm             -            276   4.9e-23   86.6   5.3   1   1   9.3e-27   4.9e-23   86.6   5.3     1   244     1   246     1   253 0.76 [190263/580/1]
190263/366/1.f:DBJPFP_15615 -            274 GT11.hmm             -            276   1.6e-14   58.7   0.8   1   1   9.3e-18   4.9e-14   57.1   0.8   103   245   104   237    22   246 0.63 [190263/366/1]
190263/506/1.f:IKGMED_10755 -            276 GT11.hmm             -            276   1.6e-13   55.4   0.1   1   1   7.2e-17   3.8e-13   54.2   0.1   110   257   110   250    23   264 0.71 [190263/506/1]
#
# Program:         hmmsearch
# Version:         3.3.2 (Nov 2020)
# Pipeline mode:   SEARCH
# Query file:      /kb/module/work/tmp/output.1725388484971/GT11/GT11.hmm
# Target file:     /kb/module/work/tmp/output.1725388484971/hCom2_RAST.fasta
# Option settings: /kb/module/hmmer/bin/hmmsearch --domtblout /kb/module/work/tmp/output.1725388484971/GT11/GT11-hCom2_RAST.hitout.txt --noali --notextw --domE 1e-15 /kb/module/work/tmp/output.1725388484971/GT11/GT11.hmm /kb/module/work/tmp/output.1725388484971/hCom2_RAST.fasta 
# Current dir:     /kb/module/work/tmp/output.1725388484971
# Date:            Tue Sep  3 18:57:52 2024
# [ok]
