#                                                                                   --- full sequence --- -------------- this domain -------------   hmm coord   ali coord   env coord
# target name               accession   tlen query name           accession   qlen   E-value  score  bias   #  of  c-Evalue  i-Evalue  score  bias  from    to  from    to  from    to  acc description of target
#       ------------------- ---------- ----- -------------------- ---------- ----- --------- ------ ----- --- --- --------- --------- ------ ----- ----- ----- ----- ----- ----- ----- ---- ---------------------
190263/436/1.f:KEEIED_08590 -            378 GT19.hmm             -            354  1.6e-120  406.4   0.0   1   1  1.2e-123  1.9e-120  406.1   0.0     1   350     4   355     4   360 0.96 [190263/436/1]
190263/591/1.f:NBPJEL_06935 -            380 GT19.hmm             -            354  2.2e-119  402.6   0.0   1   1  1.6e-122  2.5e-119  402.5   0.0     1   353     3   358     3   359 0.98 [190263/591/1]
190263/569/1.f:FCJLID_03115 -            377 GT19.hmm             -            354  3.9e-118  398.6   0.0   1   1    3e-121  4.8e-118  398.3   0.0     1   347     3   351     3   357 0.96 [190263/569/1]
190263/382/1.f:JACGKO_01005 -            382 GT19.hmm             -            354  4.9e-116  391.7   0.0   1   1  3.8e-119  6.1e-116  391.3   0.0     1   351     3   356     3   358 0.98 [190263/382/1]
190263/588/1.f:LGPOLK_00235 -            384 GT19.hmm             -            354  5.1e-116  391.6   0.0   1   1  3.7e-119    6e-116  391.4   0.0     1   349     3   355     3   360 0.97 [190263/588/1]
190263/484/1.f:NBHDLB_03315 -            383 GT19.hmm             -            354  6.7e-114  384.6   0.0   1   1  4.8e-117  7.8e-114  384.4   0.0     2   352    10   365     9   367 0.96 [190263/484/1]
190263/364/1.f:DKBBKL_00165 -            378 GT19.hmm             -            354  1.4e-113  383.5   0.0   1   1    1e-116  1.6e-113  383.4   0.0     2   352     4   356     3   358 0.96 [190263/364/1]
190263/595/1.f:HGDLEC_04685 -            382 GT19.hmm             -            354  1.8e-113  383.2   0.0   1   1  1.2e-116    2e-113  383.1   0.0     2   353     4   361     3   362 0.96 [190263/595/1]
190263/585/1.f:DLBDDB_07350 -            378 GT19.hmm             -            354  4.5e-113  381.9   0.1   1   1  3.1e-116  5.1e-113  381.7   0.1     2   352     4   359     3   361 0.95 [190263/585/1]
190263/488/1.f:DNPFAC_07940 -            377 GT19.hmm             -            354  4.8e-113  381.8   0.0   1   1  3.6e-116  5.9e-113  381.5   0.0     2   351     4   357     3   359 0.95 [190263/488/1]
190263/388/1.f:FDDJJK_09925 -            379 GT19.hmm             -            354  2.1e-112  379.7   0.0   1   1  1.7e-115  2.7e-112  379.4   0.0     2   351     4   359     3   361 0.96 [190263/388/1]
190263/573/1.f:LIDFCI_13855 -            378 GT19.hmm             -            354  2.3e-112  379.6   0.1   1   1  1.7e-115  2.8e-112  379.3   0.1     2   350     4   357     3   360 0.95 [190263/573/1]
190263/417/1.f:MHBJAE_06795 -            377 GT19.hmm             -            354  2.4e-112  379.5   0.0   1   1  1.8e-115    3e-112  379.2   0.0     2   351     4   357     3   359 0.95 [190263/417/1]
190263/562/1.f:KJGNCK_10460 -            378 GT19.hmm             -            354  3.4e-112  379.0   0.1   1   1  2.5e-115  4.1e-112  378.7   0.1     2   350     4   357     3   360 0.95 [190263/562/1]
190263/475/1.f:MCKEEP_09380 -            378 GT19.hmm             -            354  3.4e-112  379.0   0.1   1   1  2.6e-115  4.2e-112  378.7   0.1     2   350     4   357     3   360 0.95 [190263/475/1]
190263/401/1.f:DMFJNH_09310 -            378 GT19.hmm             -            354  4.6e-112  378.6   0.1   1   1  3.5e-115  5.6e-112  378.3   0.1     2   350     4   357     3   360 0.96 [190263/401/1]
190263/504/1.f:DOAHDM_09725 -            378 GT19.hmm             -            354  4.6e-112  378.6   0.1   1   1  3.5e-115  5.6e-112  378.3   0.1     2   350     4   357     3   360 0.96 [190263/504/1]
190263/526/1.f:GBBCGM_01630 -            378 GT19.hmm             -            354  4.1e-111  375.5   0.0   1   1  2.8e-114  4.6e-111  375.3   0.0     2   352     4   356     3   358 0.95 [190263/526/1]
190263/552/1.f:EMALNL_10380 -            378 GT19.hmm             -            354  4.3e-111  375.4   0.1   1   1  3.2e-114  5.2e-111  375.1   0.1     2   350     4   357     3   360 0.95 [190263/552/1]
190263/404/1.f:BGJBIG_06870 -            378 GT19.hmm             -            354  4.3e-111  375.4   0.0   1   1  3.2e-114  5.2e-111  375.1   0.0     2   350     4   357     3   360 0.94 [190263/404/1]
190263/391/1.f:NONBJF_10440 -            379 GT19.hmm             -            354  5.5e-111  375.0   0.0   1   1  3.9e-114  6.3e-111  374.9   0.0     2   351     4   359     3   362 0.96 [190263/391/1]
190263/534/1.f:OHCFJE_02390 -            379 GT19.hmm             -            354  5.5e-111  375.0   0.0   1   1  3.9e-114  6.3e-111  374.9   0.0     2   351     4   359     3   362 0.96 [190263/534/1]
190263/545/1.f:NCJBIN_11290 -            379 GT19.hmm             -            354  5.5e-111  375.0   0.0   1   1  3.9e-114  6.3e-111  374.9   0.0     2   351     4   359     3   362 0.96 [190263/545/1]
190263/466/1.f:PGJOII_00585 -            382 GT19.hmm             -            354  1.5e-110  373.7   0.0   1   1    1e-113  1.7e-110  373.5   0.0     2   352     4   359     3   361 0.95 [190263/466/1]
190263/583/1.f:BCCKNC_02410 -            378 GT19.hmm             -            354  5.1e-110  371.9   0.0   1   1  3.6e-113  5.9e-110  371.7   0.0     2   352     4   357     3   359 0.93 [190263/583/1]
190263/405/1.f:EHKDKA_10930 -            384 GT19.hmm             -            354  6.4e-110  371.5   0.0   1   1  4.5e-113  7.3e-110  371.4   0.0     2   351     4   358     3   361 0.95 [190263/405/1]
190263/460/1.f:IHFGKI_08350 -            487 GT19.hmm             -            354  7.8e-110  371.3   0.0   1   1  7.6e-113  1.2e-109  370.6   0.0     2   352     4   360     3   362 0.96 [190263/460/1]
190263/502/1.f:NONHGB_09660 -            378 GT19.hmm             -            354    1e-109  370.9   0.0   1   1    7e-113  1.1e-109  370.7   0.0     2   351     4   358     3   361 0.95 [190263/502/1]
190263/456/1.f:LKAJBD_05930 -            382 GT19.hmm             -            354  1.6e-109  370.3   0.0   1   1  1.1e-112  1.8e-109  370.1   0.0     2   351     4   358     3   361 0.95 [190263/456/1]
190263/365/1.f:JJMMAK_12795 -            377 GT19.hmm             -            354  2.6e-109  369.6   0.0   1   1  1.8e-112  2.9e-109  369.4   0.0     2   352     4   358     3   360 0.95 [190263/365/1]
190263/461/1.f:DHPHOK_07810 -            381 GT19.hmm             -            354  2.6e-109  369.5   0.0   1   1  1.8e-112    3e-109  369.4   0.0     2   350     4   357     3   361 0.95 [190263/461/1]
190263/369/1.f:JCDIFE_08560 -            405 GT19.hmm             -            354  2.7e-109  369.5   0.0   1   1  1.9e-112  3.1e-109  369.3   0.0     2   352    27   382    26   384 0.95 [190263/369/1]
190263/497/1.f:HENFFC_14235 -            377 GT19.hmm             -            354  6.1e-109  368.3   0.0   1   1  4.3e-112  6.9e-109  368.1   0.0     2   352     4   358     3   360 0.96 [190263/497/1]
190263/379/1.f:LOJHAC_16115 -            377 GT19.hmm             -            354  8.8e-109  367.8   0.0   1   1  6.1e-112  9.9e-109  367.6   0.0     2   352     4   358     3   360 0.95 [190263/379/1]
190263/516/1.f:MGNFBC_13605 -            377 GT19.hmm             -            354  8.8e-109  367.8   0.0   1   1  6.1e-112  9.9e-109  367.6   0.0     2   352     4   358     3   360 0.95 [190263/516/1]
190263/564/1.f:KIHMBJ_11935 -            419 GT19.hmm             -            354  9.5e-109  367.7   0.0   1   1  7.1e-112  1.2e-108  367.4   0.0     2   352     4   356     3   358 0.96 [190263/564/1]
190263/368/1.f:HPMDBE_15680 -            377 GT19.hmm             -            354  1.1e-108  367.4   0.0   1   1  7.9e-112  1.3e-108  367.3   0.0     2   352     4   358     3   360 0.95 [190263/368/1]
190263/473/1.f:MLHPCA_00830 -            371 GT19.hmm             -            354  1.2e-108  367.4   0.0   1   1  8.3e-112  1.3e-108  367.2   0.0     1   351     4   350     4   353 0.96 [190263/473/1]
190263/437/1.f:LBKKEJ_08510 -            380 GT19.hmm             -            354  1.7e-108  366.9   0.0   1   1  1.1e-111  1.9e-108  366.7   0.0     2   349     4   354     3   359 0.92 [190263/437/1]
190263/522/1.f:NPJBCH_13525 -            382 GT19.hmm             -            354  1.9e-108  366.7   0.0   1   1  1.3e-111  2.2e-108  366.5   0.0     2   353     4   361     3   362 0.97 [190263/522/1]
190263/399/1.f:CDLIDF_01250 -            383 GT19.hmm             -            354  9.5e-108  364.4   0.0   1   1  6.8e-111  1.1e-107  364.2   0.0     2   352     4   357     3   359 0.93 [190263/399/1]
190263/540/1.f:BCGFLB_00440 -            378 GT19.hmm             -            354  1.2e-106  360.8   0.0   1   1  8.3e-110  1.3e-106  360.6   0.0     2   351     4   355     3   358 0.96 [190263/540/1]
190263/523/1.f:MDNHKG_11070 -            378 GT19.hmm             -            354    2e-105  356.8   0.0   1   1  1.4e-108  2.2e-105  356.6   0.0     2   351     4   355     3   358 0.96 [190263/523/1]
190263/366/1.f:DBJPFP_06065 -            378 GT19.hmm             -            354  1.2e-103  350.9   0.0   1   1  8.7e-107  1.4e-103  350.7   0.0     2   351     4   355     3   358 0.96 [190263/366/1]
190263/421/1.f:PBKEAC_07180 -            379 GT19.hmm             -            354  8.6e-103  348.1   0.0   1   1    6e-106  9.7e-103  347.9   0.0     2   350     4   354     3   358 0.96 [190263/421/1]
190263/556/1.f:EMIPPF_05770 -            379 GT19.hmm             -            354  1.8e-102  347.0   0.0   1   1  1.3e-105  2.1e-102  346.8   0.0     2   351     4   355     3   358 0.96 [190263/556/1]
190263/446/1.f:LHJMMB_08020 -            379 GT19.hmm             -            354  7.3e-102  345.0   0.0   1   1  5.1e-105  8.3e-102  344.9   0.0     2   352     4   356     3   358 0.96 [190263/446/1]
190263/506/1.f:IKGMED_10570 -            376 GT19.hmm             -            354  1.8e-101  343.7   0.0   1   1  1.3e-104  2.1e-101  343.5   0.0     2   352     8   357     7   359 0.93 [190263/506/1]
#
# Program:         hmmsearch
# Version:         3.3.2 (Nov 2020)
# Pipeline mode:   SEARCH
# Query file:      /kb/module/work/tmp/output.1725388484971/GT19/GT19.hmm
# Target file:     /kb/module/work/tmp/output.1725388484971/hCom2_RAST.fasta
# Option settings: /kb/module/hmmer/bin/hmmsearch --domtblout /kb/module/work/tmp/output.1725388484971/GT19/GT19-hCom2_RAST.hitout.txt --noali --notextw --domE 1e-15 /kb/module/work/tmp/output.1725388484971/GT19/GT19.hmm /kb/module/work/tmp/output.1725388484971/hCom2_RAST.fasta 
# Current dir:     /kb/module/work/tmp/output.1725388484971
# Date:            Tue Sep  3 18:58:02 2024
# [ok]
