#                                                                                   --- full sequence --- -------------- this domain -------------   hmm coord   ali coord   env coord
# target name               accession   tlen query name           accession   qlen   E-value  score  bias   #  of  c-Evalue  i-Evalue  score  bias  from    to  from    to  from    to  acc description of target
#       ------------------- ---------- ----- -------------------- ---------- ----- --------- ------ ----- --- --- --------- --------- ------ ----- ----- ----- ----- ----- ----- ----- ---- ---------------------
190263/382/1.f:JACGKO_06195 -            241 GT26.hmm             -            171   7.9e-65  222.0   0.1   1   1   5.7e-68     1e-64  221.7   0.1     1   170    56   225    56   226 0.99 [190263/382/1]
190263/569/1.f:FCJLID_05750 -            246 GT26.hmm             -            171   1.3e-64  221.3   0.1   1   1   2.5e-67   4.4e-64  219.6   0.0     2   171    59   228    58   228 0.99 [190263/569/1]
190263/380/1.f:GDCFAC_11085 -            242 GT26.hmm             -            171   4.4e-64  219.6   0.0   1   1   3.1e-67   5.6e-64  219.3   0.0     2   171    55   222    54   222 0.99 [190263/380/1]
190263/588/1.f:LGPOLK_08215 -            243 GT26.hmm             -            171   5.4e-64  219.3   0.1   1   1   3.9e-67   7.1e-64  218.9   0.1     2   171    57   226    56   226 0.99 [190263/588/1]
190263/436/1.f:KEEIED_04050 -            247 GT26.hmm             -            171   1.4e-63  218.0   0.5   1   1   3.5e-66   6.2e-63  215.9   0.1     2   171    60   229    59   229 0.99 [190263/436/1]
190263/591/1.f:NBPJEL_04160 -            240 GT26.hmm             -            171   3.1e-63  216.8   0.0   1   1   2.4e-66   4.3e-63  216.4   0.0     1   171    56   226    56   226 0.99 [190263/591/1]
190263/541/1.f:IDEEIE_16205 -            256 GT26.hmm             -            171   2.9e-62  213.7   0.0   1   1   2.2e-65   3.9e-62  213.3   0.0     2   171    63   232    62   232 0.99 [190263/541/1]
190263/363/1.f:CIHHOC_06000 -            259 GT26.hmm             -            171   5.8e-62  212.7   0.1   1   1   7.3e-65   1.3e-61  211.6   0.0     2   171    63   232    62   232 0.99 [190263/363/1]
190263/448/1.f:IBJDOL_15825 -            238 GT26.hmm             -            171     4e-61  210.0   0.0   1   1   2.9e-64   5.2e-61  209.6   0.0     4   170    54   220    51   221 0.98 [190263/448/1]
190263/413/1.f:NMLDCG_16300 -            239 GT26.hmm             -            171   9.4e-61  208.8   0.0   1   1   7.5e-64   1.3e-60  208.3   0.0     2   171    55   222    54   222 0.99 [190263/413/1]
190263/584/1.f:DDCNLE_07530 -            243 GT26.hmm             -            171   2.8e-60  207.2   0.1   1   1   6.2e-63   1.1e-59  205.3   0.0     2   171    56   223    55   223 0.98 [190263/584/1]
190263/443/1.f:LNLACP_04895 -            249 GT26.hmm             -            171   1.1e-59  205.3   0.1   1   1   9.2e-63   1.6e-59  204.7   0.1     3   171    64   234    62   234 0.98 [190263/443/1]
190263/586/1.f:KBDCAC_08675 -            259 GT26.hmm             -            171   1.5e-59  204.9   0.0   1   1   1.2e-62   2.2e-59  204.3   0.0     1   171    62   236    62   236 0.98 [190263/586/1]
190263/589/1.f:LPHMCO_12440 -            252 GT26.hmm             -            171   4.3e-59  203.4   0.0   1   1     3e-62   5.4e-59  203.1   0.0     2   171    59   228    58   228 0.99 [190263/589/1]
190263/457/1.f:IIKDLL_00365 -            249 GT26.hmm             -            171   5.4e-59  203.0   0.0   1   1   3.8e-62   6.8e-59  202.7   0.0     3   171    60   230    58   230 0.98 [190263/457/1]
190263/520/1.f:GGDGDE_16185 -            242 GT26.hmm             -            171   7.8e-59  202.5   0.0   1   1   8.7e-62   1.6e-58  201.5   0.0     4   171    60   227    57   227 0.98 [190263/520/1]
190263/514/1.f:MMHOAN_05425 -            256 GT26.hmm             -            171     1e-58  202.2   0.0   1   1   7.6e-62   1.4e-58  201.7   0.0     2   171    59   232    58   232 0.99 [190263/514/1]
190263/425/1.f:HPANHD_01950 -            244 GT26.hmm             -            171   1.1e-58  202.1   0.0   1   1   1.3e-61   2.4e-58  200.9   0.0     2   170    60   225    59   226 0.98 [190263/425/1]
190263/580/1.f:JCPJNN_20490 -            254 GT26.hmm             -            171   1.5e-58  201.6   0.0   1   1   1.6e-61   2.8e-58  200.7   0.0     3   171    65   237    63   237 0.99 [190263/580/1]
190263/534/1.f:OHCFJE_17480 -            254 GT26.hmm             -            171   2.8e-58  200.7   0.0   1   1   2.1e-61   3.8e-58  200.3   0.0     2   171    58   231    57   231 0.98 [190263/534/1]
190263/506/1.f:IKGMED_04550 -            265 GT26.hmm             -            171   1.2e-56  195.4   0.1   1   1   1.1e-59     2e-56  194.7   0.1     2   171    72   249    71   249 0.97 [190263/506/1]
190263/583/1.f:BCCKNC_15360 -            239 GT26.hmm             -            171   1.2e-54  188.9   0.2   1   1   7.8e-58   1.4e-54  188.7   0.2     2   171    47   222    46   222 0.94 [190263/583/1]
190263/390/1.f:OLPOLE_08465 -            247 GT26.hmm             -            171   1.3e-54  188.8   0.0   1   1   8.8e-58   1.6e-54  188.5   0.0     2   171    56   229    55   229 0.98 [190263/390/1]
190263/580/1.f:JCPJNN_10855 -            655 GT26.hmm             -            171   8.1e-54  186.2   0.0   1   1   9.4e-57   1.7e-53  185.2   0.0     3   171    61   231    59   231 0.98 [190263/580/1]
190263/534/1.f:OHCFJE_20960 -            238 GT26.hmm             -            171   1.1e-53  185.8   0.1   1   1     7e-57   1.3e-53  185.6   0.1     2   171    48   223    47   223 0.94 [190263/534/1]
190263/475/1.f:MCKEEP_18935 -            245 GT26.hmm             -            171   1.1e-53  185.8   0.0   1   1   7.1e-57   1.3e-53  185.6   0.0     7   171    53   221    47   221 0.95 [190263/475/1]
190263/391/1.f:NONBJF_11985 -            238 GT26.hmm             -            171   1.5e-53  185.3   0.0   1   1     1e-56   1.8e-53  185.1   0.0     2   171    48   223    47   223 0.94 [190263/391/1]
190263/534/1.f:OHCFJE_12310 -            238 GT26.hmm             -            171   1.5e-53  185.3   0.0   1   1     1e-56   1.8e-53  185.1   0.0     2   171    48   223    47   223 0.94 [190263/534/1]
190263/573/1.f:LIDFCI_08355 -            245 GT26.hmm             -            171   1.5e-53  185.3   0.0   1   1     1e-56   1.8e-53  185.1   0.0     7   171    53   221    47   221 0.95 [190263/573/1]
190263/545/1.f:NCJBIN_22305 -            237 GT26.hmm             -            171   2.6e-53  184.6   0.0   1   1   1.7e-56   3.1e-53  184.3   0.0     2   171    47   222    46   222 0.94 [190263/545/1]
190263/388/1.f:FDDJJK_20215 -            238 GT26.hmm             -            171   3.2e-53  184.3   0.1   1   1   2.1e-56   3.7e-53  184.0   0.1     2   171    48   223    47   223 0.94 [190263/388/1]
190263/379/1.f:LOJHAC_05045 -            233 GT26.hmm             -            171   3.8e-53  184.0   0.1   1   1   2.9e-56   5.1e-53  183.6   0.1     6   171    53   218    49   218 0.97 [190263/379/1]
190263/461/1.f:DHPHOK_11800 -            256 GT26.hmm             -            171   4.6e-53  183.7   0.1   1   1   3.1e-56   5.5e-53  183.5   0.1     4   171    66   237    63   237 0.96 [190263/461/1]
190263/512/1.f:JBCLGH_04635 -            247 GT26.hmm             -            171   5.1e-53  183.6   0.0   1   1   6.2e-56   1.1e-52  182.5   0.0     3   170    58   223    56   223 0.98 [190263/512/1]
190263/562/1.f:KJGNCK_13570 -            244 GT26.hmm             -            171   6.3e-53  183.3   0.2   1   1   4.2e-56   7.5e-53  183.1   0.2     4   171    49   222    46   222 0.93 [190263/562/1]
190263/369/1.f:JCDIFE_17840 -            239 GT26.hmm             -            171   6.3e-53  183.3   0.1   1   1   4.3e-56   7.7e-53  183.0   0.1     5   171    50   220    46   220 0.96 [190263/369/1]
190263/552/1.f:EMALNL_15185 -            244 GT26.hmm             -            171   6.9e-53  183.2   0.1   1   1   4.6e-56   8.3e-53  182.9   0.1     4   171    49   222    46   222 0.93 [190263/552/1]
190263/562/1.f:KJGNCK_15700 -            238 GT26.hmm             -            171   1.4e-52  182.1   0.2   1   1   9.6e-56   1.7e-52  181.9   0.2     4   171    49   222    46   222 0.93 [190263/562/1]
190263/557/1.f:DOLMEB_07700 -            251 GT26.hmm             -            171   2.5e-52  181.3   0.0   1   1   2.5e-55   4.6e-52  180.5   0.0     3   170    68   233    66   233 0.98 [190263/557/1]
190263/456/1.f:LKAJBD_13425 -            239 GT26.hmm             -            171   3.7e-52  180.8   0.1   1   1   2.5e-55   4.5e-52  180.5   0.1     4   171    49   220    46   220 0.95 [190263/456/1]
190263/497/1.f:HENFFC_09765 -            235 GT26.hmm             -            171   6.1e-52  180.1   0.0   1   1   4.2e-55   7.6e-52  179.8   0.0     6   171    55   220    51   220 0.97 [190263/497/1]
190263/552/1.f:EMALNL_20840 -            252 GT26.hmm             -            171   7.5e-52  179.8   0.0   1   1   4.9e-55   8.8e-52  179.6   0.0     2   171    52   227    51   227 0.97 [190263/552/1]
190263/417/1.f:MHBJAE_17675 -            239 GT26.hmm             -            171   7.8e-52  179.7   0.1   1   1   5.2e-55   9.3e-52  179.5   0.1     7   171    52   220    46   220 0.95 [190263/417/1]
190263/365/1.f:JJMMAK_01505 -            235 GT26.hmm             -            171   1.5e-51  178.8   0.0   1   1   1.1e-54     2e-51  178.4   0.0     6   171    55   220    51   220 0.97 [190263/365/1]
190263/488/1.f:DNPFAC_19040 -            239 GT26.hmm             -            171   2.3e-51  178.2   0.1   1   1   1.5e-54   2.7e-51  178.0   0.1     7   171    52   220    46   220 0.95 [190263/488/1]
190263/365/1.f:JJMMAK_10915 -            232 GT26.hmm             -            171   2.1e-50  175.1   0.0   1   1   1.5e-53   2.7e-50  174.8   0.0     5   171    52   217    48   217 0.96 [190263/365/1]
190263/388/1.f:FDDJJK_03590 -            232 GT26.hmm             -            171   2.4e-50  174.9   0.0   1   1   1.7e-53   3.1e-50  174.6   0.0     5   171    52   217    48   217 0.96 [190263/388/1]
190263/388/1.f:FDDJJK_08050 -            232 GT26.hmm             -            171   2.4e-50  174.9   0.0   1   1   1.7e-53   3.1e-50  174.6   0.0     5   171    52   217    48   217 0.96 [190263/388/1]
190263/461/1.f:DHPHOK_09360 -            232 GT26.hmm             -            171   2.4e-50  174.9   0.0   1   1   1.7e-53   3.1e-50  174.6   0.0     5   171    52   217    48   217 0.96 [190263/461/1]
190263/466/1.f:PGJOII_16320 -            232 GT26.hmm             -            171   2.4e-50  174.9   0.0   1   1   1.7e-53   3.1e-50  174.6   0.0     5   171    52   217    48   217 0.96 [190263/466/1]
190263/545/1.f:NCJBIN_03615 -            232 GT26.hmm             -            171   6.8e-50  173.4   0.0   1   1   4.7e-53   8.5e-50  173.1   0.0     6   171    53   217    49   217 0.97 [190263/545/1]
190263/545/1.f:NCJBIN_22815 -            252 GT26.hmm             -            171   1.8e-49  172.0   0.0   1   1   1.2e-52   2.2e-49  171.7   0.0     1   171    51   227    51   227 0.97 [190263/545/1]
190263/368/1.f:HPMDBE_00215 -            232 GT26.hmm             -            171   2.9e-49  171.4   0.0   1   1     2e-52   3.5e-49  171.1   0.0     5   171    52   217    48   217 0.97 [190263/368/1]
190263/516/1.f:MGNFBC_00210 -            232 GT26.hmm             -            171   2.9e-49  171.4   0.0   1   1     2e-52   3.5e-49  171.1   0.0     5   171    52   217    48   217 0.97 [190263/516/1]
190263/460/1.f:IHFGKI_09670 -            251 GT26.hmm             -            171   3.5e-49  171.1   0.0   1   1   2.3e-52   4.2e-49  170.9   0.0     3   171    50   224    48   224 0.98 [190263/460/1]
190263/391/1.f:NONBJF_22145 -            250 GT26.hmm             -            171   4.3e-49  170.8   0.0   1   1   2.9e-52   5.2e-49  170.5   0.0     1   171    49   225    49   225 0.97 [190263/391/1]
190263/434/1.f:NCAOKI_02470 -            257 GT26.hmm             -            171   2.3e-48  168.5   0.0   1   1   1.6e-51   2.9e-48  168.1   0.0     6   171    68   234    63   234 0.96 [190263/434/1]
190263/475/1.f:MCKEEP_20700 -            234 GT26.hmm             -            171   8.5e-46  160.1   0.0   1   1   5.8e-49     1e-45  159.8   0.0     5   171    54   219    51   219 0.96 [190263/475/1]
190263/437/1.f:LBKKEJ_08105 -            237 GT26.hmm             -            171   2.7e-33  119.4   0.0   1   1     2e-36   3.5e-33  119.0   0.0     2   166    46   214    45   218 0.91 [190263/437/1]
190263/545/1.f:NCJBIN_13635 -            246 GT26.hmm             -            171   3.6e-33  119.0   0.0   1   1   2.6e-36   4.7e-33  118.6   0.0     4   166    48   214    45   218 0.94 [190263/545/1]
190263/585/1.f:DLBDDB_14470 -            250 GT26.hmm             -            171   6.3e-33  118.2   0.0   1   1   5.8e-36     1e-32  117.5   0.0     3   170    54   222    52   223 0.93 [190263/585/1]
190263/391/1.f:NONBJF_18490 -            247 GT26.hmm             -            171   6.3e-33  118.2   0.0   1   1   4.4e-36     8e-33  117.9   0.0     2   168    55   223    54   226 0.95 [190263/391/1]
190263/388/1.f:FDDJJK_17755 -            237 GT26.hmm             -            171   3.3e-32  115.8   0.0   1   1   2.3e-35   4.2e-32  115.5   0.0     2   166    46   214    45   218 0.94 [190263/388/1]
190263/391/1.f:NONBJF_19560 -            237 GT26.hmm             -            171   4.1e-32  115.6   0.0   1   1   2.9e-35   5.1e-32  115.2   0.0     2   166    46   214    45   218 0.94 [190263/391/1]
190263/545/1.f:NCJBIN_19705 -            237 GT26.hmm             -            171   4.7e-32  115.4   0.0   1   1   3.3e-35   5.9e-32  115.0   0.0     2   166    46   214    45   218 0.94 [190263/545/1]
190263/534/1.f:OHCFJE_18665 -            237 GT26.hmm             -            171   8.2e-32  114.6   0.0   1   1   5.7e-35     1e-31  114.3   0.0     2   166    46   214    45   218 0.94 [190263/534/1]
190263/369/1.f:JCDIFE_12355 -            256 GT26.hmm             -            171   1.6e-31  113.6   0.0   1   1   1.1e-33   2.1e-30  110.0   0.0     7   170    58   222    52   223 0.89 [190263/369/1]
190263/379/1.f:LOJHAC_00115 -            265 GT26.hmm             -            171   2.3e-31  113.1   0.0   1   1   1.9e-34   3.4e-31  112.6   0.0     7   170    58   222    52   223 0.92 [190263/379/1]
190263/364/1.f:DKBBKL_19930 -            244 GT26.hmm             -            171   2.4e-31  113.1   0.0   1   1   1.7e-34     3e-31  112.7   0.0     2   166    47   214    46   218 0.95 [190263/364/1]
190263/365/1.f:JJMMAK_04575 -            256 GT26.hmm             -            171   1.1e-28  104.3   0.0   1   1   2.7e-31   4.9e-28  102.3   0.0     7   170    58   222    52   223 0.91 [190263/365/1]
190263/404/1.f:BGJBIG_18665 -            257 GT26.hmm             -            171   1.4e-26   97.5   0.0   1   1   1.1e-29   1.9e-26   97.1   0.0     5   155    63   214    59   219 0.95 [190263/404/1]
190263/455/1.f:GDGJDA_03460 -            226 GT26.hmm             -            171   1.3e-16   65.1   0.0   1   1   1.1e-19     2e-16   64.5   0.0     3   143    58   198    57   221 0.95 [190263/455/1]
190263/487/1.f:MPKEFC_11905 -            282 GT26.hmm             -            171   3.7e-16   63.6   0.0   1   1   2.7e-19   4.8e-16   63.3   0.0    35   168    98   231    61   234 0.91 [190263/487/1]
190263/495/1.f:ANKNCD_07115 -            226 GT26.hmm             -            171   8.3e-16   62.5   0.0   1   1   6.4e-19   1.1e-15   62.0   0.0    18   135    73   190    56   192 0.90 [190263/495/1]
190263/520/1.f:GGDGDE_03035 -            241 GT26.hmm             -            171   2.8e-15   60.8   0.0   1   1   2.1e-18   3.7e-15   60.3   0.0     6   135    81   210    76   216 0.90 [190263/520/1]
190263/537/1.f:AHPNMI_05065 -            232 GT26.hmm             -            171   5.3e-15   59.9   0.0   1   1   4.3e-18   7.8e-15   59.3   0.0     3   133    58   188    56   191 0.98 [190263/537/1]
190263/452/1.f:PEIHBN_11430 -            225 GT26.hmm             -            171     5e-14   56.7   0.0   1   1   4.1e-17   7.4e-14   56.1   0.0     3   133    58   188    57   190 0.97 [190263/452/1]
190263/531/1.f:KJIPPC_09610 -            224 GT26.hmm             -            171   2.6e-13   54.4   0.0   1   1   2.7e-16   4.8e-13   53.5   0.0    34   134    87   187    56   190 0.89 [190263/531/1]
190263/541/1.f:IDEEIE_13810 -            226 GT26.hmm             -            171   2.9e-13   54.2   0.0   1   1   2.5e-16   4.4e-13   53.6   0.0     3   135    57   189    55   192 0.93 [190263/541/1]
#
# Program:         hmmsearch
# Version:         3.3.2 (Nov 2020)
# Pipeline mode:   SEARCH
# Query file:      /kb/module/work/tmp/output.1725388484971/GT26/GT26.hmm
# Target file:     /kb/module/work/tmp/output.1725388484971/hCom2_RAST.fasta
# Option settings: /kb/module/hmmer/bin/hmmsearch --domtblout /kb/module/work/tmp/output.1725388484971/GT26/GT26-hCom2_RAST.hitout.txt --noali --notextw --domE 1e-15 /kb/module/work/tmp/output.1725388484971/GT26/GT26.hmm /kb/module/work/tmp/output.1725388484971/hCom2_RAST.fasta 
# Current dir:     /kb/module/work/tmp/output.1725388484971
# Date:            Tue Sep  3 18:58:12 2024
# [ok]
