#                                                                                      --- full sequence --- -------------- this domain -------------   hmm coord   ali coord   env coord
# target name               accession   tlen query name              accession   qlen   E-value  score  bias   #  of  c-Evalue  i-Evalue  score  bias  from    to  from    to  from    to  acc description of target
#       ------------------- ---------- -----    -------------------- ---------- ----- --------- ------ ----- --- --- --------- --------- ------ ----- ----- ----- ----- ----- ----- ----- ---- ---------------------
190263/589/1.f:LPHMCO_08125 -            711 GT2_Glyco_trans_2_3.hmm PF13632.5    197   8.5e-27   98.7   3.7   1   1   2.9e-29   1.8e-26   97.7   3.7     2   191   151   393   150   442 0.74 [190263/589/1]
190263/527/1.f:HGADJN_08625 -            750 GT2_Glyco_trans_2_3.hmm PF13632.5    197   1.6e-25   94.5   1.9   1   1   2.6e-28   1.6e-25   94.5   1.9     1   192   363   584   363   590 0.85 [190263/527/1]
190263/448/1.f:IBJDOL_06925 -            420 GT2_Glyco_trans_2_3.hmm PF13632.5    197   1.4e-23   88.3   0.2   1   1   2.1e-26   1.4e-23   88.3   0.2     2   182   144   347   143   367 0.70 [190263/448/1]
190263/584/1.f:DDCNLE_04380 -            668 GT2_Glyco_trans_2_3.hmm PF13632.5    197   1.2e-22   85.1   0.1   1   1     2e-25   1.2e-22   85.1   0.1     3   189   202   412   200   421 0.74 [190263/584/1]
190263/448/1.f:IBJDOL_12810 -            424 GT2_Glyco_trans_2_3.hmm PF13632.5    197   3.9e-22   83.5   3.8   1   1   2.3e-24   1.5e-21   81.6   3.8     2   179   135   324   134   399 0.71 [190263/448/1]
190263/506/1.f:IKGMED_09115 -            505 GT2_Glyco_trans_2_3.hmm PF13632.5    197   4.1e-22   83.4   2.4   1   1   1.5e-24   9.4e-22   82.3   2.4     2   192   142   352   141   391 0.80 [190263/506/1]
190263/436/1.f:KEEIED_04065 -            428 GT2_Glyco_trans_2_3.hmm PF13632.5    197     1e-21   82.1   2.3   1   1   3.1e-24     2e-21   81.2   2.3     2   192   133   375   132   384 0.67 [190263/436/1]
190263/591/1.f:NBPJEL_04175 -            420 GT2_Glyco_trans_2_3.hmm PF13632.5    197   1.1e-21   82.1   5.3   1   1   3.5e-24   2.2e-21   81.1   5.3     2   182   132   339   131   385 0.70 [190263/591/1]
190263/390/1.f:OLPOLE_08065 -            420 GT2_Glyco_trans_2_3.hmm PF13632.5    197   1.3e-21   81.8   6.8   1   1   6.9e-24   4.3e-21   80.1   6.8     4   191   134   318   132   396 0.82 [190263/390/1]
190263/382/1.f:JACGKO_06210 -            424 GT2_Glyco_trans_2_3.hmm PF13632.5    197   3.1e-21   80.6   5.6   1   1   1.1e-23   6.8e-21   79.5   5.6     2   194   133   377   132   383 0.70 [190263/382/1]
190263/448/1.f:IBJDOL_09330 -            467 GT2_Glyco_trans_2_3.hmm PF13632.5    197   1.9e-20   78.0   6.7   1   1   1.9e-22   1.2e-19   75.4   6.7     2   182   135   337   134   438 0.77 [190263/448/1]
190263/368/1.f:HPMDBE_07420 -            403 GT2_Glyco_trans_2_3.hmm PF13632.5    197   5.7e-20   76.4   0.1   1   1   1.6e-22     1e-19   75.6   0.1     2   196   147   356   146   357 0.83 [190263/368/1]
190263/379/1.f:LOJHAC_01670 -            403 GT2_Glyco_trans_2_3.hmm PF13632.5    197   5.7e-20   76.4   0.1   1   1   1.6e-22     1e-19   75.6   0.1     2   196   147   356   146   357 0.83 [190263/379/1]
190263/588/1.f:LGPOLK_08200 -            416 GT2_Glyco_trans_2_3.hmm PF13632.5    197   1.9e-19   74.7   8.1   1   1   8.8e-22   5.6e-19   73.2   8.1     2   169   132   329   131   382 0.66 [190263/588/1]
190263/584/1.f:DDCNLE_04525 -            484 GT2_Glyco_trans_2_3.hmm PF13632.5    197   2.1e-19   74.6   0.1   1   1   3.3e-22   2.1e-19   74.6   0.1     2   181    38   235    37   285 0.78 [190263/584/1]
190263/422/1.f:HJBCNJ_05300 -            425 GT2_Glyco_trans_2_3.hmm PF13632.5    197   4.8e-19   73.4   5.2   1   1   2.4e-21   1.5e-18   71.8   5.2     4   193   139   338   136   403 0.72 [190263/422/1]
190263/569/1.f:FCJLID_05765 -            432 GT2_Glyco_trans_2_3.hmm PF13632.5    197   7.5e-19   72.8   0.9   1   1   2.2e-21   1.4e-18   71.9   0.9     2   175   133   333   132   387 0.71 [190263/569/1]
190263/429/1.f:OMPHBF_00765 -            767 GT2_Glyco_trans_2_3.hmm PF13632.5    197   9.7e-19   72.4   1.5   1   1   1.5e-21   9.7e-19   72.4   1.5    27   193   222   405   174   413 0.67 [190263/429/1]
190263/580/1.f:JCPJNN_29300 -            479 GT2_Glyco_trans_2_3.hmm PF13632.5    197   4.5e-18   70.3   0.8   1   1   1.6e-20     1e-17   69.1   0.8     1   183   164   386   164   408 0.68 [190263/580/1]
190263/369/1.f:JCDIFE_16450 -            390 GT2_Glyco_trans_2_3.hmm PF13632.5    197   6.2e-18   69.8   3.7   1   1   9.8e-21   6.2e-18   69.8   3.7     2   196   129   340   128   341 0.82 [190263/369/1]
190263/461/1.f:DHPHOK_16190 -            390 GT2_Glyco_trans_2_3.hmm PF13632.5    197   6.4e-18   69.8   4.1   1   1     1e-20   6.4e-18   69.8   4.1     2   196   129   340   128   341 0.82 [190263/461/1]
190263/560/1.f:OAGBLH_04610 -            394 GT2_Glyco_trans_2_3.hmm PF13632.5    197   3.6e-17   67.3  13.1   1   1   5.6e-20   3.6e-17   67.3  13.1     2   184   132   367   131   383 0.77 [190263/560/1]
190263/456/1.f:LKAJBD_10555 -            388 GT2_Glyco_trans_2_3.hmm PF13632.5    197   3.9e-17   67.2   3.6   1   1   6.1e-20   3.9e-17   67.2   3.6     2   196   129   340   128   341 0.81 [190263/456/1]
190263/516/1.f:MGNFBC_06680 -            408 GT2_Glyco_trans_2_3.hmm PF13632.5    197   9.5e-17   65.9   0.0   1   1   1.5e-19   9.5e-17   65.9   0.0     2   196   147   356   146   357 0.83 [190263/516/1]
190263/468/1.f:DIOFOH_11080 -            429 GT2_Glyco_trans_2_3.hmm PF13632.5    197   2.1e-16   64.8   8.9   1   1   1.7e-17   1.1e-14   59.2   9.0     3   185   139   330   137   415 0.73 [190263/468/1]
190263/406/1.f:DKNBGD_10860 -            420 GT2_Glyco_trans_2_3.hmm PF13632.5    197   4.6e-16   63.7   1.0   1   1   7.3e-19   4.6e-16   63.7   1.0     4   164   137   329   134   395 0.70 [190263/406/1]
190263/477/1.f:PCLDCI_02620 -            420 GT2_Glyco_trans_2_3.hmm PF13632.5    197   5.9e-16   63.3   2.6   1   1   2.3e-18   1.5e-15   62.0   2.6     4   174   136   327   133   399 0.72 [190263/477/1]
190263/484/1.f:NBHDLB_10540 -            919 GT2_Glyco_trans_2_3.hmm PF13632.5    197     6e-16   63.3   7.5   1   1   9.5e-19     6e-16   63.3   7.5     2   187   367   577   366   699 0.81 [190263/484/1]
190263/460/1.f:IHFGKI_02660 -            438 GT2_Glyco_trans_2_3.hmm PF13632.5    197   9.7e-16   62.6   1.6   1   1   4.1e-18   2.6e-15   61.2   1.1     1   186   155   372   155   390 0.75 [190263/460/1]
190263/496/1.f:JJBAFO_07825 -            430 GT2_Glyco_trans_2_3.hmm PF13632.5    197   1.2e-15   62.3   7.9   1   1   1.9e-18   1.2e-15   62.3   7.9     3   175   140   325   138   406 0.71 [190263/496/1]
190263/391/1.f:NONBJF_22400 -            386 GT2_Glyco_trans_2_3.hmm PF13632.5    197   1.9e-15   61.7   0.0   1   1   5.8e-18   3.7e-15   60.7   0.0     1   196   130   340   130   341 0.79 [190263/391/1]
190263/534/1.f:OHCFJE_21195 -            386 GT2_Glyco_trans_2_3.hmm PF13632.5    197   1.9e-15   61.7   0.0   1   1   5.8e-18   3.7e-15   60.7   0.0     1   196   130   340   130   341 0.79 [190263/534/1]
190263/476/1.f:JACNIE_04355 -            442 GT2_Glyco_trans_2_3.hmm PF13632.5    197   2.5e-15   61.3   5.6   1   1   1.5e-17   9.2e-15   59.5   5.5     3   194   145   340   143   412 0.71 [190263/476/1]
190263/388/1.f:FDDJJK_20410 -            386 GT2_Glyco_trans_2_3.hmm PF13632.5    197   2.7e-15   61.2   0.0   1   1   8.2e-18   5.2e-15   60.3   0.0     1   196   130   340   130   341 0.79 [190263/388/1]
190263/545/1.f:NCJBIN_22535 -            386 GT2_Glyco_trans_2_3.hmm PF13632.5    197   2.7e-15   61.2   0.0   1   1   8.2e-18   5.2e-15   60.3   0.0     1   196   130   340   130   341 0.79 [190263/545/1]
190263/474/1.f:AMDJJA_07950 -            407 GT2_Glyco_trans_2_3.hmm PF13632.5    197   3.6e-15   60.8   2.3   1   1     9e-18   5.7e-15   60.1   2.3     4   171   136   352   133   388 0.75 [190263/474/1]
190263/446/1.f:LHJMMB_06445 -            400 GT2_Glyco_trans_2_3.hmm PF13632.5    197   4.5e-15   60.5   0.2   1   1   1.2e-17   7.9e-15   59.7   0.2     2   196   130   339   129   341 0.82 [190263/446/1]
190263/589/1.f:LPHMCO_06125 -            444 GT2_Glyco_trans_2_3.hmm PF13632.5    197   4.9e-15   60.3   6.6   1   1     2e-17   1.3e-14   59.0   6.6     4   195   143   334   140   408 0.67 [190263/589/1]
190263/420/1.f:GMHOLO_02030 -            407 GT2_Glyco_trans_2_3.hmm PF13632.5    197   6.5e-15   59.9   3.9   1   1   1.5e-17   9.5e-15   59.4   3.9     3   194   135   355   133   387 0.75 [190263/420/1]
190263/527/1.f:HGADJN_02230 -            407 GT2_Glyco_trans_2_3.hmm PF13632.5    197   6.7e-15   59.9   3.9   1   1   1.5e-17   9.5e-15   59.4   3.9     3   194   135   355   133   387 0.75 [190263/527/1]
190263/472/1.f:NMGHJI_02515 -            467 GT2_Glyco_trans_2_3.hmm PF13632.5    197     7e-15   59.8   0.2   1   1     3e-17   1.9e-14   58.4   0.2     1   193   164   395   164   406 0.72 [190263/472/1]
190263/497/1.f:HENFFC_07040 -            387 GT2_Glyco_trans_2_3.hmm PF13632.5    197   7.4e-15   59.8   0.2   1   1   1.9e-17   1.2e-14   59.1   0.2     3   196   129   339   127   341 0.83 [190263/497/1]
190263/406/1.f:DKNBGD_08410 -            477 GT2_Glyco_trans_2_3.hmm PF13632.5    197   7.6e-15   59.7   4.3   1   1   3.4e-17   2.2e-14   58.2   4.3     1   186   164   377   164   405 0.72 [190263/406/1]
190263/456/1.f:LKAJBD_12920 -            396 GT2_Glyco_trans_2_3.hmm PF13632.5    197     1e-14   59.3   1.0   1   1   2.8e-17   1.8e-14   58.5   1.0     2   195   133   341   132   348 0.76 [190263/456/1]
190263/569/1.f:FCJLID_04840 -            403 GT2_Glyco_trans_2_3.hmm PF13632.5    197   1.5e-14   58.7   5.6   1   1   5.2e-17   3.3e-14   57.6   5.6     2   194   131   345   130   348 0.79 [190263/569/1]
190263/584/1.f:DDCNLE_10200 -            418 GT2_Glyco_trans_2_3.hmm PF13632.5    197   1.6e-14   58.6   3.8   1   1   4.5e-17   2.8e-14   57.9   3.8     4   189   138   326   135   393 0.80 [190263/584/1]
190263/401/1.f:DMFJNH_17560 -            395 GT2_Glyco_trans_2_3.hmm PF13632.5    197   2.5e-14   58.0   0.0   1   1   3.9e-17   2.5e-14   58.0   0.0     1   190   126   341   126   348 0.79 [190263/401/1]
190263/504/1.f:DOAHDM_19895 -            395 GT2_Glyco_trans_2_3.hmm PF13632.5    197   2.5e-14   58.0   0.0   1   1   3.9e-17   2.5e-14   58.0   0.0     1   190   126   341   126   348 0.79 [190263/504/1]
190263/434/1.f:NCAOKI_09720 -            424 GT2_Glyco_trans_2_3.hmm PF13632.5    197   3.5e-14   57.5  13.2   1   1   2.1e-16   1.3e-13   55.7  13.2     3   192   134   315   132   402 0.73 [190263/434/1]
190263/364/1.f:DKBBKL_19620 -            392 GT2_Glyco_trans_2_3.hmm PF13632.5    197   4.6e-14   57.2   0.5   1   1   1.7e-16   1.1e-13   55.9   0.3     2   195   132   340   131   343 0.80 [190263/364/1]
190263/409/1.f:AJJCMD_09595 -            430 GT2_Glyco_trans_2_3.hmm PF13632.5    197   6.1e-14   56.8   2.7   1   1   3.3e-16   2.1e-13   55.0   2.7     2   188   142   362   141   409 0.71 [190263/409/1]
190263/502/1.f:NONHGB_19390 -            398 GT2_Glyco_trans_2_3.hmm PF13632.5    197   7.6e-14   56.5   0.4   1   1   2.2e-16   1.4e-13   55.6   0.4     2   194   133   340   132   349 0.73 [190263/502/1]
190263/556/1.f:EMIPPF_07750 -            399 GT2_Glyco_trans_2_3.hmm PF13632.5    197   8.7e-14   56.3   0.5   1   1   2.3e-16   1.4e-13   55.6   0.5     2   196   129   338   128   341 0.81 [190263/556/1]
190263/565/1.f:PAEINE_06335 -            431 GT2_Glyco_trans_2_3.hmm PF13632.5    197   9.6e-14   56.1  12.9   1   1   8.6e-16   5.5e-13   53.7  12.9     4   152   142   325   139   420 0.67 [190263/565/1]
190263/405/1.f:EHKDKA_21085 -            397 GT2_Glyco_trans_2_3.hmm PF13632.5    197   1.1e-13   55.9   0.5   1   1   1.8e-16   1.1e-13   55.9   0.5     2   194   133   340   132   349 0.72 [190263/405/1]
190263/466/1.f:PGJOII_13525 -            396 GT2_Glyco_trans_2_3.hmm PF13632.5    197   2.8e-13   54.6   0.6   1   1   8.5e-16   5.4e-13   53.7   0.6     2   195   133   341   132   346 0.73 [190263/466/1]
190263/461/1.f:DHPHOK_12635 -            396 GT2_Glyco_trans_2_3.hmm PF13632.5    197   4.7e-13   53.9   0.6   1   1   7.3e-16   4.7e-13   53.9   0.6     2   189   133   334   132   348 0.69 [190263/461/1]
190263/405/1.f:EHKDKA_17755 -            389 GT2_Glyco_trans_2_3.hmm PF13632.5    197     6e-13   53.5   2.3   1   1   9.5e-16     6e-13   53.5   2.3     2   196   130   341   129   342 0.84 [190263/405/1]
#
# Program:         hmmsearch
# Version:         3.3.2 (Nov 2020)
# Pipeline mode:   SEARCH
# Query file:      /kb/module/work/tmp/output.1725388484971/GT2_Glyco_trans_2_3/GT2_Glyco_trans_2_3.hmm
# Target file:     /kb/module/work/tmp/output.1725388484971/hCom2_RAST.fasta
# Option settings: /kb/module/hmmer/bin/hmmsearch --domtblout /kb/module/work/tmp/output.1725388484971/GT2_Glyco_trans_2_3/GT2_Glyco_trans_2_3-hCom2_RAST.hitout.txt --noali --notextw --domE 1e-15 /kb/module/work/tmp/output.1725388484971/GT2_Glyco_trans_2_3/GT2_Glyco_trans_2_3.hmm /kb/module/work/tmp/output.1725388484971/hCom2_RAST.fasta 
# Current dir:     /kb/module/work/tmp/output.1725388484971
# Date:            Tue Sep  3 18:57:34 2024
# [ok]
