#                                                                                   --- full sequence --- -------------- this domain -------------   hmm coord   ali coord   env coord
# target name               accession   tlen query name           accession   qlen   E-value  score  bias   #  of  c-Evalue  i-Evalue  score  bias  from    to  from    to  from    to  acc description of target
#       ------------------- ---------- ----- -------------------- ---------- ----- --------- ------ ----- --- --- --------- --------- ------ ----- ----- ----- ----- ----- ----- ----- ---- ---------------------
190263/466/1.f:PGJOII_11130 -            554 GT3.hmm              -            637  1.5e-205  688.9   0.5   1   2    1e-129  1.7e-126  427.7   0.0     1   345    13   346    13   362 0.96 [190263/466/1]
190263/466/1.f:PGJOII_11130 -            554 GT3.hmm              -            637  1.5e-205  688.9   0.5   2   2   5.9e-79     1e-75  260.0   0.1   415   596   371   552   352   554 0.96 [190263/466/1]
190263/417/1.f:MHBJAE_17320 -            553 GT3.hmm              -            637  1.3e-204  685.8   0.1   1   2  5.4e-129  9.2e-126  425.3   0.0     1   346    13   347    13   367 0.96 [190263/417/1]
190263/417/1.f:MHBJAE_17320 -            553 GT3.hmm              -            637  1.3e-204  685.8   0.1   2   2   1.1e-78     2e-75  259.0   0.0   416   596   371   551   352   553 0.97 [190263/417/1]
190263/504/1.f:DOAHDM_20575 -            553 GT3.hmm              -            637  1.6e-204  685.5   0.2   1   2  9.4e-131  1.6e-127  431.1   0.0     1   346    13   347    13   367 0.96 [190263/504/1]
190263/504/1.f:DOAHDM_20575 -            553 GT3.hmm              -            637  1.6e-204  685.5   0.2   2   2   7.5e-77   1.3e-73  253.0   0.0   416   596   371   551   352   553 0.97 [190263/504/1]
190263/502/1.f:NONHGB_15795 -            553 GT3.hmm              -            637  1.7e-204  685.4   0.2   1   2  1.6e-128  2.8e-125  423.7   0.0     1   347    13   348    13   367 0.95 [190263/502/1]
190263/502/1.f:NONHGB_15795 -            553 GT3.hmm              -            637  1.7e-204  685.4   0.2   2   2   4.7e-79   8.1e-76  260.3   0.1   416   596   371   551   354   553 0.96 [190263/502/1]
190263/573/1.f:LIDFCI_09970 -            553 GT3.hmm              -            637  1.7e-204  685.4   0.2   1   2  3.8e-129  6.6e-126  425.8   0.0     1   347    13   348    13   371 0.95 [190263/573/1]
190263/573/1.f:LIDFCI_09970 -            553 GT3.hmm              -            637  1.7e-204  685.4   0.2   2   2     2e-78   3.4e-75  258.2   0.1   416   596   371   551   355   553 0.98 [190263/573/1]
190263/456/1.f:LKAJBD_10750 -            554 GT3.hmm              -            637  2.4e-204  684.9   1.4   1   2  1.3e-129  2.3e-126  427.3   0.1     1   345    13   346    13   356 0.96 [190263/456/1]
190263/456/1.f:LKAJBD_10750 -            554 GT3.hmm              -            637  2.4e-204  684.9   1.4   2   2   4.6e-78   7.9e-75  257.0   0.1   415   596   371   552   352   554 0.96 [190263/456/1]
190263/585/1.f:DLBDDB_11480 -            553 GT3.hmm              -            637  3.6e-204  684.3   0.2   1   2    3e-129  5.2e-126  426.1   0.0     1   345    13   346    13   362 0.96 [190263/585/1]
190263/585/1.f:DLBDDB_11480 -            553 GT3.hmm              -            637  3.6e-204  684.3   0.2   2   2   5.5e-78   9.5e-75  256.8   0.0   416   596   371   551   350   553 0.96 [190263/585/1]
190263/475/1.f:MCKEEP_20445 -            553 GT3.hmm              -            637  4.1e-204  684.1   0.2   1   2  3.8e-129  6.6e-126  425.8   0.0     1   347    13   348    13   371 0.95 [190263/475/1]
190263/475/1.f:MCKEEP_20445 -            553 GT3.hmm              -            637  4.1e-204  684.1   0.2   2   2   5.5e-78   9.5e-75  256.8   0.1   416   593   371   548   364   553 0.98 [190263/475/1]
190263/552/1.f:EMALNL_20510 -            553 GT3.hmm              -            637  6.2e-204  683.5   0.2   1   2    2e-129  3.4e-126  426.7   0.0     1   346    13   347    13   367 0.96 [190263/552/1]
190263/552/1.f:EMALNL_20510 -            553 GT3.hmm              -            637  6.2e-204  683.5   0.2   2   2   1.6e-77   2.7e-74  255.3   0.1   416   593   371   548   357   553 0.98 [190263/552/1]
190263/405/1.f:EHKDKA_17650 -            553 GT3.hmm              -            637  1.1e-203  682.7   0.2   1   2    2e-128  3.5e-125  423.4   0.0     1   347    13   348    13   367 0.95 [190263/405/1]
190263/405/1.f:EHKDKA_17650 -            553 GT3.hmm              -            637  1.1e-203  682.7   0.2   2   2   2.4e-78   4.1e-75  258.0   0.1   416   596   371   551   352   553 0.96 [190263/405/1]
190263/562/1.f:KJGNCK_22570 -            553 GT3.hmm              -            637  2.1e-203  681.8   0.1   1   2  6.8e-129  1.2e-125  424.9   0.0     1   346    13   347    13   367 0.96 [190263/562/1]
190263/562/1.f:KJGNCK_22570 -            553 GT3.hmm              -            637  2.1e-203  681.8   0.1   2   2   1.6e-77   2.7e-74  255.3   0.1   416   593   371   548   357   553 0.98 [190263/562/1]
190263/404/1.f:BGJBIG_14810 -            553 GT3.hmm              -            637  2.9e-203  681.3   0.1   1   2  3.3e-129  5.7e-126  426.0   0.0     1   346    13   347    13   367 0.96 [190263/404/1]
190263/404/1.f:BGJBIG_14810 -            553 GT3.hmm              -            637  2.9e-203  681.3   0.1   2   2   4.3e-77   7.4e-74  253.8   0.1   416   596   371   551   354   553 0.97 [190263/404/1]
190263/401/1.f:DMFJNH_21055 -            553 GT3.hmm              -            637  4.4e-203  680.7   0.2   1   2  2.6e-129  4.5e-126  426.3   0.0     1   345    13   346    13   367 0.96 [190263/401/1]
190263/401/1.f:DMFJNH_21055 -            553 GT3.hmm              -            637  4.4e-203  680.7   0.2   2   2   8.1e-77   1.4e-73  252.9   0.0   416   596   371   551   355   553 0.97 [190263/401/1]
190263/488/1.f:DNPFAC_18685 -            553 GT3.hmm              -            637  1.5e-202  679.0   0.2   1   2  1.2e-127  2.1e-124  420.8   0.0     1   346    13   347    13   371 0.96 [190263/488/1]
190263/488/1.f:DNPFAC_18685 -            553 GT3.hmm              -            637  1.5e-202  679.0   0.2   2   2   5.4e-78   9.3e-75  256.8   0.0   416   596   371   551   354   553 0.97 [190263/488/1]
190263/388/1.f:FDDJJK_18355 -            556 GT3.hmm              -            637  2.9e-201  674.7   0.4   1   2  6.9e-127  1.2e-123  418.3   0.0     1   346    13   347    13   364 0.96 [190263/388/1]
190263/388/1.f:FDDJJK_18355 -            556 GT3.hmm              -            637  2.9e-201  674.7   0.4   2   2   1.9e-77   3.2e-74  255.0   0.1   416   596   371   552   353   556 0.97 [190263/388/1]
190263/369/1.f:JCDIFE_16585 -            553 GT3.hmm              -            637  3.1e-201  674.6   0.0   1   2  6.2e-127  1.1e-123  418.5   0.0     1   346    13   347    13   363 0.96 [190263/369/1]
190263/369/1.f:JCDIFE_16585 -            553 GT3.hmm              -            637  3.1e-201  674.6   0.0   2   2   2.4e-77   4.2e-74  254.6   0.0   414   596   369   551   350   553 0.96 [190263/369/1]
190263/461/1.f:DHPHOK_16280 -            553 GT3.hmm              -            637  5.7e-201  673.8   0.1   1   2  1.2e-126  2.1e-123  417.5   0.0     1   346    13   347    13   358 0.96 [190263/461/1]
190263/461/1.f:DHPHOK_16280 -            553 GT3.hmm              -            637  5.7e-201  673.8   0.1   2   2   2.5e-77   4.3e-74  254.6   0.1   415   596   370   551   350   553 0.96 [190263/461/1]
190263/391/1.f:NONBJF_20005 -            556 GT3.hmm              -            637  9.4e-201  673.0   0.4   1   2  4.4e-127  7.5e-124  419.0   0.0     1   346    13   347    13   364 0.96 [190263/391/1]
190263/391/1.f:NONBJF_20005 -            556 GT3.hmm              -            637  9.4e-201  673.0   0.4   2   2   9.2e-77   1.6e-73  252.7   0.1   416   595   371   551   353   556 0.97 [190263/391/1]
190263/534/1.f:OHCFJE_19100 -            556 GT3.hmm              -            637  9.4e-201  673.0   0.4   1   2  4.4e-127  7.5e-124  419.0   0.0     1   346    13   347    13   364 0.96 [190263/534/1]
190263/534/1.f:OHCFJE_19100 -            556 GT3.hmm              -            637  9.4e-201  673.0   0.4   2   2   9.2e-77   1.6e-73  252.7   0.1   416   595   371   551   353   556 0.97 [190263/534/1]
190263/545/1.f:NCJBIN_20045 -            556 GT3.hmm              -            637  9.4e-201  673.0   0.4   1   2  4.4e-127  7.5e-124  419.0   0.0     1   346    13   347    13   364 0.96 [190263/545/1]
190263/545/1.f:NCJBIN_20045 -            556 GT3.hmm              -            637  9.4e-201  673.0   0.4   2   2   9.2e-77   1.6e-73  252.7   0.1   416   595   371   551   353   556 0.97 [190263/545/1]
190263/399/1.f:CDLIDF_15565 -            557 GT3.hmm              -            637  2.5e-198  665.0   0.2   1   2  1.8e-124  3.1e-121  410.3   0.0     1   347    12   347    12   361 0.96 [190263/399/1]
190263/399/1.f:CDLIDF_15565 -            557 GT3.hmm              -            637  2.5e-198  665.0   0.2   2   2     6e-77     1e-73  253.3   0.1   416   598   370   553   349   557 0.94 [190263/399/1]
190263/583/1.f:BCCKNC_10990 -            554 GT3.hmm              -            637  3.7e-197  661.1   0.1   1   2  4.4e-123  7.6e-120  405.7   0.0     1   345    13   346    13   366 0.96 [190263/583/1]
190263/583/1.f:BCCKNC_10990 -            554 GT3.hmm              -            637  3.7e-197  661.1   0.1   2   2     5e-77   8.6e-74  253.6   0.2   416   594   371   550   353   553 0.97 [190263/583/1]
190263/437/1.f:LBKKEJ_12395 -            555 GT3.hmm              -            637  3.7e-195  654.5   1.1   1   2  2.1e-121  3.6e-118  400.2   0.0     1   347    13   348    13   359 0.96 [190263/437/1]
190263/437/1.f:LBKKEJ_12395 -            555 GT3.hmm              -            637  3.7e-195  654.5   1.1   2   2   5.5e-77   9.5e-74  253.5   0.2   416   594   371   550   352   554 0.96 [190263/437/1]
190263/526/1.f:GBBCGM_01480 -           1427 GT3.hmm              -            637  1.5e-192  645.9   4.4   1   2  5.5e-124  9.5e-121  408.7   0.0     1   356    27   371    27   383 0.97 [190263/526/1]
190263/526/1.f:GBBCGM_01480 -           1427 GT3.hmm              -            637  1.5e-192  645.9   4.4   2   2   1.5e-72   2.6e-69  238.8   0.2   417   610   385   581   374   600 0.90 [190263/526/1]
190263/379/1.f:LOJHAC_12995 -            552 GT3.hmm              -            637  1.4e-191  642.7   0.4   1   2  1.7e-123    3e-120  407.1   0.0     1   353    13   354    13   370 0.95 [190263/379/1]
190263/379/1.f:LOJHAC_12995 -            552 GT3.hmm              -            637  1.4e-191  642.7   0.4   2   2   2.6e-71   4.4e-68  234.7   0.1   415   595   370   550   349   552 0.95 [190263/379/1]
190263/516/1.f:MGNFBC_10450 -            552 GT3.hmm              -            637  1.4e-191  642.7   0.4   1   2  1.7e-123    3e-120  407.1   0.0     1   353    13   354    13   370 0.95 [190263/516/1]
190263/516/1.f:MGNFBC_10450 -            552 GT3.hmm              -            637  1.4e-191  642.7   0.4   2   2   2.6e-71   4.4e-68  234.7   0.1   415   595   370   550   349   552 0.95 [190263/516/1]
190263/368/1.f:HPMDBE_11740 -            552 GT3.hmm              -            637  1.8e-191  642.4   0.3   1   2  1.7e-123    3e-120  407.1   0.0     1   353    13   354    13   370 0.95 [190263/368/1]
190263/368/1.f:HPMDBE_11740 -            552 GT3.hmm              -            637  1.8e-191  642.4   0.3   2   2   3.4e-71   5.8e-68  234.3   0.1   415   595   370   550   349   552 0.95 [190263/368/1]
190263/460/1.f:IHFGKI_06385 -            553 GT3.hmm              -            637  3.1e-191  641.6   0.1   1   2  1.2e-121  2.1e-118  401.0   0.0     1   345    13   345    13   357 0.96 [190263/460/1]
190263/460/1.f:IHFGKI_06385 -            553 GT3.hmm              -            637  3.1e-191  641.6   0.1   2   2   1.6e-72   2.7e-69  238.7   0.2   417   593   371   548   357   553 0.97 [190263/460/1]
190263/364/1.f:DKBBKL_13555 -           1414 GT3.hmm              -            637  4.1e-189  634.6   0.0   1   2    9e-121  1.5e-117  398.1   0.0     1   356    14   358    14   368 0.98 [190263/364/1]
190263/364/1.f:DKBBKL_13555 -           1414 GT3.hmm              -            637  4.1e-189  634.6   0.0   2   2   3.4e-71   5.9e-68  234.3   0.1   415   599   370   557   360   589 0.91 [190263/364/1]
190263/365/1.f:JJMMAK_09560 -            552 GT3.hmm              -            637  7.3e-189  633.8   0.0   1   2  5.7e-120  9.8e-117  395.5   0.0     1   350    13   351    13   367 0.95 [190263/365/1]
190263/365/1.f:JJMMAK_09560 -            552 GT3.hmm              -            637  7.3e-189  633.8   0.0   2   2   5.9e-72     1e-68  236.8   0.0   414   595   369   550   351   552 0.95 [190263/365/1]
190263/522/1.f:NPJBCH_04485 -            596 GT3.hmm              -            637  7.9e-189  633.6   0.0   1   2  2.6e-120  4.4e-117  396.6   0.0     1   346    55   389    55   403 0.96 [190263/522/1]
190263/522/1.f:NPJBCH_04485 -            596 GT3.hmm              -            637  7.9e-189  633.6   0.0   2   2   1.8e-71   3.2e-68  235.2   0.0   417   594   414   592   406   596 0.97 [190263/522/1]
190263/595/1.f:HGDLEC_00080 -            552 GT3.hmm              -            637    4e-188  631.3   0.0   1   2  2.5e-119  4.3e-116  393.4   0.0     1   345    13   345    13   355 0.97 [190263/595/1]
190263/595/1.f:HGDLEC_00080 -            552 GT3.hmm              -            637    4e-188  631.3   0.0   2   2     1e-71   1.7e-68  236.1   0.1   417   594   371   549   362   552 0.97 [190263/595/1]
190263/497/1.f:HENFFC_01935 -            552 GT3.hmm              -            637  1.1e-187  629.9   0.0   1   2  1.1e-119  1.9e-116  394.5   0.0     1   350    13   351    13   368 0.95 [190263/497/1]
190263/497/1.f:HENFFC_01935 -            552 GT3.hmm              -            637  1.1e-187  629.9   0.0   2   2   4.5e-71   7.8e-68  233.9   0.0   414   595   369   550   351   552 0.95 [190263/497/1]
190263/421/1.f:PBKEAC_08830 -           1415 GT3.hmm              -            637  5.4e-182  611.1   0.2   1   2  1.1e-121  1.8e-118  401.2   0.0     1   348    13   348    13   356 0.97 [190263/421/1]
190263/421/1.f:PBKEAC_08830 -           1415 GT3.hmm              -            637  5.4e-182  611.1   0.2   2   2   5.4e-63   9.3e-60  207.2   0.2   419   599   373   548   368   585 0.91 [190263/421/1]
190263/366/1.f:DBJPFP_08010 -           1416 GT3.hmm              -            637  4.6e-181  608.0   0.0   1   2  2.1e-119  3.5e-116  393.6   0.0     1   348    13   348    13   358 0.97 [190263/366/1]
190263/366/1.f:DBJPFP_08010 -           1416 GT3.hmm              -            637  4.6e-181  608.0   0.0   2   2     2e-64   3.5e-61  212.0   0.2   417   598   371   547   365   586 0.90 [190263/366/1]
190263/556/1.f:EMIPPF_08105 -           1416 GT3.hmm              -            637  6.6e-181  607.5   0.1   1   2  2.5e-120  4.2e-117  396.7   0.0     1   348    13   348    13   356 0.97 [190263/556/1]
190263/556/1.f:EMIPPF_08105 -           1416 GT3.hmm              -            637  6.6e-181  607.5   0.1   2   2   2.2e-63   3.7e-60  208.5   0.2   419   625   373   576   367   589 0.89 [190263/556/1]
190263/446/1.f:LHJMMB_06110 -           1416 GT3.hmm              -            637  5.2e-178  597.9   0.1   1   2  6.3e-119  1.1e-115  392.0   0.0     1   348    13   348    13   356 0.97 [190263/446/1]
190263/446/1.f:LHJMMB_06110 -           1416 GT3.hmm              -            637  5.2e-178  597.9   0.1   2   2   6.3e-62   1.1e-58  203.7   0.1   418   615   372   566   366   588 0.88 [190263/446/1]
190263/564/1.f:KIHMBJ_09710 -           1422 GT3.hmm              -            637  4.2e-175  588.3   0.0   1   2  7.6e-112  1.3e-108  368.6   0.0     1   347    16   352    16   364 0.96 [190263/564/1]
190263/564/1.f:KIHMBJ_09710 -           1422 GT3.hmm              -            637  4.2e-175  588.3   0.0   2   2   5.1e-66   8.7e-63  217.2   0.1   418   627   377   584   367   593 0.92 [190263/564/1]
190263/415/1.f:OLCEDN_06095 -           1415 GT3.hmm              -            637  3.3e-170  572.1   0.0   1   2  1.6e-107  2.8e-104  354.3   0.0     1   357    12   355    12   359 0.97 [190263/415/1]
190263/415/1.f:OLCEDN_06095 -           1415 GT3.hmm              -            637  3.3e-170  572.1   0.0   2   2   1.5e-65   2.6e-62  215.7   0.0   418   598   368   545   362   578 0.91 [190263/415/1]
190263/473/1.f:MLHPCA_05935 -           1416 GT3.hmm              -            637    5e-169  568.2   0.0   1   2  4.1e-108    7e-105  356.3   0.0     1   357    12   355    12   361 0.96 [190263/473/1]
190263/473/1.f:MLHPCA_05935 -           1416 GT3.hmm              -            637    5e-169  568.2   0.0   2   2   7.9e-64   1.4e-60  210.0   0.0   418   601   368   548   357   582 0.91 [190263/473/1]
190263/523/1.f:MDNHKG_00315 -           1415 GT3.hmm              -            637  1.2e-168  567.0   0.0   1   2  3.3e-110  5.6e-107  363.2   0.0     1   351    13   350    13   358 0.96 [190263/523/1]
190263/523/1.f:MDNHKG_00315 -           1415 GT3.hmm              -            637  1.2e-168  567.0   0.0   2   2   2.8e-61   4.8e-58  201.6   0.0   416   629   369   579   362   586 0.91 [190263/523/1]
190263/540/1.f:BCGFLB_09050 -           1422 GT3.hmm              -            637    4e-165  555.3   0.0   1   2  6.4e-108  1.1e-104  355.6   0.0     1   346    17   351    17   359 0.96 [190263/540/1]
190263/540/1.f:BCGFLB_09050 -           1422 GT3.hmm              -            637    4e-165  555.3   0.0   2   2   5.1e-60   8.8e-57  197.4   0.0   419   627   378   584   371   593 0.92 [190263/540/1]
#
# Program:         hmmsearch
# Version:         3.3.2 (Nov 2020)
# Pipeline mode:   SEARCH
# Query file:      /kb/module/work/tmp/output.1725388484971/GT3/GT3.hmm
# Target file:     /kb/module/work/tmp/output.1725388484971/hCom2_RAST.fasta
# Option settings: /kb/module/hmmer/bin/hmmsearch --domtblout /kb/module/work/tmp/output.1725388484971/GT3/GT3-hCom2_RAST.hitout.txt --noali --notextw --domE 1e-15 /kb/module/work/tmp/output.1725388484971/GT3/GT3.hmm /kb/module/work/tmp/output.1725388484971/hCom2_RAST.fasta 
# Current dir:     /kb/module/work/tmp/output.1725388484971
# Date:            Tue Sep  3 18:57:37 2024
# [ok]
