#                                                                                   --- full sequence --- -------------- this domain -------------   hmm coord   ali coord   env coord
# target name               accession   tlen query name           accession   qlen   E-value  score  bias   #  of  c-Evalue  i-Evalue  score  bias  from    to  from    to  from    to  acc description of target
#       ------------------- ---------- ----- -------------------- ---------- ----- --------- ------ ----- --- --- --------- --------- ------ ----- ----- ----- ----- ----- ----- ----- ---- ---------------------
190263/484/1.f:NBHDLB_00825 -            441 GT30.hmm             -            177   1.6e-60  208.0   0.0   1   1   4.6e-64   2.6e-60  207.3   0.0     2   176    36   217    35   218 0.95 [190263/484/1]
190263/382/1.f:JACGKO_01015 -            828 GT30.hmm             -            177   2.3e-55  191.2   0.0   1   1     9e-59     5e-55  190.1   0.0     2   176    33   215    32   216 0.95 [190263/382/1]
190263/591/1.f:NBPJEL_06925 -            434 GT30.hmm             -            177   5.3e-54  186.8   0.1   1   1     1e-56   5.7e-53  183.4   0.1     9   176    40   215    32   216 0.93 [190263/591/1]
190263/588/1.f:LGPOLK_00245 -            451 GT30.hmm             -            177   2.3e-53  184.7   0.0   1   1   8.4e-57   4.7e-53  183.7   0.0     2   176    42   224    41   225 0.95 [190263/588/1]
190263/569/1.f:FCJLID_03125 -            843 GT30.hmm             -            177   2.7e-52  181.2   0.0   1   1     1e-55   5.8e-52  180.1   0.0     5   176    37   216    31   217 0.94 [190263/569/1]
190263/436/1.f:KEEIED_08580 -            843 GT30.hmm             -            177   3.9e-52  180.7   0.0   1   1   1.4e-55   7.8e-52  179.7   0.0     5   176    37   216    31   217 0.94 [190263/436/1]
190263/466/1.f:PGJOII_02035 -            406 GT30.hmm             -            177   5.2e-48  167.2   0.0   1   1   1.7e-51   9.4e-48  166.4   0.0    10   176    43   205    29   206 0.94 [190263/466/1]
190263/456/1.f:LKAJBD_01345 -            406 GT30.hmm             -            177     4e-47  164.4   0.0   1   1   1.2e-50   6.8e-47  163.6   0.0    10   176    43   205    29   206 0.94 [190263/456/1]
190263/379/1.f:LOJHAC_14300 -            386 GT30.hmm             -            177   6.7e-47  163.6   0.0   1   1   1.7e-50   9.5e-47  163.1   0.0     9   176     5   179     1   180 0.92 [190263/379/1]
190263/368/1.f:HPMDBE_12880 -            386 GT30.hmm             -            177   6.8e-47  163.6   0.0   1   1   1.7e-50   9.5e-47  163.1   0.0     9   176     5   179     1   180 0.92 [190263/368/1]
190263/516/1.f:MGNFBC_11845 -            386 GT30.hmm             -            177   8.8e-47  163.2   0.0   1   1   2.2e-50   1.2e-46  162.8   0.0     9   176     5   179     1   180 0.92 [190263/516/1]
190263/497/1.f:HENFFC_12215 -            408 GT30.hmm             -            177     1e-46  163.0   0.0   1   1   2.6e-50   1.5e-46  162.5   0.0     6   176    27   204    22   205 0.92 [190263/497/1]
190263/364/1.f:DKBBKL_08650 -            406 GT30.hmm             -            177   1.4e-46  162.6   0.0   1   1   3.8e-50   2.1e-46  162.0   0.0     4   176    35   205    28   206 0.93 [190263/364/1]
190263/488/1.f:DNPFAC_02225 -            406 GT30.hmm             -            177   1.8e-46  162.2   0.0   1   1   5.5e-50   3.1e-46  161.5   0.0    10   176    43   205    28   206 0.94 [190263/488/1]
190263/506/1.f:IKGMED_02470 -            428 GT30.hmm             -            177   3.6e-46  161.3   0.0   1   1   1.5e-49   8.2e-46  160.1   0.0     3   176    39   217    37   218 0.95 [190263/506/1]
190263/583/1.f:BCCKNC_04020 -            406 GT30.hmm             -            177   3.9e-46  161.1   0.0   1   1   9.6e-50   5.4e-46  160.7   0.0     4   176    32   205    29   206 0.94 [190263/583/1]
190263/523/1.f:MDNHKG_04150 -            411 GT30.hmm             -            177   4.1e-46  161.1   0.0   1   1   1.3e-49   7.4e-46  160.2   0.0     9   176    41   206    29   207 0.93 [190263/523/1]
190263/365/1.f:JJMMAK_10580 -            408 GT30.hmm             -            177   5.2e-46  160.7   0.0   1   1   1.3e-49   7.3e-46  160.2   0.0     6   176    27   204    22   205 0.92 [190263/365/1]
190263/562/1.f:KJGNCK_08010 -            407 GT30.hmm             -            177   5.9e-46  160.5   0.0   1   1   1.6e-49   8.7e-46  160.0   0.0    10   176    43   205    28   206 0.94 [190263/562/1]
190263/552/1.f:EMALNL_03005 -            407 GT30.hmm             -            177   5.9e-46  160.5   0.0   1   1   1.6e-49   8.7e-46  160.0   0.0    10   176    43   205    28   206 0.94 [190263/552/1]
190263/573/1.f:LIDFCI_20495 -            407 GT30.hmm             -            177   9.3e-46  159.9   0.0   1   1   2.5e-49   1.4e-45  159.3   0.0    10   176    43   205    28   206 0.94 [190263/573/1]
190263/475/1.f:MCKEEP_03090 -            407 GT30.hmm             -            177   9.5e-46  159.9   0.0   1   1   2.5e-49   1.4e-45  159.3   0.0    10   176    43   205    28   206 0.94 [190263/475/1]
190263/404/1.f:BGJBIG_01945 -            407 GT30.hmm             -            177   1.1e-45  159.7   0.0   1   1   2.9e-49   1.6e-45  159.1   0.0    10   176    43   205    28   206 0.94 [190263/404/1]
190263/421/1.f:PBKEAC_12060 -            408 GT30.hmm             -            177   1.3e-45  159.4   0.0   1   1   4.7e-49   2.6e-45  158.4   0.0    10   176    44   206    26   207 0.93 [190263/421/1]
190263/401/1.f:DMFJNH_02350 -            407 GT30.hmm             -            177   1.9e-45  158.9   0.0   1   1     5e-49   2.8e-45  158.3   0.0    10   176    43   205    28   206 0.94 [190263/401/1]
190263/504/1.f:DOAHDM_03150 -            407 GT30.hmm             -            177   1.9e-45  158.9   0.0   1   1     5e-49   2.8e-45  158.3   0.0    10   176    43   205    28   206 0.94 [190263/504/1]
190263/522/1.f:NPJBCH_12075 -            405 GT30.hmm             -            177   2.1e-45  158.7   0.0   1   1   1.2e-48   6.4e-45  157.2   0.0     9   176    34   204    27   205 0.93 [190263/522/1]
190263/417/1.f:MHBJAE_01885 -            406 GT30.hmm             -            177   2.1e-45  158.7   0.0   1   1   5.9e-49   3.3e-45  158.1   0.0    10   176    43   205    27   206 0.94 [190263/417/1]
190263/446/1.f:LHJMMB_01290 -            408 GT30.hmm             -            177   2.3e-45  158.6   0.0   1   1   1.1e-48     6e-45  157.3   0.0     6   176    38   206    32   207 0.94 [190263/446/1]
190263/399/1.f:CDLIDF_06285 -            406 GT30.hmm             -            177   2.4e-45  158.6   0.0   1   1   6.4e-49   3.6e-45  158.0   0.0    12   176    45   205    30   206 0.94 [190263/399/1]
190263/405/1.f:EHKDKA_08455 -            406 GT30.hmm             -            177     3e-45  158.2   0.0   1   1     1e-48   5.6e-45  157.4   0.0    11   176    44   205    30   206 0.94 [190263/405/1]
190263/369/1.f:JCDIFE_06090 -            406 GT30.hmm             -            177   3.4e-45  158.1   0.0   1   1   9.5e-49   5.3e-45  157.4   0.0    11   176    44   205    30   206 0.94 [190263/369/1]
190263/366/1.f:DBJPFP_10990 -            408 GT30.hmm             -            177   4.7e-45  157.6   0.0   1   1   1.4e-48   7.8e-45  156.9   0.0     9   176    41   206    23   207 0.93 [190263/366/1]
190263/388/1.f:FDDJJK_07675 -            406 GT30.hmm             -            177   5.5e-45  157.4   0.0   1   1   1.4e-48     8e-45  156.9   0.0    10   176    43   205    29   206 0.93 [190263/388/1]
190263/585/1.f:DLBDDB_01845 -            407 GT30.hmm             -            177   6.7e-45  157.1   0.0   1   1   1.7e-48   9.6e-45  156.6   0.0    10   176    43   205    28   206 0.94 [190263/585/1]
190263/534/1.f:OHCFJE_04185 -            406 GT30.hmm             -            177   6.9e-45  157.1   0.0   1   1   1.8e-48     1e-44  156.5   0.0    10   176    43   205    29   206 0.93 [190263/534/1]
190263/545/1.f:NCJBIN_08775 -            406 GT30.hmm             -            177   6.9e-45  157.1   0.0   1   1   1.8e-48     1e-44  156.5   0.0    10   176    43   205    29   206 0.93 [190263/545/1]
190263/391/1.f:NONBJF_08810 -            406 GT30.hmm             -            177   6.9e-45  157.1   0.0   1   1   1.8e-48     1e-44  156.5   0.0    10   176    43   205    29   206 0.93 [190263/391/1]
190263/556/1.f:EMIPPF_10785 -            408 GT30.hmm             -            177     7e-45  157.1   0.0   1   1     3e-48   1.7e-44  155.8   0.0     6   176    38   206    33   207 0.94 [190263/556/1]
190263/502/1.f:NONHGB_07560 -            406 GT30.hmm             -            177   7.1e-45  157.0   0.0   1   1   2.3e-48   1.3e-44  156.2   0.0    11   176    44   205    30   206 0.94 [190263/502/1]
190263/461/1.f:DHPHOK_06320 -            406 GT30.hmm             -            177   1.8e-44  155.7   0.0   1   1   5.4e-48     3e-44  155.0   0.0    11   176    44   205    30   206 0.94 [190263/461/1]
190263/437/1.f:LBKKEJ_05560 -            407 GT30.hmm             -            177   2.5e-44  155.2   0.0   1   1   6.3e-48   3.5e-44  154.8   0.0     9   176    37   205    29   206 0.93 [190263/437/1]
190263/564/1.f:KIHMBJ_08255 -            442 GT30.hmm             -            177   9.8e-43  150.1   0.0   1   1   2.9e-46   1.6e-42  149.4   0.0    11   176    79   240    63   241 0.92 [190263/564/1]
190263/526/1.f:GBBCGM_11335 -            410 GT30.hmm             -            177   1.5e-42  149.4   0.0   1   1     4e-46   2.2e-42  148.9   0.0     3   176    37   207    34   208 0.94 [190263/526/1]
190263/460/1.f:IHFGKI_13960 -            420 GT30.hmm             -            177   4.1e-42  148.0   0.0   1   1   1.1e-45   6.2e-42  147.4   0.0     9   176    35   205    28   206 0.92 [190263/460/1]
190263/595/1.f:HGDLEC_09470 -            434 GT30.hmm             -            177   5.4e-42  147.6   0.0   1   1   1.4e-45   7.8e-42  147.1   0.0     5   176    30   204    27   205 0.93 [190263/595/1]
190263/540/1.f:BCGFLB_07755 -            409 GT30.hmm             -            177   1.2e-41  146.5   0.0   1   1   3.3e-45   1.8e-41  145.9   0.0    10   176    45   207    33   208 0.94 [190263/540/1]
190263/473/1.f:MLHPCA_02235 -            461 GT30.hmm             -            177   4.8e-35  125.0   0.0   1   1   2.1e-38   1.2e-34  123.8   0.0    12   176    62   241    35   242 0.85 [190263/473/1]
#
# Program:         hmmsearch
# Version:         3.3.2 (Nov 2020)
# Pipeline mode:   SEARCH
# Query file:      /kb/module/work/tmp/output.1725388484971/GT30/GT30.hmm
# Target file:     /kb/module/work/tmp/output.1725388484971/hCom2_RAST.fasta
# Option settings: /kb/module/hmmer/bin/hmmsearch --domtblout /kb/module/work/tmp/output.1725388484971/GT30/GT30-hCom2_RAST.hitout.txt --noali --notextw --domE 1e-15 /kb/module/work/tmp/output.1725388484971/GT30/GT30.hmm /kb/module/work/tmp/output.1725388484971/hCom2_RAST.fasta 
# Current dir:     /kb/module/work/tmp/output.1725388484971
# Date:            Tue Sep  3 18:58:18 2024
# [ok]
