#                                                                                   --- full sequence --- -------------- this domain -------------   hmm coord   ali coord   env coord
# target name               accession   tlen query name           accession   qlen   E-value  score  bias   #  of  c-Evalue  i-Evalue  score  bias  from    to  from    to  from    to  acc description of target
#       ------------------- ---------- ----- -------------------- ---------- ----- --------- ------ ----- --- --- --------- --------- ------ ----- ----- ----- ----- ----- ----- ----- ---- ---------------------
190263/478/1.f:BOCJFA_04540 -            273 GT32.hmm             -             90   1.1e-24   91.0   0.7   1   1   5.7e-28   2.5e-24   89.8   0.7     2    88    19    96    18    98 0.94 [190263/478/1]
190263/514/1.f:MMHOAN_05440 -            250 GT32.hmm             -             90     8e-24   88.2   1.0   1   1   6.3e-27   2.8e-23   86.5   0.3     1    86    20    96    20   100 0.93 [190263/514/1]
190263/456/1.f:LKAJBD_00455 -            256 GT32.hmm             -             90   1.1e-23   87.8   0.6   1   1   5.4e-27   2.4e-23   86.7   0.6     5    88    22    96    20    98 0.95 [190263/456/1]
190263/455/1.f:GDGJDA_06425 -            270 GT32.hmm             -             90   1.2e-23   87.6   3.3   1   1   4.1e-27   1.8e-23   87.1   2.3     2    89    19    97    18    98 0.93 [190263/455/1]
190263/557/1.f:DOLMEB_02680 -            245 GT32.hmm             -             90   2.6e-23   86.6   0.6   1   1   1.7e-26   7.7e-23   85.1   0.6     2    87    19    95    18    98 0.94 [190263/557/1]
190263/507/1.f:KPMKPI_00445 -            304 GT32.hmm             -             90   1.4e-22   84.2   0.2   1   1   3.2e-26   1.4e-22   84.2   0.2     2    87    86   166    85   169 0.94 [190263/507/1]
190263/576/1.f:FNMBCG_10755 -            263 GT32.hmm             -             90   1.9e-22   83.8   1.4   1   1   5.5e-26   2.4e-22   83.5   0.4     2    89    23   101    22   102 0.95 [190263/576/1]
190263/586/1.f:KBDCAC_07260 -            237 GT32.hmm             -             90   2.1e-22   83.7   0.5   1   1   1.3e-25   5.7e-22   82.3   0.5     3    88    20    96    18    98 0.94 [190263/586/1]
190263/583/1.f:BCCKNC_13630 -            236 GT32.hmm             -             90   2.1e-22   83.7   0.2   1   1   1.2e-25   5.3e-22   82.4   0.2     2    88    19    96    18    98 0.94 [190263/583/1]
190263/369/1.f:JCDIFE_16100 -            245 GT32.hmm             -             90   7.8e-22   81.8   1.8   1   1     4e-25   1.8e-21   80.7   0.3     2    87    19    95    18    98 0.94 [190263/369/1]
190263/456/1.f:LKAJBD_12680 -            254 GT32.hmm             -             90   1.2e-21   81.2   1.6   1   1   6.1e-25   2.7e-21   80.1   0.3     4    87    21    95    18    97 0.95 [190263/456/1]
190263/366/1.f:DBJPFP_16015 -            259 GT32.hmm             -             90   2.1e-21   80.4   0.5   1   1     8e-25   3.5e-21   79.8   0.1     1    88    18    96    18    98 0.95 [190263/366/1]
190263/379/1.f:LOJHAC_19380 -            235 GT32.hmm             -             90   2.2e-21   80.4   1.7   1   1     1e-23   4.4e-20   76.2   0.2     7    88    27   103    22   105 0.95 [190263/379/1]
190263/516/1.f:MGNFBC_16285 -            235 GT32.hmm             -             90   2.2e-21   80.4   1.7   1   1     1e-23   4.4e-20   76.2   0.2     7    88    27   103    22   105 0.95 [190263/516/1]
190263/365/1.f:JJMMAK_06360 -            246 GT32.hmm             -             90   2.2e-21   80.4   0.5   1   1   9.1e-25     4e-21   79.6   0.5     5    88    22    96    18    98 0.94 [190263/365/1]
190263/379/1.f:LOJHAC_17635 -            544 GT32.hmm             -             90   2.2e-21   80.4   1.8   1   1   1.4e-24   6.1e-21   79.0   0.3     7    87   338   413   333   416 0.94 [190263/379/1]
190263/516/1.f:MGNFBC_15050 -            544 GT32.hmm             -             90   2.2e-21   80.4   1.8   1   1   1.4e-24   6.1e-21   79.0   0.3     7    87   338   413   333   416 0.94 [190263/516/1]
190263/368/1.f:HPMDBE_17145 -            544 GT32.hmm             -             90   2.2e-21   80.4   1.8   1   1   1.4e-24   6.1e-21   79.0   0.3     7    87   338   413   333   416 0.94 [190263/368/1]
190263/421/1.f:PBKEAC_06445 -            253 GT32.hmm             -             90   2.5e-21   80.2   0.8   1   1   1.3e-24   5.8e-21   79.1   0.8     3    88    20    96    18    97 0.94 [190263/421/1]
190263/401/1.f:DMFJNH_08045 -            233 GT32.hmm             -             90   2.6e-21   80.2   1.3   1   1     1e-24   4.5e-21   79.4   0.2     8    87    29   103    24   106 0.94 [190263/401/1]
190263/504/1.f:DOAHDM_08540 -            233 GT32.hmm             -             90   2.6e-21   80.2   1.3   1   1     1e-24   4.5e-21   79.4   0.2     8    87    29   103    24   106 0.94 [190263/504/1]
190263/458/1.f:AMPCAI_05715 -            231 GT32.hmm             -             90   2.8e-21   80.1   0.9   1   1   1.3e-24   5.5e-21   79.1   0.9     3    89    20    97    18    98 0.91 [190263/458/1]
190263/461/1.f:DHPHOK_11830 -            253 GT32.hmm             -             90   4.4e-21   79.5   3.7   1   1   1.5e-24   6.5e-21   78.9   0.2     2    88    19    96    18    98 0.95 [190263/461/1]
190263/475/1.f:MCKEEP_13625 -            257 GT32.hmm             -             90   5.4e-21   79.2   0.5   1   1   3.1e-24   1.4e-20   77.9   0.5     2    89    19    98    18    99 0.94 [190263/475/1]
190263/366/1.f:DBJPFP_08190 -            248 GT32.hmm             -             90   5.4e-21   79.2   0.2   1   1   6.7e-24   2.9e-20   76.8   0.2     2    87    19    95    18    97 0.95 [190263/366/1]
190263/399/1.f:CDLIDF_06035 -            230 GT32.hmm             -             90     6e-21   79.0   0.2   1   1   1.4e-24     6e-21   79.0   0.2     2    88    19    96    18    98 0.93 [190263/399/1]
190263/516/1.f:MGNFBC_06710 -            250 GT32.hmm             -             90   6.3e-21   78.9   0.6   1   1   3.4e-24   1.5e-20   77.8   0.6     3    87    20    95    18    97 0.94 [190263/516/1]
190263/580/1.f:JCPJNN_28165 -            242 GT32.hmm             -             90   8.3e-21   78.6   1.8   1   1   3.7e-24   1.6e-20   77.6   1.8     3    89    20    97    18    98 0.93 [190263/580/1]
190263/490/1.f:OIBLLI_06060 -            375 GT32.hmm             -             90   9.3e-21   78.4   2.5   1   1   2.1e-24   9.3e-21   78.4   2.5     4    88   159   234   156   236 0.94 [190263/490/1]
190263/531/1.f:KJIPPC_13635 -            609 GT32.hmm             -             90     1e-20   78.3   1.4   1   1   2.3e-24     1e-20   78.3   1.4     3    89    20    97    18    98 0.93 [190263/531/1]
190263/399/1.f:CDLIDF_14830 -            230 GT32.hmm             -             90   1.7e-20   77.6   1.0   1   1     1e-23   4.4e-20   76.2   1.0     2    89    19    97    18    98 0.95 [190263/399/1]
190263/368/1.f:HPMDBE_18315 -            231 GT32.hmm             -             90   1.9e-20   77.4   0.6   1   1   1.4e-23   6.3e-20   75.7   0.2     7    89    27   104    22   105 0.95 [190263/368/1]
190263/401/1.f:DMFJNH_23155 -            235 GT32.hmm             -             90   2.3e-20   77.1   1.6   1   1     1e-23   4.4e-20   76.2   1.6     1    88    18    96    18    98 0.94 [190263/401/1]
190263/399/1.f:CDLIDF_17210 -            266 GT32.hmm             -             90   2.4e-20   77.1   3.4   1   1   9.1e-24     4e-20   76.4   0.6     3    88    20    96    18    98 0.94 [190263/399/1]
190263/568/1.f:ABMLLK_03255 -            241 GT32.hmm             -             90   3.8e-20   76.4   3.4   1   1   8.7e-24   3.8e-20   76.4   3.4     2    89    23   101    22   102 0.95 [190263/568/1]
190263/578/1.f:HIHCLH_03730 -            315 GT32.hmm             -             90   3.9e-20   76.4   3.6   1   1   4.7e-23     2e-19   74.1   0.1     1    84   100   178   100   184 0.96 [190263/578/1]
190263/527/1.f:HGADJN_07830 -            335 GT32.hmm             -             90   6.9e-20   75.6   0.5   1   1   6.4e-23   2.8e-19   73.7   0.0     2    85   115   193   114   196 0.93 [190263/527/1]
190263/417/1.f:MHBJAE_21075 -            231 GT32.hmm             -             90   7.4e-20   75.5   2.2   1   1   3.3e-23   1.4e-19   74.6   2.2     2    89    19    97    18    98 0.94 [190263/417/1]
190263/401/1.f:DMFJNH_25640 -            236 GT32.hmm             -             90   1.1e-19   75.0   1.0   1   1   5.6e-23   2.5e-19   73.8   0.5     6    88     2    76     1    78 0.94 [190263/401/1]
190263/475/1.f:MCKEEP_15475 -            268 GT32.hmm             -             90   1.5e-19   74.5   0.3   1   1   9.7e-23   4.3e-19   73.1   0.3     3    88    20    96    18    98 0.95 [190263/475/1]
190263/545/1.f:NCJBIN_13605 -            255 GT32.hmm             -             90   1.6e-19   74.4   3.5   1   1   4.7e-23   2.1e-19   74.1   1.3     3    87    20    95    18    98 0.94 [190263/545/1]
190263/495/1.f:ANKNCD_19385 -            318 GT32.hmm             -             90   2.5e-19   73.8   0.2   1   1   5.7e-23   2.5e-19   73.8   0.2     2    83   100   176    99   185 0.95 [190263/495/1]
190263/446/1.f:LHJMMB_06815 -            243 GT32.hmm             -             90   2.9e-19   73.6   0.4   1   1   1.8e-22     8e-19   72.2   0.4     3    87    11    86     9    88 0.96 [190263/446/1]
190263/391/1.f:NONBJF_14965 -            230 GT32.hmm             -             90   4.4e-19   73.0   0.1   1   1   2.3e-22   9.9e-19   71.9   0.1     3    89    20    97    18    98 0.93 [190263/391/1]
190263/534/1.f:OHCFJE_14880 -            230 GT32.hmm             -             90   4.4e-19   73.0   0.1   1   1   2.3e-22   9.9e-19   71.9   0.1     3    89    20    97    18    98 0.93 [190263/534/1]
190263/545/1.f:NCJBIN_15525 -            230 GT32.hmm             -             90   4.4e-19   73.0   0.1   1   1   2.3e-22   9.9e-19   71.9   0.1     3    89    20    97    18    98 0.93 [190263/545/1]
190263/417/1.f:MHBJAE_10000 -            239 GT32.hmm             -             90   4.8e-19   72.9   1.7   1   1   1.9e-22   8.5e-19   72.1   0.1     4    89    21    97    18    98 0.93 [190263/417/1]
190263/488/1.f:DNPFAC_22940 -            231 GT32.hmm             -             90   5.3e-19   72.8   1.9   1   1   2.3e-22     1e-18   71.9   1.9     2    87    19    95    18    98 0.93 [190263/488/1]
190263/540/1.f:BCGFLB_03180 -            208 GT32.hmm             -             90   5.5e-19   72.7   0.1   1   1   2.2e-22   9.8e-19   71.9   0.1     2    87    19    95    18    96 0.94 [190263/540/1]
190263/457/1.f:IIKDLL_09050 -            380 GT32.hmm             -             90   5.7e-19   72.7   1.4   1   1   2.7e-22   1.2e-18   71.6   0.3     3    88   163   239   161   241 0.93 [190263/457/1]
190263/447/1.f:OLODHC_03020 -            257 GT32.hmm             -             90   5.9e-19   72.6   0.8   1   1   1.3e-22   5.9e-19   72.6   0.8     4    89    22    98    19    99 0.93 [190263/447/1]
190263/401/1.f:DMFJNH_08040 -            224 GT32.hmm             -             90   9.5e-19   72.0   0.6   1   1   2.2e-22   9.5e-19   72.0   0.6     2    88    20   101    19   103 0.96 [190263/401/1]
190263/504/1.f:DOAHDM_08535 -            224 GT32.hmm             -             90   9.5e-19   72.0   0.6   1   1   2.2e-22   9.5e-19   72.0   0.6     2    88    20   101    19   103 0.96 [190263/504/1]
190263/565/1.f:PAEINE_06000 -            337 GT32.hmm             -             90     1e-18   71.9   0.0   1   1   5.3e-22   2.3e-18   70.7   0.0     2    86   115   194   114   197 0.95 [190263/565/1]
190263/488/1.f:DNPFAC_13045 -            251 GT32.hmm             -             90   1.3e-18   71.5   1.4   1   1   5.4e-22   2.4e-18   70.7   0.4     4    88    23    99    20   101 0.93 [190263/488/1]
190263/466/1.f:PGJOII_09180 -            347 GT32.hmm             -             90   1.4e-18   71.4   0.2   1   1   3.2e-22   1.4e-18   71.4   0.2     2    81   115   189   114   197 0.94 [190263/466/1]
190263/534/1.f:OHCFJE_21000 -            257 GT32.hmm             -             90   1.5e-18   71.3   3.7   1   1   4.7e-21   2.1e-17   67.7   1.3     4    88    21    96    18    98 0.92 [190263/534/1]
190263/365/1.f:JJMMAK_08270 -            141 GT32.hmm             -             90   1.7e-18   71.1   1.7   1   1   5.2e-22   2.3e-18   70.7   1.7     7    89    17    93    11    94 0.93 [190263/365/1]
190263/391/1.f:NONBJF_16180 -            259 GT32.hmm             -             90   6.6e-18   69.3   0.6   1   1   6.7e-21   2.9e-17   67.2   0.6     4    87    21    95    18    98 0.93 [190263/391/1]
190263/573/1.f:LIDFCI_05195 -            259 GT32.hmm             -             90   7.9e-18   69.0   0.5   1   1   4.1e-21   1.8e-17   67.9   0.5     3    87    10    85     8    88 0.93 [190263/573/1]
190263/404/1.f:BGJBIG_04495 -            244 GT32.hmm             -             90   8.6e-18   68.9   1.5   1   1     2e-21   8.6e-18   68.9   1.5     4    87    21    95    18    97 0.95 [190263/404/1]
190263/363/1.f:CIHHOC_06145 -            316 GT32.hmm             -             90   9.4e-18   68.8   0.2   1   1   2.1e-21   9.4e-18   68.8   0.2     3    80    99   171    97   180 0.95 [190263/363/1]
190263/586/1.f:KBDCAC_06355 -            313 GT32.hmm             -             90   6.4e-17   66.1   2.4   1   1     3e-20   1.3e-16   65.1   0.2     2    82    98   173    97   187 0.95 [190263/586/1]
190263/399/1.f:CDLIDF_04360 -            231 GT32.hmm             -             90     9e-17   65.6   0.8   1   1   5.3e-20   2.3e-16   64.3   0.0     4    88     6    86     3    88 0.89 [190263/399/1]
190263/580/1.f:JCPJNN_20430 -            322 GT32.hmm             -             90     2e-16   64.5   0.1   1   1   4.5e-20     2e-16   64.5   0.1     3    87    94   172    93   175 0.94 [190263/580/1]
190263/460/1.f:IHFGKI_11800 -            233 GT32.hmm             -             90   2.4e-16   64.3   0.8   1   1   1.6e-19     7e-16   62.8   0.4     3    89    20    97    18    98 0.94 [190263/460/1]
190263/439/1.f:KGLJGB_02915 -            235 GT32.hmm             -             90   7.9e-16   62.6   0.7   1   1   1.8e-19   7.9e-16   62.6   0.7     2    88    21    98    20   100 0.94 [190263/439/1]
190263/466/1.f:PGJOII_04030 -            293 GT32.hmm             -             90   1.2e-15   62.1   0.1   1   1   2.6e-19   1.2e-15   62.1   0.1     3    89    73   154    71   155 0.93 [190263/466/1]
190263/502/1.f:NONHGB_03740 -            306 GT32.hmm             -             90   1.4e-15   61.8   0.8   1   1   9.9e-19   4.4e-15   60.2   0.1     3    88    79   159    77   161 0.93 [190263/502/1]
190263/369/1.f:JCDIFE_07680 -            340 GT32.hmm             -             90   2.1e-15   61.2   0.3   1   1   2.4e-18   1.1e-14   59.0   0.0     2    80   117   188   116   197 0.92 [190263/369/1]
190263/401/1.f:DMFJNH_03375 -            309 GT32.hmm             -             90   3.4e-15   60.6   1.1   1   1   1.9e-18   8.3e-15   59.3   0.2     4    86    82   159    79   163 0.93 [190263/401/1]
190263/504/1.f:DOAHDM_03825 -            309 GT32.hmm             -             90   3.4e-15   60.6   1.1   1   1   1.9e-18   8.3e-15   59.3   0.2     4    86    82   159    79   163 0.93 [190263/504/1]
190263/437/1.f:LBKKEJ_04265 -            250 GT32.hmm             -             90   1.9e-14   58.2   0.8   1   1   1.2e-17   5.2e-14   56.8   0.4     4    89    35   111    33   112 0.90 [190263/437/1]
190263/365/1.f:JJMMAK_15675 -            232 GT32.hmm             -             90   4.5e-14   57.0   0.3   1   1   2.2e-17   9.5e-14   55.9   0.3     4    89    21    97    18    98 0.92 [190263/365/1]
190263/497/1.f:HENFFC_16815 -            233 GT32.hmm             -             90   4.6e-14   56.9   0.1   1   1   2.3e-17     1e-13   55.8   0.1     4    89    21    97    18    98 0.92 [190263/497/1]
190263/562/1.f:KJGNCK_15655 -            649 GT32.hmm             -             90     3e-13   54.3   0.8   1   1   5.3e-16   2.3e-12   51.5   0.0     2    83   422   504   421   509 0.80 [190263/562/1]
190263/545/1.f:NCJBIN_19765 -            317 GT32.hmm             -             90   3.4e-13   54.1   1.5   1   1   1.3e-16   5.9e-13   53.4   0.0     3    86    98   175    96   179 0.94 [190263/545/1]
#
# Program:         hmmsearch
# Version:         3.3.2 (Nov 2020)
# Pipeline mode:   SEARCH
# Query file:      /kb/module/work/tmp/output.1725388484971/GT32/GT32.hmm
# Target file:     /kb/module/work/tmp/output.1725388484971/hCom2_RAST.fasta
# Option settings: /kb/module/hmmer/bin/hmmsearch --domtblout /kb/module/work/tmp/output.1725388484971/GT32/GT32-hCom2_RAST.hitout.txt --noali --notextw --domE 1e-15 /kb/module/work/tmp/output.1725388484971/GT32/GT32.hmm /kb/module/work/tmp/output.1725388484971/hCom2_RAST.fasta 
# Current dir:     /kb/module/work/tmp/output.1725388484971
# Date:            Tue Sep  3 18:58:20 2024
# [ok]
