#                                                                                   --- full sequence --- -------------- this domain -------------   hmm coord   ali coord   env coord
# target name               accession   tlen query name           accession   qlen   E-value  score  bias   #  of  c-Evalue  i-Evalue  score  bias  from    to  from    to  from    to  acc description of target
#       ------------------- ---------- ----- -------------------- ---------- ----- --------- ------ ----- --- --- --------- --------- ------ ----- ----- ----- ----- ----- ----- ----- ---- ---------------------
190263/487/1.f:MPKEFC_01785 -            811 GT35.hmm             -            674  3.3e-284  949.0   8.4   1   1  1.5e-287  3.3e-284  949.0   8.4     2   674    97   807    96   807 0.99 [190263/487/1]
190263/507/1.f:KPMKPI_14920 -            820 GT35.hmm             -            674  1.1e-282  943.9   7.7   1   1  6.7e-286  1.4e-282  943.6   7.7     1   673    95   813    95   814 0.99 [190263/507/1]
190263/586/1.f:KBDCAC_10225 -            816 GT35.hmm             -            674  2.3e-282  942.9   6.1   1   1  1.3e-285  2.7e-282  942.7   6.1     1   673    93   809    93   810 0.99 [190263/586/1]
190263/578/1.f:HIHCLH_00865 -            816 GT35.hmm             -            674    1e-281  940.8   3.5   1   1  6.8e-285  1.5e-281  940.2   3.5     1   674    95   810    95   810 0.99 [190263/578/1]
190263/512/1.f:JBCLGH_12055 -            823 GT35.hmm             -            674  2.7e-281  939.4   8.0   1   1  1.5e-284  3.3e-281  939.1   8.0     1   673    95   813    95   814 0.99 [190263/512/1]
190263/478/1.f:BOCJFA_16770 -            820 GT35.hmm             -            674  3.8e-281  938.9   3.7   1   1  1.7e-284  3.8e-281  938.9   3.7     1   673    95   812    95   813 0.99 [190263/478/1]
190263/513/1.f:MKNBNH_00260 -            815 GT35.hmm             -            674    7e-281  938.0   7.1   1   1  4.2e-284    9e-281  937.6   7.1     1   673    96   806    96   807 0.99 [190263/513/1]
190263/472/1.f:NMGHJI_00535 -            820 GT35.hmm             -            674  7.4e-281  937.9   6.6   1   1    5e-284  1.1e-280  937.4   6.6     1   673    95   812    95   813 0.99 [190263/472/1]
190263/452/1.f:PEIHBN_14800 -            821 GT35.hmm             -            674  1.1e-280  937.4   5.1   1   1  6.5e-284  1.4e-280  937.0   5.1     1   673    95   814    95   815 0.99 [190263/452/1]
190263/370/1.f:MFKGBO_10890 -            817 GT35.hmm             -            674  1.1e-280  937.3   3.7   1   1  6.5e-284  1.4e-280  937.0   3.7     2   673    95   810    94   811 0.99 [190263/370/1]
190263/546/1.f:GEHMID_07430 -            819 GT35.hmm             -            674  1.6e-280  936.8   6.1   1   1    1e-283  2.2e-280  936.4   6.1     1   673    94   812    94   813 0.99 [190263/546/1]
190263/384/1.f:CDKGIA_17750 -            817 GT35.hmm             -            674  1.7e-280  936.8   5.2   1   1  9.4e-284    2e-280  936.5   5.2     1   674    94   811    94   811 0.99 [190263/384/1]
190263/557/1.f:DOLMEB_12630 -            826 GT35.hmm             -            674  2.2e-280  936.4   6.8   1   1  1.2e-283  2.7e-280  936.1   6.8     1   674    95   814    95   814 0.99 [190263/557/1]
190263/386/1.f:DBGIOG_08890 -            818 GT35.hmm             -            674  4.3e-280  935.4  11.5   1   1  2.7e-283    6e-280  934.9  11.5     1   673    95   812    95   813 0.99 [190263/386/1]
190263/532/1.f:BGDBBA_02155 -            814 GT35.hmm             -            674  4.4e-280  935.4   5.9   1   1  2.6e-283  5.7e-280  935.0   5.9     1   673    96   806    96   807 0.99 [190263/532/1]
190263/433/1.f:ADFNDI_16245 -            818 GT35.hmm             -            674    6e-280  934.9   6.5   1   1  4.1e-283    9e-280  934.4   6.5     1   673    95   812    95   813 0.99 [190263/433/1]
190263/514/1.f:MMHOAN_15135 -            823 GT35.hmm             -            674  6.8e-280  934.8   9.9   1   1    4e-283  8.6e-280  934.4   9.9     1   673    95   813    95   814 0.99 [190263/514/1]
190263/423/1.f:PDNKFB_06965 -            822 GT35.hmm             -            674  9.8e-280  934.2   6.7   1   1  5.5e-283  1.2e-279  933.9   6.7     1   673    95   812    95   813 0.99 [190263/423/1]
190263/541/1.f:IDEEIE_17430 -            824 GT35.hmm             -            674  1.8e-279  933.4   9.0   1   1  1.1e-282  2.4e-279  933.0   9.0     1   673    95   813    95   814 0.99 [190263/541/1]
190263/409/1.f:AJJCMD_09145 -            817 GT35.hmm             -            674  2.4e-279  932.9   4.6   1   1  1.4e-282  2.9e-279  932.6   4.6     2   674    95   811    94   811 0.99 [190263/409/1]
190263/455/1.f:GDGJDA_00145 -            822 GT35.hmm             -            674  3.9e-279  932.2   6.7   1   1  2.5e-282  5.4e-279  931.8   6.7     1   673    95   813    95   814 0.99 [190263/455/1]
190263/490/1.f:OIBLLI_07080 -            824 GT35.hmm             -            674  4.2e-279  932.1  10.2   1   1  2.4e-282  5.2e-279  931.8  10.2     1   673    98   817    98   818 0.99 [190263/490/1]
190263/549/1.f:CNBDFB_17690 -            820 GT35.hmm             -            674  8.6e-279  931.1   4.0   1   1  4.8e-282    1e-278  930.8   4.0     1   673    95   813    95   814 0.99 [190263/549/1]
190263/447/1.f:OLODHC_00680 -            820 GT35.hmm             -            674  1.5e-278  930.3   3.3   1   1  8.1e-282  1.8e-278  930.1   3.3     1   673    95   813    95   814 0.99 [190263/447/1]
190263/531/1.f:KJIPPC_13500 -            825 GT35.hmm             -            674  3.3e-278  929.2   6.9   1   1    2e-281  4.2e-278  928.8   6.9     1   673    95   813    95   814 0.99 [190263/531/1]
190263/580/1.f:JCPJNN_17500 -            831 GT35.hmm             -            674    9e-278  927.7   3.5   1   1  5.3e-281  1.1e-277  927.4   3.5     1   673    99   816    99   817 0.99 [190263/580/1]
190263/520/1.f:GGDGDE_04405 -            819 GT35.hmm             -            674  1.5e-277  927.0   5.8   1   1  8.5e-281  1.8e-277  926.7   5.8     1   673    95   812    95   813 0.99 [190263/520/1]
190263/495/1.f:ANKNCD_09145 -            822 GT35.hmm             -            674  6.3e-277  925.0   8.3   1   1  3.5e-280  7.7e-277  924.7   8.3     1   673    97   814    97   815 0.99 [190263/495/1]
190263/439/1.f:KGLJGB_00240 -            826 GT35.hmm             -            674  1.3e-276  924.0   6.5   1   1  7.3e-280  1.6e-276  923.6   6.5     1   674   101   818   101   818 0.99 [190263/439/1]
190263/375/1.f:CNGHJF_14640 -            821 GT35.hmm             -            674  1.6e-276  923.6   2.3   1   1  9.4e-280    2e-276  923.3   2.3     2   674    95   811    94   811 0.99 [190263/375/1]
190263/537/1.f:AHPNMI_17765 -            820 GT35.hmm             -            674  4.2e-276  922.2   5.2   1   1  2.3e-279    5e-276  922.0   5.2     1   673    95   813    95   814 0.99 [190263/537/1]
190263/363/1.f:CIHHOC_16360 -            821 GT35.hmm             -            674  2.2e-275  919.8   9.5   1   1  1.3e-278  2.8e-275  919.5   9.5     1   673    96   813    96   814 0.99 [190263/363/1]
190263/457/1.f:IIKDLL_13900 -            818 GT35.hmm             -            674  1.3e-273  914.0   3.3   1   1  5.8e-277  1.3e-273  914.0   3.3     1   673    94   807    94   808 0.98 [190263/457/1]
190263/568/1.f:ABMLLK_04025 -            810 GT35.hmm             -            674  1.4e-270  903.9   2.1   1   1  7.6e-274  1.7e-270  903.7   2.1     2   671    90   804    89   807 0.96 [190263/568/1]
190263/458/1.f:AMPCAI_12065 -            798 GT35.hmm             -            674  5.6e-270  902.0   6.2   1   1  2.6e-273  5.6e-270  902.0   6.2     2   673    93   793    92   794 0.97 [190263/458/1]
190263/588/1.f:LGPOLK_03720 -            809 GT35.hmm             -            674  8.8e-266  888.1   0.1   1   1  5.5e-269  1.2e-265  887.7   0.1     2   674    95   805    94   805 0.98 [190263/588/1]
190263/438/1.f:IKAFOJ_09090 -            798 GT35.hmm             -            674  1.6e-265  887.3   1.2   1   1  9.3e-269    2e-265  886.9   1.2     2   674    93   794    92   794 0.97 [190263/438/1]
190263/436/1.f:KEEIED_02135 -            771 GT35.hmm             -            674  1.2e-264  884.4   0.0   1   1  6.4e-268  1.4e-264  884.2   0.0     2   674    62   767    61   767 0.98 [190263/436/1]
190263/560/1.f:OAGBLH_00845 -            804 GT35.hmm             -            674  2.5e-264  883.3   3.4   1   1  1.4e-267  2.9e-264  883.1   3.4     2   673    96   798    95   799 0.98 [190263/560/1]
190263/406/1.f:DKNBGD_04050 -            802 GT35.hmm             -            674  3.7e-262  876.2   1.3   1   1    2e-265  4.3e-262  875.9   1.3     2   673    93   794    92   795 0.97 [190263/406/1]
190263/584/1.f:DDCNLE_10130 -            844 GT35.hmm             -            674  8.8e-261  871.6   0.0   1   1  5.3e-264  1.2e-260  871.2   0.0     2   673   132   840   131   841 0.99 [190263/584/1]
190263/530/1.f:LBOGMJ_11830 -            813 GT35.hmm             -            674  3.1e-260  869.8   1.5   1   1  1.6e-263  3.6e-260  869.6   1.5     1   673    93   809    93   810 0.98 [190263/530/1]
190263/382/1.f:JACGKO_09370 -            822 GT35.hmm             -            674  8.3e-260  868.4   2.5   1   1  5.7e-263  1.2e-259  867.8   2.5     2   674   107   817   106   817 0.97 [190263/382/1]
190263/429/1.f:OMPHBF_00075 -            807 GT35.hmm             -            674  1.1e-259  868.0   0.2   1   1  5.7e-263  1.2e-259  867.8   0.2     1   672    94   797    94   799 0.98 [190263/429/1]
190263/383/1.f:KCEMEB_11100 -            817 GT35.hmm             -            674  1.1e-258  864.7   0.1   1   1  5.7e-262  1.2e-258  864.5   0.1     1   673    97   813    97   814 0.98 [190263/383/1]
190263/477/1.f:PCLDCI_13420 -            796 GT35.hmm             -            674  2.3e-258  863.6   1.7   1   1  1.2e-261  2.7e-258  863.4   1.7     2   673    92   795    91   796 0.98 [190263/477/1]
190263/510/1.f:DELAEA_05545 -            798 GT35.hmm             -            674  1.8e-257  860.7   6.3   1   1    1e-260  2.3e-257  860.3   6.3     2   674    91   794    90   794 0.98 [190263/510/1]
190263/420/1.f:GMHOLO_00115 -            815 GT35.hmm             -            674  8.9e-257  858.4   0.0   1   1  4.8e-260  1.1e-256  858.1   0.0     1   672   100   809   100   811 0.97 [190263/420/1]
190263/596/1.f:GDHELL_05810 -            788 GT35.hmm             -            674  4.2e-256  856.1   7.5   1   1  2.2e-259  4.9e-256  855.9   7.5     2   673    87   784    86   785 0.96 [190263/596/1]
190263/425/1.f:HPANHD_08470 -            812 GT35.hmm             -            674  5.2e-256  855.8   0.7   1   1  2.9e-259  6.2e-256  855.6   0.7     1   673    92   793    92   794 0.96 [190263/425/1]
190263/494/1.f:LHPBBO_03375 -            814 GT35.hmm             -            674  7.1e-256  855.4   0.0   1   1  3.7e-259  8.1e-256  855.2   0.0     1   672    99   813    99   814 0.99 [190263/494/1]
190263/527/1.f:HGADJN_00120 -            814 GT35.hmm             -            674    8e-256  855.2   0.0   1   1  4.8e-259    1e-255  854.8   0.0     1   672   100   809   100   810 0.97 [190263/527/1]
190263/474/1.f:AMDJJA_00240 -            815 GT35.hmm             -            674  1.4e-254  851.1   0.0   1   1  7.8e-258  1.7e-254  850.8   0.0     1   673   100   811   100   812 0.97 [190263/474/1]
190263/412/1.f:OOIBGL_16245 -            787 GT35.hmm             -            674  4.4e-254  849.5   0.4   1   1  2.4e-257  5.2e-254  849.2   0.4     1   673    88   787    88   787 0.98 [190263/412/1]
190263/565/1.f:PAEINE_06690 -            808 GT35.hmm             -            674  2.6e-253  846.9   0.2   1   1  1.4e-256  2.9e-253  846.7   0.2     1   672    95   807    95   808 0.96 [190263/565/1]
190263/413/1.f:NMLDCG_10455 -            808 GT35.hmm             -            674  8.1e-253  845.3   0.0   1   1  4.4e-256  9.5e-253  845.1   0.0     1   673    93   805    93   806 0.97 [190263/413/1]
190263/422/1.f:HJBCNJ_02690 -            812 GT35.hmm             -            674  1.5e-252  844.4   0.0   1   1  8.5e-256  1.9e-252  844.1   0.0     1   673    93   806    93   807 0.97 [190263/422/1]
190263/380/1.f:GDCFAC_13235 -            812 GT35.hmm             -            674  3.2e-252  843.3   0.0   1   1  1.7e-255  3.7e-252  843.1   0.0     1   673    94   807    94   808 0.97 [190263/380/1]
190263/567/1.f:NOEGFN_16425 -            801 GT35.hmm             -            674  3.5e-252  843.2   0.0   1   1  1.9e-255  4.1e-252  843.0   0.0     1   673    98   801    98   801 0.98 [190263/567/1]
190263/390/1.f:OLPOLE_03695 -            780 GT35.hmm             -            674  4.9e-252  842.7   0.0   1   1  2.6e-255  5.6e-252  842.5   0.0     5   673    86   780    82   780 0.96 [190263/390/1]
190263/400/1.f:EIBLKL_01630 -            799 GT35.hmm             -            674  9.8e-252  841.7   3.5   1   1  5.2e-255  1.1e-251  841.5   3.5     1   673    94   798    94   799 0.99 [190263/400/1]
190263/547/1.f:KJCAKO_02090 -            804 GT35.hmm             -            674  1.5e-251  841.1   4.6   1   1  8.3e-255  1.8e-251  840.8   4.6     2   673    96   797    95   798 0.96 [190263/547/1]
190263/434/1.f:NCAOKI_09035 -            808 GT35.hmm             -            674  3.7e-251  839.8   0.0   1   1    2e-254  4.3e-251  839.6   0.0     1   672    95   807    95   808 0.96 [190263/434/1]
190263/400/1.f:EIBLKL_02710 -            786 GT35.hmm             -            674    1e-250  838.4   0.1   1   1  5.4e-254  1.2e-250  838.1   0.1     2   673    89   783    88   784 0.97 [190263/400/1]
190263/412/1.f:OOIBGL_16525 -            802 GT35.hmm             -            674  1.7e-250  837.6   4.3   1   1  9.4e-254    2e-250  837.3   4.3     2   673    99   800    98   801 0.97 [190263/412/1]
190263/443/1.f:LNLACP_02905 -            800 GT35.hmm             -            674    4e-250  836.4   0.5   1   1  2.2e-253  4.8e-250  836.1   0.5     2   672    93   795    92   797 0.98 [190263/443/1]
190263/429/1.f:OMPHBF_13670 -            778 GT35.hmm             -            674  2.9e-249  833.5   0.0   1   1  1.5e-252  3.3e-249  833.3   0.0     2   672    83   776    82   778 0.96 [190263/429/1]
190263/496/1.f:JJBAFO_04425 -            812 GT35.hmm             -            674  5.5e-249  832.6   0.0   1   1  3.1e-252  6.8e-249  832.3   0.0     3   674    98   811    96   811 0.98 [190263/496/1]
190263/400/1.f:EIBLKL_06465 -            789 GT35.hmm             -            674  6.9e-249  832.3   4.3   1   1  3.8e-252  8.2e-249  832.0   4.3     2   674    89   785    88   785 0.97 [190263/400/1]
190263/576/1.f:FNMBCG_05380 -            798 GT35.hmm             -            674  1.1e-248  831.6   1.8   1   1  6.1e-252  1.3e-248  831.3   1.8     2   673    91   794    90   795 0.98 [190263/576/1]
190263/390/1.f:OLPOLE_18080 -            804 GT35.hmm             -            674  2.4e-246  823.9   0.0   1   1  1.3e-249  2.8e-246  823.6   0.0     2   674    97   801    96   801 0.97 [190263/390/1]
190263/584/1.f:DDCNLE_13170 -            780 GT35.hmm             -            674  2.8e-246  823.7   0.0   1   1  1.5e-249  3.2e-246  823.5   0.0     2   673    83   777    82   778 0.95 [190263/584/1]
190263/396/1.f:KAAOMA_02855 -            781 GT35.hmm             -            674  4.1e-244  816.5   0.1   1   1  2.2e-247  4.7e-244  816.3   0.1     3   673    86   780    84   781 0.98 [190263/396/1]
190263/567/1.f:NOEGFN_17640 -            780 GT35.hmm             -            674  3.7e-241  806.7   0.0   1   1  2.2e-244  4.8e-241  806.4   0.0    12   672    92   778    83   779 0.95 [190263/567/1]
190263/580/1.f:JCPJNN_08100 -            769 GT35.hmm             -            674    2e-228  764.7   6.5   1   1  1.1e-231  2.3e-228  764.5   6.5     2   673    94   768    93   769 0.96 [190263/580/1]
190263/557/1.f:DOLMEB_03510 -            750 GT35.hmm             -            674  4.9e-228  763.4   1.2   1   1  2.7e-231  5.8e-228  763.1   1.2     2   673    77   750    76   750 0.96 [190263/557/1]
190263/512/1.f:JBCLGH_02740 -            755 GT35.hmm             -            674  7.1e-228  762.8   1.2   1   1  3.8e-231  8.3e-228  762.6   1.2     4   673    81   752    78   753 0.95 [190263/512/1]
190263/487/1.f:MPKEFC_09225 -            752 GT35.hmm             -            674  5.9e-226  756.5   6.5   1   1  3.2e-229  6.8e-226  756.3   6.5     2   673    77   750    76   751 0.96 [190263/487/1]
190263/568/1.f:ABMLLK_00810 -            754 GT35.hmm             -            674  6.1e-226  756.5   9.7   1   1  3.3e-229  7.1e-226  756.2   9.7     2   673    79   753    78   754 0.96 [190263/568/1]
190263/452/1.f:PEIHBN_07675 -            750 GT35.hmm             -            674  2.3e-225  754.6   0.4   1   1  1.2e-228  2.6e-225  754.4   0.4     2   673    77   750    76   750 0.95 [190263/452/1]
190263/520/1.f:GGDGDE_15900 -            772 GT35.hmm             -            674  3.2e-225  754.1   2.2   1   1  1.7e-228  3.8e-225  753.8   2.2     2   673    99   772    98   772 0.97 [190263/520/1]
190263/495/1.f:ANKNCD_09005 -            750 GT35.hmm             -            674  3.9e-225  753.8   3.1   1   1  2.1e-228  4.5e-225  753.6   3.1     2   673    77   750    76   750 0.96 [190263/495/1]
190263/549/1.f:CNBDFB_12220 -            750 GT35.hmm             -            674  2.2e-224  751.3   0.0   1   1  1.2e-227  2.6e-224  751.1   0.0     2   673    77   750    76   750 0.96 [190263/549/1]
190263/490/1.f:OIBLLI_09020 -            759 GT35.hmm             -            674  2.4e-223  747.9   1.8   1   1  1.3e-226  2.7e-223  747.7   1.8     2   673    76   759    75   759 0.95 [190263/490/1]
190263/423/1.f:PDNKFB_01135 -            751 GT35.hmm             -            674  2.7e-223  747.7   2.1   1   1  1.4e-226  3.1e-223  747.5   2.1     2   674    77   750    76   750 0.95 [190263/423/1]
190263/375/1.f:CNGHJF_05360 -            749 GT35.hmm             -            674  4.6e-223  747.0   0.3   1   1  2.4e-226  5.2e-223  746.8   0.3     2   673    77   749    76   749 0.96 [190263/375/1]
190263/363/1.f:CIHHOC_04785 -            753 GT35.hmm             -            674  4.8e-223  746.9   1.0   1   1  2.6e-226  5.6e-223  746.7   1.0     2   673    79   753    78   753 0.96 [190263/363/1]
190263/457/1.f:IIKDLL_06235 -            756 GT35.hmm             -            674  5.2e-223  746.8   0.2   1   1  2.7e-226  5.9e-223  746.6   0.2     2   673    80   755    79   756 0.96 [190263/457/1]
190263/532/1.f:BGDBBA_05320 -           1255 GT35.hmm             -            674  3.4e-222  744.1   2.5   1   1  2.4e-225  5.2e-222  743.5   2.5     2   673   582  1255   581  1255 0.95 [190263/532/1]
190263/455/1.f:GDGJDA_10100 -            752 GT35.hmm             -            674  9.4e-222  742.6   2.9   1   1    5e-225  1.1e-221  742.4   2.9     2   673    79   752    78   752 0.96 [190263/455/1]
190263/537/1.f:AHPNMI_08095 -            754 GT35.hmm             -            674  2.5e-221  741.2   2.4   1   1  1.3e-224  2.8e-221  741.0   2.4     2   674    80   754    79   754 0.96 [190263/537/1]
190263/578/1.f:HIHCLH_07795 -           1257 GT35.hmm             -            674    5e-221  740.2   4.1   1   1  3.2e-224  6.9e-221  739.8   4.1     2   673   582  1256   581  1257 0.96 [190263/578/1]
190263/439/1.f:KGLJGB_07075 -            752 GT35.hmm             -            674  5.6e-221  740.1   3.8   1   1    3e-224  6.6e-221  739.8   3.8     2   673    77   750    76   751 0.96 [190263/439/1]
190263/468/1.f:DIOFOH_01700 -            752 GT35.hmm             -            674  9.8e-221  739.2   1.9   1   1  5.3e-224  1.2e-220  739.0   1.9     2   673    77   751    76   752 0.95 [190263/468/1]
190263/458/1.f:AMPCAI_01190 -            755 GT35.hmm             -            674  1.7e-220  738.5   2.2   1   1  8.9e-224  1.9e-220  738.3   2.2     3   673    82   754    80   755 0.96 [190263/458/1]
190263/513/1.f:MKNBNH_02315 -            749 GT35.hmm             -            674  1.8e-220  738.4   5.4   1   1  9.5e-224  2.1e-220  738.2   5.4     2   672    76   748    75   749 0.96 [190263/513/1]
190263/447/1.f:OLODHC_11565 -            752 GT35.hmm             -            674  1.8e-220  738.4   0.5   1   1    1e-223  2.2e-220  738.1   0.5     2   672    79   751    78   752 0.96 [190263/447/1]
190263/510/1.f:DELAEA_06685 -            753 GT35.hmm             -            674  1.8e-220  738.4   1.4   1   1  9.6e-224  2.1e-220  738.2   1.4     2   673    78   752    77   753 0.95 [190263/510/1]
190263/443/1.f:LNLACP_05505 -            754 GT35.hmm             -            674  1.8e-220  738.4   0.0   1   1  9.7e-224  2.1e-220  738.1   0.0     2   673    77   751    76   752 0.96 [190263/443/1]
190263/384/1.f:CDKGIA_04125 -            762 GT35.hmm             -            674  2.1e-220  738.2   0.1   1   1  1.1e-223  2.4e-220  738.0   0.1     2   673    80   756    79   757 0.95 [190263/384/1]
190263/514/1.f:MMHOAN_12725 -            753 GT35.hmm             -            674  3.2e-220  737.6   2.3   1   1  1.7e-223  3.7e-220  737.4   2.3     2   673    79   753    78   753 0.96 [190263/514/1]
190263/507/1.f:KPMKPI_00850 -            754 GT35.hmm             -            674  7.1e-220  736.4   4.7   1   1  3.7e-223  8.1e-220  736.2   4.7     2   673    79   753    78   754 0.96 [190263/507/1]
190263/478/1.f:BOCJFA_04815 -            755 GT35.hmm             -            674  9.2e-220  736.0   0.1   1   1  4.9e-223  1.1e-219  735.8   0.1     2   673    78   751    77   752 0.95 [190263/478/1]
190263/576/1.f:FNMBCG_03495 -            753 GT35.hmm             -            674  4.8e-219  733.7   0.0   1   1  2.6e-222  5.6e-219  733.5   0.0     1   673    76   751    76   752 0.96 [190263/576/1]
190263/362/1.f:KJODLM_06300 -            754 GT35.hmm             -            674  9.3e-219  732.7   2.3   1   1    5e-222  1.1e-218  732.5   2.3     2   673    77   752    76   753 0.96 [190263/362/1]
190263/409/1.f:AJJCMD_08070 -            753 GT35.hmm             -            674  1.2e-218  732.3   0.3   1   1  6.4e-222  1.4e-218  732.1   0.3     2   673    80   753    79   753 0.96 [190263/409/1]
190263/370/1.f:MFKGBO_04700 -            763 GT35.hmm             -            674  2.2e-218  731.5   0.0   1   1  1.1e-221  2.5e-218  731.3   0.0     2   673    85   761    84   762 0.95 [190263/370/1]
190263/549/1.f:CNBDFB_06905 -            754 GT35.hmm             -            674  2.4e-218  731.4   0.2   1   1  1.3e-221  2.8e-218  731.2   0.2     2   673    80   753    79   754 0.95 [190263/549/1]
190263/433/1.f:ADFNDI_11900 -            755 GT35.hmm             -            674  4.6e-218  730.4   0.1   1   1  2.4e-221  5.3e-218  730.2   0.1     2   673    79   753    78   754 0.95 [190263/433/1]
190263/472/1.f:NMGHJI_01225 -            755 GT35.hmm             -            674  4.6e-218  730.4   0.7   1   1  2.5e-221  5.4e-218  730.2   0.7     2   673    78   751    77   752 0.95 [190263/472/1]
190263/496/1.f:JJBAFO_01510 -            760 GT35.hmm             -            674  4.6e-218  730.4   0.0   1   1  2.4e-221  5.3e-218  730.2   0.0     2   673    76   751    75   752 0.95 [190263/496/1]
190263/546/1.f:GEHMID_06230 -            755 GT35.hmm             -            674  1.3e-217  728.9   0.0   1   1  6.8e-221  1.5e-217  728.7   0.0     2   673    79   753    78   754 0.95 [190263/546/1]
190263/565/1.f:PAEINE_00185 -            755 GT35.hmm             -            674  6.5e-217  726.6   0.1   1   1  3.4e-220  7.4e-217  726.4   0.1     2   673    80   754    79   755 0.96 [190263/565/1]
190263/531/1.f:KJIPPC_10845 -            752 GT35.hmm             -            674  2.2e-215  721.5   3.0   1   1  1.2e-218  2.6e-215  721.3   3.0     2   673    79   752    78   752 0.95 [190263/531/1]
190263/541/1.f:IDEEIE_03895 -            753 GT35.hmm             -            674  4.5e-215  720.5   4.1   1   1  2.5e-218  5.4e-215  720.3   4.1     2   673    79   752    78   753 0.96 [190263/541/1]
190263/396/1.f:KAAOMA_12345 -            595 GT35.hmm             -            674  3.8e-174  585.3   0.3   1   1  2.1e-177  4.6e-174  585.0   0.3     2   468    98   595    97   595 0.97 [190263/396/1]
190263/474/1.f:AMDJJA_04110 -            525 GT35.hmm             -            674  2.6e-171  575.9   0.0   1   1  1.4e-174    3e-171  575.7   0.0   186   672     2   520     1   522 0.96 [190263/474/1]
190263/540/1.f:BCGFLB_09050 -           1422 GT35.hmm             -            674  2.2e-139  470.4   0.1   1   1  1.4e-141  3.1e-138  466.6   0.1    19   637   690  1309   684  1325 0.86 [190263/540/1]
190263/421/1.f:PBKEAC_08830 -           1415 GT35.hmm             -            674  1.3e-136  461.2   0.0   1   1  3.2e-138    7e-135  455.5   0.0    19   557   683  1197   677  1226 0.87 [190263/421/1]
190263/366/1.f:DBJPFP_08010 -           1416 GT35.hmm             -            674  5.8e-136  459.1   0.0   1   1  8.7e-138  1.9e-134  454.1   0.0    19   556   684  1197   678  1228 0.88 [190263/366/1]
190263/556/1.f:EMIPPF_08105 -           1416 GT35.hmm             -            674  3.2e-135  456.7   0.2   1   1  4.9e-136  1.1e-132  448.3   0.0    19   557   684  1198   678  1225 0.88 [190263/556/1]
190263/446/1.f:LHJMMB_06110 -           1416 GT35.hmm             -            674  2.3e-134  453.8   0.1   1   1  1.8e-135  3.9e-132  446.4   0.0    19   555   684  1196   678  1223 0.88 [190263/446/1]
190263/523/1.f:MDNHKG_00315 -           1415 GT35.hmm             -            674  1.4e-133  451.2   0.0   1   1  5.4e-135  1.2e-131  444.9   0.0    20   555   684  1195   677  1223 0.90 [190263/523/1]
190263/437/1.f:LBKKEJ_12400 -            855 GT35.hmm             -            674  1.8e-132  447.6   0.9   1   1  6.2e-121  1.4e-117  398.4   0.0   208   662   270   752   257   757 0.91 [190263/437/1]
190263/583/1.f:BCCKNC_10995 -            856 GT35.hmm             -            674  3.8e-132  446.5   1.1   1   1  1.2e-120  2.5e-117  397.5   0.0   208   661   270   751   263   758 0.92 [190263/583/1]
190263/399/1.f:CDLIDF_15560 -            855 GT35.hmm             -            674  4.4e-132  446.3   0.2   1   1  2.7e-120    6e-117  396.3   0.0   208   629   270   707   229   753 0.87 [190263/399/1]
190263/364/1.f:DKBBKL_13555 -           1414 GT35.hmm             -            674  5.4e-132  446.0   2.0   1   1  1.6e-120  3.4e-117  397.1   0.0   157   555   795  1196   785  1225 0.92 [190263/364/1]
190263/564/1.f:KIHMBJ_09710 -           1422 GT35.hmm             -            674  1.3e-131  444.8   0.0   1   1  1.1e-119  2.4e-116  394.3   0.0   207   561   836  1208   791  1313 0.86 [190263/564/1]
190263/526/1.f:GBBCGM_01480 -           1427 GT35.hmm             -            674    1e-130  441.7   2.6   1   1  9.7e-121  2.1e-117  397.8   0.1   158   626   809  1279   798  1319 0.84 [190263/526/1]
190263/534/1.f:OHCFJE_19095 -            854 GT35.hmm             -            674    2e-130  440.8   0.9   1   1  8.3e-119  1.8e-115  391.4   0.0   208   647   270   737   263   756 0.89 [190263/534/1]
190263/391/1.f:NONBJF_20000 -            854 GT35.hmm             -            674    2e-130  440.8   0.9   1   1  8.3e-119  1.8e-115  391.4   0.0   208   647   270   737   263   756 0.89 [190263/391/1]
190263/545/1.f:NCJBIN_20040 -            854 GT35.hmm             -            674    2e-130  440.8   0.9   1   1  8.3e-119  1.8e-115  391.4   0.0   208   647   270   737   263   756 0.89 [190263/545/1]
190263/388/1.f:FDDJJK_18350 -            854 GT35.hmm             -            674  4.4e-130  439.7   0.8   1   1  1.9e-118  4.2e-115  390.2   0.0   208   647   270   737   263   756 0.89 [190263/388/1]
190263/522/1.f:NPJBCH_04480 -            853 GT35.hmm             -            674  3.5e-129  436.7   0.3   1   1  5.1e-132  1.1e-128  435.1   0.3    20   653   124   732   119   745 0.85 [190263/522/1]
190263/415/1.f:OLCEDN_06095 -           1415 GT35.hmm             -            674  7.7e-129  435.6   0.0   1   2   9.3e-16     2e-12   50.9   0.0    21    66   684   730   680   739 0.94 [190263/415/1]
190263/415/1.f:OLCEDN_06095 -           1415 GT35.hmm             -            674  7.7e-129  435.6   0.0   2   2  6.6e-116  1.4e-112  381.8   0.0   156   555   792  1193   784  1218 0.93 [190263/415/1]
190263/460/1.f:IHFGKI_06380 -            852 GT35.hmm             -            674  9.9e-129  435.2   0.3   1   1  4.6e-131  9.9e-128  431.9   0.3    20   629   124   708   118   741 0.84 [190263/460/1]
190263/466/1.f:PGJOII_11135 -            854 GT35.hmm             -            674  1.1e-128  435.0   0.1   1   1  2.5e-131  5.5e-128  432.8   0.1    20   661   124   751   117   756 0.85 [190263/466/1]
190263/488/1.f:DNPFAC_18680 -            854 GT35.hmm             -            674  2.3e-128  434.0   0.5   1   1  1.7e-117  3.6e-114  387.1   0.0   208   661   270   751   255   758 0.87 [190263/488/1]
190263/365/1.f:JJMMAK_09565 -            856 GT35.hmm             -            674  2.5e-128  433.9   0.3   1   1  1.1e-129  2.4e-126  427.3   0.3    20   612   124   689   120   745 0.82 [190263/365/1]
190263/502/1.f:NONHGB_15800 -            854 GT35.hmm             -            674  3.7e-128  433.3   0.7   1   1  2.7e-117  5.8e-114  386.4   0.0   208   640   270   719   229   754 0.88 [190263/502/1]
190263/497/1.f:HENFFC_01930 -            856 GT35.hmm             -            674  4.5e-128  433.0   0.2   1   1  1.9e-129  4.2e-126  426.5   0.2    20   627   124   705   120   749 0.81 [190263/497/1]
190263/369/1.f:JCDIFE_16590 -            854 GT35.hmm             -            674  7.9e-128  432.2   0.1   1   1  1.8e-130  3.8e-127  430.0   0.1    20   637   124   724   117   755 0.85 [190263/369/1]
190263/405/1.f:EHKDKA_17655 -            854 GT35.hmm             -            674  8.7e-128  432.1   0.7   1   1  6.3e-117  1.4e-113  385.2   0.0   208   638   270   717   229   754 0.87 [190263/405/1]
190263/456/1.f:LKAJBD_10755 -            854 GT35.hmm             -            674    1e-127  431.8   0.4   1   1  7.2e-130  1.6e-126  427.9   0.4    20   661   124   751   117   757 0.84 [190263/456/1]
190263/573/1.f:LIDFCI_00735 -            852 GT35.hmm             -            674  1.6e-127  431.2   1.1   1   1  7.4e-116  1.6e-112  381.6   0.0   208   610   271   708   263   753 0.84 [190263/573/1]
190263/585/1.f:DLBDDB_08290 -            852 GT35.hmm             -            674  1.6e-127  431.2   1.1   1   1  7.4e-116  1.6e-112  381.6   0.0   208   610   271   708   263   753 0.84 [190263/585/1]
190263/417/1.f:MHBJAE_17315 -            854 GT35.hmm             -            674  4.1e-127  429.8   1.3   1   1  1.9e-116    4e-113  383.6   0.0   208   630   270   713   257   755 0.86 [190263/417/1]
190263/461/1.f:DHPHOK_16275 -            854 GT35.hmm             -            674  8.7e-127  428.8   0.1   1   1    2e-129  4.4e-126  426.5   0.1    20   629   124   707   119   752 0.87 [190263/461/1]
190263/404/1.f:BGJBIG_14805 -            854 GT35.hmm             -            674  1.6e-126  428.0   1.1   1   1  6.6e-116  1.4e-112  381.8   0.0   208   629   270   707   247   755 0.86 [190263/404/1]
190263/552/1.f:EMALNL_20505 -            854 GT35.hmm             -            674  1.9e-126  427.7   0.7   1   1    1e-115  2.3e-112  381.1   0.0   208   629   270   707   247   755 0.86 [190263/552/1]
190263/562/1.f:KJGNCK_22565 -            854 GT35.hmm             -            674  1.9e-126  427.7   0.7   1   1    1e-115  2.3e-112  381.1   0.0   208   629   270   707   247   755 0.86 [190263/562/1]
190263/573/1.f:LIDFCI_09965 -            854 GT35.hmm             -            674  2.8e-126  427.1   0.9   1   1  1.3e-115  2.9e-112  380.8   0.0   208   629   270   707   247   754 0.86 [190263/573/1]
190263/516/1.f:MGNFBC_10455 -            856 GT35.hmm             -            674  2.9e-126  427.1   0.0   1   1  1.6e-127  3.5e-124  420.2   0.0    20   613   124   692   119   749 0.82 [190263/516/1]
190263/475/1.f:MCKEEP_20440 -            854 GT35.hmm             -            674  3.1e-126  426.9   0.9   1   1  1.5e-115  3.3e-112  380.6   0.0   208   629   270   707   247   753 0.87 [190263/475/1]
190263/504/1.f:DOAHDM_20570 -            854 GT35.hmm             -            674  3.5e-126  426.8   0.7   1   1    2e-115  4.3e-112  380.2   0.0   208   637   270   716   242   754 0.87 [190263/504/1]
190263/401/1.f:DMFJNH_21050 -            854 GT35.hmm             -            674    4e-126  426.6   1.3   1   1  1.5e-115  3.2e-112  380.7   0.0   208   637   270   716   246   754 0.87 [190263/401/1]
190263/368/1.f:HPMDBE_11745 -            856 GT35.hmm             -            674  4.5e-126  426.4   0.0   1   1  2.5e-127  5.5e-124  419.5   0.0    20   613   124   692   119   749 0.82 [190263/368/1]
190263/379/1.f:LOJHAC_13000 -            856 GT35.hmm             -            674  5.6e-126  426.1   0.0   1   1  3.3e-127  7.2e-124  419.1   0.0    20   613   124   692   119   749 0.81 [190263/379/1]
190263/585/1.f:DLBDDB_11485 -            854 GT35.hmm             -            674  9.4e-126  425.4   1.4   1   1  3.1e-115  6.8e-112  379.6   0.0   208   629   270   707   247   755 0.86 [190263/585/1]
190263/365/1.f:JJMMAK_05160 -            852 GT35.hmm             -            674  4.9e-125  423.0   0.4   1   1    1e-113  2.2e-110  374.6   0.0   209   637   272   734   263   767 0.82 [190263/365/1]
190263/391/1.f:NONBJF_14315 -            852 GT35.hmm             -            674  4.9e-125  423.0   0.4   1   1    1e-113  2.2e-110  374.6   0.0   209   637   272   734   263   767 0.82 [190263/391/1]
190263/399/1.f:CDLIDF_10970 -            852 GT35.hmm             -            674  4.9e-125  423.0   0.4   1   1    1e-113  2.2e-110  374.6   0.0   209   637   272   734   263   767 0.82 [190263/399/1]
190263/401/1.f:DMFJNH_02990 -            852 GT35.hmm             -            674  5.2e-125  422.9   0.5   1   1    1e-113  2.2e-110  374.6   0.0   209   637   272   734   263   767 0.82 [190263/401/1]
190263/504/1.f:DOAHDM_19575 -            852 GT35.hmm             -            674  5.2e-125  422.9   0.5   1   1    1e-113  2.2e-110  374.6   0.0   209   637   272   734   263   767 0.82 [190263/504/1]
190263/388/1.f:FDDJJK_18110 -            852 GT35.hmm             -            674  6.2e-125  422.7   0.5   1   1  1.3e-113  2.7e-110  374.3   0.0   209   636   272   733   264   766 0.83 [190263/388/1]
190263/473/1.f:MLHPCA_05935 -           1416 GT35.hmm             -            674    1e-124  421.9   0.0   1   2   5.5e-17   1.2e-13   54.9   0.0    21    67   685   732   681   751 0.93 [190263/473/1]
190263/473/1.f:MLHPCA_05935 -           1416 GT35.hmm             -            674    1e-124  421.9   0.0   2   2  8.1e-110  1.8e-106  361.7   0.0   158   553   795  1192   785  1215 0.92 [190263/473/1]
190263/368/1.f:HPMDBE_19955 -            852 GT35.hmm             -            674  1.3e-124  421.6   2.2   1   1  7.1e-114  1.5e-110  375.1   0.0   209   650   272   749   249   767 0.82 [190263/368/1]
190263/466/1.f:PGJOII_15640 -            852 GT35.hmm             -            674  1.3e-124  421.6   2.2   1   1  7.1e-114  1.5e-110  375.1   0.0   209   650   272   749   249   767 0.82 [190263/466/1]
190263/379/1.f:LOJHAC_21105 -            852 GT35.hmm             -            674  1.3e-124  421.6   2.2   1   1  7.1e-114  1.5e-110  375.1   0.0   209   650   272   749   249   767 0.82 [190263/379/1]
190263/595/1.f:HGDLEC_00085 -            853 GT35.hmm             -            674  9.1e-124  418.8   0.0   1   1  3.7e-126  8.1e-123  415.7   0.0    20   596   124   692   118   725 0.82 [190263/595/1]
190263/506/1.f:IKGMED_01230 -            554 GT35.hmm             -            674   7.1e-83  283.7   4.5   1   1   6.3e-71   1.4e-67  233.2   0.1   210   558   181   482   174   512 0.87 [190263/506/1]
190263/396/1.f:KAAOMA_12340 -            203 GT35.hmm             -            674     1e-69  240.2   0.2   1   1   5.2e-73   1.1e-69  240.0   0.2   474   673     2   202     1   203 0.99 [190263/396/1]
#
# Program:         hmmsearch
# Version:         3.3.2 (Nov 2020)
# Pipeline mode:   SEARCH
# Query file:      /kb/module/work/tmp/output.1725388484971/GT35/GT35.hmm
# Target file:     /kb/module/work/tmp/output.1725388484971/hCom2_RAST.fasta
# Option settings: /kb/module/hmmer/bin/hmmsearch --domtblout /kb/module/work/tmp/output.1725388484971/GT35/GT35-hCom2_RAST.hitout.txt --noali --notextw --domE 1e-15 /kb/module/work/tmp/output.1725388484971/GT35/GT35.hmm /kb/module/work/tmp/output.1725388484971/hCom2_RAST.fasta 
# Current dir:     /kb/module/work/tmp/output.1725388484971
# Date:            Tue Sep  3 18:58:25 2024
# [ok]
