#                                                                                   --- full sequence --- -------------- this domain -------------   hmm coord   ali coord   env coord
# target name               accession   tlen query name           accession   qlen   E-value  score  bias   #  of  c-Evalue  i-Evalue  score  bias  from    to  from    to  from    to  acc description of target
#       ------------------- ---------- ----- -------------------- ---------- ----- --------- ------ ----- --- --- --------- --------- ------ ----- ----- ----- ----- ----- ----- ----- ---- ---------------------
190263/382/1.f:JACGKO_09360 -            483 GT5.hmm              -            472  1.2e-186  625.4   0.1   1   1  4.1e-189  1.4e-186  625.3   0.1     1   472     2   474     2   474 0.99 [190263/382/1]
190263/423/1.f:PDNKFB_02280 -            483 GT5.hmm              -            472  1.5e-186  625.1   0.3   1   1    5e-189  1.7e-186  625.0   0.3     1   471     5   478     5   479 0.98 [190263/423/1]
190263/495/1.f:ANKNCD_13345 -            483 GT5.hmm              -            472  8.1e-185  619.4   0.0   1   1  2.7e-187  9.1e-185  619.2   0.0     1   472     3   478     3   478 0.98 [190263/495/1]
190263/439/1.f:KGLJGB_07985 -            480 GT5.hmm              -            472    1e-184  619.1   0.1   1   1  3.5e-187  1.2e-184  618.9   0.1     1   471     3   476     3   477 0.98 [190263/439/1]
190263/546/1.f:GEHMID_02615 -            478 GT5.hmm              -            472  2.8e-184  617.6   0.3   1   1  9.6e-187  3.2e-184  617.4   0.3     1   471     3   476     3   477 0.98 [190263/546/1]
190263/433/1.f:ADFNDI_04755 -            482 GT5.hmm              -            472    3e-184  617.5   0.1   1   1    1e-186  3.4e-184  617.4   0.1     1   471     3   476     3   477 0.98 [190263/433/1]
190263/588/1.f:LGPOLK_03730 -            479 GT5.hmm              -            472  3.3e-183  614.1   0.1   1   1  1.1e-185  3.7e-183  613.9   0.1     1   472     3   475     3   475 0.98 [190263/588/1]
190263/457/1.f:IIKDLL_07515 -            478 GT5.hmm              -            472  6.3e-183  613.2   0.3   1   1  2.1e-185  7.1e-183  613.0   0.3     1   471     3   476     3   477 0.98 [190263/457/1]
190263/455/1.f:GDGJDA_06220 -            478 GT5.hmm              -            472    8e-183  612.8   0.1   1   1  2.7e-185    9e-183  612.7   0.1     1   471     3   476     3   477 0.98 [190263/455/1]
190263/478/1.f:BOCJFA_12100 -            481 GT5.hmm              -            472  1.1e-182  612.4   0.2   1   1  3.8e-185  1.3e-182  612.2   0.2     1   471     3   476     3   477 0.98 [190263/478/1]
190263/409/1.f:AJJCMD_23110 -            481 GT5.hmm              -            472  2.3e-182  611.3   0.0   1   1  8.5e-185  2.8e-182  611.0   0.0     1   470     3   475     3   476 0.98 [190263/409/1]
190263/541/1.f:IDEEIE_07890 -            478 GT5.hmm              -            472  2.7e-182  611.1   0.3   1   1    9e-185    3e-182  610.9   0.3     1   471     3   476     3   477 0.98 [190263/541/1]
190263/507/1.f:KPMKPI_10570 -            481 GT5.hmm              -            472  2.9e-182  611.0   0.4   1   1  1.1e-184  3.6e-182  610.7   0.4     1   470     3   475     3   476 0.98 [190263/507/1]
190263/586/1.f:KBDCAC_14240 -            481 GT5.hmm              -            472  3.9e-182  610.5   0.0   1   1  1.5e-184  4.9e-182  610.2   0.0     1   470     3   475     3   476 0.98 [190263/586/1]
190263/386/1.f:DBGIOG_02025 -            480 GT5.hmm              -            472    4e-182  610.5   0.1   1   1  1.4e-184  4.5e-182  610.3   0.1     1   471     3   476     3   477 0.98 [190263/386/1]
190263/531/1.f:KJIPPC_07510 -            478 GT5.hmm              -            472  4.7e-182  610.3   0.8   1   1  1.6e-184  5.3e-182  610.1   0.8     1   471     3   476     3   477 0.98 [190263/531/1]
190263/490/1.f:OIBLLI_02070 -            478 GT5.hmm              -            472  5.3e-182  610.1   0.1   1   1  1.8e-184  5.9e-182  610.0   0.1     1   471     3   476     3   477 0.98 [190263/490/1]
190263/568/1.f:ABMLLK_04020 -            478 GT5.hmm              -            472  1.1e-181  609.1   0.1   1   1  3.8e-184  1.3e-181  608.9   0.1     1   471     2   476     2   477 0.98 [190263/568/1]
190263/549/1.f:CNBDFB_07675 -            480 GT5.hmm              -            472  1.2e-181  608.9   0.2   1   1  4.2e-184  1.4e-181  608.7   0.2     1   471     3   476     3   477 0.98 [190263/549/1]
190263/520/1.f:GGDGDE_08720 -            485 GT5.hmm              -            472  1.4e-181  608.7   0.1   1   1  4.8e-184  1.6e-181  608.5   0.1     1   471     3   477     3   478 0.98 [190263/520/1]
190263/578/1.f:HIHCLH_07275 -            478 GT5.hmm              -            472  1.9e-181  608.3   0.2   1   1  6.6e-184  2.2e-181  608.1   0.2     1   471     3   476     3   477 0.98 [190263/578/1]
190263/384/1.f:CDKGIA_20675 -            481 GT5.hmm              -            472  2.7e-181  607.8   0.1   1   1    1e-183  3.4e-181  607.5   0.1     1   470     3   475     3   476 0.99 [190263/384/1]
190263/537/1.f:AHPNMI_09455 -            478 GT5.hmm              -            472  2.9e-181  607.7   0.3   1   1  9.9e-184  3.3e-181  607.5   0.3     1   471     3   476     3   477 0.98 [190263/537/1]
190263/425/1.f:HPANHD_08475 -            477 GT5.hmm              -            472  4.6e-181  607.0   0.0   1   1  1.6e-183  5.2e-181  606.9   0.0     1   472     2   474     2   474 0.98 [190263/425/1]
190263/472/1.f:NMGHJI_14150 -            482 GT5.hmm              -            472  9.5e-181  606.0   0.3   1   1  3.2e-183  1.1e-180  605.8   0.3     1   471     3   476     3   477 0.98 [190263/472/1]
190263/429/1.f:OMPHBF_11110 -            475 GT5.hmm              -            472  1.4e-180  605.4   0.0   1   1  4.7e-183  1.6e-180  605.3   0.0     1   471     2   470     2   471 0.98 [190263/429/1]
190263/452/1.f:PEIHBN_08400 -            478 GT5.hmm              -            472  1.5e-180  605.4   0.6   1   1    5e-183  1.6e-180  605.2   0.6     1   471     3   476     3   477 0.98 [190263/452/1]
190263/363/1.f:CIHHOC_10320 -            481 GT5.hmm              -            472  1.6e-180  605.2   0.2   1   1  5.5e-183  1.8e-180  605.1   0.2     1   471     3   476     3   477 0.98 [190263/363/1]
190263/375/1.f:CNGHJF_16285 -            481 GT5.hmm              -            472  1.7e-180  605.1   0.1   1   1  6.4e-183  2.1e-180  604.8   0.1     1   470     3   475     3   476 0.98 [190263/375/1]
190263/447/1.f:OLODHC_10225 -            478 GT5.hmm              -            472  3.3e-180  604.2   0.1   1   1  1.1e-182  3.7e-180  604.0   0.1     1   471     3   476     3   477 0.98 [190263/447/1]
190263/547/1.f:KJCAKO_05640 -            479 GT5.hmm              -            472  7.3e-180  603.1   0.0   1   1  2.5e-182  8.2e-180  602.9   0.0     2   471     4   475     3   476 0.98 [190263/547/1]
190263/580/1.f:JCPJNN_02845 -            481 GT5.hmm              -            472    1e-179  602.6   0.2   1   1  3.8e-182  1.3e-179  602.3   0.2     1   470     3   476     3   477 0.98 [190263/580/1]
190263/557/1.f:DOLMEB_05250 -            482 GT5.hmm              -            472  1.5e-179  602.0   0.0   1   1  5.1e-182  1.7e-179  601.9   0.0     1   471     3   477     3   478 0.98 [190263/557/1]
190263/412/1.f:OOIBGL_12800 -            480 GT5.hmm              -            472  3.6e-179  600.8   0.3   1   1  1.3e-181  4.4e-179  600.5   0.3     1   470     3   475     3   476 0.98 [190263/412/1]
190263/468/1.f:DIOFOH_10960 -            482 GT5.hmm              -            472  1.9e-178  598.4   0.4   1   1  6.4e-181  2.1e-178  598.2   0.4     2   471     5   476     4   477 0.98 [190263/468/1]
190263/370/1.f:MFKGBO_20730 -            480 GT5.hmm              -            472  3.9e-178  597.4   0.0   1   1  1.5e-180  4.8e-178  597.1   0.0     1   470     3   475     3   476 0.98 [190263/370/1]
190263/565/1.f:PAEINE_06675 -            745 GT5.hmm              -            472  5.5e-178  596.9   0.0   1   1  2.2e-180  7.3e-178  596.5   0.0     1   470     9   482     9   483 0.98 [190263/565/1]
190263/406/1.f:DKNBGD_04140 -            478 GT5.hmm              -            472  5.9e-178  596.8   0.3   1   1    2e-180  6.7e-178  596.6   0.3     2   471     4   475     3   476 0.98 [190263/406/1]
190263/422/1.f:HJBCNJ_02685 -            478 GT5.hmm              -            472  6.4e-178  596.6   0.0   1   1  2.3e-180  7.7e-178  596.4   0.0     1   470     2   472     2   473 0.99 [190263/422/1]
190263/514/1.f:MMHOAN_09040 -            482 GT5.hmm              -            472  1.9e-177  595.1   0.0   1   1  6.4e-180  2.1e-177  594.9   0.0     1   471     3   477     3   478 0.98 [190263/514/1]
190263/512/1.f:JBCLGH_06770 -            482 GT5.hmm              -            472    2e-177  595.0   0.0   1   1  6.8e-180  2.3e-177  594.9   0.0     1   471     3   477     3   478 0.98 [190263/512/1]
190263/438/1.f:IKAFOJ_11000 -            476 GT5.hmm              -            472  2.6e-177  594.7   0.1   1   1  8.7e-180  2.9e-177  594.5   0.1     1   471     2   472     2   473 0.98 [190263/438/1]
190263/436/1.f:KEEIED_02145 -            543 GT5.hmm              -            472  3.1e-177  594.4   0.0   1   1  1.1e-179  3.5e-177  594.2   0.0     1   472     2   474     2   474 0.99 [190263/436/1]
190263/560/1.f:OAGBLH_00225 -            479 GT5.hmm              -            472  3.9e-177  594.1   0.1   1   1  1.3e-179  4.4e-177  593.9   0.1     1   472     3   476     3   476 0.98 [190263/560/1]
190263/513/1.f:MKNBNH_05660 -            478 GT5.hmm              -            472  4.7e-177  593.8   0.1   1   1  1.6e-179  5.3e-177  593.6   0.1     1   471     3   476     3   477 0.98 [190263/513/1]
190263/496/1.f:JJBAFO_04440 -            493 GT5.hmm              -            472    1e-176  592.7   0.0   1   1  3.5e-179  1.1e-176  592.5   0.0     1   471    10   483    10   484 0.97 [190263/496/1]
190263/458/1.f:AMPCAI_10410 -            693 GT5.hmm              -            472    2e-176  591.7   0.0   1   1  9.5e-179  3.2e-176  591.1   0.0     2   470   213   686   212   687 0.97 [190263/458/1]
190263/396/1.f:KAAOMA_13960 -            484 GT5.hmm              -            472  4.9e-176  590.4   0.1   1   1  1.8e-178  6.1e-176  590.1   0.1     1   470     3   478     3   479 0.97 [190263/396/1]
190263/532/1.f:BGDBBA_08010 -            478 GT5.hmm              -            472    8e-176  589.8   0.0   1   1  2.7e-178  8.9e-176  589.6   0.0     1   471     3   476     3   477 0.98 [190263/532/1]
190263/472/1.f:NMGHJI_15780 -            570 GT5.hmm              -            472  8.5e-176  589.7   0.1   1   1  3.3e-178  1.1e-175  589.3   0.1     2   470    90   563    89   564 0.97 [190263/472/1]
190263/434/1.f:NCAOKI_09050 -            850 GT5.hmm              -            472    1e-175  589.4   0.0   1   1  3.8e-178  1.2e-175  589.1   0.0     1   471    10   487    10   488 0.97 [190263/434/1]
190263/578/1.f:HIHCLH_03110 -            616 GT5.hmm              -            472  2.7e-175  588.0   0.1   1   1    1e-177  3.3e-175  587.7   0.1     2   470   136   609   135   611 0.97 [190263/578/1]
190263/546/1.f:GEHMID_19940 -            811 GT5.hmm              -            472  2.2e-174  585.0   0.1   1   1    8e-177  2.7e-174  584.7   0.1     2   470   333   806   332   808 0.97 [190263/546/1]
190263/495/1.f:ANKNCD_14505 -            485 GT5.hmm              -            472  3.4e-174  584.4   0.1   1   1  1.1e-176  3.8e-174  584.2   0.1     1   471     3   478     3   479 0.97 [190263/495/1]
190263/487/1.f:MPKEFC_04400 -            478 GT5.hmm              -            472    9e-174  583.0   0.0   1   1  3.1e-176    1e-173  582.8   0.0     1   471     3   476     3   477 0.98 [190263/487/1]
190263/487/1.f:MPKEFC_13135 -            708 GT5.hmm              -            472  1.1e-173  582.6   0.1   1   1  4.5e-176  1.5e-173  582.3   0.1     2   470   228   701   227   703 0.97 [190263/487/1]
190263/390/1.f:OLPOLE_04210 -            474 GT5.hmm              -            472    2e-173  581.9   0.0   1   1  6.7e-176  2.2e-173  581.7   0.0     1   472     2   469     2   469 0.97 [190263/390/1]
190263/443/1.f:LNLACP_12765 -            472 GT5.hmm              -            472  4.5e-173  580.7   0.0   1   1  1.5e-175  5.1e-173  580.5   0.0     1   471     2   466     2   467 0.97 [190263/443/1]
190263/423/1.f:PDNKFB_02760 -            484 GT5.hmm              -            472  3.4e-172  577.8   0.0   1   1  1.1e-174  3.8e-172  577.6   0.0     1   471     3   479     3   480 0.97 [190263/423/1]
190263/567/1.f:NOEGFN_14250 -            477 GT5.hmm              -            472    4e-172  577.6   0.0   1   1  1.3e-174  4.4e-172  577.4   0.0     1   471     2   470     2   471 0.97 [190263/567/1]
190263/452/1.f:PEIHBN_00515 -            520 GT5.hmm              -            472    5e-172  577.2   0.1   1   1  1.7e-174  5.8e-172  577.0   0.1     2   470    40   513    39   515 0.97 [190263/452/1]
190263/487/1.f:MPKEFC_08265 -            483 GT5.hmm              -            472  8.6e-172  576.5   0.0   1   1  2.9e-174  9.7e-172  576.3   0.0     1   471     3   478     3   479 0.97 [190263/487/1]
190263/380/1.f:GDCFAC_13240 -            578 GT5.hmm              -            472  8.8e-172  576.4   0.0   1   1    3e-174    1e-171  576.2   0.0     1   472     2   472     2   472 0.98 [190263/380/1]
190263/576/1.f:FNMBCG_01085 -            472 GT5.hmm              -            472  1.4e-171  575.7   0.0   1   1  4.8e-174  1.6e-171  575.6   0.0     1   471     2   466     2   467 0.97 [190263/576/1]
190263/383/1.f:KCEMEB_11105 -            483 GT5.hmm              -            472  2.7e-171  574.8   0.0   1   1  9.2e-174    3e-171  574.6   0.0     1   471    10   480    10   481 0.98 [190263/383/1]
190263/520/1.f:GGDGDE_09885 -            483 GT5.hmm              -            472  3.8e-171  574.3   0.2   1   1  1.3e-173  4.3e-171  574.2   0.2     1   471     3   478     3   479 0.97 [190263/520/1]
190263/443/1.f:LNLACP_09395 -            633 GT5.hmm              -            472  5.8e-171  573.7   0.0   1   1    2e-173  6.8e-171  573.5   0.0     2   470   154   627   153   629 0.97 [190263/443/1]
190263/396/1.f:KAAOMA_20525 -            473 GT5.hmm              -            472    7e-171  573.5   0.0   1   1  2.4e-173  7.8e-171  573.3   0.0     1   471     2   467     2   468 0.98 [190263/396/1]
190263/477/1.f:PCLDCI_09565 -            471 GT5.hmm              -            472  1.6e-170  572.2   0.0   1   1  5.6e-173  1.8e-170  572.1   0.0     1   471     2   467     2   468 0.98 [190263/477/1]
190263/494/1.f:LHPBBO_03370 -            485 GT5.hmm              -            472  8.4e-170  569.9   0.0   1   1  2.8e-172  9.4e-170  569.7   0.0     2   470    12   482    11   484 0.97 [190263/494/1]
190263/413/1.f:NMLDCG_10450 -            590 GT5.hmm              -            472  1.4e-169  569.2   0.0   1   1  4.8e-172  1.6e-169  569.0   0.0     1   471     2   473     2   474 0.98 [190263/413/1]
190263/510/1.f:DELAEA_05550 -            472 GT5.hmm              -            472  2.5e-169  568.4   0.0   1   1  8.3e-172  2.8e-169  568.2   0.0     1   471     2   469     2   470 0.97 [190263/510/1]
190263/584/1.f:DDCNLE_10125 -            472 GT5.hmm              -            472    1e-168  566.3   0.0   1   1  3.4e-171  1.1e-168  566.2   0.0     1   471     2   468     2   469 0.97 [190263/584/1]
190263/596/1.f:GDHELL_04105 -            475 GT5.hmm              -            472  1.5e-168  565.8   0.0   1   1  5.1e-171  1.7e-168  565.6   0.0     1   471     2   469     2   470 0.98 [190263/596/1]
190263/458/1.f:AMPCAI_03085 -            476 GT5.hmm              -            472  1.2e-167  562.8   0.0   1   1  3.9e-170  1.3e-167  562.7   0.0     1   470     2   471     2   473 0.98 [190263/458/1]
190263/530/1.f:LBOGMJ_11825 -            481 GT5.hmm              -            472  1.2e-167  562.8   0.1   1   1  4.1e-170  1.4e-167  562.6   0.1     1   470     7   476     7   478 0.98 [190263/530/1]
190263/400/1.f:EIBLKL_02575 -            475 GT5.hmm              -            472  8.3e-167  560.0   0.0   1   1  2.8e-169  9.3e-167  559.9   0.0     1   471     2   469     2   470 0.97 [190263/400/1]
190263/412/1.f:OOIBGL_02960 -            469 GT5.hmm              -            472  3.3e-165  554.8   0.0   1   1  1.1e-167  3.7e-165  554.6   0.0     1   471     2   467     2   468 0.98 [190263/412/1]
190263/488/1.f:DNPFAC_09045 -            274 GT5.hmm              -            472   5.7e-47  164.9   0.1   1   1   1.8e-49     6e-47  164.8   0.1     1   226     6   242     6   274 0.88 [190263/488/1]
190263/417/1.f:MHBJAE_07885 -            327 GT5.hmm              -            472   6.3e-46  161.4   0.1   1   1   2.6e-48   8.6e-46  161.0   0.1     1   226    59   295    59   326 0.89 [190263/417/1]
190263/456/1.f:LKAJBD_08050 -            274 GT5.hmm              -            472   2.4e-45  159.5   0.0   1   1   8.8e-48   2.9e-45  159.2   0.0     1   224     6   240     6   251 0.92 [190263/456/1]
190263/466/1.f:PGJOII_06980 -            295 GT5.hmm              -            472   7.1e-45  158.0   0.0   1   1   2.6e-47   8.6e-45  157.7   0.0     1   222    29   261    29   274 0.91 [190263/466/1]
190263/365/1.f:JJMMAK_08700 -            272 GT5.hmm              -            472   1.1e-44  157.3   0.0   1   1   3.9e-47   1.3e-44  157.1   0.0     1   223     5   238     5   254 0.92 [190263/365/1]
190263/379/1.f:LOJHAC_07460 -            274 GT5.hmm              -            472   1.3e-44  157.1   0.0   1   1   4.8e-47   1.6e-44  156.8   0.0     1   223     5   238     5   246 0.92 [190263/379/1]
190263/497/1.f:HENFFC_02540 -            289 GT5.hmm              -            472   1.3e-44  157.0   0.0   1   1   4.9e-47   1.6e-44  156.8   0.0     1   223    22   255    22   271 0.92 [190263/497/1]
190263/405/1.f:EHKDKA_12525 -            274 GT5.hmm              -            472   1.4e-44  157.0   0.0   1   1   4.9e-47   1.6e-44  156.8   0.0     1   225     6   241     6   268 0.92 [190263/405/1]
190263/502/1.f:NONHGB_10855 -            274 GT5.hmm              -            472   1.9e-44  156.5   0.0   1   1   6.7e-47   2.2e-44  156.3   0.0     1   225     6   241     6   270 0.91 [190263/502/1]
190263/368/1.f:HPMDBE_01100 -            274 GT5.hmm              -            472   2.5e-44  156.2   0.0   1   1     9e-47     3e-44  155.9   0.0     1   223     5   238     5   246 0.92 [190263/368/1]
190263/516/1.f:MGNFBC_01110 -            274 GT5.hmm              -            472   2.5e-44  156.2   0.0   1   1     9e-47     3e-44  155.9   0.0     1   223     5   238     5   246 0.92 [190263/516/1]
190263/404/1.f:BGJBIG_07810 -            279 GT5.hmm              -            472   2.6e-44  156.1   0.0   1   1   9.3e-47   3.1e-44  155.9   0.0     1   223     6   239     6   260 0.90 [190263/404/1]
190263/475/1.f:MCKEEP_10890 -            277 GT5.hmm              -            472   3.7e-44  155.6   0.0   1   1   1.3e-46   4.4e-44  155.4   0.0     1   222     6   238     6   256 0.90 [190263/475/1]
190263/585/1.f:DLBDDB_08975 -            279 GT5.hmm              -            472   3.7e-44  155.6   0.0   1   1   1.2e-46   4.1e-44  155.5   0.0     1   223     6   239     6   275 0.90 [190263/585/1]
190263/461/1.f:DHPHOK_08935 -            274 GT5.hmm              -            472   4.9e-44  155.2   0.0   1   1   1.7e-46   5.6e-44  155.0   0.0     1   226     6   242     6   272 0.91 [190263/461/1]
190263/562/1.f:KJGNCK_11695 -            277 GT5.hmm              -            472   6.1e-44  154.9   0.0   1   1   2.2e-46   7.2e-44  154.7   0.0     1   222     6   238     6   255 0.90 [190263/562/1]
190263/552/1.f:EMALNL_11645 -            277 GT5.hmm              -            472   6.1e-44  154.9   0.0   1   1   2.2e-46   7.3e-44  154.6   0.0     1   222     6   238     6   254 0.91 [190263/552/1]
190263/401/1.f:DMFJNH_10965 -            278 GT5.hmm              -            472   8.2e-44  154.5   0.0   1   1   2.8e-46   9.4e-44  154.3   0.0     1   221     6   237     6   268 0.91 [190263/401/1]
190263/504/1.f:DOAHDM_11300 -            278 GT5.hmm              -            472   8.2e-44  154.5   0.0   1   1   2.8e-46   9.4e-44  154.3   0.0     1   221     6   237     6   268 0.91 [190263/504/1]
190263/526/1.f:GBBCGM_16015 -            273 GT5.hmm              -            472   7.7e-42  148.0   0.0   1   1   2.8e-44   9.3e-42  147.7   0.0     1   221     5   235     5   247 0.90 [190263/526/1]
190263/366/1.f:DBJPFP_05905 -            268 GT5.hmm              -            472   1.2e-41  147.3   0.0   1   1   4.4e-44   1.5e-41  147.0   0.0     1   224     4   237     4   250 0.92 [190263/366/1]
190263/540/1.f:BCGFLB_06685 -            272 GT5.hmm              -            472   1.7e-41  146.8   0.0   1   1   6.3e-44   2.1e-41  146.5   0.0     1   211     5   225     5   230 0.90 [190263/540/1]
190263/545/1.f:NCJBIN_16860 -            274 GT5.hmm              -            472   1.9e-41  146.7   0.0   1   1   6.5e-44   2.2e-41  146.5   0.0     1   222     5   238     5   263 0.89 [190263/545/1]
190263/391/1.f:NONBJF_15965 -            274 GT5.hmm              -            472     2e-41  146.6   0.0   1   1   6.9e-44   2.3e-41  146.4   0.0     1   222     5   238     5   255 0.89 [190263/391/1]
190263/534/1.f:OHCFJE_15865 -            274 GT5.hmm              -            472     2e-41  146.6   0.0   1   1   6.9e-44   2.3e-41  146.4   0.0     1   222     5   238     5   255 0.89 [190263/534/1]
190263/421/1.f:PBKEAC_07015 -            268 GT5.hmm              -            472   3.6e-41  145.7   0.0   1   1   1.3e-43   4.5e-41  145.4   0.0     1   215     4   228     4   236 0.93 [190263/421/1]
190263/364/1.f:DKBBKL_10325 -            281 GT5.hmm              -            472     4e-41  145.6   0.0   1   1   1.4e-43   4.8e-41  145.3   0.0     1   211    18   238    18   255 0.90 [190263/364/1]
190263/388/1.f:FDDJJK_14960 -            274 GT5.hmm              -            472   4.2e-41  145.5   0.0   1   1   1.4e-43   4.8e-41  145.3   0.0     1   222     5   238     5   263 0.89 [190263/388/1]
190263/556/1.f:EMIPPF_05610 -            268 GT5.hmm              -            472     1e-40  144.3   0.0   1   1   3.7e-43   1.2e-40  144.0   0.0     1   214     4   227     4   230 0.94 [190263/556/1]
190263/583/1.f:BCCKNC_11100 -            275 GT5.hmm              -            472   4.5e-40  142.1   0.0   1   1   1.6e-42   5.4e-40  141.9   0.0     1   216     5   231     5   246 0.89 [190263/583/1]
190263/446/1.f:LHJMMB_08175 -            268 GT5.hmm              -            472   8.1e-40  141.3   0.0   1   1   2.9e-42   9.6e-40  141.0   0.0     1   216     4   229     4   242 0.93 [190263/446/1]
190263/564/1.f:KIHMBJ_05600 -            272 GT5.hmm              -            472   9.4e-40  141.1   0.0   1   1   3.6e-42   1.2e-39  140.7   0.0     1   210     5   224     5   227 0.91 [190263/564/1]
190263/437/1.f:LBKKEJ_16985 -            272 GT5.hmm              -            472   3.6e-39  139.2   0.0   1   1   1.2e-41     4e-39  139.0   0.0     1   216     5   231     5   262 0.91 [190263/437/1]
190263/523/1.f:MDNHKG_10915 -            269 GT5.hmm              -            472   5.4e-39  138.6   0.0   1   1   1.9e-41   6.4e-39  138.3   0.0     1   221     5   235     5   249 0.88 [190263/523/1]
190263/399/1.f:CDLIDF_10200 -            271 GT5.hmm              -            472   6.7e-39  138.3   0.0   1   1   2.4e-41   7.9e-39  138.0   0.0     1   211     5   226     5   243 0.90 [190263/399/1]
190263/522/1.f:NPJBCH_04295 -            268 GT5.hmm              -            472   1.4e-37  133.9   0.0   1   1   5.2e-40   1.7e-37  133.6   0.0     1   210     4   224     4   227 0.90 [190263/522/1]
190263/564/1.f:KIHMBJ_09700 -            428 GT5.hmm              -            472   1.1e-36  130.9   1.3   1   1   5.8e-24   1.9e-21   80.7   0.0   283   471   244   425   216   426 0.86 [190263/564/1]
190263/420/1.f:GMHOLO_04180 -            418 GT5.hmm              -            472   1.5e-36  130.5   0.0   1   1   1.4e-38   4.7e-36  128.9   0.0   123   471    90   407    69   408 0.82 [190263/420/1]
190263/527/1.f:HGADJN_04420 -            418 GT5.hmm              -            472   1.6e-36  130.4   0.0   1   1   1.4e-38   4.6e-36  128.9   0.0   123   471    90   407    66   408 0.82 [190263/527/1]
190263/474/1.f:AMDJJA_04595 -            416 GT5.hmm              -            472   3.1e-36  129.5   0.0   1   1   4.2e-38   1.4e-35  127.3   0.0   124   471    92   408    72   409 0.83 [190263/474/1]
190263/460/1.f:IHFGKI_02985 -            270 GT5.hmm              -            472   1.7e-35  127.1   0.0   1   1   6.2e-38   2.1e-35  126.8   0.0     1   210     4   224     4   227 0.91 [190263/460/1]
190263/523/1.f:MDNHKG_00325 -            435 GT5.hmm              -            472   1.2e-34  124.2   2.8   1   1   1.7e-22   5.7e-20   75.8   0.1   292   407   256   372   241   427 0.86 [190263/523/1]
190263/526/1.f:GBBCGM_01470 -            422 GT5.hmm              -            472   1.3e-34  124.1   1.3   1   1   2.5e-34   8.4e-32  114.9   1.3    15   425    11   373     5   419 0.71 [190263/526/1]
190263/415/1.f:OLCEDN_06085 -            487 GT5.hmm              -            472   2.1e-34  123.4   0.7   1   1   4.1e-28   1.4e-25   94.4   1.1   114   472   190   481   172   481 0.82 [190263/415/1]
190263/540/1.f:BCGFLB_09035 -            428 GT5.hmm              -            472   2.7e-34  123.1   0.8   1   1   4.7e-23   1.6e-20   77.7   0.1   277   471   243   425   218   426 0.78 [190263/540/1]
190263/473/1.f:MLHPCA_05945 -            446 GT5.hmm              -            472   1.7e-33  120.5   0.0   1   1   6.8e-33   2.3e-30  110.1   0.0     1   471     2   439     2   440 0.71 [190263/473/1]
190263/421/1.f:PBKEAC_08820 -            439 GT5.hmm              -            472     3e-32  116.4   3.4   1   1   1.7e-21   5.8e-19   72.5   0.0   293   438   258   396   239   429 0.79 [190263/421/1]
190263/364/1.f:DKBBKL_13545 -            423 GT5.hmm              -            472   5.3e-32  115.5   1.6   1   1     2e-21   6.8e-19   72.3   0.0   287   470   240   417   213   419 0.76 [190263/364/1]
190263/366/1.f:DBJPFP_08000 -            439 GT5.hmm              -            472   7.7e-32  115.0   3.5   1   1   1.7e-21   5.5e-19   72.6   0.0   292   437   257   395   237   429 0.79 [190263/366/1]
190263/556/1.f:EMIPPF_08095 -            437 GT5.hmm              -            472   9.1e-32  114.7   3.7   1   1   7.1e-22   2.3e-19   73.8   0.0   290   426   255   384   237   429 0.79 [190263/556/1]
190263/446/1.f:LHJMMB_06120 -            437 GT5.hmm              -            472   1.2e-31  114.3   4.5   1   1   2.5e-21   8.3e-19   72.0   0.0   293   438   258   396   249   429 0.79 [190263/446/1]
190263/369/1.f:JCDIFE_09725 -            230 GT5.hmm              -            472   3.4e-31  112.8   0.1   1   1   1.1e-33   3.8e-31  112.7   0.1    40   225     1   197     1   228 0.89 [190263/369/1]
190263/506/1.f:IKGMED_09640 -            432 GT5.hmm              -            472   3.6e-29  106.2   0.3   1   1   2.1e-28   6.8e-26   95.4   0.3     2   471     6   427     5   428 0.74 [190263/506/1]
190263/421/1.f:PBKEAC_08830 -           1415 GT5.hmm              -            472   4.5e-28  102.6   0.0   1   1   5.3e-16   1.8e-13   54.4   0.0    60   372   757  1153   685  1158 0.71 [190263/421/1]
190263/466/1.f:PGJOII_06960 -            417 GT5.hmm              -            472   4.7e-28  102.5   0.5   1   1   6.7e-22   2.2e-19   73.9   0.1   287   408   233   355   183   409 0.86 [190263/466/1]
190263/456/1.f:LKAJBD_08035 -            421 GT5.hmm              -            472   6.1e-28  102.1   0.2   1   1   8.8e-22   2.9e-19   73.5   0.0   288   408   238   359   210   413 0.87 [190263/456/1]
190263/461/1.f:DHPHOK_08920 -            422 GT5.hmm              -            472   6.9e-28  102.0   0.4   1   1   4.8e-22   1.6e-19   74.4   0.1   288   409   239   361   188   415 0.80 [190263/461/1]
190263/522/1.f:NPJBCH_04205 -            418 GT5.hmm              -            472   7.7e-28  101.8   1.0   1   1     1e-20   3.5e-18   70.0   0.0   280   408   229   358   222   403 0.82 [190263/522/1]
190263/369/1.f:JCDIFE_09710 -            422 GT5.hmm              -            472   9.2e-28  101.5   0.5   1   1   6.3e-22   2.1e-19   74.0   0.1   288   409   239   361   188   414 0.84 [190263/369/1]
190263/583/1.f:BCCKNC_11085 -            422 GT5.hmm              -            472   1.5e-27  100.9   0.2   1   1   4.2e-21   1.4e-18   71.3   0.0   288   409   239   361   227   414 0.85 [190263/583/1]
190263/404/1.f:BGJBIG_07795 -            421 GT5.hmm              -            472   7.1e-27   98.6   0.1   1   1   1.3e-21   4.4e-19   72.9   0.0   287   408   237   359   196   374 0.85 [190263/404/1]
190263/399/1.f:CDLIDF_10185 -            423 GT5.hmm              -            472   7.3e-27   98.6   1.2   1   1   2.3e-20   7.7e-18   68.8   0.1   281   408   234   361   204   381 0.89 [190263/399/1]
190263/585/1.f:DLBDDB_08960 -            422 GT5.hmm              -            472   8.1e-27   98.4   0.2   1   1   2.5e-21   8.2e-19   72.0   0.0   289   408   240   360   203   414 0.84 [190263/585/1]
190263/475/1.f:MCKEEP_10870 -            421 GT5.hmm              -            472   1.7e-26   97.4   0.2   1   1   3.5e-21   1.2e-18   71.5   0.0   289   408   239   359   202   413 0.85 [190263/475/1]
190263/573/1.f:LIDFCI_01285 -            421 GT5.hmm              -            472   1.7e-26   97.4   0.2   1   1   3.5e-21   1.2e-18   71.5   0.0   289   408   239   359   202   413 0.85 [190263/573/1]
190263/497/1.f:HENFFC_02525 -            428 GT5.hmm              -            472   1.8e-26   97.3   0.1   1   1   5.5e-21   1.8e-18   70.9   0.0   287   408   244   366   193   420 0.83 [190263/497/1]
190263/437/1.f:LBKKEJ_11865 -            423 GT5.hmm              -            472   2.1e-26   97.1   0.5   1   1   5.8e-20   1.9e-17   67.5   0.1   287   408   239   361   204   382 0.87 [190263/437/1]
190263/552/1.f:EMALNL_11630 -            421 GT5.hmm              -            472   2.2e-26   97.0   0.1   1   1   4.5e-21   1.5e-18   71.2   0.0   289   408   239   359   226   413 0.86 [190263/552/1]
190263/562/1.f:KJGNCK_11680 -            421 GT5.hmm              -            472   2.2e-26   97.0   0.1   1   1   4.5e-21   1.5e-18   71.2   0.0   289   408   239   359   226   413 0.86 [190263/562/1]
190263/365/1.f:JJMMAK_08715 -            428 GT5.hmm              -            472   5.7e-26   95.6   0.1   1   1     1e-20   3.5e-18   70.0   0.0   287   408   244   366   193   419 0.86 [190263/365/1]
190263/595/1.f:HGDLEC_00335 -            422 GT5.hmm              -            472   2.6e-25   93.5   0.7   1   1     8e-20   2.6e-17   67.1   0.0   291   462   244   407   228   417 0.79 [190263/595/1]
190263/391/1.f:NONBJF_15630 -            421 GT5.hmm              -            472   2.7e-25   93.4   0.1   1   1     1e-20   3.3e-18   70.0   0.0   289   409   239   360   219   414 0.81 [190263/391/1]
190263/534/1.f:OHCFJE_15530 -            421 GT5.hmm              -            472   2.7e-25   93.4   0.1   1   1     1e-20   3.3e-18   70.0   0.0   289   409   239   360   219   414 0.81 [190263/534/1]
190263/545/1.f:NCJBIN_16150 -            421 GT5.hmm              -            472   2.7e-25   93.4   0.1   1   1     1e-20   3.3e-18   70.0   0.0   289   409   239   360   219   414 0.81 [190263/545/1]
190263/388/1.f:FDDJJK_14310 -            421 GT5.hmm              -            472   3.3e-25   93.1   0.1   1   1     1e-20   3.3e-18   70.0   0.0   289   409   239   360   219   414 0.81 [190263/388/1]
190263/460/1.f:IHFGKI_01815 -            422 GT5.hmm              -            472     4e-25   92.8   0.4   1   1   1.8e-19   5.8e-17   65.9   0.0   290   433   243   379   200   417 0.79 [190263/460/1]
190263/417/1.f:MHBJAE_07870 -            420 GT5.hmm              -            472   4.3e-25   92.8   0.2   1   1   3.5e-20   1.2e-17   68.2   0.1   286   408   234   357   175   370 0.82 [190263/417/1]
190263/488/1.f:DNPFAC_09030 -            420 GT5.hmm              -            472   4.5e-25   92.7   0.2   1   1   2.7e-20   9.1e-18   68.6   0.1   286   408   234   357   175   379 0.82 [190263/488/1]
190263/379/1.f:LOJHAC_07475 -            422 GT5.hmm              -            472   5.5e-25   92.4   1.3   1   1   6.9e-24   2.3e-21   80.4   1.3    15   407    15   361     3   416 0.79 [190263/379/1]
190263/516/1.f:MGNFBC_01095 -            422 GT5.hmm              -            472   5.5e-25   92.4   1.3   1   1   6.9e-24   2.3e-21   80.4   1.3    15   407    15   361     3   416 0.79 [190263/516/1]
190263/368/1.f:HPMDBE_01085 -            422 GT5.hmm              -            472   6.6e-25   92.1   1.2   1   1   2.2e-20   7.4e-18   68.9   0.1   292   406   245   360   230   416 0.84 [190263/368/1]
190263/401/1.f:DMFJNH_10950 -            424 GT5.hmm              -            472   1.2e-24   91.2   0.2   1   1   1.2e-19   4.1e-17   66.4   0.1   286   408   238   361   204   378 0.83 [190263/401/1]
190263/504/1.f:DOAHDM_11285 -            424 GT5.hmm              -            472   1.2e-24   91.2   0.2   1   1   1.2e-19   4.1e-17   66.4   0.1   286   408   238   361   204   378 0.83 [190263/504/1]
190263/585/1.f:DLBDDB_14525 -            375 GT5.hmm              -            472   2.4e-24   90.3   0.0   1   1   1.7e-26   5.7e-24   89.0   0.0   291   471   194   369   161   370 0.90 [190263/585/1]
190263/379/1.f:LOJHAC_00180 -            369 GT5.hmm              -            472   2.8e-24   90.0   0.0   1   1   1.4e-26   4.7e-24   89.3   0.0   201   442   105   344    76   361 0.76 [190263/379/1]
190263/448/1.f:IBJDOL_13530 -            407 GT5.hmm              -            472   4.5e-24   89.4   0.0   1   1   1.8e-22   5.9e-20   75.8   0.0   254   472   184   404   177   404 0.83 [190263/448/1]
190263/405/1.f:EHKDKA_12510 -            423 GT5.hmm              -            472   7.6e-24   88.6   0.2   1   1     6e-20     2e-17   67.5   0.1   287   408   239   361   204   415 0.84 [190263/405/1]
190263/502/1.f:NONHGB_10840 -            423 GT5.hmm              -            472   1.9e-23   87.3   0.4   1   1   1.5e-19     5e-17   66.1   0.1   287   408   239   361   189   415 0.85 [190263/502/1]
190263/365/1.f:JJMMAK_04535 -            372 GT5.hmm              -            472   2.1e-22   83.9   0.0   1   1   1.6e-24   5.2e-22   82.6   0.0   291   471   195   370   152   371 0.83 [190263/365/1]
190263/487/1.f:MPKEFC_01225 -            357 GT5.hmm              -            472   2.3e-22   83.7   0.1   1   1   2.9e-21   9.7e-19   71.8   0.0   295   470   184   351   170   353 0.87 [190263/487/1]
190263/460/1.f:IHFGKI_06385 -            553 GT5.hmm              -            472   3.9e-22   83.0   0.2   1   1   7.1e-17   2.4e-14   57.3   0.1    60   323    79   333    21   346 0.71 [190263/460/1]
190263/456/1.f:LKAJBD_10750 -            554 GT5.hmm              -            472   4.7e-22   82.7   0.2   1   1   4.3e-16   1.4e-13   54.7   0.1    14   323    21   334    13   385 0.73 [190263/456/1]
190263/580/1.f:JCPJNN_29760 -            302 GT5.hmm              -            472   6.1e-22   82.4   0.0   1   1   2.3e-24   7.5e-22   82.0   0.0   205   460    53   287    16   296 0.83 [190263/580/1]
190263/472/1.f:NMGHJI_11800 -            962 GT5.hmm              -            472   6.4e-22   82.3   0.0   1   1   4.1e-21   1.4e-18   71.3   0.0   287   471   214   391   169   392 0.79 [190263/472/1]
190263/423/1.f:PDNKFB_00105 -            367 GT5.hmm              -            472   1.9e-21   80.7   0.0   1   1   6.7e-20   2.2e-17   67.3   0.0   291   469   189   362   174   364 0.84 [190263/423/1]
190263/365/1.f:JJMMAK_06310 -            370 GT5.hmm              -            472   4.6e-21   79.4   0.0   1   1   1.4e-22   4.6e-20   76.2   0.0   269   472   168   365   123   365 0.84 [190263/365/1]
190263/512/1.f:JBCLGH_09755 -            441 GT5.hmm              -            472   8.7e-21   78.5   1.6   1   1   6.4e-18   2.1e-15   60.8   0.1   289   435   224   367   194   401 0.78 [190263/512/1]
190263/438/1.f:IKAFOJ_08040 -            382 GT5.hmm              -            472   2.2e-20   77.2   0.0   1   1   7.6e-23   2.5e-20   77.0   0.0   269   462   184   371   113   381 0.84 [190263/438/1]
190263/527/1.f:HGADJN_07845 -            378 GT5.hmm              -            472   2.8e-20   76.9   0.1   1   1   2.1e-21   7.1e-19   72.2   0.1    36   470     2   375     1   376 0.85 [190263/527/1]
190263/379/1.f:LOJHAC_16915 -            418 GT5.hmm              -            472   4.5e-20   76.2   0.0   1   1   4.7e-20   1.6e-17   67.8   0.0   269   471   220   413   189   414 0.80 [190263/379/1]
190263/368/1.f:HPMDBE_16430 -            418 GT5.hmm              -            472   5.7e-20   75.9   0.0   1   1   4.7e-20   1.6e-17   67.8   0.0   269   471   220   413   191   414 0.80 [190263/368/1]
190263/497/1.f:HENFFC_17175 -            401 GT5.hmm              -            472   2.2e-19   73.9   0.1   1   1   1.5e-19   4.9e-17   66.2   0.0   237   471   192   394   167   395 0.86 [190263/497/1]
190263/452/1.f:PEIHBN_02570 -            403 GT5.hmm              -            472   2.7e-19   73.6   0.1   1   1   2.4e-21   7.9e-19   72.1   0.1   118   470    83   397    45   398 0.75 [190263/452/1]
190263/396/1.f:KAAOMA_12245 -            382 GT5.hmm              -            472   2.7e-19   73.6   0.0   1   1   1.4e-21   4.7e-19   72.8   0.0   289   444   196   350   182   377 0.84 [190263/396/1]
190263/522/1.f:NPJBCH_12285 -            423 GT5.hmm              -            472   3.6e-19   73.2   0.0   1   1   1.3e-19   4.3e-17   66.4   0.0   232   470   203   414   188   416 0.80 [190263/522/1]
190263/497/1.f:HENFFC_11790 -            383 GT5.hmm              -            472     4e-19   73.1   0.0   1   1   4.2e-21   1.4e-18   71.3   0.0   127   470    84   379    63   381 0.72 [190263/497/1]
190263/422/1.f:HJBCNJ_18385 -            368 GT5.hmm              -            472     5e-19   72.7   0.6   1   1   6.3e-20   2.1e-17   67.4   0.0   245   472   161   364   115   364 0.79 [190263/422/1]
190263/578/1.f:HIHCLH_03645 -            378 GT5.hmm              -            472   5.7e-19   72.5   0.5   1   1   9.6e-19   3.2e-16   63.5   0.0   260   416   168   323   138   375 0.80 [190263/578/1]
190263/433/1.f:ADFNDI_07065 -            352 GT5.hmm              -            472   6.3e-19   72.4   0.3   1   1   7.1e-17   2.3e-14   57.3   0.0   277   437   161   313   136   348 0.76 [190263/433/1]
190263/565/1.f:PAEINE_05995 -            427 GT5.hmm              -            472   8.2e-19   72.0   0.0   1   1     5e-19   1.6e-16   64.4   0.0   288   471   238   422   205   423 0.85 [190263/565/1]
190263/368/1.f:HPMDBE_17180 -            415 GT5.hmm              -            472   9.1e-19   71.9   0.0   1   1   4.8e-21   1.6e-18   71.1   0.0   217   421   183   350    17   408 0.77 [190263/368/1]
190263/379/1.f:LOJHAC_17675 -            415 GT5.hmm              -            472   9.1e-19   71.9   0.0   1   1   4.8e-21   1.6e-18   71.1   0.0   217   421   183   350    17   408 0.77 [190263/379/1]
190263/516/1.f:MGNFBC_15085 -            415 GT5.hmm              -            472   9.1e-19   71.9   0.0   1   1   4.8e-21   1.6e-18   71.1   0.0   217   421   183   350    17   408 0.77 [190263/516/1]
190263/595/1.f:HGDLEC_06045 -            413 GT5.hmm              -            472   9.6e-19   71.8   0.2   1   1   6.5e-21   2.2e-18   70.6   0.0   275   471   214   403   187   404 0.82 [190263/595/1]
190263/391/1.f:NONBJF_19755 -            367 GT5.hmm              -            472   9.7e-19   71.8   1.4   1   1     4e-21   1.3e-18   71.3   0.3   294   471   192   363   148   364 0.88 [190263/391/1]
190263/475/1.f:MCKEEP_19735 -            398 GT5.hmm              -            472   2.1e-18   70.7   0.0   1   1     1e-20   3.5e-18   70.0   0.0   239   472   197   391   102   391 0.80 [190263/475/1]
190263/439/1.f:KGLJGB_02875 -            379 GT5.hmm              -            472   2.2e-18   70.6   0.0   1   1   1.8e-18   5.8e-16   62.6   0.0    35   471     8   378     1   379 0.69 [190263/439/1]
190263/560/1.f:OAGBLH_01685 -            745 GT5.hmm              -            472   2.3e-18   70.5   0.1   1   1   3.9e-19   1.3e-16   64.8   0.0   287   469   562   735   508   738 0.90 [190263/560/1]
190263/591/1.f:NBPJEL_00095 -            361 GT5.hmm              -            472   2.4e-18   70.5   0.2   1   1   5.7e-19   1.9e-16   64.2   0.0   287   469   173   352   126   355 0.82 [190263/591/1]
190263/534/1.f:OHCFJE_18850 -            374 GT5.hmm              -            472   2.5e-18   70.5   1.1   1   1   9.8e-21   3.2e-18   70.1   0.1   294   472   194   366   139   366 0.91 [190263/534/1]
190263/409/1.f:AJJCMD_19550 -            419 GT5.hmm              -            472   2.8e-18   70.3   0.8   1   1     2e-17   6.8e-15   59.1   0.0   286   472   211   390   182   390 0.78 [190263/409/1]
190263/585/1.f:DLBDDB_14500 -            403 GT5.hmm              -            472   3.4e-18   70.0   0.0   1   1   3.2e-16   1.1e-13   55.2   0.0   296   470   217   388   174   390 0.87 [190263/585/1]
190263/457/1.f:IIKDLL_00515 -            412 GT5.hmm              -            472   5.1e-18   69.4   0.1   1   1     3e-20   9.9e-18   68.5   0.0   276   471   222   405   181   406 0.86 [190263/457/1]
190263/580/1.f:JCPJNN_10845 -            402 GT5.hmm              -            472   5.4e-18   69.3   0.0   1   1   2.1e-16     7e-14   55.8   0.0   227   470   169   399   158   401 0.78 [190263/580/1]
190263/502/1.f:NONHGB_06350 -            424 GT5.hmm              -            472   5.7e-18   69.3   0.0   1   1   1.6e-18   5.2e-16   62.8   0.0   276   471   225   415   177   416 0.83 [190263/502/1]
190263/584/1.f:DDCNLE_08440 -            377 GT5.hmm              -            472   6.9e-18   69.0   0.0   1   1   5.6e-20   1.9e-17   67.5   0.0   284   471   193   369   181   371 0.84 [190263/584/1]
190263/513/1.f:MKNBNH_10915 -            390 GT5.hmm              -            472   7.8e-18   68.8   0.6   1   1   5.2e-18   1.7e-15   61.1   0.0   277   471   193   377   161   378 0.87 [190263/513/1]
190263/365/1.f:JJMMAK_02035 -            408 GT5.hmm              -            472   9.7e-18   68.5   0.0   1   1   7.5e-17   2.5e-14   57.2   0.0   295   471   236   401   186   402 0.85 [190263/365/1]
190263/540/1.f:BCGFLB_11315 -            362 GT5.hmm              -            472   1.1e-17   68.3   0.0   1   1   1.8e-19   5.9e-17   65.9   0.0   238   471   155   357   129   358 0.81 [190263/540/1]
190263/384/1.f:CDKGIA_21365 -            782 GT5.hmm              -            472   1.2e-17   68.2   0.1   1   1   1.3e-19   4.3e-17   66.4   0.0   295   470   610   779   596   781 0.84 [190263/384/1]
190263/461/1.f:DHPHOK_04085 -            421 GT5.hmm              -            472   1.4e-17   67.9   0.1   1   1   1.5e-19   5.1e-17   66.1   0.1   241   472   210   415    10   415 0.73 [190263/461/1]
190263/369/1.f:JCDIFE_03400 -            421 GT5.hmm              -            472   1.7e-17   67.7   0.0   1   1   1.7e-19   5.8e-17   65.9   0.0   252   472   221   415    11   415 0.82 [190263/369/1]
190263/405/1.f:EHKDKA_07035 -            441 GT5.hmm              -            472   1.8e-17   67.6   0.0   1   1     7e-18   2.3e-15   60.6   0.0   278   471   245   432   208   433 0.84 [190263/405/1]
190263/546/1.f:GEHMID_01420 -            406 GT5.hmm              -            472     2e-17   67.4   0.6   1   1   5.9e-16   1.9e-13   54.3   0.5   120   471    82   398    69   399 0.75 [190263/546/1]
190263/475/1.f:MCKEEP_18960 -            365 GT5.hmm              -            472   2.2e-17   67.4   0.0   1   1   3.1e-17     1e-14   58.5   0.0   285   470   179   359   148   361 0.81 [190263/475/1]
190263/388/1.f:FDDJJK_20230 -            387 GT5.hmm              -            472   2.2e-17   67.3   0.0   1   1   4.1e-18   1.4e-15   61.4   0.0   289   471   203   379   180   380 0.80 [190263/388/1]
190263/384/1.f:CDKGIA_26480 -            375 GT5.hmm              -            472   2.6e-17   67.1   0.0   1   1   9.9e-20   3.3e-17   66.7   0.0   271   471   173   368   133   369 0.81 [190263/384/1]
190263/405/1.f:EHKDKA_16155 -            380 GT5.hmm              -            472   2.7e-17   67.0   0.0   1   1   2.6e-19   8.6e-17   65.4   0.0   273   470   185   375    69   378 0.77 [190263/405/1]
190263/534/1.f:OHCFJE_21440 -            343 GT5.hmm              -            472   3.8e-17   66.5   0.1   1   1     6e-18     2e-15   60.9   0.0   284   471   176   342   129   342 0.83 [190263/534/1]
190263/405/1.f:EHKDKA_21545 -            382 GT5.hmm              -            472   3.8e-17   66.5   0.0   1   1   1.4e-19   4.7e-17   66.2   0.0   188   466   121   378    94   382 0.78 [190263/405/1]
190263/365/1.f:JJMMAK_01525 -            349 GT5.hmm              -            472     4e-17   66.5   0.1   1   1   1.7e-17   5.6e-15   59.4   0.0   288   433   167   308   141   324 0.83 [190263/365/1]
190263/455/1.f:GDGJDA_03760 -            390 GT5.hmm              -            472   4.3e-17   66.4   0.6   1   1   1.1e-17   3.6e-15   60.0   0.1   238   472   157   379   139   379 0.78 [190263/455/1]
190263/502/1.f:NONHGB_06345 -            421 GT5.hmm              -            472   4.5e-17   66.3   0.3   1   1   1.3e-18   4.3e-16   63.1   0.3   195   472   171   415     6   415 0.67 [190263/502/1]
190263/417/1.f:MHBJAE_01045 -            404 GT5.hmm              -            472   4.8e-17   66.2   0.0   1   1   2.2e-19   7.2e-17   65.6   0.0   125   410    94   346    77   398 0.81 [190263/417/1]
190263/362/1.f:KJODLM_06590 -            382 GT5.hmm              -            472   5.3e-17   66.1   0.0   1   1   2.9e-19   9.6e-17   65.2   0.0   159   472    96   381    78   381 0.79 [190263/362/1]
190263/413/1.f:NMLDCG_03375 -            393 GT5.hmm              -            472   5.5e-17   66.0   0.0   1   1   1.2e-16   3.9e-14   56.6   0.0   274   471   190   377   154   378 0.85 [190263/413/1]
190263/433/1.f:ADFNDI_07060 -            374 GT5.hmm              -            472   6.1e-17   65.9   0.0   1   1   2.1e-16   6.9e-14   55.8   0.0   265   471   177   373   147   374 0.84 [190263/433/1]
190263/439/1.f:KGLJGB_02880 -            399 GT5.hmm              -            472   7.2e-17   65.6   0.0   1   1   7.9e-17   2.6e-14   57.2   0.0   124   471    90   399    17   399 0.75 [190263/439/1]
190263/379/1.f:LOJHAC_08925 -            407 GT5.hmm              -            472   7.3e-17   65.6   0.0   1   1   1.4e-18   4.8e-16   62.9   0.0   264   471   202   399   185   400 0.88 [190263/379/1]
190263/390/1.f:OLPOLE_02210 -            367 GT5.hmm              -            472     8e-17   65.5   1.0   1   1   1.4e-16   4.5e-14   56.4   0.1   278   471   180   363   162   364 0.88 [190263/390/1]
190263/497/1.f:HENFFC_05710 -            354 GT5.hmm              -            472   9.6e-17   65.2   0.4   1   1   1.3e-18   4.3e-16   63.1   0.4   286   471   178   349    37   350 0.84 [190263/497/1]
190263/534/1.f:OHCFJE_22945 -            396 GT5.hmm              -            472   1.2e-16   64.8   0.0   1   1   5.2e-19   1.7e-16   64.4   0.0   296   472   212   381   202   381 0.83 [190263/534/1]
190263/452/1.f:PEIHBN_10660 -            391 GT5.hmm              -            472   1.3e-16   64.7   0.3   1   1   7.2e-17   2.4e-14   57.3   0.0   275   470   192   376   155   378 0.85 [190263/452/1]
190263/362/1.f:KJODLM_03740 -            440 GT5.hmm              -            472   1.5e-16   64.5   0.0   1   1   7.3e-17   2.4e-14   57.3   0.0   275   451   192   362   164   379 0.80 [190263/362/1]
190263/369/1.f:JCDIFE_16070 -            353 GT5.hmm              -            472   1.5e-16   64.5   0.0   1   1   2.7e-16   9.1e-14   55.4   0.0   295   470   186   342   172   344 0.87 [190263/369/1]
190263/401/1.f:DMFJNH_03785 -            421 GT5.hmm              -            472   1.6e-16   64.4   0.1   1   1   2.7e-18   8.9e-16   62.0   0.0   273   472   223   415   178   415 0.81 [190263/401/1]
190263/504/1.f:DOAHDM_04215 -            428 GT5.hmm              -            472   1.7e-16   64.4   0.2   1   1   2.8e-18   9.2e-16   62.0   0.0   273   472   230   422   185   422 0.81 [190263/504/1]
190263/363/1.f:CIHHOC_06215 -            380 GT5.hmm              -            472   2.2e-16   64.0   0.0   1   1   1.3e-18   4.3e-16   63.1   0.0   197   469   130   367    48   369 0.76 [190263/363/1]
190263/456/1.f:LKAJBD_02175 -            434 GT5.hmm              -            472   2.4e-16   63.9   0.0   1   1   2.8e-18   9.3e-16   62.0   0.0   243   472   225   428    19   428 0.86 [190263/456/1]
190263/488/1.f:DNPFAC_14360 -            386 GT5.hmm              -            472   2.4e-16   63.9   0.0   1   1   9.3e-19   3.1e-16   63.5   0.0   295   472   213   383   173   383 0.89 [190263/488/1]
190263/546/1.f:GEHMID_06320 -            381 GT5.hmm              -            472     3e-16   63.6   0.0   1   1   2.1e-17     7e-15   59.1   0.0   276   472   193   378     2   378 0.89 [190263/546/1]
190263/368/1.f:HPMDBE_10080 -            386 GT5.hmm              -            472   3.1e-16   63.5   0.1   1   1   1.6e-18   5.3e-16   62.8   0.1   222   471    85   378    74   379 0.72 [190263/368/1]
190263/596/1.f:GDHELL_09100 -            363 GT5.hmm              -            472   3.1e-16   63.5   0.0   1   1   1.3e-18   4.2e-16   63.1   0.0   288   463   186   354   136   362 0.81 [190263/596/1]
190263/460/1.f:IHFGKI_11185 -            422 GT5.hmm              -            472   3.5e-16   63.4   0.0   1   1   3.7e-17   1.2e-14   58.3   0.0   243   471   212   412   193   413 0.83 [190263/460/1]
190263/552/1.f:EMALNL_18440 -            405 GT5.hmm              -            472     4e-16   63.2   0.0   1   1   7.2e-18   2.4e-15   60.6   0.0   263   456   192   385   151   401 0.84 [190263/552/1]
190263/504/1.f:DOAHDM_14095 -            374 GT5.hmm              -            472   4.3e-16   63.1   0.0   1   1   3.6e-17   1.2e-14   58.3   0.0   291   471   197   371   144   372 0.84 [190263/504/1]
190263/405/1.f:EHKDKA_07030 -            421 GT5.hmm              -            472   4.4e-16   63.0   0.5   1   1     1e-17   3.4e-15   60.1   0.5    97   472    67   415     6   415 0.69 [190263/405/1]
190263/388/1.f:FDDJJK_04625 -            420 GT5.hmm              -            472     7e-16   62.4   0.0   1   1   9.4e-18   3.1e-15   60.2   0.0   239   472   207   414     9   414 0.84 [190263/388/1]
190263/475/1.f:MCKEEP_04170 -            427 GT5.hmm              -            472     7e-16   62.4   0.1   1   1   6.7e-18   2.2e-15   60.7   0.1   244   472   219   421    17   421 0.81 [190263/475/1]
190263/466/1.f:PGJOII_03015 -            421 GT5.hmm              -            472   7.2e-16   62.3   0.0   1   1   6.1e-18     2e-15   60.8   0.0   239   472   208   415     9   415 0.86 [190263/466/1]
190263/560/1.f:OAGBLH_02820 -            661 GT5.hmm              -            472   7.9e-16   62.2   0.1   1   1     7e-18   2.3e-15   60.6   0.0   210   440   142   351    72   383 0.81 [190263/560/1]
190263/404/1.f:BGJBIG_02875 -            421 GT5.hmm              -            472   8.7e-16   62.1   0.1   1   1   1.1e-17   3.6e-15   60.0   0.0   273   472   223   415    34   415 0.84 [190263/404/1]
190263/488/1.f:DNPFAC_01650 -            402 GT5.hmm              -            472   8.9e-16   62.0   0.0   1   1     4e-18   1.3e-15   61.5   0.0   289   470   220   395   190   397 0.79 [190263/488/1]
190263/405/1.f:EHKDKA_18760 -            351 GT5.hmm              -            472   9.7e-16   61.9   0.3   1   1   6.9e-16   2.3e-13   54.1   0.0   279   471   154   342   148   343 0.84 [190263/405/1]
190263/417/1.f:MHBJAE_02630 -            380 GT5.hmm              -            472     1e-15   61.8   0.0   1   1   4.1e-18   1.4e-15   61.4   0.0   286   462   192   370   162   377 0.84 [190263/417/1]
190263/437/1.f:LBKKEJ_12400 -            855 GT5.hmm              -            472   1.2e-15   61.6   0.0   1   1   6.5e-18   2.2e-15   60.7   0.0    60   371   197   591   172   597 0.75 [190263/437/1]
190263/438/1.f:IKAFOJ_08685 -            662 GT5.hmm              -            472   1.3e-15   61.5   0.0   1   1   1.7e-17   5.8e-15   59.3   0.0   208   432   144   368    99   403 0.74 [190263/438/1]
190263/391/1.f:NONBJF_04715 -            420 GT5.hmm              -            472   1.3e-15   61.5   0.1   1   1     2e-17   6.7e-15   59.1   0.1   239   472   207   414     8   414 0.85 [190263/391/1]
190263/534/1.f:OHCFJE_07475 -            420 GT5.hmm              -            472   1.3e-15   61.5   0.1   1   1     2e-17   6.7e-15   59.1   0.1   239   472   207   414     8   414 0.85 [190263/534/1]
190263/545/1.f:NCJBIN_05455 -            420 GT5.hmm              -            472   1.3e-15   61.5   0.1   1   1     2e-17   6.7e-15   59.1   0.1   239   472   207   414     8   414 0.85 [190263/545/1]
190263/365/1.f:JJMMAK_13330 -            364 GT5.hmm              -            472   2.1e-15   60.8   0.0   1   1   8.5e-18   2.8e-15   60.4   0.0   270   472   163   362   143   362 0.80 [190263/365/1]
190263/488/1.f:DNPFAC_08150 -            376 GT5.hmm              -            472   2.2e-15   60.7   0.0   1   1   1.6e-17   5.4e-15   59.4   0.0   290   467   195   373   142   375 0.79 [190263/488/1]
190263/417/1.f:MHBJAE_17315 -            854 GT5.hmm              -            472   2.3e-15   60.7   0.0   1   1   1.2e-17   3.8e-15   59.9   0.0    60   372   197   592   125   597 0.77 [190263/417/1]
190263/562/1.f:KJGNCK_06415 -            421 GT5.hmm              -            472   2.3e-15   60.6   0.0   1   1   3.4e-17   1.1e-14   58.4   0.0   273   472   223   415   183   415 0.81 [190263/562/1]
190263/552/1.f:EMALNL_04050 -            427 GT5.hmm              -            472   2.4e-15   60.6   0.0   1   1   3.5e-17   1.2e-14   58.3   0.0   273   472   229   421   189   421 0.81 [190263/552/1]
190263/573/1.f:LIDFCI_19445 -            427 GT5.hmm              -            472   2.4e-15   60.6   0.0   1   1   3.5e-17   1.2e-14   58.3   0.0   273   472   229   421   189   421 0.81 [190263/573/1]
190263/512/1.f:JBCLGH_02860 -            375 GT5.hmm              -            472   2.6e-15   60.5   0.6   1   1   7.9e-16   2.6e-13   53.9   0.1   274   470   183   370   153   371 0.84 [190263/512/1]
190263/583/1.f:BCCKNC_10995 -            856 GT5.hmm              -            472   2.9e-15   60.3   0.0   1   1   1.5e-17     5e-15   59.5   0.0    60   371   197   591   176   597 0.75 [190263/583/1]
190263/552/1.f:EMALNL_20850 -            358 GT5.hmm              -            472   2.9e-15   60.3   0.0   1   1   1.6e-17   5.3e-15   59.5   0.0   295   455   181   338   171   355 0.81 [190263/552/1]
190263/455/1.f:GDGJDA_06365 -            376 GT5.hmm              -            472     3e-15   60.3   0.0   1   1   1.6e-16   5.3e-14   56.2   0.0   280   471   192   372    74   373 0.86 [190263/455/1]
190263/573/1.f:LIDFCI_00735 -            852 GT5.hmm              -            472   3.1e-15   60.2   0.0   1   1   2.3e-17   7.5e-15   59.0   0.0    60   371   197   592   125   599 0.73 [190263/573/1]
190263/585/1.f:DLBDDB_08290 -            852 GT5.hmm              -            472   3.1e-15   60.2   0.0   1   1   2.3e-17   7.5e-15   59.0   0.0    60   371   197   592   125   599 0.73 [190263/585/1]
190263/585/1.f:DLBDDB_05240 -            410 GT5.hmm              -            472   3.2e-15   60.2   0.0   1   1   1.7e-17   5.5e-15   59.4   0.0   239   472   197   404    61   404 0.86 [190263/585/1]
190263/468/1.f:DIOFOH_11400 -            378 GT5.hmm              -            472   3.2e-15   60.2   0.2   1   1   3.5e-17   1.2e-14   58.3   0.0   281   471   198   373   150   374 0.81 [190263/468/1]
190263/488/1.f:DNPFAC_18680 -            854 GT5.hmm              -            472   3.6e-15   60.0   0.0   1   1   1.8e-17   5.9e-15   59.3   0.0    60   372   197   592   125   597 0.76 [190263/488/1]
190263/531/1.f:KJIPPC_08175 -            374 GT5.hmm              -            472   3.8e-15   59.9   0.1   1   1   2.5e-16   8.3e-14   55.5   0.1   284   471   193   369     2   370 0.91 [190263/531/1]
190263/552/1.f:EMALNL_06415 -            358 GT5.hmm              -            472     4e-15   59.9   0.1   1   1   8.5e-17   2.8e-14   57.1   0.1   290   471   181   352    84   353 0.91 [190263/552/1]
190263/364/1.f:DKBBKL_07215 -            371 GT5.hmm              -            472   4.4e-15   59.7   0.1   1   1     4e-17   1.3e-14   58.1   0.0   288   471   182   363   146   364 0.89 [190263/364/1]
190263/399/1.f:CDLIDF_15560 -            855 GT5.hmm              -            472   4.6e-15   59.7   0.0   1   1   2.6e-17   8.6e-15   58.8   0.0    54   371   193   591   177   597 0.75 [190263/399/1]
190263/502/1.f:NONHGB_18065 -            378 GT5.hmm              -            472   4.9e-15   59.6   0.0   1   1   2.7e-17   8.9e-15   58.7   0.0   192   440   122   347   102   378 0.74 [190263/502/1]
190263/585/1.f:DLBDDB_12145 -            381 GT5.hmm              -            472   5.4e-15   59.5   0.0   1   1   8.4e-17   2.8e-14   57.1   0.0   289   472   204   381   166   381 0.88 [190263/585/1]
190263/406/1.f:DKNBGD_09090 -            347 GT5.hmm              -            472   6.7e-15   59.1   0.5   1   1   4.5e-17   1.5e-14   58.0   0.1   233   470   116   342    95   343 0.80 [190263/406/1]
190263/448/1.f:IBJDOL_00690 -            375 GT5.hmm              -            472   7.5e-15   59.0   0.0   1   1     3e-17   9.9e-15   58.6   0.0   258   471   162   369   118   370 0.82 [190263/448/1]
190263/578/1.f:HIHCLH_03660 -            399 GT5.hmm              -            472   7.5e-15   59.0   0.1   1   1   6.5e-17   2.2e-14   57.5   0.1   195   437   143   359    70   386 0.76 [190263/578/1]
190263/534/1.f:OHCFJE_19095 -            854 GT5.hmm              -            472   7.9e-15   58.9   0.0   1   1   4.4e-17   1.5e-14   58.0   0.0    60   371   197   591   173   597 0.74 [190263/534/1]
190263/391/1.f:NONBJF_20000 -            854 GT5.hmm              -            472   7.9e-15   58.9   0.0   1   1   4.4e-17   1.5e-14   58.0   0.0    60   371   197   591   173   597 0.74 [190263/391/1]
190263/545/1.f:NCJBIN_20040 -            854 GT5.hmm              -            472   7.9e-15   58.9   0.0   1   1   4.4e-17   1.5e-14   58.0   0.0    60   371   197   591   173   597 0.74 [190263/545/1]
190263/562/1.f:KJGNCK_03730 -            357 GT5.hmm              -            472     8e-15   58.9   0.1   1   1   1.8e-16   5.9e-14   56.0   0.1   290   471   180   351    83   352 0.90 [190263/562/1]
190263/589/1.f:LPHMCO_12430 -            351 GT5.hmm              -            472   8.3e-15   58.8   0.0   1   1   4.3e-17   1.4e-14   58.1   0.0   294   471   173   346   160   347 0.89 [190263/589/1]
190263/448/1.f:IBJDOL_00665 -            371 GT5.hmm              -            472   9.4e-15   58.7   0.0   1   1   4.8e-17   1.6e-14   57.9   0.0   265   471   173   367   116   368 0.81 [190263/448/1]
190263/386/1.f:DBGIOG_13580 -            378 GT5.hmm              -            472   1.1e-14   58.5   0.0   1   1   3.8e-16   1.3e-13   54.9   0.0   270   435   183   339   148   359 0.89 [190263/386/1]
190263/583/1.f:BCCKNC_05400 -            420 GT5.hmm              -            472   1.1e-14   58.4   0.1   1   1   6.8e-17   2.2e-14   57.4   0.1   238   472   206   414    11   414 0.77 [190263/583/1]
190263/475/1.f:MCKEEP_07025 -            359 GT5.hmm              -            472   1.1e-14   58.4   0.2   1   1   3.1e-16     1e-13   55.2   0.2   290   471   182   353    85   354 0.90 [190263/475/1]
190263/576/1.f:FNMBCG_11905 -            533 GT5.hmm              -            472   1.2e-14   58.3   0.0   1   1   5.6e-17   1.9e-14   57.7   0.0   282   458   342   513   301   524 0.88 [190263/576/1]
190263/437/1.f:LBKKEJ_04185 -            420 GT5.hmm              -            472   1.3e-14   58.1   0.2   1   1   1.1e-16   3.7e-14   56.7   0.2   126   471    98   413    10   414 0.67 [190263/437/1]
190263/585/1.f:DLBDDB_13355 -            353 GT5.hmm              -            472   1.6e-14   57.9   0.0   1   1   6.3e-17   2.1e-14   57.5   0.0   288   457   173   335   120   347 0.78 [190263/585/1]
190263/580/1.f:JCPJNN_23235 -            399 GT5.hmm              -            472   1.7e-14   57.8   0.0   1   1   8.8e-16   2.9e-13   53.7   0.0   264   425   188   336   156   356 0.87 [190263/580/1]
190263/417/1.f:MHBJAE_03160 -            421 GT5.hmm              -            472   1.7e-14   57.8   0.0   1   1   1.7e-16   5.6e-14   56.1   0.0   273   472   223   415   197   415 0.85 [190263/417/1]
190263/388/1.f:FDDJJK_18350 -            854 GT5.hmm              -            472   1.7e-14   57.8   0.0   1   1     1e-16   3.5e-14   56.8   0.0    60   371   197   591   173   597 0.73 [190263/388/1]
190263/573/1.f:LIDFCI_17285 -            359 GT5.hmm              -            472   2.1e-14   57.5   0.2   1   1   4.5e-16   1.5e-13   54.7   0.2   290   471   182   353    85   354 0.90 [190263/573/1]
190263/585/1.f:DLBDDB_05245 -            421 GT5.hmm              -            472   2.1e-14   57.5   0.0   1   1   1.6e-16   5.2e-14   56.2   0.0   274   471   223   414   182   415 0.80 [190263/585/1]
190263/369/1.f:JCDIFE_16590 -            854 GT5.hmm              -            472   2.2e-14   57.4   0.0   1   1   1.3e-16   4.2e-14   56.5   0.0    60   372   197   592   127   597 0.76 [190263/369/1]
190263/461/1.f:DHPHOK_16275 -            854 GT5.hmm              -            472   2.4e-14   57.3   0.0   1   1   1.4e-16   4.6e-14   56.4   0.0    60   372   197   592   128   597 0.76 [190263/461/1]
190263/583/1.f:BCCKNC_08485 -            416 GT5.hmm              -            472   2.5e-14   57.3   1.4   1   1   2.5e-16   8.3e-14   55.5   1.4   112   471    78   405    58   406 0.73 [190263/583/1]
190263/447/1.f:OLODHC_11805 -            387 GT5.hmm              -            472   2.7e-14   57.2   0.0   1   1   1.2e-16   3.9e-14   56.6   0.0   290   471   199   378   136   379 0.82 [190263/447/1]
190263/506/1.f:IKGMED_01230 -            554 GT5.hmm              -            472   2.8e-14   57.1   0.0   1   1     1e-16   3.5e-14   56.8   0.0    81   468   127   549    42   553 0.76 [190263/506/1]
190263/562/1.f:KJGNCK_13560 -            357 GT5.hmm              -            472   2.8e-14   57.1   0.0   1   1   2.5e-16   8.4e-14   55.5   0.0   295   469   184   353   172   355 0.82 [190263/562/1]
190263/369/1.f:JCDIFE_12330 -            371 GT5.hmm              -            472     3e-14   57.0   0.0   1   1   2.6e-16   8.6e-14   55.5   0.0   276   458   187   358   152   363 0.84 [190263/369/1]
190263/488/1.f:DNPFAC_01340 -            410 GT5.hmm              -            472   3.1e-14   56.9   0.0   1   1   1.2e-16   4.2e-14   56.5   0.0   282   471   220   408   107   409 0.79 [190263/488/1]
190263/399/1.f:CDLIDF_06000 -            379 GT5.hmm              -            472   3.4e-14   56.8   0.0   1   1   1.3e-16   4.2e-14   56.5   0.0   289   471   196   378   148   379 0.84 [190263/399/1]
190263/502/1.f:NONHGB_15800 -            854 GT5.hmm              -            472   4.1e-14   56.5   0.0   1   1   2.3e-16   7.5e-14   55.7   0.0    60   372   197   592   126   597 0.77 [190263/502/1]
190263/475/1.f:MCKEEP_15530 -            362 GT5.hmm              -            472   4.1e-14   56.5   0.1   1   1   3.1e-16     1e-13   55.2   0.1   290   471   182   360   132   361 0.82 [190263/475/1]
190263/545/1.f:NCJBIN_22310 -            362 GT5.hmm              -            472   4.4e-14   56.4   0.0   1   1   3.1e-16     1e-13   55.2   0.0   286   452   178   335   145   357 0.78 [190263/545/1]
190263/531/1.f:KJIPPC_13685 -            570 GT5.hmm              -            472   4.5e-14   56.4   0.1   1   1     2e-16   6.6e-14   55.8   0.1   271   467   354   564   326   568 0.85 [190263/531/1]
190263/557/1.f:DOLMEB_02660 -            380 GT5.hmm              -            472   4.7e-14   56.3   0.0   1   1   1.9e-16   6.2e-14   56.0   0.0   268   433   180   338   154   368 0.87 [190263/557/1]
190263/585/1.f:DLBDDB_11485 -            854 GT5.hmm              -            472     5e-14   56.3   0.0   1   1   2.6e-16   8.7e-14   55.5   0.0    60   372   197   592   125   597 0.77 [190263/585/1]
190263/488/1.f:DNPFAC_03425 -            421 GT5.hmm              -            472   5.9e-14   56.0   0.0   1   1   6.4e-16   2.1e-13   54.2   0.0   273   472   223   415   192   415 0.84 [190263/488/1]
190263/399/1.f:CDLIDF_05480 -            420 GT5.hmm              -            472     6e-14   56.0   0.2   1   1   8.4e-16   2.8e-13   53.8   0.2   235   471   205   413     9   414 0.75 [190263/399/1]
190263/405/1.f:EHKDKA_17655 -            854 GT5.hmm              -            472   6.4e-14   55.9   0.0   1   1   3.5e-16   1.2e-13   55.1   0.0    60   372   197   592   126   597 0.76 [190263/405/1]
190263/545/1.f:NCJBIN_22605 -            399 GT5.hmm              -            472   6.8e-14   55.8   0.0   1   1   2.6e-16   8.7e-14   55.5   0.0   294   471   222   391   152   392 0.85 [190263/545/1]
190263/497/1.f:HENFFC_01930 -            856 GT5.hmm              -            472     7e-14   55.8   0.0   1   1   5.3e-16   1.8e-13   54.5   0.0    54   372   193   592   125   597 0.72 [190263/497/1]
190263/404/1.f:BGJBIG_11615 -            385 GT5.hmm              -            472   7.1e-14   55.8   0.0   1   1   2.6e-16   8.7e-14   55.5   0.0   295   471   211   379   162   380 0.87 [190263/404/1]
190263/391/1.f:NONBJF_22470 -            399 GT5.hmm              -            472   7.3e-14   55.7   0.0   1   1     3e-16   9.8e-14   55.3   0.0   294   471   222   391   176   392 0.85 [190263/391/1]
190263/534/1.f:OHCFJE_21265 -            399 GT5.hmm              -            472   7.3e-14   55.7   0.0   1   1     3e-16   9.8e-14   55.3   0.0   294   471   222   391   176   392 0.85 [190263/534/1]
190263/388/1.f:FDDJJK_20480 -            399 GT5.hmm              -            472   7.5e-14   55.7   0.0   1   1     3e-16     1e-13   55.3   0.0   294   471   222   391   168   392 0.84 [190263/388/1]
190263/562/1.f:KJGNCK_17070 -            384 GT5.hmm              -            472   7.5e-14   55.7   0.0   1   1   3.2e-16   1.1e-13   55.2   0.0   295   471   203   373   191   374 0.83 [190263/562/1]
190263/409/1.f:AJJCMD_03965 -            389 GT5.hmm              -            472   7.5e-14   55.7   0.0   1   1   3.6e-16   1.2e-13   55.0   0.0   293   471   205   378   150   379 0.81 [190263/409/1]
190263/458/1.f:AMPCAI_05700 -            366 GT5.hmm              -            472   7.6e-14   55.7   0.0   1   1   3.9e-16   1.3e-13   54.9   0.0   289   469   190   363    63   365 0.89 [190263/458/1]
190263/401/1.f:DMFJNH_03730 -            399 GT5.hmm              -            472   8.5e-14   55.5   0.0   1   1   7.1e-16   2.4e-13   54.0   0.0   288   471   209   385   146   386 0.85 [190263/401/1]
190263/504/1.f:DOAHDM_04160 -            399 GT5.hmm              -            472   8.5e-14   55.5   0.0   1   1   7.1e-16   2.4e-13   54.0   0.0   288   471   209   385   146   386 0.85 [190263/504/1]
190263/368/1.f:HPMDBE_19955 -            852 GT5.hmm              -            472   9.3e-14   55.4   0.0   1   1   5.5e-16   1.8e-13   54.4   0.0    64   371   192   592   120   606 0.72 [190263/368/1]
190263/466/1.f:PGJOII_15640 -            852 GT5.hmm              -            472   9.3e-14   55.4   0.0   1   1   5.5e-16   1.8e-13   54.4   0.0    64   371   192   592   120   606 0.72 [190263/466/1]
190263/379/1.f:LOJHAC_21105 -            852 GT5.hmm              -            472   9.3e-14   55.4   0.0   1   1   5.5e-16   1.8e-13   54.4   0.0    64   371   192   592   120   606 0.72 [190263/379/1]
190263/365/1.f:JJMMAK_09565 -            856 GT5.hmm              -            472     1e-13   55.2   0.0   1   1     7e-16   2.3e-13   54.0   0.0    54   372   193   592   125   597 0.73 [190263/365/1]
190263/460/1.f:IHFGKI_06380 -            852 GT5.hmm              -            472   1.1e-13   55.2   0.0   1   1   8.5e-16   2.8e-13   53.8   0.0    60   371   197   592   124   596 0.73 [190263/460/1]
190263/429/1.f:OMPHBF_05435 -            409 GT5.hmm              -            472   1.2e-13   54.9   0.0   1   1   6.5e-16   2.2e-13   54.2   0.0   280   472   203   386   162   386 0.82 [190263/429/1]
190263/364/1.f:DKBBKL_06635 -            406 GT5.hmm              -            472   1.2e-13   54.9   0.0   1   1   8.9e-16     3e-13   53.7   0.0   119   471    85   403    70   404 0.78 [190263/364/1]
190263/391/1.f:NONBJF_14920 -            381 GT5.hmm              -            472   1.4e-13   54.8   0.0   1   1   7.9e-16   2.6e-13   53.9   0.0   288   439   194   341   170   375 0.80 [190263/391/1]
190263/545/1.f:NCJBIN_15480 -            381 GT5.hmm              -            472   1.4e-13   54.8   0.0   1   1   7.9e-16   2.6e-13   53.9   0.0   288   439   194   341   170   375 0.80 [190263/545/1]
190263/552/1.f:EMALNL_16365 -            385 GT5.hmm              -            472   1.4e-13   54.8   0.0   1   1   5.6e-16   1.9e-13   54.4   0.0   291   471   202   375   141   376 0.85 [190263/552/1]
190263/433/1.f:ADFNDI_13385 -            802 GT5.hmm              -            472   1.5e-13   54.7   0.0   1   1   7.1e-16   2.4e-13   54.0   0.0   149   411   500   750   388   768 0.79 [190263/433/1]
190263/534/1.f:OHCFJE_14830 -            396 GT5.hmm              -            472   1.5e-13   54.7   0.0   1   1   8.7e-16   2.9e-13   53.7   0.0   288   439   209   356   185   390 0.80 [190263/534/1]
190263/404/1.f:BGJBIG_14805 -            854 GT5.hmm              -            472   1.6e-13   54.6   0.0   1   1   9.9e-16   3.3e-13   53.5   0.0    60   372   197   592   125   597 0.76 [190263/404/1]
190263/401/1.f:DMFJNH_21050 -            854 GT5.hmm              -            472   1.7e-13   54.5   0.0   1   1   9.5e-16   3.1e-13   53.6   0.0    60   372   197   592   125   597 0.76 [190263/401/1]
190263/527/1.f:HGADJN_07850 -            373 GT5.hmm              -            472   1.8e-13   54.4   0.0   1   1   9.4e-16   3.1e-13   53.6   0.0   169   398    94   297    84   306 0.78 [190263/527/1]
190263/552/1.f:EMALNL_20505 -            854 GT5.hmm              -            472   1.9e-13   54.3   0.0   1   1   9.8e-16   3.3e-13   53.6   0.0    60   372   197   592   125   597 0.76 [190263/552/1]
190263/562/1.f:KJGNCK_22565 -            854 GT5.hmm              -            472   1.9e-13   54.3   0.0   1   1   9.8e-16   3.3e-13   53.6   0.0    60   372   197   592   125   597 0.76 [190263/562/1]
190263/466/1.f:PGJOII_12330 -            360 GT5.hmm              -            472     2e-13   54.2   0.0   1   1   7.7e-16   2.6e-13   53.9   0.0   295   438   182   322   149   354 0.78 [190263/466/1]
190263/369/1.f:JCDIFE_05495 -            383 GT5.hmm              -            472   2.1e-13   54.2   0.0   1   1   7.6e-16   2.5e-13   53.9   0.0   276   471   172   381   138   382 0.78 [190263/369/1]
190263/415/1.f:OLCEDN_08140 -            364 GT5.hmm              -            472   2.2e-13   54.2   0.0   1   1   8.5e-16   2.8e-13   53.8   0.0   290   451   195   343   148   352 0.86 [190263/415/1]
#
# Program:         hmmsearch
# Version:         3.3.2 (Nov 2020)
# Pipeline mode:   SEARCH
# Query file:      /kb/module/work/tmp/output.1725388484971/GT5/GT5.hmm
# Target file:     /kb/module/work/tmp/output.1725388484971/hCom2_RAST.fasta
# Option settings: /kb/module/hmmer/bin/hmmsearch --domtblout /kb/module/work/tmp/output.1725388484971/GT5/GT5-hCom2_RAST.hitout.txt --noali --notextw --domE 1e-15 /kb/module/work/tmp/output.1725388484971/GT5/GT5.hmm /kb/module/work/tmp/output.1725388484971/hCom2_RAST.fasta 
# Current dir:     /kb/module/work/tmp/output.1725388484971
# Date:            Tue Sep  3 18:57:45 2024
# [ok]
