#                                                                                   --- full sequence --- -------------- this domain -------------   hmm coord   ali coord   env coord
# target name               accession   tlen query name           accession   qlen   E-value  score  bias   #  of  c-Evalue  i-Evalue  score  bias  from    to  from    to  from    to  acc description of target
#       ------------------- ---------- ----- -------------------- ---------- ----- --------- ------ ----- --- --- --------- --------- ------ ----- ----- ----- ----- ----- ----- ----- ---- ---------------------
190263/490/1.f:OIBLLI_00100 -            607 GT8.hmm              -            257   8.3e-81  275.8  12.5   1   2   3.2e-27   1.5e-23   88.3   0.5    31   254     2   240     1   243 0.81 [190263/490/1]
190263/490/1.f:OIBLLI_00100 -            607 GT8.hmm              -            257   8.3e-81  275.8  12.5   2   2   7.8e-59   3.5e-55  191.9   5.9    22   255   265   525   250   527 0.88 [190263/490/1]
190263/547/1.f:KJCAKO_04825 -            399 GT8.hmm              -            257   4.2e-56  194.9   9.9   1   1   9.4e-60   4.2e-56  194.9   9.9    29   254     2   230     1   233 0.94 [190263/547/1]
190263/434/1.f:NCAOKI_09290 -           1006 GT8.hmm              -            257   5.6e-56  194.5   4.1   1   1   7.7e-59   3.5e-55  191.9   2.9    25   254   659   925   636   927 0.90 [190263/434/1]
190263/436/1.f:KEEIED_02610 -            309 GT8.hmm              -            257   1.3e-55  193.3   0.0   1   1   3.3e-59   1.5e-55  193.1   0.0    28   255     2   256     1   258 0.90 [190263/436/1]
190263/502/1.f:NONHGB_03725 -            301 GT8.hmm              -            257     2e-55  192.6   6.8   1   1   6.6e-59     3e-55  192.1   6.8    32   256     4   253     2   254 0.93 [190263/502/1]
190263/455/1.f:GDGJDA_10845 -            615 GT8.hmm              -            257   3.5e-55  191.9   5.2   1   1   1.5e-58   6.6e-55  191.0   5.2    25   256   274   543   254   544 0.90 [190263/455/1]
190263/399/1.f:CDLIDF_04350 -            308 GT8.hmm              -            257   6.5e-55  191.0   6.0   1   1   1.7e-58   7.8e-55  190.7   6.0    31   256     3   253     1   254 0.92 [190263/399/1]
190263/417/1.f:MHBJAE_04385 -            311 GT8.hmm              -            257   1.4e-54  189.9   9.7   1   1   3.6e-58   1.6e-54  189.7   9.7    31   256     3   252     1   253 0.93 [190263/417/1]
190263/475/1.f:MCKEEP_15470 -            319 GT8.hmm              -            257   2.5e-54  189.1   4.9   1   1     7e-58   3.2e-54  188.7   4.9    30   255     2   248     1   250 0.92 [190263/475/1]
190263/588/1.f:LGPOLK_02240 -            309 GT8.hmm              -            257   4.7e-54  188.2   0.0   1   1   1.2e-57   5.6e-54  187.9   0.0    28   255     2   256     1   258 0.91 [190263/588/1]
190263/488/1.f:DNPFAC_04970 -            304 GT8.hmm              -            257   7.5e-54  187.5   5.3   1   1     2e-57   8.8e-54  187.3   5.3    31   256     3   252     1   253 0.93 [190263/488/1]
190263/466/1.f:PGJOII_08495 -            306 GT8.hmm              -            257   2.6e-53  185.7   7.0   1   1   7.5e-57   3.4e-53  185.4   7.0    29   254     3   251     1   253 0.91 [190263/466/1]
190263/417/1.f:MHBJAE_02635 -            449 GT8.hmm              -            257   3.2e-53  185.5   7.9   1   1   1.1e-56   4.8e-53  184.9   7.9    28   255     3   242     1   244 0.90 [190263/417/1]
190263/456/1.f:LKAJBD_03490 -            308 GT8.hmm              -            257   4.7e-53  184.9   5.9   1   1   1.2e-56   5.5e-53  184.7   5.9    31   256     3   252     1   253 0.92 [190263/456/1]
190263/456/1.f:LKAJBD_13360 -            321 GT8.hmm              -            257   6.1e-53  184.5  14.2   1   1   1.9e-56   8.5e-53  184.1  14.2    27   256    12   266     3   267 0.89 [190263/456/1]
190263/466/1.f:PGJOII_04050 -            306 GT8.hmm              -            257   6.6e-53  184.4   3.5   1   1   1.8e-56   7.9e-53  184.2   3.5    31   256     3   252     1   253 0.93 [190263/466/1]
190263/522/1.f:NPJBCH_00415 -            303 GT8.hmm              -            257   1.6e-52  183.1   4.8   1   1   4.4e-56     2e-52  182.9   4.8    31   256     2   244     1   245 0.93 [190263/522/1]
190263/405/1.f:EHKDKA_04030 -            305 GT8.hmm              -            257   3.4e-52  182.1   6.9   1   1   9.5e-56   4.3e-52  181.8   6.9    31   255     2   251     1   253 0.92 [190263/405/1]
190263/404/1.f:BGJBIG_04500 -            310 GT8.hmm              -            257   3.1e-51  178.9   2.2   1   1   8.1e-55   3.7e-51  178.7   2.2    30   255     2   247     1   249 0.92 [190263/404/1]
190263/429/1.f:OMPHBF_11385 -            332 GT8.hmm              -            257   3.8e-51  178.6   0.3   1   1     1e-54   4.6e-51  178.4   0.3    31   255     2   260     1   262 0.93 [190263/429/1]
190263/375/1.f:CNGHJF_19345 -            325 GT8.hmm              -            257   3.8e-51  178.6   0.0   1   1   9.9e-55   4.5e-51  178.4   0.0    31   255     2   258     1   260 0.92 [190263/375/1]
190263/545/1.f:NCJBIN_06015 -            316 GT8.hmm              -            257   5.2e-51  178.2   7.8   1   1   1.5e-54   6.6e-51  177.9   7.8    31   255     3   251     1   253 0.92 [190263/545/1]
190263/569/1.f:FCJLID_01565 -            311 GT8.hmm              -            257     5e-50  175.0   0.0   1   1   1.3e-53   5.8e-50  174.8   0.0    28   255     2   256     1   258 0.90 [190263/569/1]
190263/477/1.f:PCLDCI_10345 -            331 GT8.hmm              -            257     1e-49  174.0   0.0   1   1   3.1e-53   1.4e-49  173.5   0.0    31   255     2   257     1   259 0.90 [190263/477/1]
190263/546/1.f:GEHMID_14860 -            281 GT8.hmm              -            257     1e-49  173.9   0.3   1   1   2.6e-53   1.2e-49  173.7   0.3    31   255     2   250     1   252 0.93 [190263/546/1]
190263/417/1.f:MHBJAE_09970 -            311 GT8.hmm              -            257   5.3e-49  171.6   8.2   1   1   1.5e-52   6.7e-49  171.3   8.2    31   256     3   254     1   255 0.92 [190263/417/1]
190263/596/1.f:GDHELL_05675 -            335 GT8.hmm              -            257   1.2e-48  170.5   5.4   1   1   3.3e-52   1.5e-48  170.2   5.4    31   256     2   264     1   265 0.89 [190263/596/1]
190263/506/1.f:IKGMED_04855 -            371 GT8.hmm              -            257   1.7e-47  166.6   0.0   1   1   5.2e-51   2.3e-47  166.2   0.0    31   254    22   285     9   287 0.86 [190263/506/1]
190263/516/1.f:MGNFBC_16675 -            325 GT8.hmm              -            257   2.2e-47  166.3   0.9   1   1   8.6e-51   3.9e-47  165.5   0.0    32   253     4   255     1   257 0.92 [190263/516/1]
190263/506/1.f:IKGMED_03895 -            324 GT8.hmm              -            257   2.5e-47  166.2   0.0   1   1   6.2e-51   2.8e-47  166.0   0.0    28   256     4   265     1   266 0.89 [190263/506/1]
190263/362/1.f:KJODLM_08105 -            697 GT8.hmm              -            257   5.1e-47  165.1   3.1   1   1   2.7e-50   1.2e-46  163.9   3.1    22   254   293   525   273   528 0.86 [190263/362/1]
190263/569/1.f:FCJLID_01595 -            338 GT8.hmm              -            257   1.2e-46  163.9   0.0   1   1   4.1e-50   1.8e-46  163.3   0.0    22   254    25   265     3   267 0.88 [190263/569/1]
190263/391/1.f:NONBJF_22185 -            315 GT8.hmm              -            257     4e-46  162.2  11.7   1   1   1.2e-49   5.5e-46  161.7  11.7    32   254     4   247     2   250 0.89 [190263/391/1]
190263/547/1.f:KJCAKO_12065 -            261 GT8.hmm              -            257   4.3e-46  162.1   9.9   1   1   1.1e-49   4.9e-46  161.9   9.9    31   254     2   245     1   248 0.94 [190263/547/1]
190263/540/1.f:BCGFLB_11340 -            334 GT8.hmm              -            257     1e-45  160.9   3.4   1   1   2.3e-49     1e-45  160.9   3.4    32   255     3   270     1   272 0.87 [190263/540/1]
190263/423/1.f:PDNKFB_00720 -            723 GT8.hmm              -            257   1.3e-45  160.5   4.7   1   1   9.6e-49   4.3e-45  158.8   4.7    12   247   325   576   314   582 0.86 [190263/423/1]
190263/425/1.f:HPANHD_01010 -            271 GT8.hmm              -            257   3.1e-45  159.3   3.7   1   1   7.8e-49   3.5e-45  159.1   3.7    31   256     2   250     1   251 0.89 [190263/425/1]
190263/413/1.f:NMLDCG_05380 -            271 GT8.hmm              -            257   4.2e-45  158.8   0.0   1   1   1.1e-48   4.8e-45  158.7   0.0    31   255     2   251     1   253 0.92 [190263/413/1]
190263/588/1.f:LGPOLK_02265 -            340 GT8.hmm              -            257   6.5e-45  158.2  13.4   1   1   1.9e-48   8.5e-45  157.8  13.4    16   254     6   255     1   258 0.89 [190263/588/1]
190263/384/1.f:CDKGIA_03495 -            339 GT8.hmm              -            257   8.2e-45  157.9   0.0   1   1   2.5e-48   1.1e-44  157.5   0.0    28   253     6   263     2   266 0.90 [190263/384/1]
190263/580/1.f:JCPJNN_29950 -            337 GT8.hmm              -            257   8.3e-45  157.9   1.7   1   1   2.2e-48   9.8e-45  157.6   1.7    27   250     6   264     1   291 0.88 [190263/580/1]
190263/484/1.f:NBHDLB_07235 -            341 GT8.hmm              -            257   9.6e-45  157.7   0.0   1   1   2.6e-48   1.2e-44  157.4   0.0    22   255    20   263     1   265 0.88 [190263/484/1]
190263/434/1.f:NCAOKI_05060 -            276 GT8.hmm              -            257   1.3e-44  157.2   0.0   1   1   3.5e-48   1.6e-44  157.0   0.0    31   253     7   252     1   254 0.89 [190263/434/1]
190263/401/1.f:DMFJNH_03380 -            309 GT8.hmm              -            257   2.1e-43  153.3   3.0   1   1   5.8e-47   2.6e-43  153.0   3.0    29   255     5   252     1   254 0.82 [190263/401/1]
190263/504/1.f:DOAHDM_03830 -            309 GT8.hmm              -            257   2.1e-43  153.3   3.0   1   1   5.8e-47   2.6e-43  153.0   3.0    29   255     5   252     1   254 0.82 [190263/504/1]
190263/506/1.f:IKGMED_03295 -            315 GT8.hmm              -            257   3.6e-43  152.5   0.0   1   1     1e-46   4.6e-43  152.2   0.0    31   254     2   258     1   261 0.91 [190263/506/1]
190263/532/1.f:BGDBBA_05775 -            276 GT8.hmm              -            257   4.9e-43  152.1   5.9   1   1   1.2e-46   5.5e-43  151.9   5.9    31   256     2   254     1   255 0.88 [190263/532/1]
190263/496/1.f:JJBAFO_08895 -            370 GT8.hmm              -            257   3.1e-42  149.5   0.0   1   1   8.6e-46   3.8e-42  149.1   0.0    29   255    28   291    16   293 0.89 [190263/496/1]
190263/436/1.f:KEEIED_02625 -            330 GT8.hmm              -            257   3.1e-42  149.4   6.9   1   1   9.5e-46   4.3e-42  149.0   6.9    20   254    25   261     5   263 0.87 [190263/436/1]
190263/457/1.f:IIKDLL_00410 -            301 GT8.hmm              -            257   6.6e-42  148.4   1.7   1   1     2e-45   9.1e-42  147.9   1.7    31   256     2   250     1   251 0.88 [190263/457/1]
190263/588/1.f:LGPOLK_02260 -            334 GT8.hmm              -            257   1.9e-40  143.6   7.3   1   1   5.3e-44   2.4e-40  143.3   7.3     7   254     7   262     1   264 0.86 [190263/588/1]
190263/478/1.f:BOCJFA_04525 -            338 GT8.hmm              -            257   1.1e-39  141.1   0.9   1   1     3e-43   1.4e-39  140.8   0.9    32   254     3   263     1   266 0.91 [190263/478/1]
190263/583/1.f:BCCKNC_08515 -            312 GT8.hmm              -            257   1.6e-38  137.3   6.2   1   1   4.8e-42   2.2e-38  136.8   6.2    29   254     3   254     1   257 0.85 [190263/583/1]
190263/565/1.f:PAEINE_07640 -            278 GT8.hmm              -            257   4.1e-38  135.9   0.1   1   1   1.1e-41   5.1e-38  135.6   0.1    83   254     7   207     1   210 0.91 [190263/565/1]
190263/370/1.f:MFKGBO_03420 -            336 GT8.hmm              -            257   4.7e-38  135.8   0.0   1   1   1.4e-41   6.1e-38  135.4   0.0    27   253     9   267     4   270 0.85 [190263/370/1]
190263/588/1.f:LGPOLK_01265 -            275 GT8.hmm              -            257   1.7e-34  124.0  15.0   1   1   4.8e-38   2.1e-34  123.7  15.0    37   235    12   232     3   264 0.84 [190263/588/1]
190263/562/1.f:KJGNCK_03655 -            332 GT8.hmm              -            257   1.4e-20   78.5   3.7   1   1   5.2e-24   2.3e-20   77.8   3.7    34   252    11   227     9   231 0.78 [190263/562/1]
190263/573/1.f:LIDFCI_17205 -            332 GT8.hmm              -            257     7e-20   76.2   2.1   1   1   2.3e-23     1e-19   75.6   2.1    38   252    15   227    10   231 0.81 [190263/573/1]
190263/552/1.f:EMALNL_06500 -            332 GT8.hmm              -            257   1.7e-19   74.9   2.0   1   1   5.6e-23   2.5e-19   74.4   2.0    38   252    15   227    10   231 0.80 [190263/552/1]
#
# Program:         hmmsearch
# Version:         3.3.2 (Nov 2020)
# Pipeline mode:   SEARCH
# Query file:      /kb/module/work/tmp/output.1725388484971/GT8/GT8.hmm
# Target file:     /kb/module/work/tmp/output.1725388484971/hCom2_RAST.fasta
# Option settings: /kb/module/hmmer/bin/hmmsearch --domtblout /kb/module/work/tmp/output.1725388484971/GT8/GT8-hCom2_RAST.hitout.txt --noali --notextw --domE 1e-15 /kb/module/work/tmp/output.1725388484971/GT8/GT8.hmm /kb/module/work/tmp/output.1725388484971/hCom2_RAST.fasta 
# Current dir:     /kb/module/work/tmp/output.1725388484971
# Date:            Tue Sep  3 18:57:48 2024
# [ok]
