#                                                                                   --- full sequence --- -------------- this domain -------------   hmm coord   ali coord   env coord
# target name               accession   tlen query name           accession   qlen   E-value  score  bias   #  of  c-Evalue  i-Evalue  score  bias  from    to  from    to  from    to  acc description of target
#       ------------------- ---------- ----- -------------------- ---------- ----- --------- ------ ----- --- --- --------- --------- ------ ----- ----- ----- ----- ----- ----- ----- ---- ---------------------
190263/436/1.f:KEEIED_01565 -            546 GT83.hmm             -            540   1.1e-98  335.7  32.3   1   1  7.4e-102   1.2e-98  335.4  32.3     6   502     2   492     1   524 0.78 [190263/436/1]
190263/569/1.f:FCJLID_09625 -            545 GT83.hmm             -            540   1.1e-97  332.3  39.8   1   1  7.9e-101   1.3e-97  332.1  39.8     7   489     3   478     1   521 0.84 [190263/569/1]
190263/588/1.f:LGPOLK_08965 -            519 GT83.hmm             -            540   5.7e-97  329.9  53.9   1   1  4.5e-100   7.4e-97  329.6  53.9     6   438     7   419     2   436 0.84 [190263/588/1]
190263/588/1.f:LGPOLK_02765 -            521 GT83.hmm             -            540   1.4e-95  325.4  37.4   1   1     1e-98   1.7e-95  325.0  37.4    10   359    33   405    25   480 0.86 [190263/588/1]
190263/382/1.f:JACGKO_00855 -            516 GT83.hmm             -            540   1.8e-94  321.7  50.7   1   1   1.3e-97   2.2e-94  321.4  50.7     6   374     2   380     1   407 0.86 [190263/382/1]
190263/591/1.f:NBPJEL_09225 -            543 GT83.hmm             -            540   3.4e-93  317.5  30.2   1   1   2.4e-96     4e-93  317.2  30.2    10   510     7   486     1   507 0.80 [190263/591/1]
190263/436/1.f:KEEIED_00860 -            501 GT83.hmm             -            540   6.6e-91  309.9  45.9   1   1   4.8e-94     8e-91  309.7  45.9     6   366    17   391    13   460 0.85 [190263/436/1]
190263/569/1.f:FCJLID_10895 -            493 GT83.hmm             -            540   1.4e-86  295.7  39.5   1   1   9.8e-90   1.6e-86  295.4  39.5     5   363     3   378     1   434 0.87 [190263/569/1]
190263/382/1.f:JACGKO_06520 -            513 GT83.hmm             -            540   1.1e-85  292.8  43.6   1   1   8.2e-89   1.4e-85  292.4  43.6     9   360    12   371     5   397 0.86 [190263/382/1]
190263/588/1.f:LGPOLK_08970 -            537 GT83.hmm             -            540   2.4e-83  285.0  51.1   1   1   1.7e-86   2.8e-83  284.8  51.1     7   480     4   459     1   505 0.81 [190263/588/1]
190263/388/1.f:FDDJJK_05580 -            574 GT83.hmm             -            540   3.4e-80  274.6  21.8   1   1   2.4e-83     4e-80  274.3  21.8     6   504     4   541     1   569 0.75 [190263/388/1]
190263/534/1.f:OHCFJE_06870 -            574 GT83.hmm             -            540   5.2e-80  274.0  22.1   1   1   3.7e-83     6e-80  273.7  22.1     6   503     4   540     1   569 0.74 [190263/534/1]
190263/391/1.f:NONBJF_05870 -            574 GT83.hmm             -            540   9.1e-80  273.2  22.0   1   1   6.5e-83   1.1e-79  272.9  22.0     6   503     4   540     1   569 0.74 [190263/391/1]
190263/545/1.f:NCJBIN_06070 -            574 GT83.hmm             -            540   9.1e-80  273.2  22.0   1   1   6.5e-83   1.1e-79  272.9  22.0     6   503     4   540     1   569 0.74 [190263/545/1]
190263/369/1.f:JCDIFE_21190 -            574 GT83.hmm             -            540   2.3e-79  271.8  39.5   1   1   1.7e-82   2.7e-79  271.6  39.5     6   451     4   482     1   519 0.76 [190263/369/1]
190263/461/1.f:DHPHOK_19295 -            577 GT83.hmm             -            540   3.7e-79  271.1  34.9   1   1   2.7e-82   4.4e-79  270.9  34.9     6   451     4   488     1   530 0.78 [190263/461/1]
190263/404/1.f:BGJBIG_04585 -            565 GT83.hmm             -            540   4.9e-79  270.7  17.5   1   1   3.6e-82   5.9e-79  270.5  17.5     6   484     2   513     1   533 0.80 [190263/404/1]
190263/526/1.f:GBBCGM_13820 -            577 GT83.hmm             -            540   4.3e-78  267.6  34.5   1   1   3.1e-81   5.1e-78  267.4  34.5     3   475     3   504     1   526 0.76 [190263/526/1]
190263/591/1.f:NBPJEL_08030 -            538 GT83.hmm             -            540   3.3e-77  264.7  26.8   1   1   2.6e-80   4.3e-77  264.3  26.8     9   452     8   444     2   520 0.75 [190263/591/1]
190263/502/1.f:NONHGB_23540 -            573 GT83.hmm             -            540   4.3e-77  264.3  28.8   1   1     3e-80     5e-77  264.1  28.8     6   460     5   498     1   536 0.82 [190263/502/1]
190263/456/1.f:LKAJBD_17715 -            571 GT83.hmm             -            540   1.7e-76  262.4  35.4   1   1   1.1e-79   1.9e-76  262.2  35.4     6   461     4   494     1   547 0.77 [190263/456/1]
190263/466/1.f:PGJOII_17440 -            571 GT83.hmm             -            540   2.7e-75  258.4  36.6   1   1   1.8e-78     3e-75  258.2  36.6     6   444     4   481     1   549 0.76 [190263/466/1]
190263/405/1.f:EHKDKA_25580 -            572 GT83.hmm             -            540     1e-74  256.5  33.1   1   1   7.4e-78   1.2e-74  256.2  33.1     6   481     5   516     1   538 0.77 [190263/405/1]
190263/475/1.f:MCKEEP_07200 -            590 GT83.hmm             -            540   1.2e-74  256.2  34.2   1   1     9e-78   1.5e-74  256.0  34.2     2   440     2   466     1   510 0.77 [190263/475/1]
190263/573/1.f:LIDFCI_17130 -            590 GT83.hmm             -            540   2.4e-74  255.3  33.8   1   1   1.8e-77   2.9e-74  255.0  33.8     2   440     2   466     1   508 0.77 [190263/573/1]
190263/552/1.f:EMALNL_06555 -            590 GT83.hmm             -            540   5.5e-74  254.1  31.5   1   1     4e-77   6.7e-74  253.8  31.5     2   444     2   470     1   513 0.76 [190263/552/1]
190263/562/1.f:KJGNCK_03555 -            590 GT83.hmm             -            540   7.6e-74  253.6  31.4   1   1   5.5e-77   9.2e-74  253.3  31.4     2   434     2   463     1   513 0.77 [190263/562/1]
190263/585/1.f:DLBDDB_02320 -            576 GT83.hmm             -            540     5e-73  250.9  33.8   1   1   3.6e-76     6e-73  250.7  33.8     2   433     2   461     1   496 0.80 [190263/585/1]
190263/583/1.f:BCCKNC_05250 -            573 GT83.hmm             -            540   7.8e-72  247.0  36.0   1   1   5.7e-75   9.4e-72  246.7  36.0     4   451     3   483     1   502 0.78 [190263/583/1]
190263/497/1.f:HENFFC_04485 -            588 GT83.hmm             -            540   9.3e-70  240.1  31.2   1   1   7.3e-73   1.2e-69  239.8  31.2    12   463    17   507     8   542 0.77 [190263/497/1]
190263/365/1.f:JJMMAK_03435 -            588 GT83.hmm             -            540     3e-69  238.4  31.7   1   1   2.3e-72   3.7e-69  238.1  31.7    10   464    15   508     7   547 0.77 [190263/365/1]
190263/488/1.f:DNPFAC_21730 -            517 GT83.hmm             -            540   2.8e-68  235.3  31.9   1   1   2.1e-71   3.5e-68  234.9  31.9    14   490     7   478     2   502 0.80 [190263/488/1]
190263/417/1.f:MHBJAE_19890 -            555 GT83.hmm             -            540   1.2e-66  229.8  42.9   1   1   9.1e-70   1.5e-66  229.5  42.9     6   444    10   448     6   478 0.76 [190263/417/1]
190263/417/1.f:MHBJAE_19970 -            517 GT83.hmm             -            540   1.3e-66  229.8  32.3   1   1   9.6e-70   1.6e-66  229.5  32.3    14   454     7   442     2   504 0.78 [190263/417/1]
190263/526/1.f:GBBCGM_13795 -            517 GT83.hmm             -            540   4.8e-66  227.9  38.5   1   1   3.8e-69   6.2e-66  227.5  38.5    15   467     8   450     4   472 0.86 [190263/526/1]
190263/488/1.f:DNPFAC_21640 -            552 GT83.hmm             -            540   7.5e-65  223.9  42.4   1   1   5.6e-68   9.2e-65  223.6  42.4     6   446    10   450     6   489 0.76 [190263/488/1]
190263/516/1.f:MGNFBC_04785 -            588 GT83.hmm             -            540   3.5e-63  218.4  35.4   1   1   2.9e-66   4.7e-63  218.0  35.4    12   433    17   477     8   486 0.79 [190263/516/1]
190263/368/1.f:HPMDBE_05255 -            588 GT83.hmm             -            540   5.6e-63  217.8  35.6   1   1   4.5e-66   7.5e-63  217.3  35.6    12   433    17   477     8   485 0.80 [190263/368/1]
190263/379/1.f:LOJHAC_03845 -            588 GT83.hmm             -            540   7.3e-63  217.4  35.4   1   1   5.9e-66   9.8e-63  216.9  35.4    12   433    17   477     8   485 0.80 [190263/379/1]
190263/364/1.f:DKBBKL_06155 -            523 GT83.hmm             -            540   1.6e-62  216.2  25.3   1   1   1.3e-65   2.1e-62  215.8  25.3    16   454     8   435     4   468 0.81 [190263/364/1]
190263/364/1.f:DKBBKL_06160 -            545 GT83.hmm             -            540   4.4e-60  208.2  50.7   1   1   3.3e-63   5.4e-60  207.9  50.7     8   465     6   453     1   475 0.74 [190263/364/1]
190263/584/1.f:DDCNLE_07480 -            498 GT83.hmm             -            540   3.1e-59  205.4  46.9   1   1   2.3e-62   3.8e-59  205.1  46.9     8   360    18   379    11   425 0.80 [190263/584/1]
190263/526/1.f:GBBCGM_00555 -            438 GT83.hmm             -            540   5.2e-57  198.0  49.7   1   1   3.8e-60   6.3e-57  197.8  49.7     9   406     5   396     1   427 0.81 [190263/526/1]
190263/580/1.f:JCPJNN_10720 -            486 GT83.hmm             -            540   6.8e-51  177.9  29.5   1   1   5.5e-54     9e-51  177.5  29.5    10   355    19   371    16   396 0.85 [190263/580/1]
190263/584/1.f:DDCNLE_02055 -            730 GT83.hmm             -            540     2e-41  146.6  43.7   1   1     9e-38   1.5e-34  123.9  20.9     3   225    12   239    10   278 0.91 [190263/584/1]
190263/584/1.f:DDCNLE_03710 -            759 GT83.hmm             -            540   2.6e-40  142.9  39.6   1   1   1.8e-37   2.9e-34  123.0  17.6     8   223    11   228     4   271 0.84 [190263/584/1]
190263/448/1.f:IBJDOL_01735 -            759 GT83.hmm             -            540   6.3e-37  131.8  17.5   1   1     1e-31   1.7e-28  103.9   6.7    10   223    10   228     1   256 0.86 [190263/448/1]
190263/584/1.f:DDCNLE_00705 -            752 GT83.hmm             -            540   1.1e-35  127.7  66.8   1   1   6.6e-33   1.1e-29  107.9  37.0    37   223    44   235     9   273 0.84 [190263/584/1]
190263/473/1.f:MLHPCA_06950 -            648 GT83.hmm             -            540   8.3e-32  114.9  61.5   1   1     5e-35   8.3e-32  114.9  61.5    88   463   203   585   188   605 0.76 [190263/473/1]
190263/540/1.f:BCGFLB_03065 -            561 GT83.hmm             -            540   2.9e-28  103.2  42.9   1   1   2.3e-31   3.8e-28  102.8  42.9     9   360    13   339     6   393 0.76 [190263/540/1]
190263/421/1.f:PBKEAC_04055 -            574 GT83.hmm             -            540   3.2e-28  103.0  48.0   1   1   2.6e-31   4.3e-28  102.6  48.0     9   366    20   360    14   397 0.75 [190263/421/1]
190263/366/1.f:DBJPFP_02775 -            571 GT83.hmm             -            540     2e-27  100.4  45.0   1   1   1.5e-30   2.5e-27  100.1  45.0     7   356    15   337     9   389 0.76 [190263/366/1]
190263/564/1.f:KIHMBJ_00065 -            615 GT83.hmm             -            540   2.4e-26   96.8  41.5   1   1     2e-29   3.3e-26   96.4  41.5     8   360    11   339     5   383 0.78 [190263/564/1]
190263/446/1.f:LHJMMB_11325 -            589 GT83.hmm             -            540   1.1e-24   91.4  50.6   1   1   8.7e-28   1.4e-24   91.0  50.6    11   362    39   367    35   410 0.77 [190263/446/1]
190263/556/1.f:EMIPPF_02720 -            569 GT83.hmm             -            540   8.3e-24   88.5  53.0   1   1   6.5e-27   1.1e-23   88.1  53.0    10   355    17   339    10   386 0.78 [190263/556/1]
190263/415/1.f:OLCEDN_01250 -            833 GT83.hmm             -            540   1.2e-21   81.3  85.3   1   1     1e-24   1.7e-21   80.8  85.3    11   459   237   692   228   746 0.70 [190263/415/1]
190263/457/1.f:IIKDLL_10110 -            779 GT83.hmm             -            540   8.6e-21   78.5  10.9   1   1   5.2e-24   8.6e-21   78.5  10.9    34   366   379   757   374   779 0.70 [190263/457/1]
190263/522/1.f:NPJBCH_01810 -            176 GT83.hmm             -            540   1.8e-19   74.1   9.8   1   1   1.4e-22   2.3e-19   73.8   9.8    14   147    14   149    10   161 0.95 [190263/522/1]
190263/443/1.f:LNLACP_03860 -            966 GT83.hmm             -            540     9e-17   65.2  99.2   1   1   4.1e-19   6.8e-16   62.3  45.9    64   363   598   944   588   963 0.72 [190263/443/1]
190263/443/1.f:LNLACP_07520 -            532 GT83.hmm             -            540   6.7e-16   62.4  31.5   1   1   8.5e-19   1.4e-15   61.3  31.5     8   363    13   399     7   435 0.77 [190263/443/1]
190263/457/1.f:IIKDLL_00380 -            552 GT83.hmm             -            540   5.1e-15   59.5  17.1   1   1     5e-18   8.2e-15   58.8  17.1    83   356   110   422    99   462 0.71 [190263/457/1]
190263/406/1.f:DKNBGD_05255 -            643 GT83.hmm             -            540   7.7e-14   55.6  37.7   1   1   5.2e-17   8.5e-14   55.4  35.8    61   363   255   624   233   642 0.64 [190263/406/1]
190263/484/1.f:NBHDLB_08895 -            574 GT83.hmm             -            540   8.9e-14   55.4  65.3   1   1   7.2e-17   1.2e-13   54.9  65.3    12   464    23   506    14   519 0.77 [190263/484/1]
190263/468/1.f:DIOFOH_09905 -            614 GT83.hmm             -            540   1.7e-13   54.4  38.0   1   1     1e-16   1.7e-13   54.4  38.0    64   391   241   588   217   613 0.69 [190263/468/1]
190263/443/1.f:LNLACP_07350 -            519 GT83.hmm             -            540   2.7e-13   53.8  57.5   1   1   1.6e-16   2.7e-13   53.8  57.5    63   361    90   403    78   448 0.70 [190263/443/1]
190263/422/1.f:HJBCNJ_02580 -            494 GT83.hmm             -            540   1.3e-12   51.5  22.2   1   1   7.7e-16   1.3e-12   51.5  22.2    63   217   101   276    94   318 0.82 [190263/422/1]
#
# Program:         hmmsearch
# Version:         3.3.2 (Nov 2020)
# Pipeline mode:   SEARCH
# Query file:      /kb/module/work/tmp/output.1725388484971/GT83/GT83.hmm
# Target file:     /kb/module/work/tmp/output.1725388484971/hCom2_RAST.fasta
# Option settings: /kb/module/hmmer/bin/hmmsearch --domtblout /kb/module/work/tmp/output.1725388484971/GT83/GT83-hCom2_RAST.hitout.txt --noali --notextw --domE 1e-15 /kb/module/work/tmp/output.1725388484971/GT83/GT83.hmm /kb/module/work/tmp/output.1725388484971/hCom2_RAST.fasta 
# Current dir:     /kb/module/work/tmp/output.1725388484971
# Date:            Tue Sep  3 18:59:35 2024
# [ok]
