#                                                                                   --- full sequence --- -------------- this domain -------------   hmm coord   ali coord   env coord
# target name               accession   tlen query name           accession   qlen   E-value  score  bias   #  of  c-Evalue  i-Evalue  score  bias  from    to  from    to  from    to  acc description of target
#       ------------------- ---------- ----- -------------------- ---------- ----- --------- ------ ----- --- --- --------- --------- ------ ----- ----- ----- ----- ----- ----- ----- ---- ---------------------
190263/436/1.f:KEEIED_08415 -            350 GT9.hmm              -            225   1.7e-66  228.8   0.0   1   1   5.8e-70   2.2e-66  228.4   0.0     4   218    80   325    77   331 0.87 [190263/436/1]
190263/569/1.f:FCJLID_07305 -            348 GT9.hmm              -            225   2.2e-63  218.6   0.0   1   1   9.4e-67   3.6e-63  217.9   0.0     3   218    79   323    77   329 0.85 [190263/569/1]
190263/588/1.f:LGPOLK_06060 -            344 GT9.hmm              -            225     3e-53  185.4   0.0   1   1     1e-56     4e-53  185.0   0.0     3   203    74   300    72   327 0.82 [190263/588/1]
190263/382/1.f:JACGKO_00705 -            373 GT9.hmm              -            225   9.7e-52  180.5   0.0   1   1   3.6e-55   1.4e-51  180.0   0.0     3   220    73   325    71   330 0.87 [190263/382/1]
190263/382/1.f:JACGKO_00700 -            348 GT9.hmm              -            225   1.2e-51  180.2   0.0   1   1   4.3e-55   1.7e-51  179.7   0.0     4   222    76   323    74   326 0.87 [190263/382/1]
190263/591/1.f:NBPJEL_05870 -            339 GT9.hmm              -            225     3e-51  178.9   0.0   1   1   1.1e-54   4.3e-51  178.4   0.0     2   205    73   303    72   325 0.82 [190263/591/1]
190263/436/1.f:KEEIED_08410 -            344 GT9.hmm              -            225   6.5e-51  177.8   0.0   1   1   2.6e-54     1e-50  177.2   0.0     2   217    76   319    74   327 0.84 [190263/436/1]
190263/591/1.f:NBPJEL_01860 -            390 GT9.hmm              -            225   8.8e-51  177.4   0.0   1   1   3.7e-54   1.4e-50  176.7   0.0     2   220    79   363    75   368 0.87 [190263/591/1]
190263/569/1.f:FCJLID_07300 -            342 GT9.hmm              -            225   1.4e-50  176.8   0.0   1   1   5.1e-54   1.9e-50  176.2   0.0     2   218    76   320    75   327 0.85 [190263/569/1]
190263/588/1.f:LGPOLK_06055 -            348 GT9.hmm              -            225   2.2e-50  176.1   0.0   1   1   7.6e-54   2.9e-50  175.7   0.0     2   205    76   305    75   326 0.84 [190263/588/1]
190263/473/1.f:MLHPCA_02010 -            350 GT9.hmm              -            225   8.2e-50  174.2   0.1   1   1   2.8e-53   1.1e-49  173.8   0.1     5   222    76   330    72   333 0.85 [190263/473/1]
190263/382/1.f:JACGKO_11095 -            359 GT9.hmm              -            225   1.6e-48  170.0   0.0   1   1   5.4e-52   2.1e-48  169.6   0.0     4   222    90   339    59   342 0.86 [190263/382/1]
190263/382/1.f:JACGKO_00750 -            357 GT9.hmm              -            225   8.9e-48  167.5   0.0   1   1     3e-51   1.2e-47  167.2   0.0     3   218    79   329    77   339 0.82 [190263/382/1]
190263/591/1.f:NBPJEL_05865 -            346 GT9.hmm              -            225     3e-46  162.5   0.0   1   1   1.2e-49   4.6e-46  161.9   0.0     3   204    76   304    74   324 0.86 [190263/591/1]
190263/473/1.f:MLHPCA_17785 -            324 GT9.hmm              -            225   4.1e-44  155.5   0.1   1   1   1.4e-47   5.5e-44  155.2   0.1    15   223    78   310    66   312 0.85 [190263/473/1]
190263/473/1.f:MLHPCA_00565 -            343 GT9.hmm              -            225   5.8e-41  145.2   0.4   1   1   2.2e-44   8.5e-41  144.7   0.4     9   219    86   322    80   327 0.85 [190263/473/1]
190263/526/1.f:GBBCGM_15985 -            334 GT9.hmm              -            225   7.1e-38  135.2   0.0   1   1   2.4e-41   9.4e-38  134.8   0.0     3   216    69   306    67   316 0.81 [190263/526/1]
190263/564/1.f:KIHMBJ_05765 -            356 GT9.hmm              -            225   1.8e-36  130.6   0.0   1   1   7.3e-40   2.8e-36  129.9   0.0     6   218    82   324    77   333 0.78 [190263/564/1]
190263/364/1.f:DKBBKL_10300 -            339 GT9.hmm              -            225   1.9e-36  130.5   0.0   1   1   6.5e-40   2.5e-36  130.1   0.0     3   216    69   307    67   319 0.75 [190263/364/1]
190263/516/1.f:MGNFBC_14525 -            351 GT9.hmm              -            225   2.6e-36  130.0   0.0   1   1   9.2e-40   3.5e-36  129.6   0.0     3   219    72   320    70   327 0.80 [190263/516/1]
190263/379/1.f:LOJHAC_17125 -            351 GT9.hmm              -            225   2.8e-36  129.9   0.0   1   1   9.6e-40   3.7e-36  129.5   0.0     3   219    72   320    70   328 0.79 [190263/379/1]
190263/368/1.f:HPMDBE_16630 -            351 GT9.hmm              -            225   4.4e-36  129.3   0.0   1   1   1.5e-39   5.7e-36  128.9   0.0     3   219    72   320    70   328 0.78 [190263/368/1]
190263/382/1.f:JACGKO_00755 -            333 GT9.hmm              -            225   8.7e-36  128.3   0.0   1   1   3.3e-39   1.3e-35  127.8   0.0     4   216    69   307    66   320 0.82 [190263/382/1]
190263/415/1.f:OLCEDN_12340 -            536 GT9.hmm              -            225   8.9e-36  128.3   0.1   1   1   3.7e-39   1.4e-35  127.6   0.1     5   218    78   338    74   349 0.79 [190263/415/1]
190263/569/1.f:FCJLID_01590 -            363 GT9.hmm              -            225   2.1e-35  127.1   0.0   1   1     7e-39   2.7e-35  126.7   0.0     3   218    82   340    80   350 0.82 [190263/569/1]
190263/540/1.f:BCGFLB_09695 -            358 GT9.hmm              -            225   2.3e-35  127.0   0.0   1   1   8.9e-39   3.4e-35  126.4   0.0     9   220    82   325    77   332 0.78 [190263/540/1]
190263/484/1.f:NBHDLB_00820 -            315 GT9.hmm              -            225   2.4e-35  126.9   0.0   1   1     8e-39   3.1e-35  126.5   0.0     3   188    77   280    75   309 0.80 [190263/484/1]
190263/369/1.f:JCDIFE_05455 -            348 GT9.hmm              -            225   2.8e-35  126.7   0.0   1   1   9.2e-39   3.5e-35  126.3   0.0     3   222    70   324    68   327 0.80 [190263/369/1]
190263/365/1.f:JJMMAK_15650 -            342 GT9.hmm              -            225     2e-34  123.8   0.0   1   1   7.3e-38   2.8e-34  123.4   0.0     3   216    72   317    70   326 0.80 [190263/365/1]
190263/421/1.f:PBKEAC_09995 -            371 GT9.hmm              -            225   2.1e-34  123.8   0.0   1   1   7.3e-38   2.8e-34  123.4   0.0     1   219    98   340    98   348 0.77 [190263/421/1]
190263/461/1.f:DHPHOK_05755 -            332 GT9.hmm              -            225   4.6e-34  122.7   0.0   1   1   1.7e-37   6.5e-34  122.2   0.0     3   217    69   307    67   316 0.72 [190263/461/1]
190263/475/1.f:MCKEEP_07020 -            343 GT9.hmm              -            225     3e-33  120.0   0.0   1   1     1e-36     4e-33  119.6   0.0     3   216    72   318    70   329 0.78 [190263/475/1]
190263/552/1.f:EMALNL_06410 -            343 GT9.hmm              -            225   3.4e-33  119.8   0.0   1   1   1.2e-36   4.5e-33  119.5   0.0     3   216    72   318    70   329 0.78 [190263/552/1]
190263/573/1.f:LIDFCI_17290 -            343 GT9.hmm              -            225   5.6e-33  119.1   0.0   1   1   1.9e-36   7.3e-33  118.8   0.0     3   216    72   318    70   329 0.78 [190263/573/1]
190263/366/1.f:DBJPFP_09395 -            341 GT9.hmm              -            225   6.1e-33  119.0   0.0   1   1     2e-36   7.7e-33  118.7   0.0     1   219    76   318    76   325 0.80 [190263/366/1]
190263/562/1.f:KJGNCK_03735 -            343 GT9.hmm              -            225   6.8e-33  118.9   0.0   1   1   2.3e-36   8.8e-33  118.5   0.0     3   216    72   318    70   329 0.78 [190263/562/1]
190263/523/1.f:MDNHKG_00600 -            343 GT9.hmm              -            225     7e-33  118.8   0.0   1   1   2.4e-36   9.1e-33  118.4   0.0     3   220    78   319    76   323 0.80 [190263/523/1]
190263/404/1.f:BGJBIG_04405 -            343 GT9.hmm              -            225     1e-32  118.3   0.0   1   1   3.5e-36   1.3e-32  117.9   0.0     3   216    72   318    70   328 0.78 [190263/404/1]
190263/497/1.f:HENFFC_16800 -            344 GT9.hmm              -            225   2.9e-32  116.8   0.0   1   1   9.8e-36   3.8e-32  116.4   0.0     3   220    72   321    70   326 0.81 [190263/497/1]
190263/457/1.f:IIKDLL_00690 -            416 GT9.hmm              -            225   5.3e-32  116.0   0.0   1   1   2.2e-35   8.4e-32  115.3   0.0     2   206   113   357   112   389 0.76 [190263/457/1]
190263/522/1.f:NPJBCH_11160 -            352 GT9.hmm              -            225   2.9e-31  113.5   0.0   1   1   9.9e-35   3.8e-31  113.2   0.0     3   217    74   324    72   336 0.77 [190263/522/1]
190263/585/1.f:DLBDDB_02485 -            343 GT9.hmm              -            225   3.3e-31  113.4   0.0   1   1   1.1e-34   4.2e-31  113.0   0.0     3   218    72   320    70   330 0.76 [190263/585/1]
190263/534/1.f:OHCFJE_06950 -            343 GT9.hmm              -            225     6e-31  112.5   0.0   1   1   2.1e-34   7.9e-31  112.1   0.0     5   222    74   324    72   327 0.80 [190263/534/1]
190263/545/1.f:NCJBIN_05980 -            343 GT9.hmm              -            225     6e-31  112.5   0.0   1   1   2.1e-34   7.9e-31  112.1   0.0     5   222    74   324    72   327 0.80 [190263/545/1]
190263/391/1.f:NONBJF_05790 -            343 GT9.hmm              -            225   6.2e-31  112.5   0.0   1   1   2.1e-34   8.2e-31  112.1   0.0     5   222    74   324    72   327 0.80 [190263/391/1]
190263/401/1.f:DMFJNH_05725 -            343 GT9.hmm              -            225     7e-31  112.3   0.0   1   1   2.3e-34   8.9e-31  111.9   0.0     4   217    73   319    70   331 0.77 [190263/401/1]
190263/446/1.f:LHJMMB_04255 -            341 GT9.hmm              -            225   1.1e-30  111.6   0.0   1   1   3.9e-34   1.5e-30  111.2   0.0     2   219    77   318    76   325 0.78 [190263/446/1]
190263/405/1.f:EHKDKA_04105 -            343 GT9.hmm              -            225   1.4e-30  111.3   0.0   1   1   5.1e-34     2e-30  110.8   0.0     3   217    72   319    70   330 0.78 [190263/405/1]
190263/504/1.f:DOAHDM_06390 -            343 GT9.hmm              -            225   1.4e-30  111.3   0.0   1   1   4.7e-34   1.8e-30  110.9   0.0     4   217    73   319    70   331 0.77 [190263/504/1]
190263/388/1.f:FDDJJK_05500 -            343 GT9.hmm              -            225   1.7e-30  111.1   0.0   1   1   5.7e-34   2.2e-30  110.7   0.0     5   222    74   324    72   327 0.80 [190263/388/1]
190263/364/1.f:DKBBKL_01660 -            329 GT9.hmm              -            225     5e-30  109.5   0.0   1   1   1.7e-33   6.6e-30  109.1   0.0     7   190    72   273    67   302 0.79 [190263/364/1]
190263/552/1.f:EMALNL_06420 -            352 GT9.hmm              -            225   1.5e-29  107.9   0.0   1   1   4.9e-33   1.9e-29  107.6   0.0     3   195    75   305    73   331 0.80 [190263/552/1]
190263/484/1.f:NBHDLB_09155 -            313 GT9.hmm              -            225   2.1e-29  107.5   0.1   1   1   7.7e-33   2.9e-29  107.0   0.1    16   202    78   289    62   304 0.81 [190263/484/1]
190263/382/1.f:JACGKO_00760 -            339 GT9.hmm              -            225   3.1e-29  106.9   0.0   1   1   1.1e-32   4.1e-29  106.5   0.0     6   220    73   319    68   324 0.78 [190263/382/1]
190263/595/1.f:HGDLEC_07790 -            352 GT9.hmm              -            225   3.1e-29  106.9   0.0   1   1   1.1e-32   4.1e-29  106.5   0.0     4   218    75   326    72   334 0.78 [190263/595/1]
190263/556/1.f:EMIPPF_09595 -            322 GT9.hmm              -            225     5e-29  106.2   0.0   1   1   1.7e-32   6.5e-29  105.8   0.0     1   219    57   299    57   305 0.79 [190263/556/1]
190263/562/1.f:KJGNCK_03725 -            352 GT9.hmm              -            225     1e-28  105.2   0.0   1   1   3.4e-32   1.3e-28  104.8   0.0     3   196    75   306    73   332 0.79 [190263/562/1]
190263/460/1.f:IHFGKI_12130 -            361 GT9.hmm              -            225   2.6e-28  103.9   0.0   1   1     1e-31     4e-28  103.3   0.0     4   218    75   336    72   344 0.75 [190263/460/1]
190263/526/1.f:GBBCGM_18215 -            320 GT9.hmm              -            225   3.3e-28  103.6   0.0   1   1   1.1e-31   4.2e-28  103.2   0.0     2   189    70   278    69   293 0.83 [190263/526/1]
190263/475/1.f:MCKEEP_07030 -            352 GT9.hmm              -            225   4.4e-28  103.1   0.0   1   1   1.5e-31   5.6e-28  102.8   0.0     3   196    75   306    73   332 0.80 [190263/475/1]
190263/573/1.f:LIDFCI_17280 -            352 GT9.hmm              -            225     2e-27  101.0   0.0   1   1   6.6e-31   2.5e-27  100.7   0.0     3   196    75   306    73   332 0.80 [190263/573/1]
190263/580/1.f:JCPJNN_08500 -            397 GT9.hmm              -            225   5.6e-27   99.5   0.0   1   1   1.9e-30   7.3e-27   99.2   0.0    51   219   162   359    93   370 0.77 [190263/580/1]
190263/506/1.f:IKGMED_03905 -            324 GT9.hmm              -            225   7.9e-25   92.5   0.0   1   1   3.1e-28   1.2e-24   91.9   0.0     2   187    72   271    71   283 0.71 [190263/506/1]
190263/364/1.f:DKBBKL_01685 -            354 GT9.hmm              -            225   1.4e-24   91.7   0.0   1   1   4.9e-28   1.9e-24   91.3   0.0     5   195    75   301    71   318 0.82 [190263/364/1]
#
# Program:         hmmsearch
# Version:         3.3.2 (Nov 2020)
# Pipeline mode:   SEARCH
# Query file:      /kb/module/work/tmp/output.1725388484971/GT9/GT9.hmm
# Target file:     /kb/module/work/tmp/output.1725388484971/hCom2_RAST.fasta
# Option settings: /kb/module/hmmer/bin/hmmsearch --domtblout /kb/module/work/tmp/output.1725388484971/GT9/GT9-hCom2_RAST.hitout.txt --noali --notextw --domE 1e-15 /kb/module/work/tmp/output.1725388484971/GT9/GT9.hmm /kb/module/work/tmp/output.1725388484971/hCom2_RAST.fasta 
# Current dir:     /kb/module/work/tmp/output.1725388484971
# Date:            Tue Sep  3 18:57:49 2024
# [ok]
