#                                                                                   --- full sequence --- -------------- this domain -------------   hmm coord   ali coord   env coord
# target name               accession   tlen query name           accession   qlen   E-value  score  bias   #  of  c-Evalue  i-Evalue  score  bias  from    to  from    to  from    to  acc description of target
#       ------------------- ---------- ----- -------------------- ---------- ----- --------- ------ ----- --- --- --------- --------- ------ ----- ----- ----- ----- ----- ----- ----- ---- ---------------------
190263/421/1.f:PBKEAC_13130 -            297 PL12.hmm             -            138   1.7e-38  136.4   0.2   1   1   1.1e-41   2.3e-38  135.9   0.2     1   138    48   178    48   178 0.98 [190263/421/1]
190263/366/1.f:DBJPFP_12915 -            652 PL12.hmm             -            138   1.1e-37  133.8   0.4   1   1   7.3e-40   1.5e-36  130.0   0.0     1   138   403   533   403   533 0.98 [190263/366/1]
190263/405/1.f:EHKDKA_00540 -            665 PL12.hmm             -            138   3.8e-37  132.0   0.3   1   1   6.6e-40   1.4e-36  130.2   0.0     1   138   403   533   403   533 0.98 [190263/405/1]
190263/502/1.f:NONHGB_00555 -            665 PL12.hmm             -            138   5.4e-37  131.5   0.3   1   1   8.5e-40   1.8e-36  129.8   0.0     1   138   403   533   403   533 0.98 [190263/502/1]
190263/466/1.f:PGJOII_17340 -            666 PL12.hmm             -            138   2.5e-36  129.4   0.0   1   1   7.5e-39   1.6e-35  126.8   0.0     1   138   403   533   403   533 0.98 [190263/466/1]
190263/456/1.f:LKAJBD_17550 -            663 PL12.hmm             -            138   2.6e-36  129.3   0.1   1   1   1.6e-38   3.4e-35  125.7   0.0     1   138   400   530   400   530 0.97 [190263/456/1]
190263/466/1.f:PGJOII_06295 -            666 PL12.hmm             -            138   2.7e-36  129.3   0.4   1   1   9.3e-39     2e-35  126.5   0.1     1   138   404   534   404   534 0.98 [190263/466/1]
190263/585/1.f:DLBDDB_06295 -            667 PL12.hmm             -            138   2.7e-36  129.2   0.0   1   1   2.2e-38   4.6e-35  125.2   0.0     1   138   405   535   405   535 0.98 [190263/585/1]
190263/456/1.f:LKAJBD_00620 -            666 PL12.hmm             -            138   3.6e-36  128.8   0.4   1   1   1.4e-38   3.1e-35  125.8   0.1     1   138   404   534   404   534 0.98 [190263/456/1]
190263/417/1.f:MHBJAE_00325 -            624 PL12.hmm             -            138   4.8e-36  128.4   0.4   1   1   2.3e-39   4.8e-36  128.4   0.4     1   136   420   556   420   558 0.97 [190263/417/1]
190263/401/1.f:DMFJNH_13655 -            666 PL12.hmm             -            138   6.6e-36  128.0   0.8   1   1   8.6e-39   1.8e-35  126.6   0.1     1   138   404   534   404   534 0.98 [190263/401/1]
190263/504/1.f:DOAHDM_13085 -            666 PL12.hmm             -            138   6.8e-36  128.0   0.8   1   1   8.6e-39   1.8e-35  126.6   0.1     1   138   404   534   404   534 0.98 [190263/504/1]
190263/456/1.f:LKAJBD_00255 -            661 PL12.hmm             -            138   7.7e-36  127.8   0.3   1   1   1.5e-38   3.1e-35  125.8   0.0     1   138   401   531   401   531 0.98 [190263/456/1]
190263/562/1.f:KJGNCK_13290 -            666 PL12.hmm             -            138   2.6e-35  126.1   0.0   1   1   2.6e-38   5.6e-35  125.0   0.0     1   138   404   534   404   534 0.98 [190263/562/1]
190263/475/1.f:MCKEEP_12565 -            666 PL12.hmm             -            138   2.7e-35  126.0   0.5   1   1   3.3e-38     7e-35  124.7   0.1     2   138   405   534   404   534 0.98 [190263/475/1]
190263/552/1.f:EMALNL_13265 -            666 PL12.hmm             -            138   5.6e-35  125.0   0.1   1   1   5.7e-38   1.2e-34  123.9   0.1     1   138   404   534   404   534 0.98 [190263/552/1]
190263/573/1.f:LIDFCI_03425 -            666 PL12.hmm             -            138   1.8e-34  123.3   0.4   1   1   2.3e-37   4.9e-34  121.9   0.1     1   138   404   534   404   534 0.98 [190263/573/1]
190263/585/1.f:DLBDDB_18375 -            666 PL12.hmm             -            138   2.2e-34  123.1   1.1   1   1   1.4e-37     3e-34  122.6   0.1     1   138   404   534   404   534 0.98 [190263/585/1]
190263/456/1.f:LKAJBD_14360 -            624 PL12.hmm             -            138   2.6e-33  119.6   0.1   1   1   2.4e-36     5e-33  118.6   0.1     1   136   420   555   420   558 0.97 [190263/456/1]
190263/370/1.f:MFKGBO_08465 -            713 PL12.hmm             -            138     1e-32  117.6   0.1   1   1   8.1e-36   1.7e-32  116.9   0.1     1   138   360   500   360   500 0.98 [190263/370/1]
190263/366/1.f:DBJPFP_12910 -            667 PL12.hmm             -            138   2.7e-32  116.3   0.1   1   1   4.5e-35   9.6e-32  114.5   0.0     1   138   407   537   407   537 0.98 [190263/366/1]
190263/370/1.f:MFKGBO_13000 -            673 PL12.hmm             -            138   6.5e-32  115.1   0.0   1   1   5.7e-35   1.2e-31  114.2   0.0     2   136   361   499   360   501 0.95 [190263/370/1]
190263/421/1.f:PBKEAC_13125 -            667 PL12.hmm             -            138   7.9e-32  114.8   0.0   1   1   1.2e-34   2.5e-31  113.2   0.0     1   137   407   536   407   537 0.98 [190263/421/1]
190263/375/1.f:CNGHJF_21040 -            672 PL12.hmm             -            138   1.5e-31  113.8   0.2   1   1   1.6e-34   3.4e-31  112.7   0.2     8   138   370   500   359   500 0.95 [190263/375/1]
190263/507/1.f:KPMKPI_14870 -            667 PL12.hmm             -            138   1.4e-30  110.7   0.1   1   1   1.5e-33   3.1e-30  109.6   0.1     1   137   361   501   361   502 0.93 [190263/507/1]
190263/384/1.f:CDKGIA_10240 -            695 PL12.hmm             -            138   1.4e-30  110.7   0.0   1   1   1.2e-33   2.6e-30  109.9   0.0     1   138   380   518   380   518 0.96 [190263/384/1]
190263/475/1.f:MCKEEP_12590 -            740 PL12.hmm             -            138   1.5e-30  110.6   2.1   1   1   1.5e-33   3.1e-30  109.6   0.4     1   138   436   574   436   574 0.96 [190263/475/1]
190263/384/1.f:CDKGIA_09855 -            701 PL12.hmm             -            138   1.8e-30  110.4   0.4   1   1     3e-33   6.3e-30  108.6   0.1     1   136   388   527   388   529 0.96 [190263/384/1]
190263/541/1.f:IDEEIE_16190 -            627 PL12.hmm             -            138   1.7e-29  107.3   0.1   1   1   2.5e-32   5.3e-29  105.6   0.1     1   137   406   544   406   545 0.91 [190263/541/1]
190263/421/1.f:PBKEAC_13100 -            964 PL12.hmm             -            138   2.7e-29  106.6   0.2   1   1   2.8e-32     6e-29  105.4   0.2     1   138   694   830   694   830 0.92 [190263/421/1]
190263/363/1.f:CIHHOC_06020 -            634 PL12.hmm             -            138   7.9e-29  105.0   0.1   1   1   3.8e-32   7.9e-29  105.0   0.1     1   135   409   544   409   549 0.91 [190263/363/1]
190263/370/1.f:MFKGBO_11150 -            679 PL12.hmm             -            138     1e-28  104.7   0.0   1   1   8.2e-32   1.7e-28  104.0   0.0     2   138   365   502   364   502 0.95 [190263/370/1]
190263/401/1.f:DMFJNH_13680 -            702 PL12.hmm             -            138   1.1e-28  104.6   0.2   1   1   1.1e-31   2.4e-28  103.5   0.2     1   138   429   566   429   566 0.94 [190263/401/1]
190263/504/1.f:DOAHDM_13110 -            702 PL12.hmm             -            138   1.1e-28  104.6   0.2   1   1   1.1e-31   2.4e-28  103.5   0.2     1   138   429   566   429   566 0.94 [190263/504/1]
190263/466/1.f:PGJOII_06325 -            709 PL12.hmm             -            138   4.4e-28  102.6   0.3   1   1   4.2e-31   8.8e-28  101.7   0.3     1   138   431   570   431   570 0.97 [190263/466/1]
190263/406/1.f:DKNBGD_06290 -            654 PL12.hmm             -            138     5e-28  102.5   0.0   1   1   4.6e-31   9.8e-28  101.5   0.0     8   138   365   492   355   492 0.95 [190263/406/1]
190263/366/1.f:DBJPFP_12835 -            965 PL12.hmm             -            138   2.7e-27  100.1   0.1   1   1   2.5e-30   5.2e-27   99.2   0.1     1   138   695   831   695   831 0.90 [190263/366/1]
190263/585/1.f:DLBDDB_18340 -            710 PL12.hmm             -            138   4.3e-27   99.4   1.6   1   1   7.6e-30   1.6e-26   97.6   0.1     1   137   426   572   426   573 0.88 [190263/585/1]
190263/562/1.f:KJGNCK_13330 -            707 PL12.hmm             -            138   5.7e-27   99.0   0.8   1   1   6.4e-30   1.4e-26   97.8   0.2     1   138   424   558   424   558 0.96 [190263/562/1]
190263/468/1.f:DIOFOH_04940 -            638 PL12.hmm             -            138   7.4e-27   98.7   0.1   1   1   6.6e-30   1.4e-26   97.8   0.1     7   138   355   487   349   487 0.93 [190263/468/1]
190263/552/1.f:EMALNL_13290 -            729 PL12.hmm             -            138     3e-26   96.7   0.4   1   1   1.4e-29     3e-26   96.7   0.4     1   138   430   570   430   570 0.88 [190263/552/1]
190263/573/1.f:LIDFCI_03450 -            729 PL12.hmm             -            138     3e-26   96.7   0.4   1   1   1.4e-29     3e-26   96.7   0.4     1   138   430   570   430   570 0.88 [190263/573/1]
190263/406/1.f:DKNBGD_00245 -            675 PL12.hmm             -            138   4.6e-26   96.1   0.3   1   1   4.2e-29   8.8e-26   95.2   0.3     8   138   370   500   359   500 0.93 [190263/406/1]
190263/580/1.f:JCPJNN_30355 -            673 PL12.hmm             -            138   1.1e-25   94.9   0.0   1   1   9.6e-29     2e-25   94.0   0.0     1   138   359   497   359   497 0.97 [190263/580/1]
190263/466/1.f:PGJOII_12230 -            722 PL12.hmm             -            138     2e-25   94.0   0.2   1   1   9.6e-29     2e-25   94.0   0.2     1   138   434   581   434   581 0.85 [190263/466/1]
190263/552/1.f:EMALNL_23010 -            708 PL12.hmm             -            138   2.5e-25   93.7   0.2   1   1   1.2e-28   2.5e-25   93.7   0.2     1   138   422   556   422   556 0.93 [190263/552/1]
190263/585/1.f:DLBDDB_18350 -            721 PL12.hmm             -            138     3e-25   93.5   0.6   1   1   3.5e-28   7.3e-25   92.2   0.6     1   138   431   585   431   585 0.82 [190263/585/1]
190263/448/1.f:IBJDOL_13480 -            728 PL12.hmm             -            138   1.2e-24   91.5   0.1   1   1   1.2e-27   2.6e-24   90.4   0.1     2   135   573   700   572   703 0.87 [190263/448/1]
190263/514/1.f:MMHOAN_02725 -            662 PL12.hmm             -            138   5.3e-24   89.4   0.0   1   1   6.8e-27   1.4e-23   88.0   0.0     9   137   371   498   359   499 0.94 [190263/514/1]
190263/580/1.f:JCPJNN_21345 -            657 PL12.hmm             -            138   5.7e-23   86.1   0.0   1   1   5.5e-26   1.2e-22   85.1   0.0     1   131   377   513   377   526 0.89 [190263/580/1]
190263/510/1.f:DELAEA_05805 -            619 PL12.hmm             -            138   6.3e-22   82.7   0.2   1   1   8.6e-25   1.8e-21   81.2   0.0     1   138   340   480   340   480 0.93 [190263/510/1]
190263/409/1.f:AJJCMD_00780 -            592 PL12.hmm             -            138   6.5e-22   82.7   0.1   1   1   6.2e-25   1.3e-21   81.7   0.1    13   137   377   506   370   507 0.92 [190263/409/1]
190263/545/1.f:NCJBIN_09055 -            516 PL12.hmm             -            138   1.9e-21   81.1   0.3   1   1   1.6e-24   3.4e-21   80.3   0.3     3   137   310   438   308   439 0.89 [190263/545/1]
190263/365/1.f:JJMMAK_13280 -            517 PL12.hmm             -            138   1.5e-19   75.0   0.6   1   1   1.3e-22   2.7e-19   74.2   0.6     2   137   308   437   307   438 0.89 [190263/365/1]
190263/502/1.f:NONHGB_06680 -            636 PL12.hmm             -            138   3.6e-19   73.8   0.0   1   1   4.2e-22     9e-19   72.5   0.0     1   132   398   515   398   519 0.91 [190263/502/1]
190263/368/1.f:HPMDBE_09395 -            536 PL12.hmm             -            138   2.4e-17   67.9   0.1   1   1   2.1e-20   4.4e-17   67.0   0.1     2   137   330   460   329   461 0.87 [190263/368/1]
190263/409/1.f:AJJCMD_21160 -            660 PL12.hmm             -            138   1.4e-16   65.4   0.0   1   1   1.7e-19   3.6e-16   64.0   0.0     8   126   399   516   390   531 0.82 [190263/409/1]
190263/379/1.f:LOJHAC_09595 -            536 PL12.hmm             -            138   1.9e-16   65.0   0.1   1   1   1.6e-19   3.5e-16   64.1   0.1     2   137   330   460   329   461 0.88 [190263/379/1]
190263/516/1.f:MGNFBC_08245 -            536 PL12.hmm             -            138   1.9e-16   65.0   0.1   1   1   1.6e-19   3.5e-16   64.1   0.1     2   137   330   460   329   461 0.88 [190263/516/1]
190263/369/1.f:JCDIFE_07390 -            632 PL12.hmm             -            138     4e-16   63.9   0.0   1   1     1e-18   2.2e-15   61.5   0.0     2    85   403   484   403   515 0.88 [190263/369/1]
190263/580/1.f:JCPJNN_26610 -            672 PL12.hmm             -            138   2.1e-15   61.6   0.0   1   1   2.1e-18   4.4e-15   60.5   0.0     1    81   376   455   376   482 0.86 [190263/580/1]
190263/502/1.f:NONHGB_08585 -           1220 PL12.hmm             -            138   3.9e-14   57.5   0.0   1   1   4.2e-17   8.8e-14   56.3   0.0     1   113   974  1074   974  1091 0.84 [190263/502/1]
190263/456/1.f:LKAJBD_13635 -           1218 PL12.hmm             -            138   5.9e-14   56.9   0.0   1   1     6e-17   1.3e-13   55.8   0.0     1   125   974  1084   974  1092 0.86 [190263/456/1]
190263/552/1.f:EMALNL_08180 -            755 PL12.hmm             -            138   1.8e-13   55.3   0.8   1   1   1.8e-16   3.8e-13   54.3   0.8     3   130   371   497   370   504 0.78 [190263/552/1]
190263/405/1.f:EHKDKA_15465 -            755 PL12.hmm             -            138   3.8e-13   54.3   1.2   1   1   3.8e-16   8.1e-13   53.2   1.2     2   107   370   474   370   504 0.77 [190263/405/1]
190263/375/1.f:CNGHJF_16820 -            665 PL12.hmm             -            138   7.1e-13   53.4   0.2   1   1   6.3e-16   1.3e-12   52.5   0.2     1   128   374   506   374   514 0.77 [190263/375/1]
#
# Program:         hmmsearch
# Version:         3.3.2 (Nov 2020)
# Pipeline mode:   SEARCH
# Query file:      /kb/module/work/tmp/output.1725388484971/PL12/PL12.hmm
# Target file:     /kb/module/work/tmp/output.1725388484971/hCom2_RAST.fasta
# Option settings: /kb/module/hmmer/bin/hmmsearch --domtblout /kb/module/work/tmp/output.1725388484971/PL12/PL12-hCom2_RAST.hitout.txt --noali --notextw --domE 1e-15 /kb/module/work/tmp/output.1725388484971/PL12/PL12.hmm /kb/module/work/tmp/output.1725388484971/hCom2_RAST.fasta 
# Current dir:     /kb/module/work/tmp/output.1725388484971
# Date:            Tue Sep  3 19:03:01 2024
# [ok]
