#                                                                                   --- full sequence --- -------------- this domain -------------   hmm coord   ali coord   env coord
# target name               accession   tlen query name           accession   qlen   E-value  score  bias   #  of  c-Evalue  i-Evalue  score  bias  from    to  from    to  from    to  acc description of target
#       ------------------- ---------- ----- -------------------- ---------- ----- --------- ------ ----- --- --- --------- --------- ------ ----- ----- ----- ----- ----- ----- ----- ---- ---------------------
190263/564/1.f:KIHMBJ_09510 -            789 PL8.hmm              -            259   4.5e-93  315.9   0.1   1   1   1.2e-96     6e-93  315.5   0.1     2   257   395   663   394   665 0.96 [190263/564/1]
190263/409/1.f:AJJCMD_19560 -           1856 PL8.hmm              -            259   3.9e-89  303.0   0.8   1   1     4e-78     2e-74  254.8   0.1     1   257   935  1230   935  1232 0.91 [190263/409/1]
190263/375/1.f:CNGHJF_13210 -           1840 PL8.hmm              -            259   1.4e-86  294.6   5.7   1   1     6e-90     3e-86  293.6   5.7     1   257  1106  1375  1106  1377 0.96 [190263/375/1]
190263/438/1.f:IKAFOJ_01370 -           1011 PL8.hmm              -            259   3.8e-84  286.6  15.8   1   1   7.7e-88   3.8e-84  286.6  15.8     2   258   369   631   368   632 0.96 [190263/438/1]
190263/564/1.f:KIHMBJ_03630 -            812 PL8.hmm              -            259   8.5e-84  285.5   0.0   1   1   4.7e-87   2.3e-83  284.1   0.0     1   258   399   685   399   686 0.93 [190263/564/1]
190263/510/1.f:DELAEA_05830 -           1104 PL8.hmm              -            259   1.2e-83  285.0  14.2   1   1   2.4e-87   1.2e-83  285.0  14.2     2   258   654   919   653   920 0.94 [190263/510/1]
190263/409/1.f:AJJCMD_22430 -           1515 PL8.hmm              -            259   8.1e-83  282.3   4.0   1   1   3.2e-86   1.6e-82  281.3   4.0     1   257   733  1006   733  1008 0.95 [190263/409/1]
190263/507/1.f:KPMKPI_14885 -           1186 PL8.hmm              -            259     2e-79  271.1   4.2   1   1     2e-82   9.9e-79  268.9   4.2     1   258   574   866   574   867 0.91 [190263/507/1]
190263/564/1.f:KIHMBJ_09515 -            802 PL8.hmm              -            259   2.8e-76  260.8   0.0   1   1   8.3e-80   4.1e-76  260.3   0.0     2   257   402   669   401   671 0.97 [190263/564/1]
190263/404/1.f:BGJBIG_05720 -            721 PL8.hmm              -            259   6.7e-75  256.3   3.7   1   1     2e-78   9.9e-75  255.8   3.7     1   257   350   603   350   605 0.94 [190263/404/1]
190263/401/1.f:DMFJNH_03875 -            719 PL8.hmm              -            259   3.4e-74  254.0   0.2   1   1   9.4e-78   4.6e-74  253.6   0.2     1   257   345   598   345   600 0.93 [190263/401/1]
190263/504/1.f:DOAHDM_04305 -            719 PL8.hmm              -            259   3.4e-74  254.0   0.2   1   1   9.4e-78   4.6e-74  253.6   0.2     1   257   345   598   345   600 0.93 [190263/504/1]
190263/507/1.f:KPMKPI_02820 -            921 PL8.hmm              -            259   3.1e-73  250.9   1.9   1   1   2.7e-76   1.3e-72  248.8   1.9     1   257   518   809   518   811 0.91 [190263/507/1]
190263/502/1.f:NONHGB_20305 -            716 PL8.hmm              -            259   9.3e-73  249.3   0.9   1   1   3.6e-76   1.8e-72  248.4   0.9     1   257   345   598   345   600 0.95 [190263/502/1]
190263/466/1.f:PGJOII_00555 -            803 PL8.hmm              -            259   2.2e-72  248.1   3.5   1   1   6.5e-76   3.2e-72  247.6   3.5     2   257   467   713   466   715 0.92 [190263/466/1]
190263/399/1.f:CDLIDF_01150 -            714 PL8.hmm              -            259     1e-69  239.4   1.8   1   1   2.1e-73     1e-69  239.4   1.8     1   257   345   597   345   599 0.92 [190263/399/1]
190263/583/1.f:BCCKNC_00960 -            715 PL8.hmm              -            259   3.6e-69  237.6   0.2   1   1   9.7e-73   4.8e-69  237.2   0.2     1   257   337   590   337   592 0.92 [190263/583/1]
190263/405/1.f:EHKDKA_23475 -            723 PL8.hmm              -            259   1.6e-67  232.1   5.0   1   1   7.3e-71   3.6e-67  231.0   3.1     1   258   365   615   365   616 0.94 [190263/405/1]
190263/502/1.f:NONHGB_06640 -           1589 PL8.hmm              -            259   2.9e-67  231.3   0.6   1   1     9e-71   4.5e-67  230.7   0.6     2   256   343   587   342   590 0.95 [190263/502/1]
190263/406/1.f:DKNBGD_01415 -           2562 PL8.hmm              -            259     4e-67  230.8   9.9   1   1   2.4e-70   1.2e-66  229.3   9.9     2   258  1132  1413  1131  1414 0.91 [190263/406/1]
190263/502/1.f:NONHGB_21545 -            723 PL8.hmm              -            259   1.2e-66  229.3   4.2   1   1   5.2e-70   2.6e-66  228.2   2.4     1   258   365   615   365   616 0.93 [190263/502/1]
190263/405/1.f:EHKDKA_07375 -           1588 PL8.hmm              -            259   1.6e-66  228.8   1.1   1   1   5.2e-70   2.6e-66  228.2   1.1     2   257   343   588   342   590 0.94 [190263/405/1]
190263/405/1.f:EHKDKA_07340 -            877 PL8.hmm              -            259   4.3e-64  220.9  10.4   1   1   2.4e-67   1.2e-63  219.5  10.4     2   257   508   753   507   755 0.96 [190263/405/1]
190263/502/1.f:NONHGB_06585 -            691 PL8.hmm              -            259   4.6e-64  220.8   6.5   1   1   1.5e-67   7.6e-64  220.1   6.5     2   255   334   576   333   578 0.96 [190263/502/1]
190263/405/1.f:EHKDKA_07350 -            691 PL8.hmm              -            259   8.7e-64  219.9   7.0   1   1   3.1e-67   1.5e-63  219.1   7.0     2   255   334   576   333   578 0.96 [190263/405/1]
190263/438/1.f:IKAFOJ_09085 -           2024 PL8.hmm              -            259   2.1e-63  218.6  16.5   1   1   4.3e-67   2.1e-63  218.6  16.5     3   257   408   663   406   665 0.91 [190263/438/1]
190263/399/1.f:CDLIDF_12955 -            712 PL8.hmm              -            259   2.6e-62  215.1   0.1   1   1     7e-65   3.5e-61  211.4   0.0     1   258   365   603   365   604 0.92 [190263/399/1]
190263/497/1.f:HENFFC_03880 -            922 PL8.hmm              -            259     8e-62  213.5   0.0   1   1   3.4e-65   1.7e-61  212.4   0.0     1   257   357   606   357   608 0.93 [190263/497/1]
190263/365/1.f:JJMMAK_07725 -            932 PL8.hmm              -            259   3.6e-61  211.3   0.0   1   1   1.4e-64   7.2e-61  210.4   0.0     1   257   367   616   367   618 0.93 [190263/365/1]
190263/417/1.f:MHBJAE_10190 -            674 PL8.hmm              -            259   2.1e-59  205.6   0.2   1   1     2e-62     1e-58  203.3   0.2     2   258   368   599   367   600 0.95 [190263/417/1]
190263/421/1.f:PBKEAC_01965 -           1010 PL8.hmm              -            259   5.6e-59  204.2   0.0   1   1   1.7e-62   8.5e-59  203.6   0.0     2   257   587   852   586   854 0.93 [190263/421/1]
190263/421/1.f:PBKEAC_01975 -            983 PL8.hmm              -            259     7e-58  200.6   0.0   1   1   2.4e-61   1.2e-57  199.8   0.0     4   253   585   841   583   847 0.92 [190263/421/1]
190263/456/1.f:LKAJBD_03305 -            960 PL8.hmm              -            259   7.3e-58  200.5   3.4   1   1   3.3e-61   1.6e-57  199.4   3.4     5   254   566   818   563   822 0.91 [190263/456/1]
190263/488/1.f:DNPFAC_11930 -            530 PL8.hmm              -            259   2.3e-57  198.9   0.3   1   1   1.4e-60   6.9e-57  197.3   0.3     2   258   225   456   224   457 0.95 [190263/488/1]
190263/365/1.f:JJMMAK_12265 -           1065 PL8.hmm              -            259   2.8e-57  198.6   1.0   1   1   9.4e-61   4.7e-57  197.9   1.0     2   257   683   934   682   935 0.90 [190263/365/1]
190263/405/1.f:EHKDKA_22530 -            718 PL8.hmm              -            259   3.2e-57  198.4   0.3   1   1   1.2e-60   5.8e-57  197.6   0.3     3   257   366   611   364   613 0.90 [190263/405/1]
190263/466/1.f:PGJOII_03065 -            966 PL8.hmm              -            259   5.6e-57  197.6   0.1   1   1   2.5e-60   1.3e-56  196.5   0.1     8   252   573   823   567   828 0.90 [190263/466/1]
190263/502/1.f:NONHGB_20670 -            716 PL8.hmm              -            259   7.1e-56  194.0   0.0   1   1   2.3e-59   1.2e-55  193.3   0.0     3   257   364   609   362   611 0.92 [190263/502/1]
190263/552/1.f:EMALNL_06335 -            953 PL8.hmm              -            259   1.9e-55  192.6   2.7   1   1     1e-58     5e-55  191.2   2.7     8   253   574   809   568   815 0.91 [190263/552/1]
190263/458/1.f:AMPCAI_10230 -           1872 PL8.hmm              -            259   2.1e-55  192.5  11.3   1   1   4.2e-59   2.1e-55  192.5  11.3     3   257   363   607   361   609 0.94 [190263/458/1]
190263/562/1.f:KJGNCK_03810 -            953 PL8.hmm              -            259   3.6e-55  191.7   2.8   1   1     2e-58     1e-54  190.2   2.8     8   253   574   809   568   815 0.91 [190263/562/1]
190263/504/1.f:DOAHDM_06325 -            953 PL8.hmm              -            259   3.6e-55  191.7   4.6   1   1   1.7e-58   8.5e-55  190.5   4.6     8   253   573   808   567   814 0.91 [190263/504/1]
190263/401/1.f:DMFJNH_05660 -            953 PL8.hmm              -            259   3.6e-55  191.7   4.6   1   1   1.7e-58   8.5e-55  190.5   4.6     8   253   573   808   567   814 0.91 [190263/401/1]
190263/573/1.f:LIDFCI_17370 -            942 PL8.hmm              -            259   9.6e-55  190.3   2.8   1   1   5.5e-58   2.7e-54  188.8   2.8     8   253   563   798   557   804 0.91 [190263/573/1]
190263/404/1.f:BGJBIG_15875 -            682 PL8.hmm              -            259   9.9e-55  190.2   5.2   1   1     2e-58   9.9e-55  190.2   5.2     2   258   374   605   373   606 0.94 [190263/404/1]
190263/405/1.f:EHKDKA_04270 -            966 PL8.hmm              -            259   1.7e-54  189.5   2.0   1   1   3.4e-58   1.7e-54  189.5   2.0     4   252   568   822   566   827 0.89 [190263/405/1]
190263/585/1.f:DLBDDB_02550 -            953 PL8.hmm              -            259   6.5e-54  187.6   3.1   1   1   1.3e-57   6.5e-54  187.6   3.1     8   253   574   809   568   815 0.91 [190263/585/1]
190263/502/1.f:NONHGB_03890 -            966 PL8.hmm              -            259   1.2e-53  186.7   2.7   1   1   2.4e-57   1.2e-53  186.7   2.7     4   252   568   822   566   828 0.88 [190263/502/1]
190263/404/1.f:BGJBIG_04325 -            955 PL8.hmm              -            259   1.5e-53  186.4   3.8   1   1   7.7e-57   3.8e-53  185.0   3.8     8   253   576   811   570   817 0.91 [190263/404/1]
190263/475/1.f:MCKEEP_06655 -           1024 PL8.hmm              -            259   1.8e-53  186.1   2.2   1   1   7.4e-57   3.7e-53  185.1   2.2    11   258   617   866   611   867 0.90 [190263/475/1]
190263/475/1.f:MCKEEP_06945 -            953 PL8.hmm              -            259   2.4e-53  185.7   2.9   1   1   1.4e-56   6.9e-53  184.2   2.9     8   253   574   809   568   815 0.91 [190263/475/1]
190263/552/1.f:EMALNL_06150 -           1023 PL8.hmm              -            259   4.8e-53  184.7   2.2   1   1   1.9e-56   9.2e-53  183.8   1.8    11   258   616   865   610   866 0.89 [190263/552/1]
190263/401/1.f:DMFJNH_05525 -           1025 PL8.hmm              -            259   4.8e-53  184.7   0.4   1   1   1.6e-56     8e-53  184.0   0.4    11   258   618   867   614   868 0.89 [190263/401/1]
190263/504/1.f:DOAHDM_06195 -           1025 PL8.hmm              -            259   4.8e-53  184.7   0.4   1   1   1.6e-56     8e-53  184.0   0.4    11   258   618   867   614   868 0.89 [190263/504/1]
190263/562/1.f:KJGNCK_04100 -           1023 PL8.hmm              -            259   1.2e-52  183.4   2.7   1   1   4.1e-56     2e-52  182.7   2.1    11   258   616   865   610   866 0.88 [190263/562/1]
190263/366/1.f:DBJPFP_11315 -            721 PL8.hmm              -            259   1.4e-52  183.2   0.0   1   1   3.8e-56   1.9e-52  182.8   0.0     2   257   360   613   359   615 0.91 [190263/366/1]
190263/573/1.f:LIDFCI_17510 -           1023 PL8.hmm              -            259   4.3e-52  181.6   2.4   1   1   1.7e-55   8.2e-52  180.7   2.0    11   258   616   865   610   866 0.88 [190263/573/1]
190263/404/1.f:BGJBIG_04185 -           1024 PL8.hmm              -            259   5.4e-52  181.3   0.9   1   1   1.9e-55   9.3e-52  180.5   0.9    11   258   617   866   612   867 0.88 [190263/404/1]
190263/405/1.f:EHKDKA_04285 -           1028 PL8.hmm              -            259   1.6e-51  179.7   1.6   1   1   5.1e-55   2.5e-51  179.1   0.9    11   257   618   870   614   872 0.88 [190263/405/1]
190263/502/1.f:NONHGB_03905 -           1028 PL8.hmm              -            259   2.3e-51  179.2   1.0   1   1   1.2e-54   6.1e-51  177.8   1.0    11   257   618   870   614   871 0.88 [190263/502/1]
190263/466/1.f:PGJOII_03865 -           1027 PL8.hmm              -            259   3.1e-51  178.8   1.2   1   1   1.2e-54     6e-51  177.8   0.6    11   257   616   868   612   869 0.90 [190263/466/1]
190263/461/1.f:DHPHOK_05560 -           1027 PL8.hmm              -            259   1.2e-50  176.8   0.2   1   1   4.2e-54   2.1e-50  176.1   0.2    11   257   617   869   613   871 0.89 [190263/461/1]
190263/456/1.f:LKAJBD_03295 -           1026 PL8.hmm              -            259   2.1e-50  176.1   0.1   1   1   8.9e-54   4.4e-50  175.0   0.1    11   257   616   868   612   870 0.88 [190263/456/1]
190263/421/1.f:PBKEAC_05180 -            681 PL8.hmm              -            259   2.4e-50  175.9   0.0   1   1   6.5e-54   3.2e-50  175.4   0.0     2   257   365   605   364   607 0.94 [190263/421/1]
190263/369/1.f:JCDIFE_05190 -           1027 PL8.hmm              -            259   2.5e-50  175.8   0.2   1   1   9.1e-54   4.5e-50  175.0   0.2    11   257   617   869   612   871 0.89 [190263/369/1]
190263/585/1.f:DLBDDB_02695 -           1025 PL8.hmm              -            259   3.5e-50  175.3   0.7   1   1   1.4e-53   7.2e-50  174.3   0.7    11   258   617   866   612   867 0.89 [190263/585/1]
190263/369/1.f:JCDIFE_05200 -            678 PL8.hmm              -            259   7.3e-49  171.0   8.0   1   1   1.3e-51   6.3e-48  167.9   3.0     2   257   333   564   332   566 0.90 [190263/369/1]
190263/399/1.f:CDLIDF_02865 -           1024 PL8.hmm              -            259   1.6e-47  166.6   2.8   1   1     1e-50   5.1e-47  165.0   1.4    11   258   617   866   612   867 0.88 [190263/399/1]
190263/488/1.f:DNPFAC_20270 -            371 PL8.hmm              -            259   1.9e-45  159.8   0.0   1   1   5.1e-49   2.5e-45  159.4   0.0     2   257    26   269    25   270 0.91 [190263/488/1]
190263/369/1.f:JCDIFE_05225 -            827 PL8.hmm              -            259   2.8e-30  110.1   0.1   1   1   8.7e-34   4.3e-30  109.5   0.1     2   255   429   712   428   714 0.83 [190263/369/1]
190263/461/1.f:DHPHOK_05575 -            826 PL8.hmm              -            259   5.4e-30  109.2   0.2   1   1   1.6e-33   8.1e-30  108.6   0.2     2   255   429   712   428   714 0.83 [190263/461/1]
190263/585/1.f:DLBDDB_02640 -            807 PL8.hmm              -            259   5.2e-29  105.9   2.4   1   1   1.6e-32   7.7e-29  105.4   2.4     4   257   385   661   382   663 0.84 [190263/585/1]
190263/562/1.f:KJGNCK_13310 -            976 PL8.hmm              -            259   5.6e-29  105.8   1.3   1   1   2.6e-31   1.3e-27  101.4   0.1    13   162   607   768   599   780 0.91 [190263/562/1]
190263/466/1.f:PGJOII_07570 -            827 PL8.hmm              -            259   1.5e-27  101.1   0.3   1   1   4.9e-31   2.4e-27  100.5   0.3     2   257   435   720   434   722 0.85 [190263/466/1]
190263/580/1.f:JCPJNN_15460 -            807 PL8.hmm              -            259   2.6e-24   90.6   0.0   1   1   7.5e-28   3.7e-24   90.0   0.0     2   251   409   685   408   691 0.84 [190263/580/1]
190263/390/1.f:OLPOLE_13370 -            949 PL8.hmm              -            259   1.9e-21   81.2   0.0   1   1     8e-24   3.9e-20   76.8   0.0     6   252   542   783   537   788 0.82 [190263/390/1]
#
# Program:         hmmsearch
# Version:         3.3.2 (Nov 2020)
# Pipeline mode:   SEARCH
# Query file:      /kb/module/work/tmp/output.1725388484971/PL8/PL8.hmm
# Target file:     /kb/module/work/tmp/output.1725388484971/hCom2_RAST.fasta
# Option settings: /kb/module/hmmer/bin/hmmsearch --domtblout /kb/module/work/tmp/output.1725388484971/PL8/PL8-hCom2_RAST.hitout.txt --noali --notextw --domE 1e-15 /kb/module/work/tmp/output.1725388484971/PL8/PL8.hmm /kb/module/work/tmp/output.1725388484971/hCom2_RAST.fasta 
# Current dir:     /kb/module/work/tmp/output.1725388484971
# Date:            Tue Sep  3 19:02:36 2024
# [ok]
