I#OTU_ID	Salt_Pond_MetaGSF2_A_D1_MG	Salt_Pond_MetaGSF2_A_D2_MG	Salt_Pond_MetaGSF2_A_H2O_MG	Salt_Pond_MetaGSF2_B_D1_MG	Salt_Pond_MetaGSF2_B_D2_MG	Salt_Pond_MetaGSF2_B_H2O_MG	Salt_Pond_MetaGSF2_C_D1_MG	Salt_Pond_MetaGSF2_C_D2_MG	Salt_Pond_MetaGSF2_C_H2O_MG	Salt_Pond_MetaG_R1_A_D1_MG	Salt_Pond_MetaG_R1_A_D2_MG	Salt_Pond_MetaG_R1_A_H2O_MG	Salt_Pond_MetaG_R1_B_D1_MG	Salt_Pond_MetaG_R1_B_D2_MG	Salt_Pond_MetaG_R1_B_H2O_MG	Salt_Pond_MetaG_R1_C_D1_MG	Salt_Pond_MetaG_R1_C_D2_MG	Salt_Pond_MetaG_R1_C_H2O_MG	Salt_Pond_MetaG_R2A_A_D1_MG	Salt_Pond_MetaG_R2A_A_D2_MG	Salt_Pond_MetaG_R2A_A_H2O_MG	Salt_Pond_MetaG_R2A_B_D1_MG	Salt_Pond_MetaG_R2A_B_D2_MG	Salt_Pond_MetaG_R2A_B_H2O_MG	Salt_Pond_MetaG_R2A_C_D1_MG	Salt_Pond_MetaG_R2A_C_D2_MG	Salt_Pond_MetaG_R2A_C_H2O_MG	Salt_Pond_MetaG_R2_A_D1_MG	Salt_Pond_MetaG_R2_A_D2_MG	Salt_Pond_MetaG_R2_A_H2O_MG	Salt_Pond_MetaG_R2_B_D1_MG	Salt_Pond_MetaG_R2_B_D2_MG	Salt_Pond_MetaG_R2_B_H2O_MG	Salt_Pond_MetaG_R2_C_D1_MG	Salt_Pond_MetaG_R2_C_D2_MG	Salt_Pond_MetaG_R2_C_H2O_MG	Salt_Pond_MetaG_R2_restored_C_black_MG	Salt_Pond_MetaG_R2_restored_DShore_MG	Salt_Pond_MetaG_R2_restored_H2O_MG
Salt_Pond_MetaGSF2_A_D1_MG_DASTool_bins_concoct_out.23	387396.0	414554.0	169213.0	255540.0	215476.0	30173.0	227722.0	98878.0	24883.0	46.0	80.0	24.0	165.0	77.0	71.0	93.0	127.0	49.0	75260.0	4273.0	12676.0	7752.0	9689.0	9975.0	2267.0	2989.0	47161.0	88.0	85.0	4.0	163.0	140.0	0	265.0	81.0	0	249.0	245.0	61.0
Salt_Pond_MetaGSF2_A_D2_MG_DASTool_bins_concoct_out.11	20618.0	61521.0	9734.0	49222.0	41554.0	5110.0	77441.0	42082.0	4517.0	54.0	43.0	16.0	35.0	92.0	25.0	19.0	185.0	32.0	8319.0	166.0	14110.0	255.0	468.0	5662.0	252.0	119.0	12993.0	220.0	108.0	5.0	39.0	122.0	0	15.0	58.0	2.0	158.0	38.0	47.0
Salt_Pond_MetaGSF2_A_D2_MG_DASTool_bins_concoct_out.13	26131.0	376069.0	7261.0	99884.0	113552.0	2751.0	360300.0	263084.0	1882.0	63.0	55.0	8.0	134.0	44.0	21.0	47.0	68.0	40.0	1051.0	139.0	743.0	435.0	5204.0	418.0	1954.0	28226.0	2098.0	267.0	148.0	4.0	199.0	152.0	0	181.0	62.0	0	237.0	1466.0	85.0
Salt_Pond_MetaGSF2_A_D2_MG_DASTool_bins_concoct_out.28	256994.0	550028.0	71943.0	953945.0	843267.0	14630.0	639595.0	458541.0	9964.0	59.0	88.0	16.0	127.0	77.0	49.0	87.0	124.0	28.0	11698.0	675.0	9425.0	3877.0	26562.0	5002.0	2325.0	10671.0	28087.0	303.0	212.0	4.0	185.0	219.0	4.0	224.0	83.0	6.0	244.0	1627.0	121.0
Salt_Pond_MetaGSF2_A_D2_MG_DASTool_bins_concoct_out.33	4056.0	205159.0	2307.0	3290.0	3772.0	468.0	4461.0	72380.0	488.0	1230.0	928.0	217.0	1489.0	1480.0	345.0	1520.0	1008.0	407.0	2522.0	2288.0	612.0	4984.0	18639.0	532.0	4776.0	26700.0	1378.0	952.0	313.0	19.0	1446.0	3526.0	25.0	2013.0	602.0	55.0	2233.0	59994.0	39.0
Salt_Pond_MetaGSF2_A_D2_MG_DASTool_bins_concoct_out.40	6917.0	449815.0	873.0	31161.0	75655.0	351.0	26115.0	258731.0	255.0	229.0	208.0	36.0	293.0	269.0	36.0	166.0	296.0	130.0	33.0	218.0	16.0	30.0	354.0	28.0	5964.0	11093.0	25.0	491.0	142.0	10.0	1584.0	2507.0	6.0	172.0	545.0	139.0	484.0	471594.0	4.0
Salt_Pond_MetaGSF2_A_D2_MG_DASTool_bins_concoct_out.55	126894.0	189136.0	91627.0	136116.0	107444.0	20563.0	95030.0	43436.0	17592.0	842.0	870.0	102.0	1076.0	1021.0	204.0	1045.0	760.0	288.0	16195.0	4579.0	10838.0	6403.0	4580.0	10620.0	2563.0	2565.0	50035.0	774.0	347.0	0	987.0	1223.0	4.0	1806.0	591.0	2.0	2200.0	376.0	34.0
Salt_Pond_MetaGSF2_A_D2_MG_DASTool_bins_concoct_out.8	420109.0	520557.0	154357.0	344761.0	290719.0	25405.0	322397.0	139554.0	20087.0	129.0	154.0	20.0	349.0	149.0	87.0	154.0	258.0	85.0	63225.0	5768.0	15418.0	10459.0	7335.0	9776.0	3241.0	1085.0	29123.0	433.0	240.0	4.0	396.0	279.0	0	610.0	184.0	2.0	271.0	2203.0	80.0
Salt_Pond_MetaGSF2_A_H2O_MG_DASTool_bins_concoct_out.23	344049.0	290825.0	124330.0	408800.0	316271.0	26144.0	240732.0	115458.0	20107.0	175.0	227.0	13.0	424.0	263.0	74.0	371.0	258.0	105.0	169200.0	17221.0	14223.0	35523.0	17262.0	28926.0	6175.0	3213.0	172438.0	546.0	261.0	7.0	318.0	603.0	5.0	379.0	200.0	0	402.0	178.0	116.0
Salt_Pond_MetaGSF2_A_H2O_MG_DASTool_bins_concoct_out.33	101.0	156.0	149095.0	106.0	131.0	254203.0	160.0	89.0	267889.0	5.0	4.0	57.0	14.0	8.0	74.0	2.0	0	54.0	26.0	20.0	40135.0	16.0	18.0	36894.0	22.0	24.0	17457.0	10.0	6.0	6.0	8.0	7.0	4.0	8.0	3.0	0	8.0	4.0	0
Salt_Pond_MetaGSF2_A_H2O_MG_DASTool_bins_metabat.14	481006.0	396950.0	183521.0	720101.0	574156.0	58821.0	344279.0	197749.0	47516.0	904.0	588.0	89.0	1242.0	981.0	195.0	967.0	803.0	218.0	76683.0	9381.0	26967.0	19992.0	20080.0	31731.0	5472.0	4635.0	200726.0	1681.0	885.0	14.0	988.0	2251.0	4.0	791.0	566.0	8.0	1297.0	787.0	104.0
Salt_Pond_MetaGSF2_A_H2O_MG_DASTool_bins_metabat.23	375.0	326.0	277658.0	340.0	327.0	532851.0	379.0	144.0	535408.0	2.0	19.0	158.0	83.0	12.0	993.0	6.0	7.0	333.0	126.0	109.0	278414.0	100.0	91.0	288049.0	137.0	44.0	143786.0	29.0	23.0	40.0	16.0	25.0	8.0	10.0	18.0	4.0	2.0	11.0	170.0
Salt_Pond_MetaGSF2_A_H2O_MG_DASTool_bins_metabat.28	483.0	613.0	81568.0	689.0	599.0	129279.0	658.0	370.0	129270.0	50.0	79.0	53.0	69.0	45.0	121.0	16.0	41.0	93.0	475.0	153.0	79225.0	131.0	133.0	83372.0	118.0	61.0	45470.0	66.0	15.0	2.0	47.0	146.0	6.0	46.0	95.0	1.0	46.0	9.0	12.0
Salt_Pond_MetaGSF2_A_H2O_MG_DASTool_bins_metabat.34	827.0	804.0	102455.0	803.0	707.0	222159.0	883.0	374.0	243954.0	488.0	272.0	239.0	187.0	166.0	394.0	166.0	186.0	185.0	658.0	379.0	32553.0	280.0	223.0	36741.0	270.0	288.0	21344.0	140.0	54.0	4.0	189.0	193.0	7.0	198.0	100.0	6.0	258.0	236.0	50.0
Salt_Pond_MetaGSF2_B_D1_MG_DASTool_bins_concoct_out.44	39915.0	26693.0	24284.0	236642.0	176519.0	10549.0	48944.0	24539.0	9322.0	158.0	248.0	38.0	214.0	188.0	44.0	56.0	206.0	89.0	11709.0	4085.0	8791.0	4268.0	3094.0	10176.0	2883.0	3278.0	65807.0	821.0	480.0	2.0	278.0	1176.0	0	261.0	1637.0	2.0	642.0	73.0	16.0
Salt_Pond_MetaGSF2_B_D1_MG_DASTool_bins_metabat.9	24573.0	153101.0	8010.0	184530.0	168273.0	3016.0	285401.0	207249.0	1820.0	23.0	46.0	14.0	75.0	31.0	25.0	35.0	49.0	18.0	767.0	94.0	1140.0	324.0	3159.0	485.0	648.0	8026.0	2969.0	168.0	104.0	0	120.0	88.0	0	140.0	16.0	0	186.0	1478.0	37.0
Salt_Pond_MetaGSF2_B_D2_MG_DASTool_bins_concoct_out.42	6268.0	115299.0	2218.0	170313.0	273165.0	685.0	81746.0	85421.0	511.0	759.0	708.0	136.0	1220.0	1518.0	186.0	1168.0	1008.0	520.0	1254.0	1588.0	470.0	1915.0	8093.0	333.0	2151.0	4844.0	1025.0	3676.0	1564.0	12.0	2014.0	3678.0	8.0	2195.0	2663.0	11.0	2364.0	4851.0	27.0
Salt_Pond_MetaGSF2_B_D2_MG_DASTool_bins_concoct_out.55	226676.0	335933.0	153858.0	232604.0	180253.0	29242.0	172663.0	73592.0	24576.0	225.0	246.0	36.0	457.0	364.0	79.0	245.0	302.0	100.0	46722.0	4453.0	15234.0	13763.0	4844.0	14869.0	3756.0	1422.0	63113.0	273.0	136.0	28.0	235.0	406.0	8.0	480.0	203.0	11.0	292.0	326.0	50.0
Salt_Pond_MetaGSF2_B_D2_MG_DASTool_bins_metabat.4	1294.0	6272.0	425.0	79103.0	291451.0	229.0	13470.0	60051.0	122.0	3938.0	4442.0	652.0	3019.0	3806.0	926.0	2867.0	4742.0	1464.0	150.0	123.0	486.0	248.0	166.0	236.0	189.0	250.0	303.0	1342.0	483.0	178.0	13281.0	3434.0	207.0	2092.0	1770.0	340.0	7411.0	815476.0	6.0
Salt_Pond_MetaGSF2_B_H2O_MG_DASTool_bins_concoct_out.14	80.0	24.0	27379.0	19.0	22.0	49287.0	21.0	15.0	34828.0	0	0	20.0	9.0	6.0	69.0	1.0	0	40.0	26.0	26.0	47304.0	8.0	26.0	42649.0	29.0	19.0	26399.0	8.0	3.0	13.0	2.0	5.0	0	5.0	2.0	0	0	2.0	63.0
Salt_Pond_MetaGSF2_B_H2O_MG_DASTool_bins_concoct_out.91	216.0	143.0	50867.0	100.0	114.0	105142.0	141.0	51.0	101448.0	14.0	25.0	26.0	11.0	17.0	182.0	14.0	14.0	49.0	405.0	880.0	16940.0	492.0	494.0	27869.0	279.0	182.0	12918.0	10.0	14.0	12.0	10.0	20.0	2.0	12.0	6.0	0	18.0	50.0	10.0
Salt_Pond_MetaGSF2_B_H2O_MG_DASTool_bins_metabat.11	221.0	231.0	68347.0	269.0	230.0	135226.0	176.0	103.0	138947.0	24.0	8.0	41.0	12.0	12.0	334.0	6.0	4.0	72.0	101.0	56.0	56797.0	89.0	53.0	62015.0	63.0	32.0	31857.0	18.0	12.0	1.0	14.0	35.0	4.0	26.0	18.0	0	22.0	14.0	27.0
Salt_Pond_MetaGSF2_B_H2O_MG_DASTool_bins_metabat.19	251.0	232.0	67397.0	330.0	314.0	103474.0	255.0	142.0	86182.0	48.0	58.0	199.0	94.0	82.0	711.0	35.0	69.0	296.0	345.0	148.0	91685.0	178.0	79.0	73650.0	94.0	32.0	31172.0	123.0	96.0	14.0	56.0	220.0	4.0	64.0	85.0	0	62.0	21.0	16.0
Salt_Pond_MetaGSF2_B_H2O_MG_DASTool_bins_metabat.25	50.0	36.0	216764.0	40.0	111.0	431812.0	177.0	75.0	493788.0	10.0	24.0	114.0	61.0	4.0	472.0	18.0	6.0	162.0	37.0	63.0	276552.0	72.0	95.0	255422.0	102.0	42.0	130867.0	62.0	107.0	170.0	46.0	34.0	88.0	30.0	7.0	81.0	38.0	14.0	8.0
Salt_Pond_MetaGSF2_B_H2O_MG_DASTool_bins_metabat.28	199.0	229.0	39420.0	227.0	238.0	85145.0	245.0	106.0	80320.0	43.0	67.0	164.0	80.0	41.0	420.0	51.0	54.0	258.0	266.0	161.0	79736.0	94.0	46.0	74187.0	98.0	47.0	45105.0	151.0	173.0	221.0	60.0	94.0	184.0	70.0	48.0	142.0	99.0	17.0	6.0
Salt_Pond_MetaGSF2_B_H2O_MG_DASTool_bins_metabat.39	18.0	30.0	230419.0	20.0	94.0	416255.0	88.0	53.0	466490.0	4.0	4.0	270.0	30.0	2.0	2077.0	0	2.0	542.0	19.0	17.0	131104.0	23.0	36.0	204560.0	75.0	26.0	98729.0	0	18.0	45.0	14.0	2.0	18.0	0	2.0	12.0	6.0	6.0	2.0
Salt_Pond_MetaGSF2_B_H2O_MG_DASTool_bins_metabat.8	110.0	117.0	131055.0	253.0	209.0	217740.0	219.0	98.0	191906.0	149.0	199.0	208.0	220.0	203.0	675.0	124.0	198.0	278.0	257.0	117.0	113329.0	145.0	102.0	100174.0	79.0	31.0	47767.0	182.0	43.0	10.0	121.0	298.0	4.0	100.0	82.0	4.0	132.0	14.0	4.0
Salt_Pond_MetaGSF2_C_D1_MG_DASTool_bins_concoct_out.13	38842.0	70530.0	12775.0	71326.0	62459.0	7227.0	166957.0	62307.0	5463.0	224.0	261.0	18.0	269.0	271.0	31.0	156.0	414.0	53.0	15947.0	213.0	21420.0	442.0	848.0	8753.0	410.0	161.0	22238.0	436.0	283.0	76.0	162.0	532.0	67.0	155.0	201.0	88.0	319.0	64.0	35.0
Salt_Pond_MetaGSF2_C_D2_MG_DASTool_bins_concoct_out.13	4104.0	28623.0	4736.0	16486.0	26764.0	910.0	9871.0	237885.0	915.0	253.0	112.0	12.0	556.0	177.0	29.0	365.0	642.0	76.0	3230.0	1885.0	470.0	2758.0	12993.0	432.0	20684.0	23582.0	1956.0	979.0	803.0	120.0	840.0	855.0	88.0	432.0	460.0	121.0	317.0	1710.0	20.0
Salt_Pond_MetaGSF2_C_D2_MG_DASTool_bins_concoct_out.15	217.0	1358.0	72.0	2833.0	8763.0	77.0	838.0	321130.0	26.0	1492.0	1215.0	278.0	643.0	979.0	421.0	613.0	954.0	631.0	56.0	44.0	18.0	151.0	73.0	25.0	114.0	157.0	67.0	324.0	107.0	33.0	619.0	654.0	34.0	360.0	208.0	50.0	528.0	74079.0	0
Salt_Pond_MetaGSF2_C_D2_MG_DASTool_bins_concoct_out.17	2186.0	152262.0	998.0	48226.0	100768.0	421.0	85164.0	314616.0	355.0	869.0	1030.0	330.0	1014.0	934.0	468.0	547.0	498.0	736.0	264.0	81.0	110.0	597.0	74865.0	276.0	374.0	2657.0	516.0	1111.0	245.0	8.0	13542.0	1362.0	8.0	1543.0	1093.0	53.0	3738.0	184637.0	16.0
Salt_Pond_MetaGSF2_C_D2_MG_DASTool_bins_concoct_out.24	6569.0	287223.0	1222.0	33079.0	78466.0	455.0	40977.0	511720.0	309.0	114.0	122.0	32.0	342.0	221.0	26.0	139.0	226.0	178.0	89.0	2297.0	20.0	35.0	601.0	16.0	284.0	1223.0	34.0	898.0	235.0	0	2628.0	7292.0	0	233.0	919.0	44.0	639.0	222348.0	6.0
Salt_Pond_MetaGSF2_C_D2_MG_DASTool_bins_concoct_out.25	668.0	18129.0	135.0	26016.0	65496.0	58.0	4444.0	222311.0	24.0	14218.0	4943.0	402.0	33757.0	5943.0	805.0	19241.0	43414.0	1993.0	357.0	642.0	66.0	1744.0	244.0	54.0	1734.0	202.0	95.0	12808.0	13910.0	10509.0	29376.0	38429.0	8056.0	8622.0	6166.0	10313.0	6311.0	18351.0	10.0
Salt_Pond_MetaGSF2_C_D2_MG_DASTool_bins_concoct_out.26	2171.0	80332.0	282.0	11752.0	20259.0	358.0	10864.0	1385771.0	120.0	861.0	820.0	135.0	531.0	694.0	224.0	686.0	613.0	431.0	10.0	33.0	4.0	50.0	50.0	12.0	68.0	96.0	12.0	374.0	101.0	8.0	1317.0	2806.0	10.0	359.0	402.0	18.0	639.0	8766.0	4.0
Salt_Pond_MetaGSF2_C_D2_MG_DASTool_bins_concoct_out.3	1423.0	103520.0	760.0	20200.0	54247.0	272.0	9097.0	408343.0	179.0	829.0	620.0	174.0	988.0	729.0	252.0	894.0	730.0	319.0	1057.0	1676.0	192.0	1647.0	6404.0	193.0	3599.0	5926.0	409.0	697.0	230.0	29.0	1538.0	5877.0	20.0	1133.0	501.0	77.0	2122.0	103952.0	8.0
Salt_Pond_MetaGSF2_C_D2_MG_DASTool_bins_concoct_out.32	709.0	14805.0	333.0	15470.0	47251.0	149.0	8732.0	230589.0	62.0	394.0	344.0	42.0	442.0	331.0	50.0	296.0	235.0	143.0	203.0	66.0	63.0	1025.0	37846.0	59.0	431.0	3311.0	318.0	807.0	271.0	8.0	800.0	935.0	4.0	507.0	655.0	10.0	1326.0	4693.0	9.0
Salt_Pond_MetaGSF2_C_D2_MG_DASTool_bins_concoct_out.39	1603.0	66456.0	659.0	25240.0	22948.0	286.0	9851.0	233796.0	287.0	166.0	149.0	104.0	259.0	207.0	404.0	186.0	143.0	276.0	526.0	8448.0	102.0	1454.0	29456.0	135.0	3792.0	20502.0	324.0	902.0	596.0	10.0	3432.0	23243.0	14.0	289.0	528.0	42.0	1147.0	48110.0	10.0
Salt_Pond_MetaGSF2_C_D2_MG_DASTool_bins_concoct_out.42	2552.0	7018.0	1220.0	28368.0	76448.0	329.0	14757.0	200934.0	252.0	1584.0	1518.0	164.0	3332.0	2417.0	320.0	2856.0	2911.0	472.0	3176.0	11194.0	240.0	5078.0	12340.0	710.0	9337.0	18174.0	1706.0	1541.0	619.0	111.0	4005.0	3458.0	91.0	2009.0	1168.0	139.0	9028.0	75917.0	12.0
Salt_Pond_MetaGSF2_C_D2_MG_DASTool_bins_concoct_out.8	2368.0	124651.0	1136.0	16654.0	38749.0	312.0	11199.0	661165.0	263.0	1034.0	864.0	199.0	1306.0	1236.0	328.0	1379.0	922.0	466.0	1476.0	6223.0	245.0	2386.0	13979.0	332.0	3603.0	6568.0	673.0	803.0	324.0	16.0	1878.0	8826.0	18.0	1591.0	526.0	74.0	2105.0	115277.0	11.0
Salt_Pond_MetaGSF2_C_D2_MG_DASTool_bins_metabat.11	2439.0	144358.0	1211.0	11960.0	32227.0	383.0	9604.0	491450.0	318.0	785.0	733.0	129.0	988.0	942.0	264.0	1205.0	715.0	358.0	1095.0	22824.0	224.0	2219.0	55042.0	250.0	16471.0	173783.0	503.0	748.0	314.0	14.0	1571.0	8654.0	9.0	1430.0	663.0	290.0	2204.0	376614.0	10.0
Salt_Pond_MetaGSF2_C_D2_MG_DASTool_bins_metabat.16	3343.0	244502.0	555.0	27980.0	72987.0	191.0	7492.0	250188.0	180.0	1179.0	1168.0	128.0	1659.0	1923.0	213.0	919.0	2024.0	361.0	764.0	2180.0	222.0	2253.0	30472.0	329.0	148553.0	168221.0	286.0	1464.0	589.0	59.0	4434.0	8651.0	17.0	781.0	1404.0	162.0	2996.0	250468.0	4.0
Salt_Pond_MetaGSF2_C_D2_MG_DASTool_bins_metabat.19	5696.0	397106.0	988.0	23521.0	58797.0	409.0	15919.0	1024773.0	382.0	330.0	300.0	51.0	446.0	328.0	120.0	471.0	322.0	175.0	729.0	1150.0	84.0	972.0	2317.0	137.0	1876.0	4148.0	432.0	721.0	364.0	22.0	1150.0	16970.0	31.0	586.0	706.0	99.0	3613.0	107168.0	4.0
Salt_Pond_MetaGSF2_C_H2O_MG_DASTool_bins_metabat.13	349.0	379.0	260033.0	755.0	674.0	413399.0	555.0	292.0	357138.0	2000.0	2189.0	290.0	2497.0	2651.0	630.0	1580.0	2538.0	650.0	961.0	479.0	845555.0	471.0	353.0	594810.0	346.0	221.0	433145.0	2044.0	487.0	101.0	1468.0	3809.0	35.0	1598.0	1462.0	28.0	1416.0	77.0	80.0
Salt_Pond_MetaGSF2_C_H2O_MG_DASTool_bins_metabat.16	354.0	327.0	54285.0	197.0	170.0	117583.0	342.0	67.0	143267.0	24.0	49.0	73.0	26.0	12.0	376.0	25.0	12.0	149.0	88.0	80.0	11108.0	69.0	42.0	14153.0	38.0	35.0	9361.0	24.0	17.0	4.0	24.0	47.0	0	41.0	8.0	0	41.0	38.0	253.0
Salt_Pond_MetaGSF2_C_H2O_MG_DASTool_bins_metabat.29	319.0	405.0	82603.0	564.0	461.0	141610.0	404.0	230.0	140921.0	144.0	189.0	344.0	163.0	179.0	734.0	68.0	143.0	620.0	746.0	416.0	60055.0	301.0	252.0	77967.0	324.0	579.0	34001.0	148.0	61.0	6.0	125.0	324.0	6.0	148.0	287.0	4.0	152.0	32.0	477.0
Salt_Pond_MetaGSF2_C_H2O_MG_DASTool_bins_metabat.49	170.0	168.0	28272.0	153.0	123.0	39608.0	124.0	77.0	47670.0	4.0	3.0	27.0	15.0	3.0	54.0	2.0	1.0	42.0	108.0	38.0	55362.0	28.0	25.0	47753.0	31.0	20.0	30648.0	20.0	12.0	11.0	7.0	35.0	0	6.0	21.0	0	10.0	4.0	578.0
Salt_Pond_MetaG_R1_A_D1_MG_DASTool_bins.concoct_out.44	806.0	1531.0	344.0	14666.0	36415.0	134.0	1518.0	3849.0	97.0	93159.0	20207.0	1082.0	39597.0	38047.0	1634.0	31526.0	18713.0	2798.0	718.0	536.0	115.0	834.0	836.0	195.0	1091.0	1289.0	540.0	11017.0	5511.0	27.0	22445.0	12502.0	92.0	10865.0	4835.0	43.0	16531.0	10706.0	0
Salt_Pond_MetaG_R1_A_D1_MG_DASTool_bins.concoct_out.5	109.0	1870.0	25.0	9408.0	25778.0	27.0	1403.0	17679.0	12.0	269065.0	81938.0	2668.0	94505.0	82298.0	4359.0	150576.0	79302.0	7162.0	151.0	237.0	143.0	500.0	108.0	139.0	320.0	78.0	62.0	70931.0	79635.0	34137.0	45922.0	42007.0	27201.0	23607.0	21201.0	37953.0	26110.0	7876.0	6.0
Salt_Pond_MetaG_R1_A_D1_MG_DASTool_bins.concoct_out.54	328.0	1156.0	292.0	8192.0	25361.0	99.0	610.0	3152.0	63.0	131354.0	9032.0	444.0	8655.0	47993.0	874.0	30737.0	14944.0	1021.0	569.0	657.0	163.0	839.0	643.0	131.0	1131.0	1160.0	247.0	27427.0	24449.0	556.0	7345.0	5803.0	582.0	2877.0	1797.0	527.0	2457.0	19378.0	23.0
Salt_Pond_MetaG_R1_A_D1_MG_DASTool_bins.concoct_out.9	6.0	16.0	30.0	50.0	117.0	48.0	30.0	95.0	88.0	126675.0	154693.0	1026.0	80153.0	89357.0	1622.0	23619.0	61618.0	15367.0	795.0	26.0	156.0	109.0	34.0	127.0	37.0	12.0	98.0	67740.0	5498.0	4.0	34399.0	102779.0	22.0	25599.0	43909.0	47.0	29628.0	573.0	6.0
Salt_Pond_MetaG_R1_A_D1_MG_DASTool_bins.metabat.15	106.0	528.0	78.0	3115.0	7728.0	40.0	1860.0	7887.0	40.0	192916.0	97501.0	10278.0	67968.0	75529.0	13577.0	55603.0	65883.0	23527.0	122.0	89.0	96.0	357.0	95.0	98.0	120.0	120.0	58.0	16857.0	5439.0	1283.0	33648.0	24173.0	1344.0	32600.0	9570.0	916.0	30369.0	5804.0	28.0
Salt_Pond_MetaG_R1_A_D1_MG_DASTool_bins.metabat.18	189.0	684.0	214.0	6753.0	17248.0	180.0	3694.0	13377.0	126.0	423427.0	425663.0	8006.0	213178.0	350679.0	13184.0	320831.0	260922.0	26236.0	326.0	1028.0	360.0	1892.0	1357.0	336.0	579.0	465.0	318.0	74248.0	15001.0	64.0	127490.0	113379.0	331.0	156497.0	41611.0	168.0	145797.0	10605.0	20.0
Salt_Pond_MetaG_R1_A_D1_MG_DASTool_bins.metabat.26	12731.0	8269.0	4318.0	4560.0	5289.0	600.0	24666.0	5069.0	444.0	269922.0	146791.0	8051.0	71588.0	61982.0	19373.0	80639.0	92701.0	15110.0	9894.0	5131.0	4136.0	3646.0	1694.0	5852.0	2768.0	2336.0	3627.0	31832.0	13746.0	144.0	56574.0	46209.0	263.0	66188.0	15008.0	272.0	116122.0	7012.0	52.0
Salt_Pond_MetaG_R1_A_D1_MG_DASTool_bins.metabat.45	1481.0	2104.0	1466.0	2131.0	4344.0	611.0	1369.0	1950.0	634.0	308455.0	18097.0	2741.0	8707.0	15059.0	6834.0	5742.0	7399.0	4642.0	1810.0	1808.0	1660.0	1840.0	1677.0	1201.0	2398.0	3136.0	1568.0	5797.0	8025.0	4805.0	8159.0	5483.0	4958.0	5717.0	1446.0	4301.0	4101.0	23744.0	137.0
Salt_Pond_MetaG_R1_A_D1_MG_DASTool_bins.metabat.47	28.0	94.0	250.0	105.0	262.0	345.0	89.0	267.0	443.0	593019.0	156280.0	1943.0	578507.0	281003.0	2310.0	185145.0	91157.0	56511.0	44.0	52.0	269.0	250.0	88.0	489.0	114.0	50.0	268.0	233916.0	21010.0	2722.0	96699.0	144699.0	2810.0	30729.0	276686.0	3142.0	1035.0	523.0	0
Salt_Pond_MetaG_R1_A_D1_MG_DASTool_bins.metabat.51	12.0	25.0	4.0	18.0	54.0	28.0	43.0	101.0	22.0	245758.0	465799.0	4608.0	122235.0	286509.0	3803.0	73119.0	83730.0	6583.0	49.0	18.0	12.0	31.0	7.0	27.0	8.0	17.0	8.0	2410.0	329.0	2.0	2962.0	199997.0	62.0	878.0	14529.0	17.0	15483.0	43.0	0
Salt_Pond_MetaG_R1_A_D1_MG_DASTool_bins.metabat.6	182.0	591.0	196.0	3715.0	10179.0	216.0	1344.0	4486.0	178.0	263059.0	247986.0	10760.0	136323.0	172631.0	14796.0	133990.0	140977.0	30351.0	585.0	230.0	388.0	668.0	288.0	469.0	226.0	146.0	212.0	63812.0	17311.0	1027.0	96794.0	72487.0	1013.0	83385.0	28925.0	714.0	131352.0	10304.0	67.0
Salt_Pond_MetaG_R1_A_D2_MG_DASTool_bins_concoct_out.1	6.0	80.0	58.0	56.0	95.0	76.0	50.0	144.0	58.0	53436.0	88337.0	6074.0	41873.0	73970.0	7545.0	57985.0	49799.0	11241.0	49.0	12.0	51.0	35.0	16.0	66.0	4.0	4.0	30.0	8082.0	1017.0	38.0	1824.0	31884.0	61.0	1528.0	2101.0	24.0	483.0	121.0	6.0
Salt_Pond_MetaG_R1_A_D2_MG_DASTool_bins_concoct_out.109	1007.0	2229.0	975.0	2250.0	4548.0	392.0	2662.0	4332.0	310.0	208927.0	284303.0	8475.0	107034.0	249873.0	7628.0	85473.0	76226.0	18377.0	4692.0	158.0	866.0	1283.0	2732.0	1342.0	1123.0	7797.0	4023.0	45276.0	5323.0	20.0	27999.0	40678.0	93.0	27435.0	24120.0	74.0	28755.0	2563.0	4.0
Salt_Pond_MetaG_R1_A_D2_MG_DASTool_bins_concoct_out.21	143.0	943.0	834.0	253.0	367.0	368.0	527.0	326.0	402.0	171252.0	172803.0	4990.0	48418.0	45779.0	7426.0	69677.0	59127.0	16888.0	35.0	20.0	27.0	84.0	26.0	64.0	8.0	34.0	88.0	25480.0	3642.0	40.0	60690.0	32412.0	128.0	52028.0	7837.0	72.0	65357.0	741.0	2.0
Salt_Pond_MetaG_R1_A_D2_MG_DASTool_bins_concoct_out.25	8.0	14.0	101.0	24.0	28.0	108.0	16.0	54.0	134.0	32715.0	127273.0	3157.0	57283.0	88100.0	4270.0	2504.0	1775.0	5749.0	42.0	15.0	68.0	31.0	14.0	67.0	12.0	12.0	42.0	1227.0	168.0	10.0	3120.0	7086.0	6.0	1357.0	4742.0	6.0	845.0	23.0	7.0
Salt_Pond_MetaG_R1_A_D2_MG_DASTool_bins_concoct_out.51	256.0	315.0	138.0	725.0	1550.0	54.0	403.0	550.0	58.0	114304.0	116225.0	5932.0	32293.0	48312.0	4989.0	50237.0	37608.0	10098.0	110.0	13.0	71.0	112.0	125.0	67.0	50.0	124.0	206.0	8104.0	2093.0	18.0	25313.0	7984.0	72.0	51706.0	6953.0	26.0	27383.0	744.0	2.0
Salt_Pond_MetaG_R1_A_D2_MG_DASTool_bins_metabat.15	132.0	284.0	154.0	583.0	1569.0	124.0	466.0	591.0	112.0	93946.0	142509.0	5743.0	71948.0	107458.0	6400.0	83292.0	87107.0	53482.0	129.0	107.0	144.0	512.0	331.0	158.0	202.0	408.0	212.0	229420.0	28743.0	25.0	95381.0	262592.0	155.0	125663.0	121376.0	224.0	59648.0	3020.0	32.0
Salt_Pond_MetaG_R1_A_D2_MG_DASTool_bins_metabat.27	441.0	121.0	996.0	116.0	183.0	246.0	334.0	165.0	301.0	222410.0	439269.0	4618.0	210422.0	121416.0	4994.0	84800.0	142177.0	29430.0	41531.0	107.0	1083.0	286.0	34.0	1033.0	115.0	59.0	437.0	110668.0	9842.0	24.0	134304.0	127331.0	123.0	92919.0	196970.0	170.0	164098.0	1310.0	15.0
Salt_Pond_MetaG_R1_A_D2_MG_DASTool_bins_metabat.31	865.0	1446.0	1432.0	1164.0	1642.0	1167.0	1149.0	2319.0	1261.0	320075.0	1383681.0	7586.0	970427.0	1587610.0	7446.0	39658.0	93304.0	10831.0	1187.0	360.0	1325.0	456.0	797.0	1465.0	341.0	1156.0	2234.0	19705.0	1713.0	41.0	14246.0	129918.0	56.0	12934.0	13479.0	25.0	12615.0	682.0	10.0
Salt_Pond_MetaG_R1_A_D2_MG_DASTool_bins_metabat.36	138.0	517.0	176.0	461.0	1121.0	119.0	265.0	1380.0	87.0	480265.0	312948.0	7893.0	185076.0	250171.0	6989.0	118040.0	145049.0	35254.0	363.0	62.0	122.0	301.0	100.0	172.0	94.0	191.0	296.0	110786.0	10818.0	3237.0	92906.0	138408.0	2784.0	53478.0	58583.0	4235.0	56151.0	797.0	9.0
Salt_Pond_MetaG_R1_A_D2_MG_DASTool_bins_metabat.45	15.0	164.0	209.0	129.0	276.0	246.0	100.0	231.0	308.0	123226.0	142946.0	7903.0	109783.0	89453.0	15559.0	43933.0	53933.0	38293.0	139.0	77.0	209.0	223.0	48.0	379.0	56.0	68.0	230.0	118663.0	10940.0	251.0	63617.0	90133.0	410.0	209640.0	118298.0	325.0	18647.0	806.0	169.0
Salt_Pond_MetaG_R1_A_D2_MG_DASTool_bins_metabat.48	4.0	20.0	8.0	11.0	12.0	8.0	24.0	29.0	9.0	27142.0	146962.0	696.0	12221.0	27696.0	336.0	5879.0	24554.0	712.0	29.0	8.0	10.0	20.0	8.0	10.0	6.0	4.0	2.0	557.0	178.0	0	410.0	180616.0	2.0	237.0	5803.0	6.0	1112.0	12.0	0
Salt_Pond_MetaG_R1_A_D2_MG_DASTool_bins_metabat.50	12.0	17.0	14.0	11.0	42.0	16.0	14.0	89.0	19.0	123383.0	258873.0	2791.0	66865.0	355777.0	1744.0	52768.0	49216.0	2111.0	30.0	4.0	16.0	10.0	5.0	19.0	10.0	9.0	20.0	1493.0	226.0	4.0	1836.0	35714.0	36.0	879.0	3727.0	9.0	2105.0	14.0	47.0
Salt_Pond_MetaG_R1_A_D2_MG_DASTool_bins_metabat.84	3.0	20.0	40.0	10.0	18.0	26.0	10.0	26.0	52.0	36271.0	40370.0	697.0	9211.0	26785.0	345.0	7241.0	17553.0	11727.0	23.0	12.0	34.0	48.0	26.0	14.0	8.0	26.0	21.0	49055.0	2381.0	2.0	5116.0	24565.0	7.0	1043.0	4305.0	28.0	70.0	287.0	2.0
Salt_Pond_MetaG_R1_A_H2O_MG_DASTool_bins_concoct_out.2	31.0	80.0	1703.0	62.0	98.0	422.0	32.0	96.0	2753.0	6216.0	7694.0	3447059.0	9608.0	2375.0	5477348.0	3645.0	1558.0	6494223.0	254.0	105.0	277.0	36.0	34.0	286.0	36.0	32.0	215.0	1056.0	440.0	749.0	3676.0	1244.0	839.0	2835.0	910.0	482.0	475.0	196.0	114.0
Salt_Pond_MetaG_R1_A_H2O_MG_DASTool_bins_maxbin.022	27.0	30.0	62.0	18.0	36.0	53.0	36.0	18.0	111.0	988.0	1046.0	98524.0	679.0	529.0	184728.0	1234.0	503.0	185702.0	41.0	28.0	57.0	38.0	12.0	50.0	12.0	21.0	39.0	1088.0	1307.0	1392.0	869.0	840.0	1319.0	1055.0	474.0	941.0	313.0	197.0	120.0
Salt_Pond_MetaG_R1_A_H2O_MG_DASTool_bins_metabat.14	8.0	59.0	305.0	172.0	521.0	89.0	26.0	392.0	451.0	632.0	357.0	696769.0	683.0	417.0	1371747.0	838.0	572.0	1328250.0	91.0	41.0	89.0	25.0	6.0	52.0	20.0	16.0	48.0	730.0	4491.0	5752.0	624.0	798.0	4898.0	389.0	260.0	6577.0	139.0	282.0	93.0
Salt_Pond_MetaG_R1_A_H2O_MG_DASTool_bins_metabat.6	338.0	279.0	2723.0	260.0	250.0	4327.0	483.0	247.0	5534.0	2339.0	3049.0	381891.0	11321.0	1788.0	320258.0	5368.0	938.0	144295.0	453.0	1862.0	3716.0	554.0	994.0	4503.0	349.0	350.0	2627.0	1827.0	868.0	1047.0	1373.0	2175.0	908.0	2535.0	885.0	646.0	1500.0	354.0	122.0
Salt_Pond_MetaG_R1_A_H2O_MG_DASTool_bins_metabat.8	149.0	478.0	1606.0	1504.0	3843.0	1636.0	455.0	3457.0	2887.0	9146.0	7233.0	203378.0	16286.0	5097.0	579752.0	19015.0	16700.0	360702.0	130.0	310.0	32789.0	427.0	149.0	7943.0	1415.0	186.0	5824.0	35236.0	7084059.0	8616267.0	53453.0	45439.0	6368050.0	35269.0	90106.0	8552413.0	5481.0	3857.0	919.0
Salt_Pond_MetaG_R1_B_D1_MG_DASTool_bins_concoct_out.53	202.0	422.0	992.0	186.0	451.0	224.0	549.0	686.0	167.0	349257.0	296755.0	15304.0	256249.0	130437.0	20422.0	234370.0	161558.0	45574.0	12586.0	549.0	3453.0	539.0	182.0	12322.0	209.0	220.0	2533.0	52427.0	9884.0	36.0	208610.0	94334.0	316.0	234026.0	49106.0	264.0	501166.0	8767.0	14.0
Salt_Pond_MetaG_R1_B_D1_MG_DASTool_bins_concoct_out.59	12.0	115.0	79.0	124.0	241.0	111.0	46.0	148.0	115.0	104018.0	105489.0	8345.0	162831.0	118462.0	16002.0	43815.0	47412.0	36878.0	111.0	44.0	80.0	182.0	35.0	261.0	47.0	30.0	137.0	106738.0	9245.0	143.0	62579.0	76996.0	310.0	190989.0	86126.0	218.0	14924.0	631.0	33.0
Salt_Pond_MetaG_R1_B_D1_MG_DASTool_bins_concoct_out.89	116.0	147.0	517.0	261.0	325.0	662.0	152.0	312.0	608.0	12562.0	41515.0	7061.0	518694.0	31668.0	14550.0	12985.0	5187.0	18372.0	537.0	584.0	3836.0	211.0	126.0	2673.0	151.0	105.0	3084.0	18631.0	3670.0	58.0	99621.0	5843.0	170.0	365816.0	5212.0	55.0	53213.0	1630.0	1013.0
Salt_Pond_MetaG_R1_B_D1_MG_DASTool_bins_metabat.13	23.0	37.0	22.0	275.0	794.0	70.0	94.0	333.0	21.0	676267.0	663742.0	8663.0	346231.0	588297.0	12505.0	463436.0	264137.0	28158.0	190.0	63.0	75.0	363.0	83.0	173.0	127.0	87.0	33.0	60894.0	6494.0	87.0	128824.0	97697.0	415.0	175256.0	32552.0	125.0	105480.0	2671.0	190.0
Salt_Pond_MetaG_R1_B_D1_MG_DASTool_bins_metabat.16	17253.0	40939.0	8812.0	24827.0	18390.0	4845.0	19597.0	11513.0	4315.0	129108.0	68039.0	23007.0	302629.0	83903.0	30219.0	180459.0	202148.0	46857.0	62400.0	21095.0	4557.0	19453.0	5203.0	5375.0	8750.0	5294.0	7636.0	119639.0	51574.0	66.0	330627.0	642955.0	294.0	186311.0	80063.0	209.0	157871.0	3427.0	6260.0
Salt_Pond_MetaG_R1_B_D1_MG_DASTool_bins_metabat.20	1913.0	3164.0	3005.0	3364.0	3407.0	1328.0	2787.0	2473.0	1225.0	311185.0	272034.0	10826.0	540179.0	532350.0	19615.0	334063.0	304933.0	34978.0	30242.0	17278.0	3133.0	15093.0	5083.0	6694.0	11663.0	6916.0	10398.0	122420.0	32145.0	82.0	197958.0	310776.0	421.0	306851.0	67701.0	475.0	412247.0	9822.0	143.0
Salt_Pond_MetaG_R1_B_D1_MG_DASTool_bins_metabat.28	39.0	98.0	74.0	280.0	867.0	199.0	191.0	734.0	104.0	1428635.0	1781285.0	28149.0	1387785.0	1278463.0	40794.0	972544.0	1165547.0	119390.0	324.0	251.0	216.0	2662.0	376.0	520.0	787.0	222.0	160.0	386320.0	45155.0	126.0	609685.0	601803.0	1147.0	996167.0	208082.0	585.0	658120.0	11639.0	105.0
Salt_Pond_MetaG_R1_B_D1_MG_DASTool_bins_metabat.29	828.0	1195.0	884.0	1187.0	1483.0	409.0	1042.0	1171.0	235.0	600353.0	473673.0	27994.0	626992.0	802731.0	46095.0	596275.0	829448.0	99093.0	1578.0	1429.0	2119.0	3956.0	1039.0	1552.0	2539.0	1284.0	1148.0	320122.0	79225.0	174.0	498643.0	916908.0	902.0	496757.0	228860.0	699.0	495842.0	22560.0	39.0
Salt_Pond_MetaG_R1_B_D1_MG_DASTool_bins_metabat.32	1789.0	2811.0	3607.0	4127.0	3731.0	1996.0	2865.0	2198.0	1636.0	336408.0	245825.0	10649.0	320387.0	213307.0	17281.0	191244.0	255519.0	42254.0	14792.0	7405.0	4603.0	8285.0	3096.0	5423.0	4721.0	2599.0	10622.0	171539.0	36755.0	32.0	145490.0	384875.0	309.0	169591.0	86063.0	244.0	108764.0	4864.0	140.0
Salt_Pond_MetaG_R1_B_D1_MG_DASTool_bins_metabat.38	1300.0	1832.0	1195.0	1400.0	1459.0	271.0	1309.0	868.0	245.0	33422.0	33655.0	13696.0	190015.0	139055.0	21735.0	39473.0	65340.0	63338.0	2406.0	2221.0	2258.0	3058.0	1349.0	1435.0	2650.0	1846.0	1664.0	225503.0	17131.0	1558.0	165856.0	209483.0	1649.0	373568.0	67982.0	1850.0	50404.0	4792.0	18.0
Salt_Pond_MetaG_R1_B_D1_MG_DASTool_bins_metabat.40	1091.0	1655.0	2217.0	2299.0	2145.0	1141.0	1626.0	1536.0	938.0	188621.0	183656.0	42537.0	459145.0	204513.0	79693.0	194026.0	127564.0	55737.0	10781.0	5168.0	3352.0	5789.0	2090.0	3898.0	3781.0	2020.0	6434.0	41190.0	9076.0	49.0	129067.0	89184.0	473.0	405522.0	33098.0	126.0	74578.0	2653.0	148.0
Salt_Pond_MetaG_R1_B_D1_MG_DASTool_bins_metabat.41	539.0	1852.0	370.0	2992.0	4716.0	257.0	1565.0	5916.0	195.0	740888.0	608933.0	12775.0	474800.0	770133.0	20603.0	383239.0	344456.0	46532.0	1151.0	1354.0	334.0	2239.0	850.0	577.0	1756.0	913.0	349.0	250546.0	111008.0	39.0	154970.0	670734.0	410.0	167543.0	270166.0	459.0	301890.0	17453.0	26.0
Salt_Pond_MetaG_R1_B_D1_MG_DASTool_bins_metabat.49	270.0	466.0	247.0	659.0	1454.0	109.0	575.0	779.0	107.0	63588.0	72000.0	4247.0	75989.0	73155.0	4374.0	56696.0	58908.0	36247.0	521.0	457.0	130.0	659.0	524.0	150.0	348.0	507.0	267.0	155740.0	19522.0	362.0	65989.0	180185.0	450.0	86350.0	83138.0	420.0	42504.0	2315.0	89.0
Salt_Pond_MetaG_R1_B_D1_MG_DASTool_bins_metabat.58	14.0	39.0	22.0	80.0	183.0	16.0	37.0	94.0	26.0	147958.0	144693.0	2394.0	148952.0	212271.0	6467.0	13905.0	21082.0	10885.0	32.0	36.0	8.0	89.0	28.0	51.0	43.0	21.0	31.0	35273.0	3583.0	242.0	3613.0	41412.0	211.0	5325.0	11849.0	161.0	5015.0	297.0	4.0
Salt_Pond_MetaG_R1_B_D2_MG_DASTool_bins_concoct_out.120	46.0	283.0	117.0	2176.0	7713.0	60.0	320.0	2244.0	50.0	165677.0	159800.0	2404.0	65300.0	138065.0	2454.0	65382.0	215907.0	15220.0	22.0	123.0	90.0	175.0	294.0	34.0	70.0	132.0	22.0	81545.0	23681.0	4.0	20214.0	114297.0	36.0	2249.0	6582.0	54.0	7863.0	33738.0	0
Salt_Pond_MetaG_R1_B_D2_MG_DASTool_bins_concoct_out.37	845.0	1066.0	1704.0	2328.0	1757.0	1061.0	1188.0	545.0	886.0	4831.0	13108.0	1617.0	75044.0	124291.0	1222.0	3508.0	11226.0	4172.0	4639.0	1120.0	79544.0	1663.0	510.0	30052.0	799.0	391.0	14412.0	16706.0	2814.0	21.0	11107.0	35783.0	23.0	17311.0	16208.0	23.0	16891.0	638.0	26.0
Salt_Pond_MetaG_R1_B_D2_MG_DASTool_bins_concoct_out.51	1303.0	1909.0	2261.0	2484.0	2477.0	900.0	1822.0	1874.0	621.0	213460.0	304622.0	7048.0	256867.0	329997.0	10578.0	218127.0	219676.0	32687.0	14594.0	8030.0	2613.0	8425.0	2986.0	4168.0	5815.0	3097.0	7042.0	138374.0	25373.0	77.0	92665.0	289130.0	368.0	131747.0	51997.0	326.0	218660.0	5927.0	101.0
Salt_Pond_MetaG_R1_B_D2_MG_DASTool_bins_concoct_out.73	13.0	62.0	67.0	72.0	167.0	50.0	35.0	147.0	77.0	74375.0	75147.0	5503.0	101911.0	112071.0	10360.0	29159.0	31428.0	25659.0	75.0	22.0	45.0	96.0	20.0	139.0	40.0	21.0	52.0	75118.0	6247.0	110.0	41806.0	53467.0	167.0	132678.0	57055.0	178.0	9067.0	457.0	15.0
Salt_Pond_MetaG_R1_B_D2_MG_DASTool_bins_concoct_out.86	33.0	32.0	173.0	64.0	107.0	28.0	36.0	63.0	43.0	1359.0	5032.0	1272.0	55630.0	157965.0	1253.0	1134.0	3261.0	2834.0	175.0	61.0	582.0	102.0	30.0	1945.0	58.0	28.0	674.0	7544.0	1079.0	42.0	6140.0	9409.0	32.0	9727.0	7298.0	61.0	45459.0	3132.0	6.0
Salt_Pond_MetaG_R1_B_D2_MG_DASTool_bins_concoct_out.87	444.0	381.0	822.0	619.0	574.0	625.0	856.0	762.0	640.0	233031.0	366028.0	2684.0	91139.0	123921.0	2900.0	52461.0	184011.0	15924.0	5113.0	925.0	1606.0	813.0	274.0	3130.0	419.0	275.0	2748.0	40945.0	4647.0	14.0	51195.0	73475.0	58.0	18177.0	25817.0	32.0	38973.0	1411.0	4.0
Salt_Pond_MetaG_R1_B_D2_MG_DASTool_bins_maxbin.014	2176.0	2333.0	2164.0	1739.0	1561.0	852.0	1658.0	750.0	795.0	727343.0	540633.0	38702.0	277163.0	437877.0	132728.0	459448.0	384279.0	90968.0	2277.0	1477.0	1890.0	2477.0	676.0	1356.0	1188.0	877.0	3145.0	102645.0	12890.0	43.0	145172.0	218696.0	492.0	211698.0	69955.0	238.0	209917.0	3932.0	1246.0
Salt_Pond_MetaG_R1_B_D2_MG_DASTool_bins_metabat.14	2.0	60.0	28.0	135.0	313.0	157.0	98.0	413.0	50.0	352604.0	227121.0	27050.0	424063.0	275538.0	38211.0	525747.0	322122.0	106458.0	277.0	148.0	154.0	1553.0	276.0	377.0	522.0	213.0	77.0	327535.0	66129.0	56.0	680507.0	700771.0	661.0	508235.0	243671.0	773.0	1291751.0	14488.0	10.0
Salt_Pond_MetaG_R1_B_D2_MG_DASTool_bins_metabat.16	6372.0	7358.0	4822.0	8105.0	10784.0	980.0	5454.0	4996.0	784.0	109676.0	141077.0	3786.0	191754.0	360197.0	6327.0	111889.0	100631.0	22447.0	6267.0	7102.0	777.0	7648.0	4372.0	1033.0	7409.0	4594.0	3130.0	102187.0	17402.0	33.0	69313.0	170907.0	154.0	108449.0	53410.0	115.0	60579.0	7113.0	33.0
Salt_Pond_MetaG_R1_B_D2_MG_DASTool_bins_metabat.18	686.0	1012.0	1403.0	1470.0	1382.0	742.0	1062.0	741.0	761.0	186901.0	212881.0	4355.0	194640.0	272733.0	6194.0	157225.0	225867.0	19183.0	5328.0	2166.0	2189.0	2883.0	916.0	2202.0	1462.0	765.0	4007.0	76050.0	12644.0	36.0	90392.0	205426.0	226.0	90968.0	60303.0	154.0	79611.0	2316.0	58.0
Salt_Pond_MetaG_R1_B_D2_MG_DASTool_bins_metabat.19	146.0	303.0	155.0	582.0	1563.0	112.0	456.0	676.0	121.0	90857.0	103432.0	5670.0	72022.0	139538.0	6420.0	80810.0	84189.0	57685.0	162.0	104.0	134.0	490.0	302.0	147.0	144.0	400.0	173.0	249085.0	28980.0	15.0	94443.0	265789.0	123.0	124614.0	125823.0	218.0	58018.0	2910.0	48.0
Salt_Pond_MetaG_R1_B_D2_MG_DASTool_bins_metabat.27	3498.0	3945.0	2723.0	2313.0	2438.0	611.0	2847.0	1972.0	507.0	117598.0	127053.0	4094.0	130061.0	200552.0	5906.0	129017.0	63582.0	16524.0	17556.0	15600.0	690.0	16452.0	8019.0	2101.0	10327.0	10378.0	2366.0	68601.0	15206.0	195.0	53888.0	96256.0	302.0	82959.0	55646.0	321.0	91878.0	5804.0	162.0
Salt_Pond_MetaG_R1_B_D2_MG_DASTool_bins_metabat.28	1193.0	1707.0	2616.0	2913.0	2374.0	1524.0	1702.0	1245.0	1241.0	469784.0	402631.0	10557.0	388463.0	357377.0	14873.0	305283.0	456439.0	48092.0	8499.0	3229.0	5642.0	4558.0	1369.0	4326.0	2197.0	1057.0	6199.0	170127.0	20572.0	34.0	305078.0	462716.0	568.0	417190.0	129387.0	400.0	259714.0	3561.0	320.0
Salt_Pond_MetaG_R1_B_D2_MG_DASTool_bins_metabat.30	5265.0	4481.0	2071.0	7719.0	7349.0	543.0	4590.0	4483.0	474.0	114419.0	114079.0	6752.0	141171.0	224229.0	10281.0	120011.0	98478.0	17964.0	5774.0	2364.0	549.0	3511.0	2284.0	1638.0	4210.0	6531.0	4613.0	61441.0	20554.0	22.0	70148.0	109857.0	139.0	87102.0	43124.0	233.0	232935.0	8264.0	21.0
Salt_Pond_MetaG_R1_B_D2_MG_DASTool_bins_metabat.34	1286.0	1355.0	1586.0	2073.0	2050.0	758.0	7149.0	2326.0	732.0	95591.0	117964.0	3565.0	170576.0	202415.0	4909.0	63268.0	100338.0	23303.0	8605.0	7960.0	1430.0	8099.0	1733.0	2364.0	1524.0	639.0	3244.0	108633.0	22007.0	14.0	106882.0	236949.0	98.0	106869.0	52188.0	112.0	58455.0	4674.0	22.0
Salt_Pond_MetaG_R1_B_D2_MG_DASTool_bins_metabat.37	157.0	144.0	381.0	137.0	263.0	431.0	201.0	192.0	398.0	63886.0	69926.0	1589.0	60993.0	121516.0	2133.0	61973.0	43167.0	7507.0	362.0	184.0	584.0	243.0	121.0	520.0	116.0	138.0	716.0	26072.0	3077.0	19.0	41321.0	53945.0	81.0	42061.0	17189.0	51.0	27334.0	1648.0	44.0
Salt_Pond_MetaG_R1_B_D2_MG_DASTool_bins_metabat.63	83.0	151.0	440.0	92.0	180.0	379.0	159.0	341.0	607.0	63078.0	110358.0	5282.0	212643.0	212693.0	2827.0	26022.0	33863.0	6873.0	241.0	92.0	477.0	112.0	67.0	417.0	94.0	154.0	258.0	4424.0	597.0	24.0	3054.0	27189.0	22.0	2006.0	3462.0	7.0	1454.0	96.0	23.0
Salt_Pond_MetaG_R1_B_D2_MG_DASTool_bins_metabat.78	91.0	69.0	140.0	109.0	186.0	158.0	116.0	196.0	135.0	57963.0	150681.0	1732.0	63856.0	132129.0	2272.0	6938.0	6242.0	2656.0	75.0	44.0	266.0	62.0	69.0	151.0	20.0	60.0	111.0	6830.0	1108.0	28.0	4716.0	7668.0	20.0	3213.0	3946.0	12.0	928.0	120.0	4.0
Salt_Pond_MetaG_R1_B_H2O_MG_DASTool_bins_concoct_out.13	10.0	18.0	41.0	32.0	39.0	12.0	20.0	42.0	82.0	65.0	66.0	53325.0	164.0	49.0	101913.0	71.0	59.0	90308.0	35.0	26.0	43.0	20.0	14.0	28.0	26.0	8.0	38.0	141.0	59.0	35.0	87.0	60.0	32.0	73.0	94.0	12.0	74.0	58.0	6.0
Salt_Pond_MetaG_R1_B_H2O_MG_DASTool_bins_concoct_out.19	72.0	178.0	1792.0	94.0	126.0	2443.0	125.0	154.0	2572.0	830.0	881.0	378910.0	1399.0	1072.0	328002.0	921.0	582.0	702867.0	1466.0	287.0	3109.0	200.0	241.0	2900.0	202.0	306.0	1907.0	9575.0	1505.0	158.0	2793.0	5211.0	151.0	4757.0	7669.0	96.0	533.0	1265.0	36262.0
Salt_Pond_MetaG_R1_B_H2O_MG_DASTool_bins_concoct_out.22	916.0	2789.0	738.0	1061.0	1158.0	232.0	2098.0	1995.0	234.0	179987.0	38644.0	54012.0	42101.0	44237.0	126122.0	22882.0	26868.0	96697.0	1186.0	1252.0	421.0	1331.0	886.0	309.0	1507.0	1651.0	672.0	21015.0	8654.0	854.0	27537.0	22070.0	859.0	13997.0	6369.0	822.0	7390.0	16087.0	27.0
Salt_Pond_MetaG_R1_B_H2O_MG_DASTool_bins_maxbin.028	413.0	709.0	612.0	484.0	576.0	250.0	418.0	631.0	433.0	2304.0	1685.0	289967.0	2145.0	1769.0	627773.0	1939.0	1468.0	526261.0	578.0	531.0	925.0	577.0	434.0	677.0	656.0	756.0	642.0	1111.0	10173.0	12191.0	1823.0	1867.0	12513.0	2513.0	1121.0	8971.0	1620.0	4395.0	41.0
Salt_Pond_MetaG_R1_B_H2O_MG_DASTool_bins_metabat.11	852.0	1068.0	3128.0	1566.0	1345.0	3660.0	1097.0	713.0	3876.0	6532.0	10172.0	233543.0	4307.0	3419.0	397381.0	2721.0	2430.0	438493.0	3211.0	1319.0	4299.0	961.0	527.0	4175.0	767.0	765.0	4753.0	3563.0	577.0	54.0	3338.0	4524.0	49.0	5399.0	3099.0	76.0	2972.0	315.0	60.0
Salt_Pond_MetaG_R1_B_H2O_MG_DASTool_bins_metabat.17	17.0	115.0	2336.0	236.0	656.0	623.0	44.0	498.0	3321.0	2216.0	1024.0	5286795.0	2968.0	1483.0	11938599.0	3176.0	1460.0	10249037.0	482.0	137.0	591.0	26.0	8.0	441.0	26.0	15.0	279.0	3517.0	15994.0	19609.0	3057.0	3016.0	18628.0	2374.0	1294.0	15697.0	363.0	1269.0	1374.0
Salt_Pond_MetaG_R1_B_H2O_MG_DASTool_bins_metabat.5	221.0	216.0	583.0	212.0	267.0	578.0	274.0	175.0	673.0	4870.0	11444.0	93949.0	39925.0	3677.0	203585.0	3796.0	2918.0	20817.0	487.0	353.0	2003.0	284.0	163.0	1455.0	205.0	262.0	1630.0	4273.0	1946.0	1978.0	5104.0	5563.0	1738.0	12346.0	4443.0	1262.0	3728.0	404.0	36.0
Salt_Pond_MetaG_R1_B_H2O_MG_DASTool_bins_metabat.7	41.0	67.0	172.0	71.0	68.0	133.0	70.0	115.0	262.0	293.0	396.0	163111.0	1274.0	280.0	158280.0	798.0	325.0	48573.0	113.0	88.0	725.0	91.0	53.0	438.0	46.0	56.0	495.0	6054.0	471.0	148.0	802.0	3242.0	136.0	761.0	563.0	90.0	198.0	113.0	338.0
Salt_Pond_MetaG_R1_C_D1_MG_DASTool_bins_concoct_out.45	26.0	53.0	20.0	304.0	1146.0	14.0	165.0	195.0	0	71344.0	75496.0	3602.0	49785.0	77285.0	4375.0	95214.0	70571.0	30765.0	39.0	40.0	28.0	335.0	67.0	21.0	78.0	50.0	18.0	139109.0	21340.0	19.0	67913.0	163644.0	113.0	85178.0	81655.0	140.0	54130.0	2266.0	5.0
Salt_Pond_MetaG_R1_C_D1_MG_DASTool_bins_maxbin.047	81.0	209.0	187.0	136.0	161.0	170.0	198.0	365.0	210.0	137138.0	264299.0	3334.0	71459.0	199371.0	3234.0	82650.0	52078.0	5086.0	280.0	57.0	353.0	69.0	87.0	204.0	59.0	150.0	148.0	5961.0	1091.0	10.0	5879.0	103626.0	62.0	4155.0	14476.0	29.0	9115.0	143.0	83.0
Salt_Pond_MetaG_R1_C_D1_MG_DASTool_bins_metabat.19	128.0	65.0	71.0	171.0	485.0	197.0	58.0	406.0	89.0	1910463.0	2013500.0	7473.0	530927.0	1349066.0	8807.0	1098093.0	1177004.0	46910.0	238.0	174.0	177.0	849.0	152.0	266.0	327.0	84.0	151.0	186934.0	20407.0	39.0	156395.0	294207.0	760.0	214786.0	99346.0	630.0	1050807.0	10030.0	8.0
Salt_Pond_MetaG_R1_C_D1_MG_DASTool_bins_metabat.27	1095.0	13732.0	1015.0	2930.0	2638.0	460.0	6339.0	2476.0	332.0	185553.0	249485.0	11211.0	283007.0	76836.0	23791.0	176734.0	59315.0	26271.0	286.0	134.0	378.0	473.0	366.0	324.0	250.0	360.0	786.0	53504.0	10581.0	132.0	145456.0	164501.0	328.0	190281.0	63747.0	285.0	245077.0	2305.0	6.0
Salt_Pond_MetaG_R1_C_D1_MG_DASTool_bins_metabat.31	163.0	1743.0	6.0	6996.0	16184.0	12.0	1926.0	18445.0	10.0	109222.0	14872.0	907.0	737185.0	23370.0	2730.0	209572.0	242564.0	7946.0	212.0	396.0	161.0	471.0	73.0	272.0	191.0	38.0	76.0	50788.0	56440.0	47840.0	82924.0	166206.0	38414.0	33859.0	38168.0	52608.0	30306.0	2677.0	2.0
Salt_Pond_MetaG_R1_C_D2_MG_DASTool_bins_concoct_out.36	621.0	840.0	597.0	948.0	1762.0	269.0	710.0	1690.0	179.0	70712.0	48892.0	770.0	145014.0	36690.0	1316.0	100027.0	330371.0	24010.0	1580.0	1166.0	117.0	1388.0	377.0	230.0	776.0	284.0	561.0	166769.0	49789.0	89.0	183826.0	541579.0	267.0	130798.0	205003.0	293.0	88133.0	890.0	570.0
Salt_Pond_MetaG_R1_C_D2_MG_DASTool_bins_concoct_out.85	45.0	152.0	174.0	202.0	568.0	283.0	129.0	546.0	358.0	1010698.0	1676389.0	8747.0	453264.0	598391.0	9561.0	157624.0	208191.0	84355.0	1095.0	141.0	418.0	284.0	88.0	423.0	158.0	209.0	361.0	309226.0	14101.0	48.0	99999.0	538373.0	136.0	65175.0	218595.0	179.0	34538.0	528.0	7.0
Salt_Pond_MetaG_R1_C_D2_MG_DASTool_bins_metabat.30	69.0	210.0	119.0	243.0	524.0	155.0	156.0	595.0	106.0	616527.0	739277.0	19275.0	261135.0	564161.0	22626.0	473133.0	401718.0	83319.0	586.0	160.0	7379.0	879.0	230.0	9032.0	222.0	201.0	2031.0	307989.0	55166.0	65.0	271950.0	318746.0	530.0	267193.0	167660.0	471.0	631235.0	15666.0	59.0
Salt_Pond_MetaG_R1_C_D2_MG_DASTool_bins_metabat.40	9.0	59.0	88.0	108.0	264.0	132.0	51.0	276.0	158.0	1436738.0	628978.0	12066.0	325123.0	634515.0	10220.0	370345.0	359726.0	151674.0	77.0	123.0	64.0	524.0	171.0	130.0	116.0	104.0	66.0	656487.0	66364.0	100.0	76361.0	537917.0	276.0	14812.0	74197.0	389.0	1727.0	723.0	4.0
Salt_Pond_MetaG_R1_C_D2_MG_DASTool_bins_metabat.58	4.0	10.0	14.0	4.0	27.0	32.0	30.0	23.0	22.0	16928.0	14456.0	846.0	11318.0	44269.0	622.0	24941.0	58025.0	23247.0	10.0	8.0	30.0	111.0	34.0	16.0	26.0	22.0	16.0	103265.0	8905.0	34.0	23608.0	86266.0	36.0	4200.0	10958.0	53.0	55.0	113.0	2.0
Salt_Pond_MetaG_R1_C_H2O_MG_DASTool_bins_concoct_out.16	4.0	4.0	36.0	14.0	45.0	27.0	5.0	18.0	41.0	46597.0	67374.0	3745.0	45712.0	53752.0	1457.0	22526.0	29500.0	88750.0	9.0	44.0	26.0	206.0	49.0	32.0	32.0	36.0	17.0	370994.0	36619.0	27.0	47101.0	206946.0	40.0	6155.0	20960.0	183.0	2232.0	570.0	14.0
Salt_Pond_MetaG_R1_C_H2O_MG_DASTool_bins_concoct_out.67	360.0	465.0	377.0	358.0	432.0	80.0	352.0	287.0	133.0	2668.0	3375.0	111188.0	3250.0	3483.0	198097.0	2557.0	2462.0	210489.0	510.0	623.0	3337.0	690.0	351.0	691.0	722.0	612.0	644.0	3666.0	113755.0	134073.0	5837.0	5863.0	142817.0	5732.0	10919.0	114636.0	1913.0	3732.0	28.0
Salt_Pond_MetaG_R1_C_H2O_MG_DASTool_bins_concoct_out.79	667.0	969.0	1592.0	1482.0	1369.0	997.0	983.0	821.0	856.0	46571.0	45123.0	122602.0	72677.0	39115.0	249091.0	33526.0	44633.0	187800.0	4130.0	1686.0	3860.0	2191.0	811.0	3086.0	1212.0	557.0	3889.0	39894.0	6675.0	142.0	37722.0	70374.0	178.0	44918.0	16048.0	191.0	45440.0	1876.0	145.0
Salt_Pond_MetaG_R1_C_H2O_MG_DASTool_bins_metabat.23	78.0	112.0	159.0	100.0	81.0	50.0	82.0	66.0	157.0	934.0	699.0	202155.0	689.0	588.0	291824.0	638.0	545.0	385019.0	175.0	141.0	318.0	122.0	59.0	94.0	108.0	97.0	116.0	640.0	8935.0	11287.0	809.0	1433.0	12249.0	1004.0	761.0	10138.0	420.0	454.0	87.0
Salt_Pond_MetaG_R1_C_H2O_MG_DASTool_bins_metabat.29	0	70.0	1311.0	194.0	394.0	328.0	48.0	499.0	1888.0	1085.0	558.0	2875840.0	1287.0	967.0	5583379.0	2110.0	1070.0	5419434.0	233.0	91.0	198.0	39.0	18.0	232.0	43.0	25.0	136.0	885.0	3439.0	3696.0	1065.0	1312.0	2891.0	749.0	360.0	3152.0	178.0	351.0	231.0
Salt_Pond_MetaG_R2A_A_D1_MG_DASTool_bins_concoct_out.24	614.0	1281.0	190.0	822.0	1248.0	93.0	1090.0	605.0	93.0	57.0	37.0	20.0	341.0	163.0	30.0	78.0	168.0	57.0	352347.0	15770.0	114.0	8589.0	1906.0	446.0	3709.0	3909.0	1311.0	253.0	77.0	0	205.0	647.0	2.0	122.0	101.0	2.0	107.0	283.0	1824.0
Salt_Pond_MetaG_R2A_A_D1_MG_DASTool_bins_concoct_out.42	1254.0	943.0	1584.0	681.0	578.0	941.0	914.0	453.0	732.0	1711.0	2991.0	36.0	1011.0	983.0	55.0	479.0	1629.0	240.0	209386.0	11891.0	1061.0	8974.0	1303.0	15745.0	3905.0	2572.0	13550.0	938.0	342.0	4.0	788.0	1527.0	24.0	350.0	656.0	2.0	635.0	211.0	94.0
Salt_Pond_MetaG_R2A_A_D1_MG_DASTool_bins_concoct_out.46	5514.0	2961.0	4542.0	1626.0	1333.0	491.0	1944.0	282.0	385.0	10.0	10.0	3.0	21.0	14.0	2.0	8.0	10.0	7.0	435554.0	95460.0	192.0	104586.0	24944.0	3680.0	19484.0	22489.0	14075.0	6.0	6.0	6.0	8.0	13.0	0	4.0	10.0	0	14.0	14.0	149.0
Salt_Pond_MetaG_R2A_A_D1_MG_DASTool_bins_concoct_out.50	1405.0	2171.0	4516.0	2782.0	2132.0	2956.0	1921.0	1072.0	2933.0	153.0	215.0	50.0	189.0	168.0	73.0	56.0	113.0	53.0	96181.0	2200.0	13306.0	1441.0	628.0	15458.0	849.0	489.0	17951.0	268.0	139.0	14.0	157.0	563.0	6.0	226.0	247.0	14.0	347.0	68.0	34.0
Salt_Pond_MetaG_R2A_A_D1_MG_DASTool_bins_concoct_out.51	3465.0	3043.0	1457.0	4947.0	3991.0	408.0	3576.0	1952.0	380.0	278.0	228.0	26.0	455.0	317.0	57.0	312.0	259.0	111.0	308697.0	21391.0	296.0	79986.0	4089.0	3398.0	7159.0	3808.0	6733.0	528.0	215.0	2.0	547.0	1085.0	2.0	511.0	218.0	0	756.0	125.0	136.0
Salt_Pond_MetaG_R2A_A_D1_MG_DASTool_bins_concoct_out.6	17415.0	17076.0	13238.0	14142.0	10846.0	2525.0	12257.0	3418.0	2090.0	186.0	172.0	15.0	255.0	381.0	39.0	139.0	163.0	72.0	281592.0	49783.0	850.0	131300.0	17572.0	10464.0	13082.0	3947.0	24578.0	204.0	104.0	6.0	121.0	426.0	2.0	209.0	209.0	0	176.0	212.0	130.0
Salt_Pond_MetaG_R2A_A_D1_MG_DASTool_bins_metabat.10	2025.0	2661.0	2277.0	2052.0	1666.0	656.0	1671.0	693.0	655.0	124.0	100.0	41.0	178.0	261.0	57.0	95.0	84.0	95.0	435088.0	69514.0	620.0	123005.0	10459.0	4299.0	11687.0	1252.0	7910.0	139.0	20.0	11.0	114.0	159.0	2.0	142.0	72.0	0	171.0	176.0	164.0
Salt_Pond_MetaG_R2A_A_D1_MG_DASTool_bins_metabat.14	7214.0	7824.0	2258.0	7273.0	7134.0	515.0	5571.0	2774.0	372.0	143.0	118.0	14.0	173.0	161.0	26.0	91.0	145.0	52.0	165916.0	21778.0	379.0	61539.0	7007.0	3940.0	9082.0	3368.0	10938.0	465.0	182.0	6.0	148.0	209.0	2.0	122.0	88.0	2.0	149.0	275.0	86.0
Salt_Pond_MetaG_R2A_A_D1_MG_DASTool_bins_metabat.17	679.0	865.0	645.0	533.0	543.0	597.0	724.0	496.0	505.0	622.0	424.0	113.0	2226.0	1114.0	150.0	969.0	1778.0	338.0	343219.0	30485.0	2066.0	50894.0	3090.0	1674.0	8112.0	2408.0	1393.0	1547.0	300.0	6.0	1862.0	4027.0	4.0	1111.0	745.0	8.0	538.0	455.0	1666.0
Salt_Pond_MetaG_R2A_A_D2_MG_DASTool_bins_concoct_out.10	2296.0	2667.0	2031.0	2526.0	2270.0	394.0	2598.0	1480.0	355.0	833.0	652.0	332.0	1982.0	2158.0	556.0	2252.0	1907.0	684.0	52487.0	404823.0	464.0	24468.0	6496.0	4159.0	18909.0	6252.0	3461.0	1455.0	529.0	26.0	2084.0	4621.0	26.0	4432.0	973.0	31.0	5316.0	3599.0	69.0
Salt_Pond_MetaG_R2A_A_D2_MG_DASTool_bins_concoct_out.25	7119.0	6122.0	13438.0	10443.0	8343.0	6613.0	6214.0	2668.0	6358.0	235.0	327.0	50.0	230.0	500.0	67.0	88.0	256.0	79.0	110669.0	225213.0	3824.0	95922.0	25459.0	9127.0	35223.0	14594.0	27266.0	745.0	383.0	18.0	319.0	1034.0	0	360.0	1052.0	0	666.0	123.0	48.0
Salt_Pond_MetaG_R2A_A_D2_MG_DASTool_bins_concoct_out.37	726.0	2974.0	177.0	989.0	936.0	65.0	1098.0	1699.0	63.0	97.0	91.0	33.0	303.0	209.0	19.0	229.0	266.0	36.0	594286.0	178348.0	107.0	27340.0	12260.0	156.0	32640.0	9115.0	236.0	352.0	155.0	18.0	419.0	752.0	20.0	238.0	109.0	22.0	270.0	1410.0	421.0
Salt_Pond_MetaG_R2A_A_D2_MG_DASTool_bins_concoct_out.51	2592.0	4315.0	2966.0	2795.0	2416.0	549.0	2251.0	1009.0	430.0	171.0	157.0	20.0	229.0	532.0	28.0	160.0	174.0	38.0	242269.0	242312.0	474.0	259444.0	14954.0	6332.0	39553.0	4358.0	10250.0	129.0	58.0	16.0	82.0	245.0	0	112.0	95.0	2.0	133.0	116.0	111.0
Salt_Pond_MetaG_R2A_A_D2_MG_DASTool_bins_concoct_out.59	239.0	239.0	262.0	247.0	323.0	69.0	277.0	194.0	60.0	1610.0	1035.0	70.0	1668.0	1428.0	153.0	1333.0	1370.0	200.0	66710.0	370487.0	141.0	90005.0	7936.0	3588.0	27493.0	12040.0	1802.0	701.0	322.0	176.0	898.0	1620.0	258.0	728.0	635.0	198.0	1189.0	328.0	42.0
Salt_Pond_MetaG_R2A_A_D2_MG_DASTool_bins_metabat.16	1314.0	981.0	6590.0	315.0	379.0	2819.0	1918.0	139.0	3252.0	28.0	0	4.0	32.0	159.0	6.0	4.0	10.0	10.0	71578.0	218176.0	1563.0	34559.0	21004.0	2917.0	15582.0	5293.0	4643.0	24.0	16.0	4.0	4.0	18.0	2.0	16.0	8.0	0	8.0	144.0	22.0
Salt_Pond_MetaG_R2A_A_D2_MG_DASTool_bins_metabat.7	719.0	875.0	983.0	827.0	746.0	487.0	880.0	373.0	493.0	162.0	140.0	10.0	202.0	405.0	16.0	67.0	130.0	44.0	21478.0	260875.0	380.0	161817.0	62080.0	4609.0	19772.0	3219.0	5453.0	214.0	53.0	12.0	134.0	513.0	0	129.0	430.0	0	129.0	44.0	13.0
Salt_Pond_MetaG_R2A_A_H2O_MG_DASTool_bins_concoct_out.62	79.0	27.0	32054.0	10.0	23.0	43597.0	50.0	26.0	41130.0	0	6.0	42.0	13.0	6.0	112.0	4.0	2.0	69.0	38.0	28.0	71295.0	20.0	17.0	51517.0	26.0	32.0	31414.0	88.0	6.0	18.0	11.0	47.0	0	10.0	12.0	0	11.0	11.0	73.0
Salt_Pond_MetaG_R2A_A_H2O_MG_DASTool_bins_concoct_out.78	165.0	141.0	62168.0	279.0	224.0	119254.0	225.0	135.0	118665.0	63.0	98.0	64.0	70.0	65.0	117.0	20.0	50.0	126.0	342.0	154.0	103219.0	111.0	96.0	87405.0	134.0	69.0	51022.0	91.0	22.0	6.0	51.0	183.0	4.0	59.0	106.0	0	55.0	11.0	10.0
Salt_Pond_MetaG_R2A_A_H2O_MG_DASTool_bins_metabat.16	310.0	406.0	93928.0	400.0	382.0	173969.0	441.0	173.0	188812.0	276.0	305.0	108.0	390.0	376.0	634.0	226.0	277.0	203.0	457.0	442.0	156512.0	496.0	250.0	144568.0	349.0	231.0	90636.0	421.0	138.0	94.0	204.0	634.0	26.0	289.0	289.0	46.0	243.0	92.0	10.0
Salt_Pond_MetaG_R2A_A_H2O_MG_DASTool_bins_metabat.20	185.0	193.0	18017.0	165.0	112.0	35757.0	182.0	86.0	37974.0	59.0	71.0	94.0	100.0	41.0	210.0	57.0	57.0	158.0	188.0	602.0	239941.0	227.0	495.0	177009.0	166.0	140.0	126168.0	89.0	177.0	290.0	54.0	324.0	260.0	41.0	195.0	162.0	81.0	10.0	541.0
Salt_Pond_MetaG_R2A_A_H2O_MG_DASTool_bins_metabat.22	411.0	418.0	176550.0	895.0	868.0	313534.0	593.0	395.0	331475.0	173.0	171.0	289.0	365.0	247.0	791.0	281.0	189.0	570.0	1597.0	1597.0	162787.0	1388.0	675.0	169928.0	939.0	908.0	75570.0	400.0	108.0	25.0	243.0	557.0	11.0	328.0	294.0	3.0	387.0	383.0	22.0
Salt_Pond_MetaG_R2A_A_H2O_MG_DASTool_bins_metabat.49	96.0	62.0	403415.0	39.0	98.0	533222.0	248.0	87.0	595383.0	2.0	0	722.0	43.0	4.0	1828.0	4.0	0	1216.0	58.0	88.0	266167.0	96.0	78.0	361971.0	144.0	55.0	175665.0	24.0	24.0	56.0	18.0	19.0	4.0	4.0	5.0	10.0	8.0	18.0	0
Salt_Pond_MetaG_R2A_B_D1_MG_DASTool_bins_concoct_out.4	1957.0	2164.0	1686.0	1957.0	1743.0	351.0	1963.0	1016.0	270.0	410.0	404.0	71.0	883.0	852.0	131.0	801.0	762.0	165.0	108866.0	84398.0	244.0	280006.0	14652.0	3140.0	35670.0	11076.0	6872.0	590.0	232.0	26.0	867.0	1363.0	10.0	1223.0	403.0	23.0	1382.0	2110.0	61.0
Salt_Pond_MetaG_R2A_B_D2_MG_DASTool_bins_concoct_out.11	380.0	1094.0	601.0	495.0	454.0	442.0	402.0	3162.0	846.0	12.0	24.0	2.0	34.0	34.0	8.0	24.0	16.0	16.0	182.0	342.0	148.0	15727.0	180717.0	325.0	150802.0	1417619.0	624.0	84.0	31.0	63.0	69.0	58.0	0	18.0	28.0	0	80.0	640.0	27.0
Salt_Pond_MetaG_R2A_B_D2_MG_DASTool_bins_concoct_out.37	178.0	302.0	174.0	245.0	190.0	53.0	164.0	195.0	32.0	30.0	27.0	9.0	39.0	32.0	10.0	39.0	24.0	14.0	369.0	4957.0	44.0	17918.0	91540.0	559.0	17317.0	19964.0	1868.0	53.0	36.0	14.0	46.0	49.0	2.0	24.0	12.0	0	26.0	554.0	4.0
Salt_Pond_MetaG_R2A_B_D2_MG_DASTool_bins_concoct_out.47	243.0	408.0	88.0	384.0	385.0	26.0	392.0	350.0	30.0	64.0	38.0	4.0	52.0	34.0	9.0	47.0	38.0	10.0	102.0	154.0	22.0	1516.0	146983.0	41.0	715.0	3121.0	112.0	54.0	30.0	7.0	62.0	73.0	0	48.0	43.0	0	75.0	107.0	0
Salt_Pond_MetaG_R2A_B_D2_MG_DASTool_bins_concoct_out.54	661.0	12222.0	430.0	1151.0	1361.0	106.0	1047.0	10244.0	96.0	167.0	109.0	24.0	208.0	158.0	52.0	207.0	154.0	99.0	601.0	4349.0	71.0	3172.0	113859.0	121.0	4761.0	19363.0	257.0	771.0	554.0	22.0	939.0	8019.0	0	176.0	303.0	13.0	550.0	30848.0	14.0
Salt_Pond_MetaG_R2A_B_D2_MG_DASTool_bins_metabat.6	28630.0	141507.0	9211.0	165965.0	287165.0	2868.0	205100.0	609039.0	1804.0	227.0	295.0	14.0	278.0	325.0	30.0	141.0	171.0	64.0	6384.0	743.0	1911.0	15843.0	242185.0	1583.0	11315.0	75081.0	10108.0	446.0	199.0	12.0	185.0	342.0	1.0	196.0	109.0	2.0	269.0	3664.0	44.0
Salt_Pond_MetaG_R2A_B_H2O_MG_DASTool_bins_concoct_out.59	178.0	200.0	78888.0	317.0	228.0	151921.0	261.0	131.0	153031.0	56.0	84.0	116.0	80.0	68.0	193.0	18.0	53.0	103.0	432.0	166.0	104100.0	146.0	115.0	127947.0	153.0	87.0	62097.0	120.0	31.0	4.0	59.0	191.0	5.0	57.0	165.0	2.0	81.0	9.0	10.0
Salt_Pond_MetaG_R2A_B_H2O_MG_DASTool_bins_concoct_out.69	271.0	101.0	49001.0	74.0	84.0	64594.0	231.0	77.0	63233.0	42.0	71.0	113.0	43.0	51.0	190.0	41.0	27.0	189.0	185.0	84.0	105124.0	77.0	82.0	74929.0	108.0	46.0	50932.0	316.0	28.0	12.0	43.0	215.0	2.0	25.0	134.0	2.0	36.0	71.0	5132.0
Salt_Pond_MetaG_R2A_B_H2O_MG_DASTool_bins_concoct_out.80	110.0	126.0	51466.0	96.0	117.0	88905.0	134.0	65.0	101099.0	41.0	58.0	65.0	50.0	41.0	269.0	8.0	15.0	151.0	155.0	101.0	120041.0	93.0	66.0	125653.0	79.0	54.0	69345.0	32.0	24.0	18.0	26.0	43.0	2.0	28.0	25.0	2.0	44.0	12.0	30.0
Salt_Pond_MetaG_R2A_B_H2O_MG_DASTool_bins_maxbin.029	273.0	150.0	42069.0	101.0	117.0	55772.0	304.0	36.0	61909.0	22.0	35.0	3758.0	40.0	22.0	877.0	139.0	19.0	513.0	106.0	171.0	65056.0	114.0	138.0	74589.0	106.0	84.0	39317.0	115.0	24.0	27.0	55.0	81.0	0	62.0	53.0	6.0	100.0	22.0	483.0
Salt_Pond_MetaG_R2A_B_H2O_MG_DASTool_bins_metabat.10	120.0	48.0	14008.0	32.0	46.0	27549.0	134.0	27.0	34476.0	60.0	72.0	101.0	189.0	39.0	228.0	37.0	12.0	78.0	288.0	534.0	922135.0	266.0	423.0	802516.0	479.0	214.0	653416.0	138.0	49.0	121.0	66.0	77.0	21.0	30.0	53.0	11.0	117.0	31.0	208.0
Salt_Pond_MetaG_R2A_B_H2O_MG_DASTool_bins_metabat.42	137.0	92.0	192964.0	91.0	114.0	363350.0	175.0	59.0	374560.0	77.0	72.0	388.0	89.0	43.0	1863.0	48.0	40.0	771.0	86.0	202.0	129703.0	107.0	182.0	162360.0	231.0	626.0	83830.0	135.0	46.0	49.0	61.0	83.0	18.0	59.0	33.0	12.0	60.0	38.0	1821.0
Salt_Pond_MetaG_R2A_C_D1_MG_DASTool_bins_concoct_out.10	801.0	799.0	618.0	632.0	511.0	211.0	659.0	285.0	215.0	82.0	85.0	29.0	151.0	93.0	62.0	122.0	60.0	45.0	3021.0	6905.0	255.0	4140.0	5208.0	840.0	160343.0	29576.0	1415.0	101.0	52.0	73.0	116.0	194.0	0	112.0	38.0	0	118.0	1898.0	32.0
Salt_Pond_MetaG_R2A_C_D1_MG_DASTool_bins_concoct_out.15	376.0	460.0	436.0	316.0	278.0	126.0	328.0	210.0	118.0	62.0	47.0	8.0	83.0	95.0	6.0	12.0	44.0	14.0	882.0	24817.0	62.0	28793.0	33125.0	403.0	242836.0	265948.0	1307.0	103.0	40.0	87.0	44.0	171.0	0	53.0	55.0	0	48.0	82.0	0
Salt_Pond_MetaG_R2A_C_D1_MG_DASTool_bins_concoct_out.52	1525.0	1036.0	7872.0	417.0	388.0	3335.0	2249.0	143.0	3979.0	6.0	2.0	2.0	14.0	43.0	4.0	2.0	2.0	8.0	9052.0	52271.0	1914.0	19282.0	39817.0	2635.0	139589.0	65115.0	4901.0	20.0	10.0	34.0	12.0	0	2.0	4.0	0	2.0	0	165.0	6.0
Salt_Pond_MetaG_R2A_C_D1_MG_DASTool_bins_concoct_out.8	669.0	960.0	447.0	1684.0	3429.0	99.0	659.0	1564.0	93.0	702.0	713.0	37.0	514.0	642.0	41.0	724.0	456.0	112.0	1585.0	5938.0	175.0	17309.0	253243.0	512.0	474733.0	873190.0	913.0	382.0	179.0	166.0	390.0	594.0	17.0	407.0	210.0	20.0	587.0	17948.0	13.0
Salt_Pond_MetaG_R2A_C_D1_MG_DASTool_bins_maxbin.009	1992.0	2403.0	1773.0	2329.0	2460.0	356.0	2186.0	1666.0	285.0	417.0	370.0	66.0	742.0	466.0	84.0	633.0	531.0	151.0	4861.0	59999.0	248.0	90897.0	17109.0	1814.0	1204278.0	41408.0	3949.0	523.0	153.0	372.0	615.0	783.0	20.0	711.0	250.0	17.0	843.0	6704.0	19.0
Salt_Pond_MetaG_R2A_C_D1_MG_DASTool_bins_metabat.16	231.0	414.0	341.0	252.0	282.0	261.0	257.0	780.0	303.0	276.0	247.0	72.0	183.0	220.0	93.0	172.0	160.0	103.0	495.0	7008.0	252.0	10824.0	35324.0	850.0	164337.0	99449.0	1969.0	171.0	64.0	49.0	277.0	230.0	12.0	162.0	133.0	24.0	259.0	65246.0	8.0
Salt_Pond_MetaG_R2A_C_D1_MG_DASTool_bins_metabat.17	1520.0	13299.0	1418.0	1380.0	1614.0	695.0	1402.0	6463.0	830.0	994.0	741.0	379.0	685.0	589.0	626.0	602.0	522.0	631.0	1405.0	6366.0	3334.0	6854.0	53836.0	2492.0	173680.0	384397.0	2405.0	897.0	407.0	95.0	1200.0	3747.0	29.0	833.0	496.0	71.0	2341.0	73773.0	43.0
Salt_Pond_MetaG_R2A_C_D1_MG_DASTool_bins_metabat.18	2530.0	3513.0	2608.0	2511.0	1928.0	471.0	2072.0	1074.0	459.0	154.0	108.0	42.0	225.0	294.0	47.0	163.0	179.0	72.0	12326.0	56045.0	382.0	32022.0	17721.0	1263.0	99979.0	13295.0	3810.0	167.0	41.0	23.0	166.0	274.0	2.0	181.0	89.0	2.0	198.0	1292.0	6.0
Salt_Pond_MetaG_R2A_C_D1_MG_DASTool_bins_metabat.4	28326.0	16785.0	30938.0	15007.0	10673.0	5729.0	17643.0	2331.0	5428.0	485.0	414.0	71.0	514.0	520.0	87.0	402.0	424.0	156.0	88879.0	172330.0	2118.0	140801.0	115079.0	13280.0	664405.0	733927.0	31377.0	306.0	161.0	217.0	382.0	711.0	2.0	538.0	148.0	12.0	468.0	1751.0	54.0
Salt_Pond_MetaG_R2A_C_D1_MG_DASTool_bins_metabat.5	4266.0	6517.0	6316.0	5025.0	6039.0	3253.0	4973.0	6095.0	3773.0	2558.0	2483.0	414.0	7197.0	3401.0	817.0	5775.0	3767.0	1105.0	25669.0	58269.0	3412.0	86899.0	168631.0	9562.0	443941.0	330571.0	23543.0	3552.0	1299.0	168.0	6365.0	7278.0	74.0	9178.0	1718.0	58.0	9756.0	18339.0	39.0
Salt_Pond_MetaG_R2A_C_D2_MG_DASTool_bins_concoct_out.10	682.0	3163.0	196.0	1036.0	1066.0	64.0	1101.0	1719.0	42.0	103.0	65.0	20.0	283.0	149.0	21.0	166.0	207.0	37.0	89943.0	25845.0	88.0	51834.0	26782.0	214.0	128226.0	226259.0	262.0	343.0	193.0	21.0	584.0	764.0	12.0	247.0	111.0	18.0	324.0	1530.0	77.0
Salt_Pond_MetaG_R2A_C_D2_MG_DASTool_bins_concoct_out.16	438.0	856.0	286.0	559.0	430.0	92.0	655.0	504.0	102.0	158.0	70.0	26.0	196.0	165.0	33.0	128.0	153.0	55.0	1484.0	2634.0	142.0	2972.0	29906.0	172.0	19748.0	138752.0	284.0	232.0	104.0	19.0	251.0	522.0	4.0	199.0	103.0	10.0	177.0	473.0	24.0
Salt_Pond_MetaG_R2A_C_D2_MG_DASTool_bins_concoct_out.21	500.0	6067.0	304.0	1487.0	3246.0	78.0	737.0	7089.0	57.0	1090.0	973.0	86.0	1029.0	1449.0	171.0	718.0	800.0	197.0	916.0	18741.0	116.0	6470.0	145640.0	209.0	52479.0	370061.0	402.0	786.0	353.0	26.0	650.0	2168.0	8.0	514.0	539.0	8.0	835.0	10221.0	10.0
Salt_Pond_MetaG_R2A_C_D2_MG_DASTool_bins_concoct_out.31	1016.0	2918.0	696.0	2292.0	2588.0	236.0	4819.0	9850.0	223.0	147.0	195.0	16.0	248.0	224.0	37.0	192.0	125.0	36.0	944.0	1549.0	242.0	1778.0	10412.0	335.0	71244.0	423469.0	1289.0	208.0	52.0	22.0	178.0	221.0	4.0	199.0	100.0	8.0	288.0	495.0	10.0
Salt_Pond_MetaG_R2A_C_D2_MG_DASTool_bins_concoct_out.34	449.0	2138.0	364.0	1545.0	2403.0	169.0	2847.0	6800.0	154.0	210.0	217.0	23.0	212.0	171.0	34.0	156.0	125.0	50.0	1084.0	805.0	152.0	833.0	12614.0	239.0	39611.0	250801.0	1359.0	200.0	56.0	8.0	408.0	267.0	0	518.0	197.0	2.0	871.0	6468.0	2.0
Salt_Pond_MetaG_R2A_C_D2_MG_DASTool_bins_concoct_out.36	458.0	584.0	295.0	550.0	491.0	66.0	420.0	300.0	45.0	42.0	34.0	6.0	102.0	72.0	6.0	90.0	78.0	24.0	781.0	2252.0	53.0	3971.0	78834.0	263.0	48455.0	121684.0	526.0	107.0	33.0	26.0	147.0	176.0	2.0	158.0	61.0	0	291.0	342.0	2.0
Salt_Pond_MetaG_R2A_C_D2_MG_DASTool_bins_concoct_out.4	3197.0	24942.0	2494.0	7972.0	13815.0	1003.0	13282.0	39267.0	776.0	1237.0	1014.0	136.0	871.0	1052.0	202.0	849.0	602.0	364.0	5717.0	2603.0	873.0	2898.0	49776.0	1955.0	48199.0	398126.0	9780.0	822.0	228.0	17.0	1362.0	1041.0	2.0	1353.0	1031.0	14.0	4818.0	7636.0	2.0
Salt_Pond_MetaG_R2A_C_D2_MG_DASTool_bins_concoct_out.41	334.0	4568.0	172.0	1135.0	2214.0	65.0	556.0	5351.0	33.0	821.0	755.0	76.0	754.0	984.0	115.0	580.0	672.0	188.0	731.0	1840.0	61.0	8128.0	67646.0	219.0	116999.0	240545.0	388.0	558.0	244.0	27.0	472.0	1456.0	11.0	392.0	515.0	20.0	546.0	20239.0	11.0
Salt_Pond_MetaG_R2A_C_D2_MG_DASTool_bins_concoct_out.42	3365.0	3806.0	1568.0	4980.0	4493.0	360.0	3893.0	4367.0	334.0	595.0	441.0	91.0	1267.0	768.0	133.0	1105.0	717.0	173.0	26642.0	41757.0	338.0	43392.0	17211.0	2844.0	328216.0	334329.0	7410.0	969.0	365.0	98.0	1113.0	2139.0	0	809.0	721.0	4.0	1384.0	1238.0	18.0
Salt_Pond_MetaG_R2A_C_D2_MG_DASTool_bins_concoct_out.45	1430.0	798.0	2107.0	554.0	462.0	197.0	774.0	147.0	177.0	4.0	4.0	0	18.0	33.0	0	2.0	6.0	4.0	26066.0	60144.0	78.0	31688.0	55408.0	1840.0	75793.0	328068.0	3996.0	10.0	18.0	18.0	4.0	7.0	2.0	1.0	4.0	0	6.0	28.0	16.0
Salt_Pond_MetaG_R2A_C_D2_MG_DASTool_bins_concoct_out.49	94.0	2385.0	54.0	188.0	337.0	29.0	394.0	4286.0	32.0	142.0	128.0	11.0	114.0	191.0	12.0	138.0	119.0	32.0	84.0	2750.0	16.0	1962.0	53456.0	60.0	21579.0	285730.0	99.0	87.0	40.0	17.0	138.0	197.0	4.0	109.0	38.0	2.0	185.0	6823.0	0
Salt_Pond_MetaG_R2A_C_D2_MG_DASTool_bins_concoct_out.51	4157.0	6929.0	1846.0	5202.0	5306.0	439.0	15418.0	6106.0	380.0	59.0	81.0	40.0	235.0	145.0	50.0	98.0	298.0	82.0	4018.0	794.0	234.0	1920.0	9570.0	337.0	52319.0	251017.0	1780.0	206.0	100.0	14.0	278.0	216.0	2.0	215.0	79.0	0	426.0	2762.0	6.0
Salt_Pond_MetaG_R2A_C_D2_MG_DASTool_bins_concoct_out.69	2319.0	4357.0	1239.0	6387.0	11348.0	360.0	4908.0	13599.0	267.0	1978.0	1241.0	140.0	2913.0	1846.0	190.0	2652.0	1660.0	344.0	3907.0	4622.0	229.0	5197.0	11576.0	1082.0	30666.0	252009.0	2279.0	1574.0	590.0	19.0	2278.0	2652.0	13.0	1677.0	750.0	10.0	2766.0	6700.0	16.0
Salt_Pond_MetaG_R2A_C_D2_MG_DASTool_bins_concoct_out.9	1110.0	1596.0	1298.0	1189.0	1145.0	512.0	1198.0	1100.0	411.0	474.0	393.0	105.0	657.0	611.0	118.0	481.0	405.0	157.0	2538.0	11501.0	612.0	12348.0	88202.0	892.0	81912.0	320402.0	1412.0	472.0	170.0	11.0	589.0	809.0	12.0	664.0	232.0	14.0	716.0	3357.0	1439.0
Salt_Pond_MetaG_R2A_C_D2_MG_DASTool_bins_maxbin.022	427.0	1275.0	306.0	527.0	676.0	72.0	538.0	2055.0	91.0	113.0	116.0	27.0	275.0	150.0	22.0	179.0	148.0	68.0	3299.0	21971.0	164.0	21101.0	141927.0	536.0	260086.0	561370.0	1022.0	207.0	101.0	76.0	278.0	286.0	9.0	288.0	93.0	26.0	351.0	15728.0	6.0
Salt_Pond_MetaG_R2A_C_D2_MG_DASTool_bins_metabat.10	254.0	393.0	239.0	277.0	231.0	58.0	274.0	239.0	69.0	66.0	54.0	8.0	128.0	104.0	12.0	54.0	70.0	21.0	377.0	14988.0	71.0	14335.0	381052.0	402.0	186888.0	423940.0	971.0	91.0	33.0	94.0	158.0	226.0	4.0	69.0	51.0	0	340.0	1245.0	2.0
Salt_Pond_MetaG_R2A_C_D2_MG_DASTool_bins_metabat.18	9170.0	24955.0	5371.0	16901.0	20932.0	1309.0	22372.0	32506.0	1050.0	230.0	240.0	61.0	425.0	249.0	130.0	294.0	280.0	153.0	2024.0	976.0	9613.0	1826.0	12520.0	3682.0	29139.0	167737.0	11320.0	565.0	199.0	9.0	700.0	577.0	2.0	807.0	233.0	0	1079.0	862.0	27.0
Salt_Pond_MetaG_R2A_C_D2_MG_DASTool_bins_metabat.27	1417.0	1768.0	752.0	1248.0	1055.0	167.0	1080.0	1137.0	145.0	225.0	198.0	14.0	264.0	392.0	23.0	296.0	237.0	48.0	1814.0	38420.0	175.0	6258.0	93262.0	309.0	51595.0	301544.0	688.0	306.0	161.0	29.0	303.0	413.0	14.0	250.0	146.0	0	357.0	1583.0	40.0
Salt_Pond_MetaG_R2A_C_D2_MG_DASTool_bins_metabat.38	640.0	820.0	668.0	602.0	487.0	206.0	640.0	352.0	166.0	192.0	108.0	30.0	185.0	142.0	54.0	110.0	131.0	60.0	808.0	759.0	185.0	896.0	6839.0	211.0	32758.0	140694.0	602.0	117.0	67.0	15.0	187.0	190.0	4.0	188.0	72.0	0	222.0	1399.0	44.0
Salt_Pond_MetaG_R2A_C_H2O_MG_DASTool_bins_concoct_out.67	124.0	115.0	9901.0	175.0	128.0	14756.0	266.0	64.0	17761.0	114.0	346.0	35.0	112.0	88.0	90.0	16.0	28.0	69.0	176.0	169.0	1266628.0	74.0	93.0	514346.0	172.0	58.0	186600.0	84.0	34.0	62.0	62.0	54.0	18.0	144.0	46.0	9.0	104.0	11.0	3.0
Salt_Pond_MetaG_R2A_C_H2O_MG_DASTool_bins_metabat.16	42.0	41.0	28627.0	35.0	52.0	54521.0	64.0	38.0	60857.0	34.0	30.0	24.0	96.0	32.0	66.0	30.0	23.0	30.0	123.0	134.0	497162.0	105.0	126.0	379471.0	182.0	108.0	306009.0	16.0	35.0	38.0	62.0	28.0	6.0	32.0	12.0	6.0	56.0	20.0	44.0
Salt_Pond_MetaG_R2A_C_H2O_MG_DASTool_bins_metabat.4	227.0	147.0	92399.0	111.0	90.0	69281.0	282.0	52.0	69156.0	80.0	80.0	194.0	1806.0	135.0	314.0	70.0	39.0	254.0	612.0	2290.0	9954275.0	1254.0	2217.0	6940830.0	2873.0	1077.0	4962112.0	48.0	373.0	743.0	198.0	59.0	50.0	64.0	25.0	36.0	74.0	32.0	364.0
Salt_Pond_MetaG_R2A_C_H2O_MG_DASTool_bins_metabat.5	1407.0	1270.0	48848.0	1011.0	825.0	69912.0	1185.0	367.0	74384.0	4232.0	3855.0	691.0	2534.0	2329.0	1402.0	2826.0	2396.0	781.0	1682.0	1726.0	1761634.0	1058.0	945.0	1265368.0	1047.0	871.0	1098845.0	1047.0	371.0	126.0	2225.0	1814.0	20.0	2957.0	798.0	33.0	4043.0	580.0	128.0
Salt_Pond_MetaG_R2_A_D1_MG_DASTool_bins_concoct_out.119	11.0	31.0	16.0	63.0	216.0	21.0	35.0	125.0	12.0	106076.0	77233.0	7413.0	87832.0	148962.0	10767.0	66641.0	37540.0	38241.0	41.0	33.0	37.0	218.0	68.0	51.0	64.0	19.0	19.0	168466.0	19644.0	142.0	63422.0	89461.0	152.0	52353.0	545990.0	337.0	5939.0	252.0	13.0
Salt_Pond_MetaG_R2_A_D1_MG_DASTool_bins_concoct_out.29	469.0	642.0	444.0	546.0	446.0	90.0	448.0	267.0	116.0	2457.0	2832.0	216.0	3232.0	16582.0	381.0	3759.0	15871.0	50110.0	752.0	569.0	2143.0	895.0	340.0	817.0	626.0	484.0	612.0	243845.0	12843.0	67.0	6460.0	193704.0	71.0	2983.0	98189.0	213.0	2223.0	679.0	12.0
Salt_Pond_MetaG_R2_A_D1_MG_DASTool_bins_concoct_out.35	535.0	1239.0	635.0	946.0	1434.0	204.0	924.0	1545.0	185.0	3275.0	4453.0	463.0	18348.0	12088.0	785.0	5332.0	22435.0	51948.0	5977.0	7977.0	552.0	8141.0	4892.0	711.0	10747.0	7490.0	1106.0	265413.0	24083.0	35.0	15228.0	202350.0	65.0	22473.0	29135.0	196.0	5025.0	2662.0	311.0
Salt_Pond_MetaG_R2_A_D1_MG_DASTool_bins_concoct_out.49	1322.0	2014.0	2410.0	2626.0	2652.0	903.0	1978.0	1949.0	784.0	288180.0	426265.0	10241.0	443599.0	599572.0	13836.0	268685.0	282231.0	71804.0	15337.0	7632.0	3341.0	8707.0	2825.0	4764.0	5303.0	3051.0	7938.0	341900.0	51839.0	103.0	113793.0	560751.0	437.0	153785.0	103792.0	484.0	180155.0	8438.0	133.0
Salt_Pond_MetaG_R2_A_D1_MG_DASTool_bins_concoct_out.52	8.0	10.0	2.0	20.0	28.0	4.0	16.0	9.0	2.0	1463.0	537.0	73.0	1070.0	2635.0	66.0	5313.0	4364.0	30748.0	0	2.0	7.0	69.0	8.0	6.0	10.0	16.0	16.0	142493.0	2532.0	2.0	2357.0	7408.0	4.0	442.0	266.0	79.0	449.0	67.0	3.0
Salt_Pond_MetaG_R2_A_D1_MG_DASTool_bins_concoct_out.66	187.0	231.0	161.0	305.0	310.0	67.0	193.0	144.0	58.0	410.0	283.0	87.0	398.0	656.0	120.0	874.0	5130.0	9734.0	79.0	151.0	93.0	361.0	131.0	81.0	83.0	90.0	109.0	130160.0	59444.0	1.0	8973.0	31826.0	9.0	877.0	1520.0	67.0	351.0	4185.0	0
Salt_Pond_MetaG_R2_A_D1_MG_DASTool_bins_concoct_out.84	1295.0	1569.0	560.0	2084.0	2060.0	126.0	1809.0	1535.0	86.0	84160.0	5872.0	3688.0	68945.0	12567.0	6729.0	106693.0	24455.0	58789.0	240.0	149.0	158.0	1518.0	730.0	144.0	604.0	450.0	527.0	330094.0	64447.0	17.0	190444.0	154744.0	126.0	67154.0	86992.0	231.0	22187.0	1322.0	9.0
Salt_Pond_MetaG_R2_A_D1_MG_DASTool_bins_concoct_out.93	16.0	18.0	6.0	23.0	20.0	0	12.0	16.0	9.0	457.0	596.0	90.0	713.0	682.0	60.0	1799.0	3412.0	10673.0	0	16.0	24.0	123.0	32.0	6.0	65.0	46.0	12.0	57733.0	5919.0	6.0	34668.0	54129.0	12.0	1287.0	2279.0	40.0	120.0	68.0	2.0
Salt_Pond_MetaG_R2_A_D1_MG_DASTool_bins_concoct_out.98	4.0	23.0	31.0	67.0	207.0	38.0	18.0	116.0	22.0	463129.0	461685.0	14368.0	260009.0	354579.0	14220.0	157953.0	153451.0	54223.0	28.0	46.0	30.0	263.0	46.0	70.0	62.0	36.0	6.0	175559.0	14896.0	31.0	51404.0	470517.0	133.0	60911.0	84548.0	142.0	53907.0	1713.0	14.0
Salt_Pond_MetaG_R2_A_D1_MG_DASTool_bins_maxbin.001	134.0	368.0	2109.0	163.0	175.0	2473.0	203.0	173.0	1948.0	269.0	310.0	680.0	2211.0	1630.0	602.0	325.0	4135.0	24688.0	3890.0	511.0	2776.0	394.0	398.0	1697.0	359.0	397.0	1287.0	119374.0	8127.0	10.0	5573.0	76297.0	8.0	599.0	45703.0	88.0	1945.0	2914.0	19908520.0
Salt_Pond_MetaG_R2_A_D1_MG_DASTool_bins_metabat.10	60.0	78.0	42.0	164.0	384.0	93.0	129.0	345.0	54.0	875691.0	784630.0	18304.0	318646.0	482136.0	22679.0	492504.0	400382.0	73036.0	295.0	147.0	929.0	954.0	199.0	1263.0	240.0	147.0	327.0	251370.0	49605.0	69.0	314077.0	297863.0	553.0	272160.0	122786.0	354.0	502839.0	8433.0	32.0
Salt_Pond_MetaG_R2_A_D1_MG_DASTool_bins_metabat.12	1709.0	2202.0	2309.0	2091.0	3000.0	1713.0	2088.0	2171.0	1794.0	2018968.0	1926314.0	72717.0	1881383.0	2225874.0	113366.0	1957319.0	1580653.0	245982.0	2767.0	2623.0	10645.0	9618.0	1997.0	7943.0	4849.0	2454.0	6242.0	746328.0	152587.0	251.0	1070509.0	1452046.0	2799.0	1793508.0	513567.0	1357.0	962429.0	33018.0	265.0
Salt_Pond_MetaG_R2_A_D1_MG_DASTool_bins_metabat.24	96.0	190.0	583.0	123.0	388.0	908.0	148.0	260.0	939.0	16968.0	11272.0	529.0	35007.0	38200.0	968.0	8438.0	11774.0	114078.0	76.0	64.0	1393.0	459.0	161.0	779.0	209.0	111.0	384.0	543517.0	31836.0	186.0	55066.0	289147.0	160.0	6675.0	54200.0	342.0	1044.0	1704.0	379.0
Salt_Pond_MetaG_R2_A_D1_MG_DASTool_bins_metabat.32	998.0	1181.0	539.0	1312.0	1187.0	244.0	1130.0	824.0	159.0	7463.0	5219.0	327.0	13450.0	8681.0	557.0	5669.0	3748.0	24392.0	324.0	140.0	444.0	420.0	423.0	197.0	285.0	326.0	594.0	140362.0	18003.0	55.0	28693.0	64250.0	70.0	11330.0	30001.0	150.0	4196.0	1697.0	42.0
Salt_Pond_MetaG_R2_A_D1_MG_DASTool_bins_metabat.50	4645.0	5589.0	4382.0	4720.0	4469.0	1863.0	4280.0	3339.0	1843.0	719395.0	649140.0	24400.0	620107.0	980390.0	34476.0	446652.0	293945.0	56117.0	4010.0	4254.0	2726.0	5308.0	3449.0	2554.0	4648.0	5128.0	4623.0	170862.0	58164.0	407.0	228912.0	258987.0	955.0	472932.0	106248.0	610.0	339076.0	15622.0	199.0
Salt_Pond_MetaG_R2_A_D1_MG_DASTool_bins_metabat.61	23.0	39.0	120.0	91.0	218.0	41.0	49.0	41.0	48.0	520.0	647.0	144.0	524.0	1530.0	281.0	4477.0	21958.0	9065.0	27.0	519.0	18.0	142.0	37.0	6.0	22.0	30.0	4.0	158009.0	82867.0	218.0	11490.0	56284.0	249.0	1009.0	8124.0	356.0	778.0	14678.0	10.0
Salt_Pond_MetaG_R2_A_D1_MG_DASTool_bins_metabat.7	86.0	179.0	118.0	231.0	582.0	172.0	194.0	491.0	146.0	65952.0	76656.0	4353.0	70312.0	98635.0	4766.0	48741.0	59695.0	142395.0	128.0	115.0	489.0	599.0	171.0	290.0	211.0	193.0	181.0	681683.0	44815.0	29.0	71491.0	366881.0	86.0	103270.0	235624.0	437.0	28597.0	1319.0	205.0
Salt_Pond_MetaG_R2_A_D1_MG_DASTool_bins_metabat.9	60.0	191.0	72.0	471.0	1423.0	51.0	339.0	421.0	29.0	111007.0	139495.0	8473.0	97566.0	139462.0	8513.0	96016.0	100121.0	80986.0	110.0	89.0	97.0	614.0	233.0	105.0	153.0	252.0	93.0	359978.0	34576.0	18.0	127610.0	381264.0	165.0	177164.0	168725.0	300.0	62472.0	2698.0	19.0
Salt_Pond_MetaG_R2_A_D2_MG_DASTool_bins_concoct_out.19	16.0	185.0	6.0	1322.0	3561.0	4.0	176.0	2896.0	6.0	5014.0	2495.0	2383.0	12101.0	2767.0	10322.0	11263.0	18378.0	5165.0	46.0	95.0	4461.0	171.0	16.0	1003.0	279.0	51.0	643.0	12488.0	909586.0	1149780.0	22486.0	45780.0	867196.0	16421.0	16635.0	1284514.0	2815.0	1069.0	4.0
Salt_Pond_MetaG_R2_A_D2_MG_DASTool_bins_concoct_out.67	36.0	532.0	10.0	2022.0	5479.0	2.0	522.0	5867.0	6.0	7399.0	3382.0	1390.0	10404.0	3471.0	3353.0	8372.0	12125.0	2921.0	79.0	109.0	2805.0	184.0	26.0	675.0	237.0	29.0	398.0	6798.0	700524.0	852571.0	10531.0	12166.0	634087.0	5076.0	3522.0	742291.0	2626.0	2261.0	4.0
Salt_Pond_MetaG_R2_A_D2_MG_DASTool_bins_concoct_out.9	26.0	564.0	9.0	2031.0	5367.0	9.0	435.0	5967.0	6.0	12325.0	8887.0	2762.0	14931.0	7007.0	7730.0	14421.0	17963.0	6024.0	84.0	133.0	4383.0	301.0	45.0	984.0	379.0	55.0	622.0	12491.0	1167853.0	1347552.0	21310.0	26018.0	897258.0	11843.0	8188.0	1195684.0	3214.0	2450.0	13.0
Salt_Pond_MetaG_R2_A_D2_MG_DASTool_bins_metabat.14	47.0	1140.0	19.0	4065.0	10566.0	37.0	880.0	11446.0	27.0	67822.0	50264.0	11616.0	67999.0	45005.0	38767.0	74871.0	78229.0	28536.0	165.0	217.0	1664.0	570.0	104.0	447.0	367.0	124.0	252.0	65436.0	447628.0	486872.0	75278.0	164920.0	382021.0	33583.0	62583.0	421384.0	12327.0	4929.0	69.0
Salt_Pond_MetaG_R2_A_D2_MG_DASTool_bins_metabat.16	3.0	54.0	12.0	176.0	472.0	4.0	37.0	421.0	2.0	1804.0	1763.0	2998.0	1400.0	741.0	17260.0	3100.0	1603.0	7243.0	8.0	20.0	2096.0	41.0	0	539.0	149.0	15.0	324.0	5651.0	571325.0	883355.0	6903.0	3478.0	777119.0	3331.0	4925.0	680232.0	541.0	523.0	366.0
Salt_Pond_MetaG_R2_A_H2O_MG_DASTool_bins_concoct_out.11	78.0	1150.0	20.0	13184.0	30755.0	14.0	2038.0	25793.0	14.0	25607.0	13402.0	1692.0	77035.0	11946.0	5009.0	96449.0	107076.0	5949.0	222.0	234.0	2496.0	588.0	93.0	594.0	337.0	75.0	288.0	28362.0	464101.0	563478.0	71556.0	85707.0	420213.0	29036.0	17741.0	477709.0	22074.0	3290.0	10.0
Salt_Pond_MetaG_R2_A_H2O_MG_DASTool_bins_concoct_out.29	98.0	1375.0	8.0	11014.0	26549.0	20.0	1623.0	15083.0	8.0	44538.0	22555.0	5597.0	42146.0	34187.0	11529.0	48175.0	36870.0	13187.0	240.0	263.0	2479.0	673.0	73.0	601.0	426.0	76.0	382.0	52484.0	553419.0	610328.0	55743.0	55754.0	453390.0	36398.0	19548.0	721548.0	29890.0	6575.0	28.0
Salt_Pond_MetaG_R2_A_H2O_MG_DASTool_bins_concoct_out.45	27.0	438.0	2.0	3249.0	7831.0	9.0	656.0	6713.0	4.0	8612.0	4750.0	931.0	20388.0	4991.0	3273.0	19782.0	25899.0	3243.0	133.0	92.0	1220.0	216.0	40.0	292.0	135.0	19.0	174.0	18975.0	252447.0	299616.0	23143.0	38041.0	223580.0	11029.0	11114.0	252168.0	5259.0	1336.0	10.0
Salt_Pond_MetaG_R2_A_H2O_MG_DASTool_bins_maxbin.035	0	4.0	0	21.0	62.0	0	6.0	59.0	2.0	307.0	119.0	83.0	342.0	145.0	298.0	249.0	256.0	179.0	1.0	2.0	335.0	14.0	0	72.0	17.0	2.0	48.0	635.0	41888.0	68189.0	1131.0	545.0	70388.0	523.0	2994.0	68298.0	58.0	98.0	0
Salt_Pond_MetaG_R2_A_H2O_MG_DASTool_bins_metabat.14	69.0	459.0	48.0	11157.0	30383.0	30.0	644.0	8163.0	76.0	17272.0	7093.0	97938.0	122292.0	5557.0	503322.0	62861.0	159496.0	167404.0	113.0	171.0	2996.0	652.0	118.0	791.0	300.0	72.0	426.0	145359.0	746899.0	838647.0	139111.0	175512.0	662780.0	78058.0	92973.0	670801.0	22802.0	1340.0	647.0
Salt_Pond_MetaG_R2_B_D1_MG_DASTool_bins_concoct_out.110	750.0	573.0	569.0	459.0	545.0	289.0	696.0	412.0	237.0	59718.0	82845.0	24073.0	262649.0	43240.0	35572.0	151159.0	47007.0	49512.0	10995.0	1116.0	1887.0	2439.0	509.0	3918.0	724.0	517.0	1486.0	48062.0	13299.0	142.0	345732.0	48946.0	830.0	680561.0	16995.0	579.0	894491.0	18470.0	38.0
Salt_Pond_MetaG_R2_B_D1_MG_DASTool_bins_concoct_out.40	1510.0	2795.0	1419.0	3404.0	6109.0	606.0	3608.0	5645.0	467.0	81428.0	48262.0	38333.0	141757.0	24148.0	44097.0	130841.0	33121.0	80720.0	12712.0	263.0	3343.0	3085.0	2877.0	4832.0	1363.0	8102.0	7632.0	107228.0	23178.0	34.0	361374.0	128349.0	366.0	351258.0	376125.0	519.0	946992.0	26435.0	19.0
Salt_Pond_MetaG_R2_B_D1_MG_DASTool_bins_metabat.10	20.0	89.0	100.0	223.0	664.0	289.0	182.0	549.0	110.0	1557684.0	1781179.0	40110.0	1021603.0	1365022.0	56949.0	1027997.0	617107.0	130925.0	433.0	231.0	231.0	2056.0	357.0	607.0	576.0	267.0	103.0	355545.0	58179.0	118.0	714249.0	479915.0	1243.0	901368.0	182117.0	609.0	758643.0	17801.0	80.0
Salt_Pond_MetaG_R2_B_D1_MG_DASTool_bins_metabat.13	1437.0	2391.0	2202.0	3188.0	4940.0	1082.0	2331.0	2844.0	677.0	878511.0	769575.0	37680.0	1657247.0	1527136.0	65355.0	848446.0	918128.0	218972.0	21163.0	11849.0	2256.0	13735.0	3939.0	4845.0	8604.0	4930.0	7330.0	1107451.0	304446.0	128.0	717304.0	1990010.0	1426.0	1086496.0	679297.0	1288.0	665184.0	24205.0	121.0
Salt_Pond_MetaG_R2_B_D1_MG_DASTool_bins_metabat.22	309.0	484.0	373.0	479.0	753.0	210.0	464.0	499.0	89.0	607698.0	496763.0	18176.0	479528.0	602978.0	26526.0	427825.0	390668.0	51084.0	630.0	585.0	895.0	1988.0	412.0	717.0	891.0	540.0	477.0	160380.0	51251.0	492.0	252357.0	371888.0	911.0	419385.0	139326.0	750.0	199384.0	9848.0	4.0
Salt_Pond_MetaG_R2_B_D2_MG_DASTool_bins_concoct_out.124	2557.0	2715.0	2670.0	1793.0	1492.0	680.0	1869.0	719.0	626.0	2285.0	4123.0	230.0	14137.0	41517.0	324.0	2992.0	32459.0	10838.0	2874.0	2052.0	685.0	1945.0	684.0	916.0	1136.0	1202.0	3180.0	85721.0	34444.0	220.0	16043.0	220114.0	139.0	5598.0	84749.0	306.0	5434.0	1450.0	26.0
Salt_Pond_MetaG_R2_B_D2_MG_DASTool_bins_concoct_out.143	1338.0	1896.0	2761.0	2983.0	2575.0	1464.0	1903.0	1257.0	1272.0	14492.0	15001.0	3427.0	85271.0	139095.0	4121.0	11228.0	73265.0	16952.0	9467.0	3942.0	3465.0	4611.0	1691.0	3521.0	2391.0	1310.0	6614.0	115002.0	45681.0	20.0	47812.0	436434.0	42.0	29945.0	169554.0	149.0	28565.0	3486.0	931.0
Salt_Pond_MetaG_R2_B_D2_MG_DASTool_bins_concoct_out.32	1508.0	1938.0	2285.0	3216.0	2485.0	881.0	1863.0	1148.0	708.0	12958.0	24264.0	2077.0	135447.0	146973.0	2875.0	15323.0	73978.0	15692.0	10261.0	4162.0	2742.0	4671.0	1478.0	3549.0	2465.0	1285.0	6083.0	86368.0	20444.0	16.0	54098.0	274855.0	59.0	51404.0	57923.0	87.0	21871.0	2927.0	94.0
Salt_Pond_MetaG_R2_B_D2_MG_DASTool_bins_concoct_out.39	5726.0	6560.0	4267.0	6061.0	5394.0	783.0	4845.0	2640.0	613.0	95184.0	112821.0	2775.0	157417.0	360441.0	4688.0	79590.0	178688.0	57516.0	4981.0	5606.0	458.0	7240.0	3508.0	746.0	6214.0	3507.0	2368.0	321783.0	58832.0	32.0	85026.0	542888.0	138.0	82223.0	278363.0	318.0	46760.0	6669.0	9.0
Salt_Pond_MetaG_R2_B_D2_MG_DASTool_bins_concoct_out.4	903.0	1283.0	965.0	876.0	1055.0	250.0	987.0	1470.0	233.0	5453.0	5508.0	143.0	25693.0	9830.0	290.0	9990.0	55051.0	15683.0	2486.0	1991.0	119.0	1782.0	536.0	271.0	1195.0	504.0	764.0	102114.0	27220.0	16.0	44829.0	358986.0	40.0	18194.0	102704.0	124.0	11063.0	626.0	751.0
Salt_Pond_MetaG_R2_B_D2_MG_DASTool_bins_concoct_out.80	211.0	191.0	101.0	1169.0	3297.0	58.0	807.0	931.0	70.0	39790.0	34076.0	2510.0	66546.0	34262.0	5106.0	34854.0	55871.0	28447.0	144.0	158.0	135.0	326.0	202.0	86.0	199.0	176.0	117.0	131998.0	18137.0	42.0	31950.0	180944.0	59.0	30797.0	100194.0	142.0	34469.0	599.0	22.0
Salt_Pond_MetaG_R2_B_D2_MG_DASTool_bins_metabat.10	2922.0	4060.0	5435.0	6593.0	5198.0	2827.0	3892.0	2399.0	2241.0	177290.0	144912.0	3917.0	152002.0	313807.0	5186.0	137690.0	361943.0	25021.0	22395.0	8322.0	12974.0	9572.0	3176.0	10197.0	4944.0	2864.0	15025.0	160944.0	61342.0	14.0	151753.0	602578.0	175.0	83386.0	169192.0	269.0	156150.0	4466.0	162.0
Salt_Pond_MetaG_R2_B_D2_MG_DASTool_bins_metabat.16	1622.0	2499.0	3032.0	4265.0	3549.0	1357.0	2506.0	1835.0	1101.0	259252.0	291191.0	11890.0	378877.0	365100.0	18342.0	221227.0	385495.0	73841.0	13787.0	5309.0	4259.0	7158.0	2220.0	4731.0	3590.0	1864.0	8561.0	341950.0	67529.0	49.0	238161.0	859078.0	407.0	236099.0	193645.0	410.0	98164.0	5307.0	235.0
Salt_Pond_MetaG_R2_B_D2_MG_DASTool_bins_metabat.19	1479.0	2193.0	2933.0	2871.0	2444.0	1251.0	2060.0	1637.0	1082.0	64047.0	61208.0	9506.0	290500.0	234217.0	13007.0	48382.0	148589.0	94821.0	16354.0	8171.0	5646.0	8790.0	2909.0	5762.0	5692.0	3338.0	8087.0	552356.0	134032.0	40.0	148626.0	1030082.0	216.0	187254.0	570677.0	582.0	79426.0	5343.0	2051.0
Salt_Pond_MetaG_R2_B_D2_MG_DASTool_bins_metabat.20	146.0	198.0	225.0	205.0	375.0	203.0	193.0	284.0	162.0	93385.0	95363.0	11620.0	104885.0	77640.0	11177.0	102031.0	79868.0	47002.0	224.0	118.0	271.0	300.0	167.0	308.0	124.0	261.0	507.0	141982.0	8838.0	34.0	140007.0	273739.0	291.0	351596.0	201915.0	137.0	68156.0	578.0	8.0
Salt_Pond_MetaG_R2_B_D2_MG_DASTool_bins_metabat.38	1013.0	1533.0	2397.0	2565.0	2252.0	1529.0	1608.0	1272.0	1355.0	262623.0	315552.0	69426.0	403100.0	259198.0	127300.0	250482.0	300611.0	122382.0	5976.0	2288.0	6092.0	3874.0	1237.0	4789.0	1840.0	857.0	6377.0	304689.0	35248.0	98.0	248742.0	551385.0	553.0	336272.0	73441.0	458.0	240160.0	7000.0	606.0
Salt_Pond_MetaG_R2_B_D2_MG_DASTool_bins_metabat.43	292.0	571.0	763.0	435.0	582.0	861.0	475.0	726.0	728.0	24931.0	15517.0	4267.0	72668.0	35043.0	6018.0	45062.0	74201.0	17436.0	4206.0	1336.0	1587.0	1562.0	766.0	1380.0	1072.0	1003.0	934.0	79749.0	13185.0	202.0	57353.0	214535.0	202.0	36263.0	21563.0	227.0	16118.0	1082.0	1931.0
Salt_Pond_MetaG_R2_B_D2_MG_DASTool_bins_metabat.44	1716.0	2380.0	782.0	2777.0	2541.0	192.0	2517.0	2233.0	193.0	145896.0	243251.0	599.0	168912.0	559300.0	976.0	121460.0	379647.0	146421.0	366.0	508.0	256.0	1250.0	985.0	199.0	654.0	733.0	711.0	811448.0	104763.0	32.0	131722.0	876601.0	103.0	17067.0	118651.0	503.0	3514.0	12407.0	316.0
Salt_Pond_MetaG_R2_B_D2_MG_DASTool_bins_metabat.45	1481.0	1493.0	817.0	1986.0	2243.0	434.0	1696.0	2313.0	342.0	18332.0	20276.0	2838.0	22088.0	36972.0	2396.0	14483.0	39262.0	13435.0	2680.0	1660.0	918.0	1767.0	1923.0	974.0	2687.0	4289.0	1508.0	176536.0	98255.0	942.0	62029.0	285008.0	762.0	15979.0	82796.0	1112.0	76419.0	4901.0	27.0
Salt_Pond_MetaG_R2_B_D2_MG_DASTool_bins_metabat.50	2319.0	2555.0	1728.0	2053.0	1715.0	422.0	1797.0	895.0	288.0	29891.0	29923.0	2071.0	56471.0	120391.0	3156.0	20051.0	44493.0	23794.0	1988.0	2219.0	501.0	2614.0	1397.0	473.0	2339.0	1680.0	1223.0	156362.0	51774.0	722.0	36321.0	313166.0	669.0	54953.0	327794.0	1162.0	72048.0	3932.0	264.0
Salt_Pond_MetaG_R2_B_D2_MG_DASTool_bins_metabat.52	93.0	176.0	114.0	250.0	330.0	143.0	147.0	209.0	122.0	69564.0	43360.0	2589.0	59908.0	74405.0	4232.0	46963.0	35342.0	207979.0	76.0	94.0	88.0	1054.0	212.0	96.0	371.0	143.0	91.0	1018825.0	112852.0	223.0	207747.0	390281.0	285.0	65831.0	210571.0	638.0	8945.0	1933.0	77.0
Salt_Pond_MetaG_R2_B_D2_MG_DASTool_bins_metabat.55	802.0	1173.0	2295.0	2175.0	1828.0	1772.0	1238.0	986.0	1563.0	308329.0	299282.0	15738.0	283104.0	338815.0	13541.0	163952.0	318856.0	45407.0	4609.0	1318.0	7265.0	2794.0	856.0	5541.0	1141.0	511.0	5977.0	193176.0	40729.0	149.0	158841.0	428615.0	477.0	155226.0	128910.0	479.0	169764.0	6439.0	685.0
Salt_Pond_MetaG_R2_B_D2_MG_DASTool_bins_metabat.62	108.0	183.0	110.0	170.0	316.0	64.0	151.0	207.0	97.0	28636.0	8287.0	742.0	29744.0	22927.0	1118.0	15256.0	20575.0	23131.0	265.0	180.0	163.0	367.0	137.0	134.0	180.0	165.0	139.0	127953.0	19724.0	349.0	39524.0	125701.0	357.0	12934.0	48810.0	455.0	1975.0	3255.0	42.0
Salt_Pond_MetaG_R2_B_H2O_MG_DASTool_bins_metabat.16	38.0	211.0	6.0	1477.0	3904.0	18.0	313.0	3313.0	19.0	8227.0	4733.0	5531.0	20879.0	6583.0	15785.0	23678.0	35124.0	12001.0	48.0	112.0	12251.0	345.0	56.0	2750.0	498.0	74.0	1726.0	20099.0	2399473.0	2949019.0	45927.0	72587.0	2207227.0	34627.0	28942.0	3263984.0	4085.0	1417.0	15.0
Salt_Pond_MetaG_R2_B_H2O_MG_DASTool_bins_metabat.17	59.0	943.0	16.0	4282.0	10927.0	28.0	812.0	10363.0	18.0	11991.0	5511.0	2027.0	16837.0	6005.0	5543.0	15311.0	20064.0	5389.0	109.0	189.0	15138.0	313.0	63.0	3081.0	572.0	61.0	2247.0	20400.0	2525326.0	2934483.0	39461.0	33949.0	2183222.0	23262.0	25844.0	4280738.0	5387.0	4600.0	27.0
Salt_Pond_MetaG_R2_B_H2O_MG_DASTool_bins_metabat.29	4.0	8.0	2.0	10.0	34.0	10.0	2.0	47.0	6.0	1859.0	2241.0	328.0	420.0	707.0	1770.0	1699.0	572.0	1181.0	6.0	16.0	792.0	22.0	10.0	224.0	40.0	10.0	130.0	4743.0	164493.0	258460.0	8385.0	5687.0	259155.0	2109.0	9696.0	230314.0	85.0	233.0	4.0
Salt_Pond_MetaG_R2_C_D1_MG_DASTool_bins_concoct_out.118	30.0	44.0	30.0	69.0	157.0	26.0	48.0	127.0	12.0	22506.0	41822.0	2599.0	26639.0	49567.0	3583.0	17129.0	9004.0	6097.0	65.0	48.0	149.0	157.0	53.0	75.0	54.0	51.0	55.0	14074.0	2331.0	63.0	50291.0	19774.0	134.0	128758.0	15317.0	66.0	42825.0	779.0	22.0
Salt_Pond_MetaG_R2_C_D1_MG_DASTool_bins_concoct_out.37	536.0	541.0	382.0	648.0	720.0	140.0	644.0	596.0	135.0	74747.0	87285.0	2757.0	56091.0	51982.0	4840.0	46210.0	21815.0	8861.0	413.0	210.0	518.0	315.0	341.0	262.0	338.0	1315.0	455.0	21663.0	2446.0	15.0	35229.0	68414.0	131.0	183580.0	35061.0	41.0	14387.0	448.0	25.0
Salt_Pond_MetaG_R2_C_D1_MG_DASTool_bins_concoct_out.65	8230.0	3193.0	3068.0	1697.0	1752.0	811.0	5200.0	1471.0	503.0	764587.0	1012397.0	31666.0	398200.0	548392.0	49411.0	647613.0	633653.0	77162.0	26947.0	2239.0	9604.0	5108.0	820.0	7299.0	1250.0	801.0	4649.0	114644.0	22082.0	158.0	358145.0	310123.0	896.0	444732.0	66405.0	731.0	951517.0	10963.0	112.0
Salt_Pond_MetaG_R2_C_D1_MG_DASTool_bins_concoct_out.7	113.0	79.0	201.0	139.0	142.0	85.0	95.0	72.0	92.0	5988.0	13723.0	7693.0	120158.0	60270.0	10853.0	11698.0	6180.0	16390.0	304.0	213.0	211.0	437.0	82.0	195.0	98.0	59.0	313.0	14103.0	3966.0	20.0	146319.0	16123.0	214.0	375985.0	8604.0	124.0	169065.0	2295.0	2.0
Salt_Pond_MetaG_R2_C_D1_MG_DASTool_bins_concoct_out.71	401.0	171.0	987.0	179.0	209.0	290.0	281.0	74.0	276.0	5440.0	10016.0	11247.0	171949.0	6928.0	19478.0	21225.0	8021.0	29815.0	824.0	328.0	966.0	656.0	207.0	3203.0	162.0	109.0	6870.0	29163.0	7698.0	20.0	282338.0	38578.0	325.0	564984.0	10570.0	106.0	211462.0	2810.0	10.0
Salt_Pond_MetaG_R2_C_D1_MG_DASTool_bins_concoct_out.88	125.0	92.0	149.0	135.0	191.0	70.0	104.0	136.0	47.0	3503.0	7525.0	3734.0	97113.0	29040.0	6421.0	9397.0	5298.0	8582.0	288.0	254.0	286.0	414.0	127.0	282.0	191.0	96.0	345.0	8570.0	2286.0	34.0	75335.0	9600.0	137.0	197013.0	4745.0	121.0	184025.0	1914.0	9.0
Salt_Pond_MetaG_R2_C_D1_MG_DASTool_bins_concoct_out.95	2291.0	2452.0	1200.0	7207.0	13371.0	378.0	2873.0	2328.0	280.0	8072.0	8381.0	5886.0	29620.0	7777.0	16069.0	7762.0	7035.0	15923.0	294.0	82.0	1444.0	938.0	650.0	746.0	294.0	528.0	1646.0	65454.0	28670.0	81.0	117355.0	25123.0	260.0	322469.0	70035.0	268.0	344448.0	6366.0	58.0
Salt_Pond_MetaG_R2_C_D1_MG_DASTool_bins_concoct_out.98	479.0	561.0	412.0	996.0	1051.0	82.0	733.0	918.0	97.0	32034.0	42180.0	2774.0	37540.0	23970.0	3081.0	21544.0	17860.0	12558.0	761.0	40.0	466.0	405.0	320.0	396.0	160.0	594.0	923.0	37962.0	5742.0	12.0	85765.0	50587.0	110.0	178823.0	50270.0	70.0	80034.0	1317.0	2.0
Salt_Pond_MetaG_R2_C_D1_MG_DASTool_bins_maxbin.062	1818.0	2335.0	937.0	2529.0	2441.0	267.0	2344.0	1671.0	257.0	6916.0	7240.0	1170.0	14811.0	3518.0	3725.0	6355.0	4323.0	3165.0	362.0	138.0	421.0	342.0	660.0	278.0	293.0	588.0	1031.0	9186.0	2081.0	62.0	99263.0	10415.0	251.0	283700.0	25098.0	111.0	129678.0	2061.0	8.0
Salt_Pond_MetaG_R2_C_D1_MG_DASTool_bins_metabat.17	1951.0	2892.0	5086.0	4874.0	4259.0	4156.0	2919.0	2320.0	3684.0	433529.0	534710.0	23253.0	736036.0	700660.0	36650.0	355233.0	570709.0	140490.0	16746.0	7012.0	8747.0	9740.0	2738.0	8686.0	4948.0	2439.0	11613.0	600802.0	97334.0	98.0	435330.0	1237553.0	753.0	572440.0	218190.0	689.0	349822.0	11806.0	296.0
Salt_Pond_MetaG_R2_C_D1_MG_DASTool_bins_metabat.25	10001.0	11438.0	7934.0	10010.0	10184.0	2393.0	8433.0	5479.0	2223.0	576133.0	622301.0	14422.0	715863.0	1195916.0	24657.0	444693.0	430457.0	64218.0	8995.0	9194.0	7546.0	10942.0	6055.0	6192.0	9337.0	5919.0	7748.0	270548.0	52987.0	91.0	242237.0	592984.0	676.0	446548.0	235306.0	544.0	373556.0	19382.0	126.0
Salt_Pond_MetaG_R2_C_D1_MG_DASTool_bins_metabat.7	4221.0	3559.0	3086.0	3955.0	3709.0	1124.0	3430.0	1931.0	1044.0	13496.0	11004.0	25856.0	184589.0	52452.0	42484.0	175575.0	78030.0	57005.0	6764.0	4185.0	1079.0	6614.0	3543.0	1554.0	4405.0	4985.0	3622.0	121740.0	34845.0	536.0	327057.0	152098.0	932.0	425851.0	49050.0	733.0	595676.0	17738.0	40.0
Salt_Pond_MetaG_R2_C_D2_MG_DASTool_bins_concoct_out.100	2251.0	1704.0	1650.0	13137.0	10323.0	909.0	3554.0	1285.0	858.0	572.0	1050.0	46.0	693.0	3230.0	83.0	437.0	9827.0	14149.0	3297.0	1067.0	1265.0	1550.0	686.0	1312.0	512.0	394.0	3293.0	122921.0	43097.0	4.0	7377.0	552224.0	1.0	1231.0	1032642.0	312.0	894.0	311.0	50.0
Salt_Pond_MetaG_R2_C_D2_MG_DASTool_bins_concoct_out.104	87.0	150.0	87.0	126.0	179.0	48.0	111.0	135.0	24.0	5462.0	4203.0	2289.0	17230.0	5013.0	2293.0	9236.0	4133.0	20065.0	117.0	26.0	192.0	107.0	116.0	161.0	39.0	155.0	216.0	81552.0	5858.0	7.0	24100.0	49016.0	31.0	27341.0	196621.0	126.0	51102.0	1086.0	12.0
Salt_Pond_MetaG_R2_C_D2_MG_DASTool_bins_concoct_out.18	1163.0	1570.0	2597.0	2755.0	2178.0	1653.0	1522.0	847.0	1309.0	5319.0	6371.0	453.0	10155.0	10027.0	672.0	4596.0	8622.0	6592.0	7050.0	3238.0	5242.0	3688.0	1431.0	4410.0	2076.0	1198.0	5742.0	43687.0	13094.0	4.0	6405.0	264879.0	16.0	7039.0	356579.0	142.0	5012.0	587.0	53.0
Salt_Pond_MetaG_R2_C_D2_MG_DASTool_bins_concoct_out.21	4.0	15.0	9.0	14.0	17.0	12.0	15.0	16.0	12.0	259.0	202.0	22.0	149.0	215.0	12.0	197.0	108.0	1220.0	18.0	12.0	0	12.0	14.0	2.0	16.0	16.0	14.0	5739.0	623.0	281.0	1258.0	1058.0	305.0	406.0	275701.0	286.0	88.0	414.0	2.0
Salt_Pond_MetaG_R2_C_D2_MG_DASTool_bins_concoct_out.45	1403.0	2138.0	2752.0	3394.0	3140.0	1197.0	2117.0	1765.0	942.0	311273.0	376080.0	14488.0	494067.0	506209.0	22266.0	256299.0	418014.0	100701.0	12537.0	5282.0	3623.0	7122.0	2048.0	4448.0	3666.0	1708.0	7437.0	456498.0	78606.0	86.0	271269.0	961536.0	510.0	306057.0	220531.0	556.0	170954.0	7636.0	214.0
Salt_Pond_MetaG_R2_C_D2_MG_DASTool_bins_concoct_out.47	1094.0	1616.0	2330.0	2585.0	2235.0	1432.0	1730.0	1148.0	1036.0	12376.0	12410.0	2330.0	54338.0	78192.0	2943.0	9438.0	46972.0	22558.0	7932.0	3327.0	3270.0	4105.0	1468.0	3136.0	2164.0	1122.0	5966.0	143909.0	45027.0	23.0	32361.0	474971.0	33.0	18710.0	265258.0	234.0	18405.0	2183.0	593.0
Salt_Pond_MetaG_R2_C_H2O_MG_DASTool_bins_concoct_out.35	60.0	1262.0	18.0	4287.0	11538.0	12.0	855.0	12499.0	15.0	23426.0	15981.0	4691.0	32070.0	14229.0	11721.0	27514.0	43043.0	10889.0	148.0	225.0	1945.0	681.0	74.0	746.0	327.0	100.0	363.0	22440.0	543721.0	610465.0	31283.0	116713.0	433121.0	23127.0	23745.0	584201.0	5747.0	4982.0	12.0
Salt_Pond_MetaG_R2_C_H2O_MG_DASTool_bins_concoct_out.60	96.0	945.0	16.0	12612.0	27767.0	26.0	1912.0	25912.0	11.0	25412.0	13293.0	2448.0	89367.0	12530.0	7661.0	98097.0	131949.0	9295.0	234.0	340.0	5861.0	655.0	94.0	1529.0	507.0	95.0	893.0	41826.0	1482504.0	1786756.0	102157.0	161837.0	1433569.0	42794.0	44281.0	1431021.0	20108.0	3249.0	9.0
Salt_Pond_MetaG_R2_C_H2O_MG_DASTool_bins_metabat.20	18.0	181.0	2.0	1014.0	2733.0	3.0	197.0	2198.0	8.0	4189.0	1721.0	477.0	5409.0	2478.0	1306.0	4251.0	5879.0	1050.0	24.0	33.0	1321.0	81.0	22.0	292.0	96.0	15.0	216.0	5274.0	280338.0	345362.0	5309.0	6128.0	244610.0	2974.0	2756.0	400714.0	1322.0	749.0	4.0
Salt_Pond_MetaG_R2_C_H2O_MG_DASTool_bins_metabat.29	0	7.0	0	34.0	69.0	0	6.0	26.0	2.0	159.0	137.0	219.0	133.0	82.0	1130.0	297.0	201.0	681.0	0	2.0	620.0	4.0	6.0	149.0	28.0	0	102.0	791.0	95416.0	157484.0	1465.0	1380.0	142854.0	593.0	972.0	146781.0	54.0	101.0	2.0
Salt_Pond_MetaG_R2_restored_C_black_MG_DASTool_bins_concoct_out.12	126.0	87.0	275.0	145.0	100.0	210.0	110.0	50.0	259.0	2422.0	3588.0	594.0	3200.0	2875.0	1174.0	2904.0	1905.0	1265.0	256.0	198.0	916.0	243.0	142.0	404.0	178.0	114.0	560.0	2627.0	617.0	10.0	33974.0	4872.0	59.0	99785.0	2698.0	193.0	333453.0	10411.0	4.0
Salt_Pond_MetaG_R2_restored_C_black_MG_DASTool_bins_concoct_out.17	2017.0	2079.0	1057.0	5809.0	10374.0	362.0	2397.0	2015.0	248.0	4896.0	5313.0	4666.0	18272.0	7172.0	10260.0	6864.0	12039.0	10031.0	318.0	40.0	1294.0	535.0	408.0	784.0	262.0	436.0	1618.0	80304.0	47498.0	28.0	74305.0	21455.0	122.0	81800.0	34412.0	327.0	505943.0	10098.0	10.0
Salt_Pond_MetaG_R2_restored_C_black_MG_DASTool_bins_concoct_out.25	1106.0	2396.0	592.0	1545.0	1722.0	217.0	1521.0	1722.0	191.0	1132.0	1292.0	366.0	2738.0	928.0	1093.0	1617.0	1102.0	748.0	360.0	32.0	694.0	223.0	1060.0	635.0	235.0	776.0	1529.0	1889.0	614.0	8.0	52319.0	3211.0	38.0	61830.0	2867.0	240.0	413470.0	2009.0	4.0
Salt_Pond_MetaG_R2_restored_C_black_MG_DASTool_bins_concoct_out.26	97.0	126.0	118.0	163.0	210.0	38.0	150.0	167.0	26.0	9886.0	8078.0	11097.0	9661.0	3592.0	9578.0	18309.0	4251.0	17619.0	94.0	28.0	92.0	94.0	130.0	80.0	24.0	284.0	177.0	8123.0	1864.0	80.0	38591.0	7198.0	128.0	57952.0	5805.0	104.0	134492.0	1610.0	2.0
Salt_Pond_MetaG_R2_restored_C_black_MG_DASTool_bins_concoct_out.43	107.0	62.0	148.0	52.0	95.0	137.0	182.0	91.0	100.0	14834.0	10652.0	4473.0	113349.0	20945.0	6648.0	41025.0	20533.0	11837.0	733.0	61.0	136.0	197.0	35.0	258.0	73.0	34.0	179.0	20358.0	4031.0	6.0	128014.0	54345.0	119.0	129291.0	21958.0	116.0	220830.0	3785.0	21.0
Salt_Pond_MetaG_R2_restored_C_black_MG_DASTool_bins_concoct_out.51	68.0	263.0	62.0	481.0	1090.0	84.0	181.0	475.0	43.0	83037.0	76296.0	12377.0	87854.0	85988.0	15491.0	262350.0	73220.0	38906.0	1748.0	276.0	135.0	824.0	181.0	1084.0	98.0	140.0	301.0	94971.0	10257.0	63.0	36045.0	42761.0	246.0	46731.0	18188.0	234.0	365023.0	6437.0	41.0
Salt_Pond_MetaG_R2_restored_C_black_MG_DASTool_bins_concoct_out.57	683.0	361.0	1237.0	597.0	540.0	423.0	319.0	241.0	374.0	10461.0	12668.0	3091.0	22191.0	7833.0	5338.0	15427.0	4723.0	6801.0	1543.0	786.0	14680.0	1109.0	401.0	5447.0	424.0	195.0	7577.0	6188.0	1354.0	41.0	37847.0	8278.0	93.0	68095.0	6379.0	145.0	196571.0	1031.0	12.0
Salt_Pond_MetaG_R2_restored_C_black_MG_DASTool_bins_metabat.13	330.0	781.0	488.0	516.0	671.0	318.0	501.0	1319.0	339.0	419320.0	299975.0	19656.0	300530.0	310295.0	17298.0	244284.0	193967.0	98529.0	684.0	85.0	384.0	851.0	330.0	394.0	219.0	389.0	732.0	292827.0	18721.0	42.0	219282.0	250472.0	279.0	147821.0	142802.0	252.0	337439.0	1122.0	15.0
Salt_Pond_MetaG_R2_restored_C_black_MG_DASTool_bins_metabat.2	499.0	413.0	700.0	457.0	515.0	417.0	438.0	240.0	357.0	18510.0	25325.0	11537.0	241963.0	78234.0	19215.0	23581.0	10149.0	22681.0	1099.0	1048.0	442.0	1310.0	464.0	732.0	459.0	295.0	1108.0	17980.0	5167.0	28.0	171079.0	15961.0	309.0	435264.0	10373.0	439.0	879000.0	13247.0	6.0
Salt_Pond_MetaG_R2_restored_C_black_MG_DASTool_bins_metabat.22	326.0	776.0	228.0	1089.0	1971.0	78.0	898.0	2120.0	60.0	28611.0	38243.0	4202.0	66121.0	44888.0	5474.0	49589.0	30835.0	13410.0	759.0	324.0	211.0	753.0	1075.0	202.0	475.0	954.0	365.0	49824.0	14876.0	95.0	76974.0	86584.0	226.0	124130.0	145443.0	271.0	158214.0	3538.0	59.0
Salt_Pond_MetaG_R2_restored_C_black_MG_DASTool_bins_metabat.8	1613.0	2307.0	2356.0	2066.0	2604.0	822.0	2203.0	1962.0	763.0	37338.0	75691.0	13841.0	106083.0	53058.0	26124.0	275037.0	47293.0	25024.0	17804.0	19176.0	1251.0	16248.0	6907.0	3475.0	13448.0	6653.0	5113.0	49094.0	21083.0	84.0	127695.0	266968.0	444.0	265489.0	30174.0	355.0	424682.0	10587.0	60.0
Salt_Pond_MetaG_R2_restored_DShore_MG_DASTool_bins_concoct_out.12	12.0	209.0	10.0	247.0	436.0	1.0	110.0	5619.0	10.0	12.0	11.0	3.0	11.0	12.0	0	8.0	10.0	0	98.0	152.0	1.0	70.0	346.0	12.0	70.0	304.0	15.0	12.0	7.0	6.0	37.0	15.0	0	5.0	139.0	67.0	64.0	239670.0	0
Salt_Pond_MetaG_R2_restored_DShore_MG_DASTool_bins_concoct_out.17	403.0	567.0	279.0	1448.0	3338.0	68.0	428.0	2034.0	55.0	680.0	729.0	19.0	564.0	570.0	50.0	660.0	434.0	86.0	1092.0	1805.0	48.0	1764.0	2751.0	117.0	3710.0	5043.0	204.0	302.0	126.0	11.0	373.0	503.0	10.0	344.0	513.0	297.0	629.0	497132.0	6.0
Salt_Pond_MetaG_R2_restored_DShore_MG_DASTool_bins_concoct_out.2	1919.0	15430.0	1268.0	1696.0	1808.0	328.0	1623.0	2466.0	315.0	894.0	644.0	241.0	1425.0	1215.0	347.0	1494.0	875.0	419.0	1582.0	1706.0	409.0	1524.0	2461.0	339.0	2842.0	5389.0	974.0	767.0	262.0	15.0	1369.0	2075.0	17.0	2005.0	622.0	182.0	2120.0	257653.0	11.0
Salt_Pond_MetaG_R2_restored_DShore_MG_DASTool_bins_concoct_out.20	634.0	858.0	448.0	595.0	646.0	158.0	482.0	1607.0	143.0	511.0	348.0	84.0	520.0	490.0	144.0	521.0	316.0	160.0	790.0	2167.0	154.0	3599.0	18789.0	191.0	31028.0	30520.0	578.0	370.0	131.0	23.0	492.0	648.0	12.0	747.0	361.0	172.0	814.0	299247.0	16.0
Salt_Pond_MetaG_R2_restored_DShore_MG_DASTool_bins_concoct_out.21	1343.0	5133.0	836.0	8435.0	23101.0	199.0	1946.0	5376.0	197.0	12832.0	3045.0	360.0	10966.0	10566.0	686.0	19374.0	24274.0	794.0	1366.0	1754.0	313.0	2015.0	2077.0	260.0	2707.0	3067.0	648.0	7414.0	6088.0	170.0	14757.0	5792.0	194.0	4128.0	1222.0	309.0	4647.0	266735.0	46.0
Salt_Pond_MetaG_R2_restored_DShore_MG_DASTool_bins_concoct_out.37	77.0	2106.0	10.0	8206.0	22839.0	6.0	1003.0	19918.0	2.0	5520.0	2522.0	540.0	7639.0	2483.0	1177.0	7561.0	9486.0	1292.0	120.0	162.0	30.0	189.0	143.0	16.0	158.0	116.0	18.0	3116.0	4322.0	3245.0	6370.0	7388.0	2390.0	2456.0	1479.0	3364.0	1815.0	222695.0	6.0
Salt_Pond_MetaG_R2_restored_DShore_MG_DASTool_bins_concoct_out.38	877.0	1301.0	753.0	949.0	1017.0	181.0	888.0	13469.0	159.0	719.0	615.0	153.0	803.0	697.0	232.0	908.0	572.0	239.0	958.0	1336.0	666.0	1364.0	1268.0	539.0	2133.0	2091.0	830.0	477.0	159.0	15.0	762.0	858.0	9.0	1054.0	604.0	304.0	2529.0	456657.0	8.0
Salt_Pond_MetaG_R2_restored_DShore_MG_DASTool_bins_concoct_out.40	454.0	8381.0	58.0	73354.0	205628.0	93.0	9346.0	181853.0	28.0	13656.0	7554.0	1709.0	36199.0	6618.0	3223.0	41194.0	43003.0	4049.0	309.0	533.0	65.0	499.0	144.0	50.0	364.0	152.0	57.0	10592.0	11123.0	7458.0	38370.0	32515.0	5592.0	10194.0	4688.0	7968.0	7524.0	291220.0	83.0
Salt_Pond_MetaG_R2_restored_DShore_MG_DASTool_bins_concoct_out.46	1067.0	44861.0	215.0	17458.0	46060.0	94.0	19134.0	165689.0	70.0	253.0	381.0	20.0	487.0	503.0	34.0	898.0	464.0	84.0	168.0	710.0	61.0	1371.0	16440.0	104.0	3059.0	11529.0	169.0	332.0	109.0	13.0	4071.0	774.0	8.0	723.0	479.0	157.0	1024.0	326451.0	22.0
Salt_Pond_MetaG_R2_restored_DShore_MG_DASTool_bins_concoct_out.68	916.0	3350.0	448.0	3451.0	7873.0	81.0	933.0	57600.0	69.0	1302.0	1320.0	75.0	1527.0	1190.0	92.0	1253.0	836.0	189.0	1693.0	4402.0	70.0	2859.0	3898.0	169.0	4624.0	6476.0	295.0	569.0	242.0	12.0	1188.0	2752.0	16.0	750.0	896.0	569.0	1996.0	729963.0	7.0
Salt_Pond_MetaG_R2_restored_DShore_MG_DASTool_bins_concoct_out.7	2857.0	14523.0	2279.0	2762.0	2652.0	476.0	2703.0	3224.0	453.0	1399.0	1022.0	362.0	1631.0	1502.0	582.0	1490.0	1223.0	587.0	2579.0	2780.0	785.0	2369.0	3259.0	663.0	4439.0	7321.0	1511.0	1285.0	387.0	28.0	1801.0	2025.0	24.0	1990.0	2044.0	1445.0	2921.0	2426967.0	6.0
Salt_Pond_MetaG_R2_restored_DShore_MG_DASTool_bins_concoct_out.89	1215.0	3105.0	901.0	10602.0	29367.0	191.0	1854.0	23956.0	194.0	6916.0	7645.0	591.0	7837.0	6104.0	1160.0	9040.0	6434.0	1145.0	1798.0	3559.0	271.0	3587.0	1849.0	285.0	3918.0	2601.0	740.0	3436.0	2044.0	261.0	6273.0	4022.0	208.0	7011.0	1167.0	344.0	8430.0	311356.0	21.0
Salt_Pond_MetaG_R2_restored_DShore_MG_DASTool_bins_maxbin.037	420.0	1162.0	104.0	1171.0	3654.0	52.0	579.0	2744.0	62.0	76.0	55.0	8.0	109.0	76.0	18.0	94.0	90.0	38.0	118.0	170.0	120.0	146.0	517.0	69.0	638.0	801.0	66.0	407.0	251.0	2.0	217.0	145.0	9.0	154.0	402.0	118.0	264.0	339087.0	38.0
Salt_Pond_MetaG_R2_restored_DShore_MG_DASTool_bins_metabat.11	157.0	1596.0	230.0	1668.0	5529.0	215.0	714.0	16561.0	462.0	1768.0	1535.0	471.0	957.0	1277.0	578.0	974.0	1134.0	966.0	54.0	117.0	74.0	290.0	296.0	87.0	457.0	648.0	104.0	632.0	209.0	43.0	1037.0	991.0	34.0	660.0	457.0	95.0	1199.0	313524.0	74.0
Salt_Pond_MetaG_R2_restored_DShore_MG_DASTool_bins_metabat.13	1094.0	83007.0	359.0	34627.0	99739.0	249.0	12822.0	185598.0	198.0	219.0	358.0	24.0	250.0	325.0	64.0	223.0	432.0	104.0	156.0	360.0	251.0	212.0	1001.0	130.0	681.0	6964.0	228.0	317.0	116.0	8.0	1169.0	347.0	15.0	469.0	587.0	235.0	3417.0	699117.0	22.0
Salt_Pond_MetaG_R2_restored_DShore_MG_DASTool_bins_metabat.15	213.0	9591.0	149.0	1251.0	3843.0	123.0	1701.0	28679.0	152.0	175.0	135.0	10.0	153.0	107.0	35.0	204.0	120.0	53.0	143.0	170.0	1621.0	150.0	282.0	539.0	228.0	666.0	157.0	354.0	72.0	26.0	574.0	238.0	21.0	280.0	622.0	445.0	500.0	845178.0	0
Salt_Pond_MetaG_R2_restored_DShore_MG_DASTool_bins_metabat.18	2148.0	8197.0	1352.0	2037.0	2071.0	386.0	2327.0	1866.0	351.0	1264.0	1070.0	184.0	7109.0	2747.0	446.0	3789.0	3165.0	557.0	1556.0	1186.0	337.0	1127.0	1202.0	331.0	2057.0	3676.0	912.0	3795.0	1847.0	12.0	3491.0	2666.0	18.0	1487.0	548.0	172.0	1117.0	305431.0	19.0
Salt_Pond_MetaG_R2_restored_DShore_MG_DASTool_bins_metabat.23	1102.0	5111.0	598.0	2230.0	4837.0	151.0	1074.0	14208.0	148.0	3315.0	3609.0	351.0	3843.0	2960.0	540.0	4422.0	3112.0	628.0	1179.0	6348.0	328.0	17295.0	9958.0	485.0	122266.0	13533.0	874.0	1812.0	1019.0	158.0	3131.0	2398.0	121.0	3341.0	1136.0	640.0	5081.0	860567.0	5.0
Salt_Pond_MetaG_R2_restored_DShore_MG_DASTool_bins_metabat.25	746.0	6914.0	932.0	1139.0	1927.0	896.0	854.0	128280.0	856.0	395.0	438.0	384.0	917.0	659.0	1302.0	662.0	605.0	789.0	3526.0	6975.0	689.0	7420.0	30420.0	859.0	64954.0	30427.0	1051.0	841.0	326.0	196.0	708.0	1454.0	185.0	911.0	540.0	168.0	674.0	174458.0	16.0
Salt_Pond_MetaG_R2_restored_DShore_MG_DASTool_bins_metabat.27	160.0	257.0	239.0	299.0	512.0	132.0	211.0	185.0	298.0	57.0	83.0	2.0	60.0	73.0	10.0	18.0	60.0	1.0	30.0	31.0	31.0	33.0	37.0	51.0	66.0	61.0	61.0	3694.0	2769.0	1.0	163.0	178.0	0	36.0	906.0	42.0	107.0	159900.0	6.0
Salt_Pond_MetaG_R2_restored_DShore_MG_DASTool_bins_metabat.8	1005.0	13271.0	108.0	18120.0	61968.0	57.0	5505.0	133410.0	38.0	647.0	747.0	96.0	799.0	1179.0	136.0	465.0	1669.0	307.0	55.0	728.0	80.0	153.0	113.0	49.0	135.0	324.0	93.0	674.0	204.0	36.0	3081.0	2571.0	14.0	662.0	859.0	257.0	3801.0	837340.0	32.0
Salt_Pond_MetaG_R2_restored_H2O_MG_DASTool_bins_concoct_out.34	76.0	40.0	6569.0	28.0	15.0	9184.0	30.0	22.0	8589.0	31.0	30.0	62.0	35.0	54.0	70.0	71.0	33.0	202.0	97.0	15.0	12345.0	23.0	21.0	9991.0	22.0	23.0	6893.0	557.0	65.0	4.0	51.0	549.0	2.0	26.0	305.0	0	47.0	259.0	100539.0
Salt_Pond_MetaG_R2_restored_H2O_MG_DASTool_bins_concoct_out.44	79.0	158.0	3411.0	66.0	56.0	4257.0	70.0	56.0	3212.0	39.0	71.0	45.0	101.0	112.0	63.0	60.0	568.0	3909.0	757.0	122.0	4409.0	87.0	121.0	2573.0	134.0	134.0	1914.0	20580.0	2435.0	2.0	786.0	32542.0	0	318.0	28989.0	24.0	1410.0	548.0	2934881.0
Salt_Pond_MetaG_R2_restored_H2O_MG_DASTool_bins_maxbin.002	113.0	231.0	1803.0	105.0	105.0	2246.0	145.0	107.0	1630.0	108.0	183.0	388.0	538.0	598.0	668.0	295.0	2169.0	21085.0	1761.0	292.0	2399.0	247.0	241.0	1495.0	174.0	228.0	1120.0	101131.0	9302.0	86.0	3520.0	130295.0	71.0	909.0	99092.0	144.0	1317.0	1219.0	8861205.0
Salt_Pond_MetaG_R2_restored_H2O_MG_DASTool_bins_maxbin.005	286.0	187.0	1607.0	198.0	172.0	1518.0	167.0	83.0	3682.0	1361.0	1910.0	13044.0	5290.0	4354.0	59323.0	2278.0	1331.0	28643.0	227.0	112.0	1022.0	74.0	136.0	1103.0	137.0	114.0	1408.0	16183.0	6080.0	1155.0	3882.0	8702.0	961.0	7654.0	4604.0	609.0	2303.0	3033.0	1246982.0
Salt_Pond_MetaG_R2_restored_H2O_MG_DASTool_bins_maxbin.017	132.0	147.0	964.0	103.0	110.0	990.0	106.0	76.0	993.0	2174.0	2749.0	3153.0	2326.0	2997.0	12064.0	3869.0	2241.0	7267.0	242.0	96.0	1052.0	109.0	99.0	653.0	107.0	80.0	581.0	9238.0	2402.0	305.0	2738.0	12377.0	224.0	2853.0	6193.0	207.0	2525.0	1098.0	547725.0
unbinned_reads	47110367.0	52148480.0	60041480.0	50198164.0	48400571.0	46872249.0	48057528.0	33541487.0	58351097.0	26034814.0	24758530.0	37200782.0	30200079.0	24651124.0	32114491.0	22678957.0	22967049.0	26856431.0	49651283.0	53719339.0	42917883.0	40461568.0	42104060.0	40423290.0	38127781.0	42764088.0	53755858.0	40903632.0	28968923.0	23801340.0	29431327.0	42296651.0	19926545.0	30255975.0	20439835.0	23680179.0	30750248.0	28974259.0	19372243.0
